0.083300
191.033081         0.0000000000
191.409973         0.0000000000
191.786819      1531.4739990234
192.163651      1505.9106445313
192.540451      1522.1782226563
192.917221      1589.5723876953
193.293961      1529.1500244141
193.670670      1612.8117675781
194.047348      1552.3894042969
194.423981      1589.5723876953
194.800613      1582.6005859375
195.177200      1589.5723876953
195.553757      1610.4877929688
195.930283      1547.7415771484
196.306778      1559.3612060547
196.683258      1577.9526367188
197.059677      1598.8681640625
197.436081      1617.4595947266
197.812454      1638.3750000000
198.188812      1568.6569824219
198.565125      1471.0516357422
198.941406      1505.9106445313
199.317673      1536.1218261719
199.693893      1545.4176025391
200.070099      1526.8260498047
200.446259      1566.3330078125
200.822388      1580.2766113281
201.198486      1570.9808349609
201.574570      1566.3330078125
201.950607      1564.0090332031
202.326614      1545.4176025391
202.702606      1640.6989746094
203.078568      1577.9526367188
203.454483      1550.0654296875
203.830383      1603.5159912109
204.206253      1566.3330078125
204.582077      1564.0090332031
204.957870      1533.7978515625
205.333633      1573.3048095703
205.709396      1582.6005859375
206.085098      1510.5585937500
206.460785      1540.7697753906
206.836426      1587.2484130859
207.212051      1445.4882812500
207.587646      1582.6005859375
207.963196      1636.0511474609
208.338730      1543.0936279297
208.714218      1536.1218261719
209.089691      1540.7697753906
209.465134      1594.2202148438
209.840530      1568.6569824219
210.215897      1561.6851806641
210.591263      1496.6148681641
210.966583      1603.5159912109
211.341858      1594.2202148438
211.717102      1584.9245605469
212.092331      1573.3048095703
212.467529      1601.1920166016
212.842697      1529.1500244141
213.217819      1629.0793457031
213.592926      1559.3612060547
213.968002      1538.4458007813
214.343018      1487.3192138672
214.718033      1598.8681640625
215.093018      1568.6569824219
215.467972      1533.7978515625
215.842880      1505.9106445313
216.217773      1545.4176025391
216.592636      1561.6851806641
216.967453      1543.0936279297
217.342255      1512.8824462891
217.717026      1561.6851806641
218.091766      1598.8681640625
218.466446      1522.1782226563
218.841125      1587.2484130859
219.215759      1526.8260498047
219.590378      1636.0511474609
219.964966      1559.3612060547
220.339508      1612.8117675781
220.714020      1573.3048095703
221.088516      1559.3612060547
221.462967      1570.9808349609
221.837402      1564.0090332031
222.211792      1622.1075439453
222.586166      1605.8399658203
222.960510      1566.3330078125
223.334793      1557.0372314453
223.709061      1596.5441894531
224.083313      1612.8117675781
224.457520      1573.3048095703
224.831696      1566.3330078125
225.205856      1566.3330078125
225.579987      1559.3612060547
225.954056      1649.9947509766
226.328110      1573.3048095703
226.702148      1552.3894042969
227.076126      1566.3330078125
227.450104      1580.2766113281
227.824036      1538.4458007813
228.197937      1619.7835693359
228.571823      1538.4458007813
228.945648      1584.9245605469
229.319473      1608.1638183594
229.693237      1603.5159912109
230.066986      1554.7133789063
230.440704      1570.9808349609
230.814392      1552.3894042969
231.188034      1584.9245605469
231.561661      1594.2202148438
231.935257      1554.7133789063
232.308823      1582.6005859375
232.682343      1584.9245605469
233.055847      1524.5021972656
233.429321      1575.6287841797
233.802750      1489.6430664063
234.176147      1608.1638183594
234.549530      1557.0372314453
234.922882      1540.7697753906
235.296188      1559.3612060547
235.669464      1529.1500244141
236.042725      1533.7978515625
236.415924      1631.4031982422
236.789139      1587.2484130859
237.162292      1547.7415771484
237.535416      1577.9526367188
237.908508      1536.1218261719
238.281570      1503.5867919922
238.654617      1573.3048095703
239.027618      1577.9526367188
239.400574      1531.4739990234
239.773514      1610.4877929688
240.146423      1545.4176025391
240.519302      1478.0234375000
240.892136      1564.0090332031
241.264969      1622.1075439453
241.637726      1519.8542480469
242.010498      1575.6287841797
242.383209      1633.7271728516
242.755905      1608.1638183594
243.128555      1580.2766113281
243.501190      1484.9952392578
243.873779      1529.1500244141
244.246353      1603.5159912109
244.618866      1619.7835693359
244.991379      1554.7133789063
245.363861      1622.1075439453
245.736282      1536.1218261719
246.108688      1564.0090332031
246.481079      1612.8117675781
246.853409      1552.3894042969
247.225723      1640.6989746094
247.598007      1633.7271728516
247.970261      1617.4595947266
248.342468      1561.6851806641
248.714645      1633.7271728516
249.086823      1573.3048095703
249.458954      1568.6569824219
249.831024      1584.9245605469
250.203094      1531.4739990234
250.575134      1589.5723876953
250.947113      1612.8117675781
251.319092      1475.6994628906
251.691025      1524.5021972656
252.062912      1529.1500244141
252.434784      1596.5441894531
252.806641      1656.9665527344
253.178452      1529.1500244141
253.550232      1536.1218261719
253.921967      1515.2064208984
254.293686      1649.9947509766
254.665359      1538.4458007813
255.037003      1601.1920166016
255.408630      1612.8117675781
255.780228      1596.5441894531
256.151764      1510.5585937500
256.523285      1552.3894042969
256.894806      1617.4595947266
257.266235      1582.6005859375
257.637695      1566.3330078125
258.009064      1575.6287841797
258.380432      1589.5723876953
258.751770      1536.1218261719
259.123077      1631.4031982422
259.494385      1529.1500244141
259.865601      1622.1075439453
260.236816      1519.8542480469
260.607941      1487.3192138672
260.979126      1603.5159912109
261.350220      1575.6287841797
261.721344      1543.0936279297
262.092346      1577.9526367188
262.463379      1531.4739990234
262.834351      1596.5441894531
263.205292      1580.2766113281
263.576233      1552.3894042969
263.947144      1598.8681640625
264.317993      1594.2202148438
264.688812      1719.7127685547
265.059631      1575.6287841797
265.430359      1631.4031982422
265.801117      1633.7271728516
266.171783      1617.4595947266
266.542450      1552.3894042969
266.913086      1603.5159912109
267.283691      1587.2484130859
267.654266      1543.0936279297
268.024811      1626.7553710938
268.395325      1570.9808349609
268.765778      1536.1218261719
269.136230      1570.9808349609
269.506653      1526.8260498047
269.877045      1580.2766113281
270.247375      1598.8681640625
270.617676      1591.8963623047
270.987946      1557.0372314453
271.358246      1610.4877929688
271.728424      1505.9106445313
272.098633      1591.8963623047
272.468781      1512.8824462891
272.838867      1575.6287841797
273.209015      1629.0793457031
273.579041      1612.8117675781
273.949066      1582.6005859375
274.319061      1543.0936279297
274.689056      1587.2484130859
275.058960      1622.1075439453
275.428864      1540.7697753906
275.798737      1661.6143798828
276.168579      1603.5159912109
276.538361      1612.8117675781
276.908142      1594.2202148438
277.277832      1633.7271728516
277.647583      1615.1356201172
278.017242      1570.9808349609
278.386902      1603.5159912109
278.756500      1603.5159912109
279.126038      1498.9388427734
279.495636      1582.6005859375
279.865143      1557.0372314453
280.234619      1540.7697753906
280.604065      1612.8117675781
280.973450      1554.7133789063
281.342834      1577.9526367188
281.712189      1605.8399658203
282.081512      1643.0229492188
282.450836      1559.3612060547
282.820038      1601.1920166016
283.189270      1591.8963623047
283.558502      1584.9245605469
283.927612      1557.0372314453
284.296722      1622.1075439453
284.665863      1612.8117675781
285.034912      1605.8399658203
285.403931      1624.4313964844
285.772919      1629.0793457031
286.141876      1545.4176025391
286.510834      1596.5441894531
286.879730      1529.1500244141
287.248596      1601.1920166016
287.617401      1582.6005859375
287.986206      1557.0372314453
288.354950      1561.6851806641
288.723724      1601.1920166016
289.092407      1647.6707763672
289.461060      1577.9526367188
289.829742      1570.9808349609
290.198334      1515.2064208984
290.566925      1615.1356201172
290.935455      1557.0372314453
291.303925      1598.8681640625
291.672394      1573.3048095703
292.040894      1584.9245605469
292.409271      1636.0511474609
292.777679      1538.4458007813
293.145996      1582.6005859375
293.514313      1608.1638183594
293.882599      1591.8963623047
294.250824      1638.3750000000
294.619049      1561.6851806641
294.987244      1629.0793457031
295.355377      1575.6287841797
295.723480      1689.5015869141
296.091614      1584.9245605469
296.459625      1598.8681640625
296.827667      1559.3612060547
297.195648      1587.2484130859
297.563599      1582.6005859375
297.931488      1663.9383544922
298.299408      1645.3468017578
298.667267      1656.9665527344
299.035095      1622.1075439453
299.402893      1668.5861816406
299.770599      1624.4313964844
300.138367      1677.8819580078
300.506042      1687.1777343750
300.873718      1636.0511474609
301.241333      1703.4453125000
301.608917      1673.2341308594
301.976471      1782.4591064453
302.344025      1738.3043212891
302.711487      1682.5297851563
303.078979      1742.9521484375
303.446411      1803.3745117188
303.813782      1773.1633300781
304.181183      1898.6558837891
304.548492      1812.6702880859
304.915771      1882.3883056641
305.283051      1921.8952636719
305.650299      1935.8388671875
306.017456      1926.5430908203
306.384644      1907.9516601563
306.751770      2075.2751464844
307.118896      2114.7819824219
307.485962      2165.9084472656
307.852966      2212.3872070313
308.219971      2275.1335449219
308.586945      2307.6687011719
308.953888      2342.5278320313
309.320801      2358.7951660156
309.687653      2368.0910644531
310.054504      2412.2458496094
310.421326      2616.7521972656
310.788086      2763.1601562500
311.154846      2888.6528320313
311.521515      2949.0749511719
311.888184      2923.5117187500
312.254822      2928.1596679688
312.621429      3007.1735839844
312.988007      3181.4687500000
313.354553      3297.6655273438
313.721039      3358.0878906250
314.087494      3332.5246582031
314.453949      3372.0314941406
314.820343      3488.2282714844
315.186737      3643.9318847656
315.553101      3571.8898925781
315.919373      3530.0590820313
316.285645      3569.5659179688
316.651886      3769.4245605469
317.018066      4152.8740234375
317.384308      4276.0424804688
317.750427      4317.8735351563
318.116516      4194.7050781250
318.482574      4301.6059570313
318.848633      4410.8310546875
319.214661      4533.9995117188
319.580627      4705.9707031250
319.946564      4764.0693359375
320.312439      5091.7441406250
320.678314      5149.8427734375
321.044159      5193.9975585938
321.410004      5126.6035156250
321.775757      5098.7163085938
322.141510      5233.5043945313
322.507202      5128.9272460938
322.872894      5040.6176757813
323.238525      5068.5048828125
323.604156      5319.4902343750
323.969696      5833.0800781250
324.335266      5944.6289062500
324.700745      6174.6987304688
325.066223      6260.6840820313
325.431702      6572.0917968750
325.797089      6918.3579101563
326.162445      7011.3154296875
326.527802      7215.8217773438
326.893097      7229.7656250000
327.258362      6995.0478515625
327.623657      7215.8217773438
327.988861      7283.2163085938
328.353973      7220.4697265625
328.719116      7457.5112304688
329.084259      7854.9042968750
329.449341      8043.1430664063
329.814392      8419.6210937500
330.179352      8607.8593750000
330.544312      8603.2119140625
330.909241      8654.3388671875
331.274170      8593.9160156250
331.639069      8696.1689453125
332.003906      8833.2812500000
332.368713      8947.1542968750
332.733459      9102.8583984375
333.098206      9035.4638671875
333.462921      9095.8867187500
333.827606      8805.3945312500
334.192230      8731.0283203125
334.556824      8914.6191406250
334.921356      8835.6054687500
335.285919      8884.4082031250
335.650452      8791.4511718750
336.014893      8545.1132812500
336.379333      8273.2128906250
336.743744      8005.9604492188
337.108124      8071.0302734375
337.472443      8377.7900390625
337.836731      8398.7050781250
338.201019      8868.1406250000
338.565247      8928.5625000000
338.929413      8819.3378906250
339.293579      9107.5058593750
339.657776      9128.4218750000
340.021851      9537.4345703125
340.385895      9648.9833984375
340.749908      9788.4189453125
341.113922      9537.4345703125
341.477875      9595.5322265625
341.841827      9855.8134765625
342.205688      9734.9687500000
342.569580     10139.3339843750
342.933380      9948.7705078125
343.297211     10260.1787109375
343.660950      9737.2929687500
344.024658      9312.0126953125
344.388367      9079.6191406250
344.752014      9288.7734375000
345.115601      9337.5761718750
345.479218      9618.7724609375
345.842804      9899.9687500000
346.206299     10025.4609375000
346.569763     10041.7285156250
346.933228     10018.4892578125
347.296661      9960.3906250000
347.660034      9925.5312500000
348.023407     10048.7001953125
348.386719      9965.0380859375
348.750000     10222.9951171875
349.113220     10057.9960937500
349.476471     10313.6289062500
349.839661     10569.2617187500
350.202820     11085.1757812500
350.565887     11375.6679687500
350.928955     11247.8515625000
351.292023     11459.3291015625
351.655029     10943.4160156250
352.018036     11178.1328125000
352.380981     11192.0771484375
352.743866     11122.3583984375
353.106720     11333.8369140625
353.469574     11921.7929687500
353.832397     12409.8193359375
354.195160     12344.7490234375
354.557892     12607.3544921875
354.920593     12598.0585937500
355.283234     12937.3525390625
355.645905     12553.9033203125
356.008514     12119.3271484375
356.371094     11684.7509765625
356.733612     11236.2314453125
357.096100     10659.8955078125
357.458588     10281.0937500000
357.820984     10397.2910156250
358.183411     10009.1933593750
358.545746      9855.8134765625
358.908081     10313.6289062500
359.270355     11020.1054687500
359.632629     12033.3417968750
359.994873     12300.5947265625
360.357056     12365.6650390625
360.719208     12196.0175781250
361.081329     11924.1171875000
361.443420     11691.7226562500
361.805481     11940.3847656250
362.167511     12270.3828125000
362.529480     12463.2695312500
362.891418     12649.1845703125
363.253326     12969.8876953125
363.615234     13155.8027343750
363.977081     13529.9570312500
364.338867     13520.6611328125
364.700653     13699.6044921875
365.062378     13911.0820312500
365.424103     14578.0517578125
365.785767     15073.0507812500
366.147430     15730.7246093750
366.509033     15821.3574218750
366.870605     15595.9355468750
367.232117     15733.0478515625
367.593628     15584.3164062500
367.955109     15270.5849609375
368.316559     15442.5566406250
368.677917     15275.2324218750
369.039307     15519.2460937500
369.400635     15918.9628906250
369.761902     16492.9746093750
370.123199     16295.4404296875
370.484436     15984.0332031250
370.845581     15444.8798828125
371.206726     15751.6396484375
371.567871     16090.9345703125
371.928955     15340.3027343750
372.290039     14880.1640625000
372.651062     14938.2617187500
373.011993     14229.4619140625
373.372955     13713.5478515625
373.733887     13220.8730468750
374.094788     13339.3935546875
374.455627     13460.2382812500
374.816406     13432.3515625000
375.177185     13748.4062500000
375.537903     14517.6298828125
375.898651     14856.9238281250
376.259338     15526.2177734375
376.619965     15509.9501953125
376.980530     16000.3007812500
377.341095     16827.6230468750
377.701660     17647.9726562500
378.062134     18342.8281250000
378.422607     18398.6035156250
378.783020     17945.4355468750
379.143402     17159.9453125000
379.503784     16743.9609375000
379.864105     16372.1308593750
380.224396     16432.5527343750
380.584656     16743.9609375000
380.944855     16978.6777343750
381.305054     16230.3701171875
381.665192     15593.6123046875
382.025299     14680.3046875000
382.385406     13418.4082031250
382.745453     12642.2128906250
383.105438     11970.5957031250
383.465424     11401.2314453125
383.825348     11928.7646484375
384.185272     12379.6083984375
384.545135     13734.4628906250
384.904968     14394.4609375000
385.264771     14889.4589843750
385.624512     15110.2333984375
385.984253     14840.6562500000
386.343964     14805.7978515625
386.703613     15098.6132812500
387.063232     14882.4873046875
387.422821     15231.0781250000
387.782379     15200.8671875000
388.141907     15096.2900390625
388.501404     15066.0781250000
388.860840     15621.4990234375
389.220215     16144.3847656250
389.579620     16662.6230468750
389.938995     17508.5351562500
390.298279     18135.9980468750
390.657562     18456.7011718750
391.016785     19046.9804687500
391.376007     18963.3203125000
391.735168     18835.5039062500
392.094299     18084.8710937500
392.453430     16486.0039062500
392.812469     14719.8125000000
393.171478     13116.2958984375
393.530457     11954.3281250000
393.889435     12072.8486328125
394.248383     13237.1406250000
394.607269     14987.0644531250
394.966125     16539.4550781250
395.324921     17778.1113281250
395.683655     18012.8300781250
396.042419     17369.0996093750
396.401154     15900.3720703125
396.759827     14389.8134765625
397.118469     13653.1250000000
397.477051     14747.6992187500
397.835632     16778.8203125000
398.194153     19242.1914062500
398.552673     21038.5937500000
398.911163     22883.8007812500
399.269592     24055.0644531250
399.627960     24612.8085937500
399.986328     25163.5820312500
400.344666     25303.0175781250
400.702942     25807.3125000000
401.061188     26358.0839843750
401.419403     26783.3652343750
401.777588     26739.2109375000
402.135712     27036.6738281250
402.493835     27320.1933593750
402.851929     27378.2929687500
403.209961     26788.0136718750
403.567932     27127.3066406250
403.925903     26695.0546875000
404.283905     27032.0253906250
404.641754     26337.1699218750
404.999634     26625.3378906250
405.357452     26674.1406250000
405.715210     25990.9023437500
406.072998     26227.9433593750
406.430725     25709.7070312500
406.788422     26167.5214843750
407.146027     26072.2402343750
407.503662     26232.5917968750
407.861237     26711.3222656250
408.218781     27317.8710937500
408.576294     27378.2929687500
408.933777     28112.6562500000
409.291168     28159.1347656250
409.648590     27696.6718750000
410.005951     26636.9570312500
410.363312     26069.9160156250
410.720612     26920.4765625000
411.077820     27615.3339843750
411.435059     28335.7539062500
411.792267     28900.4707031250
412.149384     29230.4707031250
412.506531     29098.0058593750
412.863586     29365.2578125000
413.220642     28721.5273437500
413.577606     29335.0468750000
413.934601     28939.9785156250
414.291565     29346.6660156250
414.648468     28979.4843750000
415.005310     29323.4277343750
415.362122     29132.8652343750
415.718903     28937.6542968750
416.075684     29479.1308593750
416.432434     29593.0039062500
416.789093     29741.7363281250
417.145752     29751.0312500000
417.502350     28951.5976562500
417.858948     29028.2871093750
418.215485     28205.6132812500
418.571991     28688.9921875000
418.928467     28407.7968750000
419.284882     28949.2734375000
419.641266     28312.5156250000
419.997650     28284.6269531250
420.354004     28161.4589843750
420.710266     29072.4414062500
421.066528     29323.4277343750
421.422760     29669.6933593750
421.778931     29732.4394531250
422.135071     29093.3574218750
422.491211     28528.6406250000
422.847260     28184.6992187500
423.203308     28249.7695312500
423.559296     28245.1210937500
423.915283     28196.3183593750
424.271210     28321.8105468750
424.627136     28458.9238281250
424.982971     28691.3164062500
425.338776     28551.8808593750
425.694611     28226.5292968750
426.050323     28449.6269531250
426.406036     28647.1621093750
426.761749     27991.8125000000
427.117371     27764.0664062500
427.472961     27357.3769531250
427.828552     27206.3222656250
428.184113     27829.1367187500
428.539581     27106.3925781250
428.895050     26985.5468750000
429.250458     26541.6757812500
429.605865     25010.2011718750
429.961212     24236.3300781250
430.316559     23134.7851562500
430.671814     22460.8437500000
431.027069     22393.4492187500
431.382263     24113.1621093750
431.737457     25774.7773437500
432.092590     27180.7578125000
432.447723     27975.5449218750
432.802734     28026.6699218750
433.157776     28851.6679687500
433.512756     28995.7519531250
433.867706     28252.0917968750
434.222656     28033.6425781250
434.577545     28440.3320312500
434.932373     28858.6406250000
435.287201     29711.5253906250
435.641968     30408.7050781250
435.996704     31082.6464843750
436.351410     31482.3632812500
436.706085     31958.7714843750
437.060699     31661.3066406250
437.415283     31249.9707031250
437.769867     30589.9726562500
438.124420     29902.0878906250
438.478882     29497.7226562500
438.833313     29200.2578125000
439.187714     29376.8769531250
439.542084     30327.3671875000
439.896454     30882.7890625000
440.250732     30125.1855468750
440.605011     30741.0292968750
440.959229     31259.2656250000
441.313416     32049.4042968750
441.667572     32323.6289062500
442.021698     33057.9921875000
442.375793     33408.9062500000
442.729858     33590.1757812500
443.083832     33585.5273437500
443.437836     33195.1054687500
443.791748     33734.2578125000
444.145630     33462.3593750000
444.499542     33573.9062500000
444.853363     33404.2578125000
445.207123     33381.0195312500
445.560883     32783.7695312500
445.914612     32160.9531250000
446.268280     32813.9804687500
446.621918     32597.8535156250
446.975555     33257.8515625000
447.329132     33636.6523437500
447.682678     34001.5117187500
448.036133     34910.1718750000
448.389618     34773.0585937500
448.743042     34482.5664062500
449.096405     35377.2812500000
449.449799     34747.4960937500
449.803101     34738.1992187500
450.156372     35268.0546875000
450.509613     35718.8984375000
450.862823     36550.8671875000
451.216003     36434.6718750000
451.569122     36002.4218750000
451.922211     35470.2382812500
452.275269     34963.6210937500
452.628296     35100.7343750000
452.981293     33766.7929687500
453.334229     33899.2578125000
453.687134     33676.1601562500
454.040009     34350.1015625000
454.392853     34721.9296875000
454.745636     34712.6367187500
455.098419     34006.1601562500
455.451172     34424.4687500000
455.803864     34628.9726562500
456.156464     34942.7031250000
456.509125     35272.7031250000
456.861694     35793.2656250000
457.214264     35672.4218750000
457.566742     35728.1953125000
457.919220     35628.2656250000
458.271667     35089.1132812500
458.624023     35456.2968750000
458.976379     34673.1289062500
459.328705     35453.9726562500
459.681000     34975.2382812500
460.033234     35172.7734375000
460.385468     35667.7734375000
460.737610     35309.8867187500
461.089752     35886.2226562500
461.441864     35946.6445312500
461.793945     35897.8437500000
462.145996     36436.9960937500
462.497955     37048.1914062500
462.849884     36632.2070312500
463.201813     36674.0390625000
463.553680     36969.1757812500
463.905518     36871.5703125000
464.257355     36764.6718750000
464.609100     35983.8281250000
464.960815     36199.9531250000
465.312531     36297.5585937500
465.664185     36406.7851562500
466.015778     36576.4335937500
466.367371     37148.1210937500
466.718903     36746.0781250000
467.070435     36244.1093750000
467.421906     36585.7265625000
467.773346     37090.0234375000
468.124725     37085.3750000000
468.476074     37963.8203125000
468.827393     38235.7226562500
469.178680     37984.7382812500
469.529938     38358.8906250000
469.881134     38263.6093750000
470.232330     38124.1718750000
470.583435     38354.2421875000
470.934540     38681.9179687500
471.285614     38621.4960937500
471.636627     39302.4101562500
471.987610     40415.5742187500
472.338562     40801.3476562500
472.689453     41201.0664062500
473.040375     41500.8515625000
473.391205     41231.2773437500
473.741974     41477.6132812500
474.092773     42114.3710937500
474.443481     43376.2695312500
474.794159     43057.8906250000
475.144806     43880.5625000000
475.495422     43664.4375000000
475.846039     43666.7617187500
476.196533     43659.7890625000
476.547028     44305.8437500000
476.897522     44470.8437500000
477.247925     45284.2226562500
477.598328     45774.5703125000
477.948700     46778.5117187500
478.299011     46520.5546875000
478.649231     47254.9179687500
478.999481     47691.8203125000
479.349701     48049.7070312500
479.699829     48600.4765625000
480.049988     48409.9140625000
480.400055     48746.8867187500
480.750153     49060.6171875000
481.100128     49074.5625000000
481.450104     49894.9101562500
481.800049     50099.4179687500
482.149963     49887.9375000000
482.499786     50394.5585937500
482.849670     50025.0507812500
483.199432     50403.8515625000
483.549194     49964.6289062500
483.898926     50382.9375000000
484.248566     50152.8671875000
484.598206     50187.7265625000
484.947815     50303.9218750000
485.297394     49223.2929687500
485.646912     47749.9179687500
485.996399     46360.2031250000
486.345825     45537.5312500000
486.695282     44861.2656250000
487.044617     46095.2734375000
487.393951     47522.1718750000
487.743286     48017.1718750000
488.092529     48746.8867187500
488.441711     48781.7460937500
488.790955     49627.6562500000
489.140076     49711.3203125000
489.489197     50466.5976562500
489.838257     50771.0351562500
490.187286     51507.7226562500
490.536316     51709.9062500000
490.885254     51570.4687500000
491.234161     51517.0195312500
491.583069     51261.3867187500
491.931915     50613.0078125000
492.280731     50461.9492187500
492.629486     50638.5703125000
492.978210     51070.8242187500
493.326874     51031.3164062500
493.675568     51173.0742187500
494.024200     51221.8789062500
494.372742     52014.3398437500
494.721313     52472.1562500000
495.069824     52390.8164062500
495.418274     52465.1835937500
495.766724     52314.1289062500
496.115112     52297.8593750000
496.463470     52625.5351562500
496.811768     52618.5625000000
497.160034     52827.7187500000
497.508301     52897.4375000000
497.856506     52878.8437500000
498.204651     52309.4804687500
498.552765     51761.0312500000
498.900848     51984.1289062500
499.248901     52428.0000000000
499.596924     52583.7031250000
499.944885     52376.8750000000
500.292816     51630.8906250000
500.640778     51484.4843750000
500.988556     51542.5820312500
501.336426     51103.3593750000
501.684204     50833.7812500000
502.031952     50873.2890625000
502.379700     50791.9492187500
502.727295     51424.0625000000
503.074982     51551.8789062500
503.422546     51535.6093750000
503.770081     51173.0742187500
504.117615     51091.7382812500
504.465088     51024.3437500000
504.812561     51210.2578125000
505.159943     51642.5117187500
505.507294     52390.8164062500
505.854645     52602.2968750000
506.201904     53092.6484375000
506.549194     52790.5351562500
506.896332     52834.6914062500
507.243591     52618.5625000000
507.590698     52177.0156250000
507.937775     52195.6093750000
508.284912     52021.3125000000
508.631836     52325.7460937500
508.978851     52676.6640625000
509.325806     53243.7031250000
509.672699     52781.2382812500
510.019592     52660.3945312500
510.366364     52695.2539062500
510.713196     52595.3242187500
511.059937     52939.2656250000
511.406677     53199.5468750000
511.753326     53136.8007812500
512.099976     53429.6171875000
512.446594     53236.7304687500
512.793091     52751.0273437500
513.139648     52434.9726562500
513.486145     52655.7460937500
513.832520     52181.6640625000
514.179016     51958.5664062500
514.525269     51802.8632812500
514.871704     52056.1718750000
515.217957     51781.9453125000
515.564209     51909.7617187500
515.910522     52091.0312500000
516.256531     51675.0468750000
516.602783     50257.4453125000
516.948853     49230.2656250000
517.294922     48298.3671875000
517.640930     48463.3671875000
517.986877     49227.9414062500
518.332886     48976.9570312500
518.678711     48744.5625000000
519.024658     48914.2109375000
519.370422     49571.8828125000
519.716248     50038.9960937500
520.062073     50924.4140625000
520.407715     50984.8359375000
520.753418     51182.3710937500
521.099060     51166.1054687500
521.444580     51591.3828125000
521.790222     52269.9726562500
522.135681     52002.7226562500
522.481201     51837.7226562500
522.826660     51431.0312500000
523.172058     51491.4531250000
523.517395     51709.9062500000
523.862671     52251.3828125000
524.208069     52307.1562500000
524.553284     52476.8046875000
524.898438     52372.2265625000
525.243591     52479.1289062500
525.588745     52344.3398437500
525.933899     52179.3398437500
526.278931     51358.9921875000
526.623962     50299.2773437500
526.968872     49520.7578125000
527.313904     49676.4609375000
527.658813     49560.2656250000
528.003601     50343.4296875000
528.348450     50866.3164062500
528.693237     51049.9062500000
529.037964     51630.8906250000
529.382751     51805.1875000000
529.727356     51791.2421875000
530.072021     51556.5234375000
530.416626     51535.6093750000
530.761169     52618.5625000000
531.105652     52107.2968750000
531.450134     52032.9335937500
531.794617     51953.9179687500
532.138916     51584.4140625000
532.483337     51189.3437500000
532.827637     50696.6679687500
533.171936     50166.8125000000
533.516174     50408.5000000000
533.860352     50636.2460937500
534.204529     50399.2031250000
534.548645     50608.3593750000
534.892700     50705.9648437500
535.236816     51061.5273437500
535.580750     51273.0039062500
535.924744     51156.8085937500
536.268738     51066.1757812500
536.612549     50984.8359375000
536.956421     50299.2773437500
537.300232     50187.7265625000
537.644043     50362.0234375000
537.987671     50771.0351562500
538.331421     50461.9492187500
538.675049     50417.7968750000
539.018677     50547.9375000000
539.362305     50155.1914062500
539.705750     49711.3203125000
540.049316     49643.9257812500
540.392822     49225.6171875000
540.736145     49381.3203125000
541.079590     48767.8007812500
541.422913     49193.0820312500
541.766235     49485.8984375000
542.109436     49660.1914062500
542.452698     49925.1210937500
542.795898     49843.7851562500
543.138977     49825.1914062500
543.482178     49790.3320312500
543.825195     50127.3046875000
544.168213     50573.5000000000
544.511230     50289.9804687500
544.854187     50905.8242187500
545.197083     50345.7539062500
545.539917     50278.3593750000
545.882813     50459.6289062500
546.225586     50875.6132812500
546.568359     50322.5156250000
546.911133     49894.9101562500
547.253662     49597.4453125000
547.596436     49764.7695312500
547.938965     49471.9531250000
548.281494     49365.0546875000
548.624084     49699.6992187500
548.966492     49657.8710937500
549.308960     49567.2343750000
549.651367     49818.2226562500
549.993713     49660.1914062500
550.336060     49750.8281250000
550.678345     49183.7851562500
551.020630     49574.2070312500
551.362732     49420.8281250000
551.704956     49093.1523437500
552.047058     49411.5312500000
552.389160     49397.5898437500
552.731262     49337.1679687500
553.073181     48935.1250000000
553.415161     48890.9687500000
553.757080     48837.5195312500
554.098999     48958.3632812500
554.440857     49207.0273437500
554.782593     49244.2070312500
555.124390     49290.6875000000
555.466125     49262.8007812500
555.807800     48916.5351562500
556.149414     48519.1406250000
556.491089     48326.2539062500
556.832642     47819.6367187500
557.174133     47566.3281250000
557.515686     47471.0468750000
557.857117     47694.1445312500
558.198486     47289.7773437500
558.539917     46643.7226562500
558.881165     45967.4570312500
559.222534     45990.6992187500
559.563782     45732.7421875000
559.904968     45639.7851562500
560.246216     45816.4023437500
560.587280     45828.0234375000
560.928406     45937.2460937500
561.269470     46151.0507812500
561.610474     45451.5429687500
561.951477     45500.3476562500
562.292297     45430.6289062500
562.633301     45333.0234375000
562.974121     45769.9257812500
563.315002     45393.4453125000
563.655762     45458.5156250000
563.996460     45205.2070312500
564.337158     45109.9257812500
564.677795     44979.7851562500
565.018433     44728.8007812500
565.359009     44575.4218750000
565.699524     43920.0703125000
566.040100     43587.7460937500
566.380493     43227.5390625000
566.720947     43701.6210937500
567.061340     43139.2265625000
567.401611     43143.8750000000
567.742004     43195.0039062500
568.082153     43076.4804687500
568.422424     42625.6367187500
568.762634     41565.9218750000
569.102722     41935.4296875000
569.442810     41356.7695312500
569.782898     41317.2617187500
570.122986     41266.1367187500
570.462830     41201.0664062500
570.802856     40431.8437500000
571.142761     39908.9570312500
571.482605     40385.3632812500
571.822449     40166.9140625000
572.162170     40629.3789062500
572.501953     40308.6718750000
572.841675     40338.8867187500
573.181274     40364.4492187500
573.520996     40383.0390625000
573.860474     40234.3085937500
574.200073     40534.0937500000
574.539551     39713.7460937500
574.878967     39402.3398437500
575.218384     39381.4218750000
575.557739     39318.6757812500
575.897156     38519.2421875000
576.236450     38842.2695312500
576.575684     38779.5234375000
576.914856     38746.9882812500
577.254089     38733.0468750000
577.593262     38826.0039062500
577.932251     38337.9765625000
578.271362     38224.1015625000
578.610352     37496.7109375000
578.949341     37710.5117187500
579.288330     37791.8515625000
579.627197     38212.4843750000
579.966064     37849.9492187500
580.304871     37935.9335937500
580.643677     38523.8906250000
580.982483     38342.6250000000
581.321045     38221.7773437500
581.659790     38368.1875000000
581.998413     38084.6679687500
582.336914     38093.9609375000
582.675476     38296.1445312500
583.013916     38507.6250000000
583.352478     38705.1562500000
583.690796     38391.4257812500
584.029175     38268.2578125000
584.367493     38238.0468750000
584.705811     38228.7500000000
585.044128     38172.9765625000
585.382202     37203.8945312500
585.720459     37473.4726562500
586.058594     36625.2343750000
586.396667     36818.1210937500
586.734802     36859.9531250000
587.072693     36734.4609375000
587.410767     36778.6132812500
587.748657     36832.0664062500
588.086487     35988.4765625000
588.424316     35263.4101562500
588.762146     33966.6523437500
589.099976     32953.4140625000
589.437622     32295.7421875000
589.775391     32000.6015625000
590.113037     32128.4179687500
590.450623     32711.7265625000
590.788208     33178.8359375000
591.125671     32913.9101562500
591.463196     33364.7539062500
591.800659     33246.2304687500
592.138062     32607.1484375000
592.475464     33599.4687500000
592.812683     33673.8359375000
593.150024     34238.5507812500
593.487244     33629.6796875000
593.824402     33806.3007812500
594.161621     33418.2031250000
594.498657     33329.8945312500
594.835815     33143.9765625000
595.172852     32841.8671875000
595.509827     32851.1640625000
595.846741     32876.7265625000
596.183655     33399.6132812500
596.520630     33541.3710937500
596.857422     33634.3281250000
597.194214     33724.9609375000
597.530945     33139.3320312500
597.867615     33548.3437500000
598.204346     33288.0625000000
598.540955     32927.8515625000
598.877563     33239.2617187500
599.214111     33141.6562500000
599.550598     33264.8242187500
599.887085     33153.2734375000
600.223450     32978.9804687500
600.559937     33425.1757812500
600.896240     32927.8515625000
601.232544     32874.4023437500
601.568787     32879.0507812500
601.905029     32918.5546875000
602.241272     32458.4179687500
602.577271     32495.5996093750
602.913452     32672.2187500000
603.249512     32602.5019531250
603.585510     32711.7265625000
603.921509     33071.9375000000
604.257385     32716.3750000000
604.593323     32853.4882812500
604.929199     33055.6679687500
605.264954     32439.8261718750
605.600830     32463.0644531250
605.936462     32451.4453125000
606.272217     32044.7558593750
606.607849     31849.5468750000
606.943420     32065.6718750000
607.278992     31731.0253906250
607.614502     31612.5039062500
607.950012     31521.8710937500
608.285461     31670.6035156250
608.620850     31212.7871093750
608.956177     31294.1250000000
609.291504     31003.6328125000
609.626831     31091.9433593750
609.962036     30875.8164062500
610.297302     31110.5351562500
610.632446     30866.5214843750
610.967529     31159.3359375000
611.302673     31098.9140625000
611.637634     31394.0546875000
611.972656     31015.2519531250
612.307617     31342.9277343750
612.642517     30527.2265625000
612.977356     30678.2812500000
613.312195     30529.5507812500
613.646973     30343.6347656250
613.981750     30187.9316406250
614.316406     29590.6796875000
614.651062     29727.7929687500
614.985657     29437.3007812500
615.320313     29437.3007812500
615.654846     29098.0058593750
615.989319     29404.7656250000
616.323792     29000.4003906250
616.658203     28630.8945312500
616.992615     28182.3750000000
617.326904     28314.8398437500
617.661194     28651.8105468750
617.995483     28877.2324218750
618.329712     28661.1054687500
618.663940     28447.3027343750
618.997925     28619.2753906250
619.332092     28463.5703125000
619.666077     28379.9082031250
620.000061     28386.8808593750
620.334045     28828.4296875000
620.667969     28463.5703125000
621.001892     28135.8964843750
621.335632     28217.2343750000
621.669495     27926.7421875000
622.003296     28235.8242187500
622.336914     27694.3476562500
622.670654     27571.1796875000
623.004272     27278.3632812500
623.337891     27020.4062500000
623.671387     27041.3222656250
624.004883     26597.4492187500
624.338440     26620.6894531250
624.671753     26843.7871093750
625.005249     26297.6621093750
625.338562     26476.6054687500
625.671814     26381.3242187500
626.005066     25881.6777343750
626.338257     25884.0019531250
626.671509     25830.5507812500
627.004578     25633.0156250000
627.337708     25286.7500000000
627.670776     25203.0878906250
628.003723     24759.2167968750
628.336731     24491.9628906250
628.669556     24763.8652343750
629.002502     24122.4570312500
629.335327     24754.5683593750
629.668152     24231.6835937500
630.000916     23980.6972656250
630.333618     24438.5136718750
630.666321     24117.8105468750
630.998962     24350.2031250000
631.331482     23762.2480468750
631.664063     23685.5585937500
631.996521     23711.1210937500
632.329102     23462.4609375000
632.661499     23239.3613281250
632.993835     23999.2890625000
633.326172     23248.6582031250
633.658447     23364.8554687500
633.990784     23527.5312500000
634.322937     23757.5996093750
634.655212     23332.3203125000
634.987244     23587.9531250000
635.319397     23211.4746093750
635.651489     23371.8261718750
635.983398     23499.6425781250
636.315430     23264.9257812500
636.647278     23216.1230468750
636.979187     23295.1367187500
637.311035     23323.0234375000
637.642761     23376.4746093750
637.974609     23625.1347656250
638.306335     22960.4902343750
638.637939     23283.5175781250
638.969604     23067.3906250000
639.301147     22890.7714843750
639.632751     23023.2363281250
639.964233     22495.7031250000
640.295715     22723.4492187500
640.627075     22474.7871093750
640.958496     22260.9843750000
641.289917     22635.1386718750
641.621094     21958.8730468750
641.952393     22186.6191406250
642.283569     22202.8867187500
642.614746     22021.6191406250
642.945923     22026.2675781250
643.276917     21889.1562500000
643.608093     21903.0996093750
643.939026     21763.6621093750
644.269958     21654.4375000000
644.600891     21814.7890625000
644.931763     21614.9316406250
645.262634     22226.1269531250
645.593384     21380.2128906250
645.924133     21140.8476562500
646.254822     21173.3828125000
646.585510     20683.0332031250
646.916199     20859.6523437500
647.246704     20371.6250000000
647.577271     20257.7519531250
647.907715     20278.6679687500
648.238220     19811.5566406250
648.568665     20220.5683593750
648.898987     19955.6406250000
649.229309     19634.9375000000
649.559570     19346.7695312500
649.889832     19788.3164062500
650.220093     19586.1347656250
650.550171     19716.2753906250
650.880310     20181.0625000000
651.210388     19871.9785156250
651.540405     19923.1054687500
651.870422     19330.5019531250
652.200317     19569.8671875000
652.530273     19553.5996093750
652.860046     19469.9375000000
653.189941     19806.9082031250
653.519775     19751.1347656250
653.849426     19551.2753906250
654.179199     19400.2187500000
654.508789     19583.8105468750
654.838440     19539.6562500000
655.168030     19205.0097656250
655.497498     18930.7851562500
655.827026     18238.2519531250
656.156372     17840.8574218750
656.485840     17401.6347656250
656.815247     16936.8476562500
657.144470     17199.4511718750
657.473755     17352.8320312500
657.802979     17861.7734375000
658.132202     17936.1406250000
658.461243     18266.1386718750
658.790466     18198.7441406250
659.119507     18475.2929687500
659.448486     17991.9140625000
659.777527     18710.0097656250
660.106384     18556.6308593750
660.435242     18714.6582031250
660.764160     18974.9394531250
661.092896     18561.2792968750
661.421692     18605.4335937500
661.750427     18621.7011718750
662.079102     18800.6445312500
662.407715     18489.2363281250
662.736328     18621.7011718750
663.064880     18563.6035156250
663.393311     18596.1367187500
663.721802     18340.5039062500
664.050232     18475.2929687500
664.378601     18070.9277343750
664.706970     17929.1679687500
665.035217     18110.4355468750
665.363525     18191.7734375000
665.691650     18063.9570312500
666.019897     17940.7871093750
666.347961     17871.0703125000
666.676086     17580.5781250000
667.004150     17466.7050781250
667.332092     17699.0976562500
667.660095     17627.0566406250
667.987915     17627.0566406250
668.315796     17401.6347656250
668.643677     17315.6484375000
668.971436     17366.7753906250
669.299133     17564.3105468750
669.626892     17201.7753906250
669.954468     17378.3945312500
670.282104     17343.5351562500
670.609619     16899.6640625000
670.937256     16969.3828125000
671.264587     16746.2851562500
671.592163     16739.3125000000
671.919495     16334.9472656250
672.246887     16695.1582031250
672.574097     16583.6093750000
672.901489     16309.3847656250
673.228699     16325.6523437500
673.555847     16221.0751953125
673.882996     16267.5537109375
674.210022     16074.6669921875
674.537109     15946.8505859375
674.864136     15774.8789062500
675.191101     15902.6953125000
675.518005     15765.5830078125
675.844849     15317.0634765625
676.171692     15591.2880859375
676.498535     15667.9775390625
676.825256     15521.5703125000
677.151978     15135.7968750000
677.478577     15349.5986328125
677.805237     15521.5703125000
678.131836     15303.1201171875
678.458435     15307.7675781250
678.784851     15098.6132812500
679.111328     15077.6982421875
679.437744     15014.9521484375
679.764099     14659.3896484375
680.090454     14775.5869140625
680.416687     14812.7695312500
680.742920     14636.1503906250
681.069153     14752.3466796875
681.395203     14682.6289062500
681.721313     14499.0380859375
682.047485     14329.3906250000
682.373474     14512.9814453125
682.699402     14482.7705078125
683.025391     14392.1367187500
683.351196     14182.9824218750
683.677063     14117.9121093750
684.002930     13976.1523437500
684.328674     13846.0117187500
684.654358     13822.7724609375
684.980042     13543.9003906250
685.305603     13583.4072265625
685.631287     13797.2089843750
685.956787     13450.9423828125
686.282288     13313.8310546875
686.607788     12825.8037109375
686.933167     12216.9326171875
687.258545     11466.3017578125
687.583923     11059.6123046875
687.909180     11168.8378906250
688.234375     11008.4863281250
688.559631     11222.2880859375
688.884766     11308.2734375000
689.209839     11226.9355468750
689.534973     11050.3164062500
689.859924     11003.8378906250
690.184937     10894.6132812500
690.509827     10903.9091796875
690.834717     11064.2607421875
691.159668     11020.1054687500
691.484436     11236.2314453125
691.809204     11189.7529296875
692.133911     11245.5273437500
692.458557     11185.1054687500
692.783142     11120.0351562500
693.107849     10999.1904296875
693.432312     10987.5703125000
693.756836     10959.6835937500
694.081238     11064.2607421875
694.405701     10520.4589843750
694.730164     10959.6835937500
695.054443     10764.4726562500
695.378723     10759.8251953125
695.702942     10841.1621093750
696.027100     10962.0068359375
696.351257     10845.8105468750
696.675476     11136.3027343750
696.999512     11140.9501953125
697.323486     11050.3164062500
697.647461     11168.8378906250
697.971375     11280.3867187500
698.295349     11085.1757812500
698.619202     10771.4443359375
698.942993     11085.1757812500
699.266724     11052.6406250000
699.590393     10973.6269531250
699.914124     10722.6416015625
700.237793     10587.8535156250
700.561340     10564.6142578125
700.884949     10659.8955078125
701.208374     10415.8818359375
701.531860     10295.0371093750
701.855286     10522.7832031250
702.178650     10192.7841796875
702.501953     10236.9394531250
702.825195     10232.2910156250
703.148499     10188.1367187500
703.471680     10411.2343750000
703.794861     10390.3193359375
704.117981     10209.0517578125
704.440979     10374.0517578125
704.764038     10469.3330078125
705.086975     10536.7265625000
705.409851     10520.4589843750
705.732849     10501.8681640625
706.055664     10429.8261718750
706.378479     10427.5019531250
706.701233     10443.7695312500
707.023926     10687.7822265625
707.346619     10636.6562500000
707.669250     10443.7695312500
707.991821     10360.1074218750
708.314392     10441.4453125000
708.636841     10315.9531250000
708.959290     10355.4599609375
709.281738     10350.8115234375
709.604065     10362.4316406250
709.926392     10460.0371093750
710.248657     10532.0791015625
710.570862     10464.6845703125
710.893066     10276.4462890625
711.215210     10522.7832031250
711.537292     10318.2763671875
711.859314     10518.1357421875
712.181335     10392.6425781250
712.503357     10239.2626953125
712.825256     10346.1640625000
713.147156     10248.5585937500
713.468994     10078.9111328125
713.790771     10111.4462890625
714.112488     10125.3896484375
714.434143     10104.4746093750
714.755859     10002.2216796875
715.077515      9948.7705078125
715.399109     10025.4609375000
715.720581      9837.2216796875
716.042053      9662.9267578125
716.363525      9579.2646484375
716.684875      9456.0966796875
717.006287      8930.8867187500
717.327576      8665.9580078125
717.648804      8287.1562500000
717.969971      7847.9326171875
718.291260      7729.4121093750
718.612366      7506.3139648438
718.933411      7457.5112304688
719.254395      7232.0893554688
719.575439      7178.6391601563
719.896362      6834.6962890625
720.217285      6792.8657226563
720.538147      6837.0205078125
720.859009      6934.6254882813
721.179749      7211.1743164063
721.500488      7362.2299804688
721.821228      7699.2006835938
722.141785      7829.3413085938
722.462402      8103.5654296875
722.782959      8073.3544921875
723.103455      8071.0302734375
723.423950      7773.5668945313
723.744385      7736.3837890625
724.064758      7520.2578125000
724.385071      7473.7788085938
724.705322      7471.4550781250
725.025574      7359.9062500000
725.345825      7329.6948242188
725.665955      7406.3847656250
725.986023      7171.6669921875
726.306091      7348.2861328125
726.626099      7162.3715820313
726.946045      7338.9907226563
727.266052      7243.7089843750
727.585938      7055.4702148438
727.905762      6999.6958007813
728.225525      7125.1884765625
728.545288      7134.4843750000
728.864990      7178.6391601563
729.184692      7204.2021484375
729.504333      7194.9067382813
729.823853      7032.2309570313
730.143372      7134.4843750000
730.462891      7197.2304687500
730.782410      7169.3432617188
731.101746      7183.2871093750
731.421143      7115.8925781250
731.740417      7343.6386718750
732.059631      7278.5683593750
732.378845      7394.7651367188
732.698059      7494.6943359375
733.017212      7808.4257812500
733.336304      7864.2001953125
733.655273      7989.6928710938
733.974304      7922.2988281250
734.293335      7975.7490234375
734.612183      8217.4384765625
734.931030      8173.2836914063
735.249878      8270.8886718750
735.568665      8082.6503906250
735.887329      8240.6777343750
736.206055      7940.8901367188
736.524658      8122.1572265625
736.843262      7978.0732421875
737.161804      7854.9042968750
737.480286      7998.9882812500
737.798828      8036.1713867188
738.117249      8254.6210937500
738.435608      8057.0869140625
738.753906      8208.1425781250
739.072205      7815.3974609375
739.390442      8068.7065429688
739.708618      8015.2558593750
740.026733      8096.5937500000
740.344849      8201.1708984375
740.662903      8256.9453125000
740.980957      8038.4956054688
741.298889      8145.3964843750
741.616821      7954.8334960938
741.934692      8133.7768554688
742.252502      8112.8613281250
742.570313      8054.7631835938
742.888062      8091.9458007813
743.205750      8105.8896484375
743.523438      7880.4677734375
743.841003      8138.4248046875
744.158569      8098.9179687500
744.476074      8157.0161132813
744.793518      7943.2138671875
745.111023      8019.9038085938
745.428345      8187.2275390625
745.745728      8017.5800781250
746.062988      8017.5800781250
746.380249      8212.7910156250
746.697449      7868.8481445313
747.014648      7901.3833007813
747.331726      7994.3408203125
747.648804      8122.1572265625
747.965759      7929.2705078125
748.282776      7864.2001953125
748.599731      7754.9750976563
748.916626      7517.9335937500
749.233459      7817.7216796875
749.550232      7613.2148437500
749.867004      7564.4125976563
750.183655      7490.0463867188
750.500366      7557.4404296875
750.816956      7441.2436523438
751.133545      7480.7504882813
751.450073      7515.6098632813
751.766479      7441.2436523438
752.083008      7466.8071289063
752.399414      7401.7368164063
752.715698      7308.7792968750
753.032043      7311.1035156250
753.348328      7246.0332031250
753.664429      7132.1601562500
753.980713      7167.0195312500
754.296814      7094.9770507813
754.612854      7227.4418945313
754.928833      7122.8647460938
755.244873      6995.0478515625
755.560852      7115.8925781250
755.876709      7071.7377929688
756.192505      6992.7241210938
756.508362      7074.0620117188
756.824097      6869.5556640625
757.139771      6783.5698242188
757.455505      6797.5136718750
757.771118      6909.0625000000
758.086670      6909.0625000000
758.402222      6811.4570312500
758.717712      6785.8935546875
759.033081      6604.6269531250
759.348511      6293.2192382813
759.663879      5900.4741210938
759.979187      5484.4892578125
760.294434      4801.2524414063
760.609619      4120.3388671875
760.924805      3729.9177246094
761.239929      3416.1862792969
761.554993      3348.7919921875
761.869995      3367.3835449219
762.184998      3629.9882812500
762.499939      3669.4953613281
762.814880      3674.1430664063
763.129700      3492.8762207031
763.444519      3432.4538574219
763.759277      3492.8762207031
764.073975      3571.8898925781
764.388672      3643.9318847656
764.703308      3690.4106445313
765.017883      3901.8889160156
765.332397      3892.5932617188
765.646851      4020.4096679688
765.961304      4236.5356445313
766.275696      4561.8867187500
766.590088      4638.5766601563
766.904358      4901.1816406250
767.218628      5005.7587890625
767.532776      5324.1376953125
767.846924      5312.5180664063
768.161072      5530.9682617188
768.475159      5551.8837890625
768.789185      5842.3754882813
769.103149      5872.5869140625
769.417114      5946.9526367188
769.731079      5884.2065429688
770.044861      5849.3476562500
770.358643      6039.9101562500
770.672363      6118.9243164063
770.986084      6158.4311523438
771.299683      6074.7695312500
771.613403      6172.3745117188
771.927002      6160.7548828125
772.240479      6160.7548828125
772.553955      6081.7412109375
772.867371      6128.2197265625
773.180847      6028.2905273438
773.494141      6028.2905273438
773.807434      6005.0512695313
774.120667      6193.2900390625
774.433899      6132.8676757813
774.747009      5907.4458007813
775.060181      6005.0512695313
775.373230      6009.6992187500
775.686218      5793.5732421875
775.999207      5893.5024414063
776.312073      5928.3613281250
776.624939      5914.4174804688
776.937866      5758.7138671875
777.250671      5935.3330078125
777.563416      5933.0092773438
777.876099      5798.2207031250
778.188721      5784.2773437500
778.501343      5656.4609375000
778.813904      5635.5454101563
779.126404      5765.6855468750
779.438904      5707.5874023438
779.751282      5870.2626953125
780.063660      5649.4887695313
780.376038      5826.1079101563
780.688293      5656.4609375000
781.000549      5619.2778320313
781.312683      5454.2783203125
781.624817      5665.7563476563
781.937012      5530.9682617188
782.249023      5565.8271484375
782.561035      5530.9682617188
782.872986      5549.5595703125
783.184937      5719.2070312500
783.496765      5463.5742187500
783.808655      5345.0532226563
784.120422      5433.3627929688
784.432129      5289.2788085938
784.743774      5377.5883789063
785.055420      5345.0532226563
785.367004      5233.5043945313
785.678589      5221.8847656250
785.990051      5252.0957031250
786.301514      5217.2368164063
786.612976      5082.4487304688
786.924316      5142.8710937500
787.235657      5121.9555664063
787.546936      4991.8149414063
787.858154      5033.6459960938
788.169312      4956.9560546875
788.480408      4894.2094726563
788.791504      4805.8999023438
789.102600      4768.7172851563
789.413513      4787.3085937500
789.724487      4743.1538085938
790.035400      4761.7451171875
790.346191      4603.7177734375
790.657043      4657.1679687500
790.967834      4729.2104492188
791.278564      4552.5908203125
791.589172      4538.6474609375
791.899780      4638.5766601563
792.210327      4640.9008789063
792.520935      4657.1679687500
792.831421      4545.6191406250
793.141846      4633.9287109375
793.452209      4654.8442382813
793.762573      4557.2387695313
794.072815      4401.5351562500
794.383118      4499.1406250000
794.693359      4468.9291992188
795.003479      4482.8730468750
795.313538      4427.0986328125
795.623596      4454.9858398438
795.933716      4396.8872070313
796.243652      4352.7324218750
796.553589      4227.2402343750
796.863464      4255.1274414063
797.173218      4238.8598632813
797.483032      4152.8740234375
797.792786      4222.5922851563
798.102478      4245.8315429688
798.412109      4313.2255859375
798.721741      4262.0991210938
799.031250      4289.9863281250
799.340820      4118.0151367188
799.650269      4213.2963867188
799.959656      4310.9018554688
800.269043      4113.3671875000
800.578369      4127.3105468750
800.887573      4076.1840820313
801.196899      4104.0712890625
801.505981      4078.5080566406
801.815186      4008.7900390625
802.124207      4083.1560058594
802.433289      4036.6772460938
802.742188      3897.2409667969
803.051270      4020.4096679688
803.360168      3920.4804687500
803.668945      4034.3532714844
803.977783      3906.5368652344
804.286499      4043.6489257813
804.595276      4008.7900390625
804.903931      4025.0576171875
805.212524      3897.2409667969
805.521057      3883.2973632813
805.829590      3911.1845703125
806.138062      4066.8884277344
806.446533      4052.9448242188
806.754944      3850.7622070313
807.063293      4025.0576171875
807.371521      3980.9028320313
807.679749      3964.6352539063
807.987976      3904.2128906250
808.296143      3922.8044433594
808.604248      3846.1145019531
808.912292      3725.2697753906
809.220276      3834.4948730469
809.528198      3778.7202148438
809.836182      3718.2978515625
810.144043      3697.3825683594
810.451843      3762.4526367188
810.759644      3695.0585937500
811.067322      3625.3405761719
811.375061      3620.6926269531
811.682678      3646.2558593750
811.990295      3481.2563476563
812.297791      3569.5659179688
812.605286      3509.1437988281
812.912720      3513.7915039063
813.220154      3416.1862792969
813.527527      3409.2143554688
813.834839      3344.1442871094
814.142029      3260.4824218750
814.449219      3207.0319824219
814.756409      3209.3559570313
815.063538      3144.2856445313
815.370605      3200.0600585938
815.677612      3032.7368164063
815.984619      2890.9765625000
816.291504      3055.9760742188
816.598389      2953.7229003906
816.905273      2953.7229003906
817.212036      2902.5964355469
817.518738      2886.3288574219
817.825439      2888.6528320313
818.132080      2807.3149414063
818.438721      2835.2021484375
818.745239      2890.9765625000
819.051758      2872.3852539063
819.358215      2860.7653808594
819.664612      2825.9064941406
819.971008      2960.6948242188
820.277344      2832.8781738281
820.583557      2877.0329589844
820.889771      2995.5537109375
821.195923      3051.3283691406
821.502075      3025.7648925781
821.808167      3081.5395507813
822.114197      3111.7504882813
822.420166      3009.4973144531
822.726074      2953.7229003906
823.031921      2881.6809082031
823.337769      2639.9914550781
823.643677      2630.6958007813
823.949402      2693.4421386719
824.255066      2679.4985351563
824.560730      2814.2868652344
824.866272      2886.3288574219
825.171936      2851.4697265625
825.477356      2932.8076171875
825.782837      3023.4409179688
826.088257      2937.4553222656
826.393616      3002.5256347656
826.698914      3021.1171875000
827.004272      2997.8776855469
827.309448      3018.7932128906
827.614624      2997.8776855469
827.919739      2837.5261230469
828.224854      2870.0612792969
828.529907      2804.9909667969
828.834839      2800.3432617188
829.139832      2816.6105957031
829.444702      2853.7937011719
829.749512      2814.2868652344
830.054260      2772.4558105469
830.359131      2758.5122070313
830.663818      2853.7937011719
830.968506      2828.2304687500
831.273071      2849.1457519531
831.577576      2821.2585449219
831.882080      2867.7373046875
832.186646      2888.6528320313
832.491028      2793.3713378906
832.795410      2823.5825195313
833.099731      2804.9909667969
833.403931      2895.6245117188
833.708191      2721.3293457031
834.012390      2767.8081054688
834.316467      2723.6533203125
834.620605      2849.1457519531
834.924622      2809.6389160156
835.228577      2914.2160644531
835.532593      2837.5261230469
835.836426      2791.0473632813
836.140320      2830.5541992188
836.444031      2798.0192871094
836.747803      2756.1884765625
837.051514      2890.9765625000
837.355225      2837.5261230469
837.658752      2798.0192871094
837.962341      2781.7517089844
838.265808      2781.7517089844
838.569336      2832.8781738281
838.872742      2986.2580566406
839.176147      2863.0893554688
839.479370      2846.8217773438
839.782715      2856.1176757813
840.085876      2886.3288574219
840.389038      2930.4836425781
840.692261      2867.7373046875
840.995300      2858.4416503906
841.298340      2804.9909667969
841.601257      2825.9064941406
841.904236      2872.3852539063
842.207153      2770.1320800781
842.509949      2874.7092285156
842.812805      2846.8217773438
843.115540      2814.2868652344
843.418152      2735.2729492188
843.720825      2807.3149414063
844.023438      2723.6533203125
844.325989      2763.1601562500
844.628540      2700.4138183594
844.930969      2835.2021484375
845.233337      2793.3713378906
845.535767      2753.8645019531
845.838013      2788.7233886719
846.140259      2832.8781738281
846.442505      2753.8645019531
846.744690      2821.2585449219
847.046753      2765.4841308594
847.348877      2804.9909667969
847.650879      2621.4001464844
847.952881      2737.5969238281
848.254761      2656.2590332031
848.556641      2665.5549316406
848.858459      2698.0898437500
849.160278      2744.5686035156
849.462036      2598.1606445313
849.763733      2619.0761718750
850.065308      2626.0478515625
850.366882      2540.0622558594
850.668518      2574.9213867188
850.969971      2560.9777832031
851.271423      2567.9494628906
851.572815      2572.5974121094
851.874084      2570.2734375000
852.175476      2574.9213867188
852.476685      2570.2734375000
852.777893      2579.5690917969
853.079041      2644.6394042969
853.380127      2646.9633789063
853.681213      2574.9213867188
853.982239      2533.0905761719
854.283203      2519.1469726563
854.584106      2472.6682128906
854.885010      2377.3867187500
855.185791      2347.1755371094
855.486572      2449.4287109375
855.787292      2505.2033691406
856.088013      2481.9638671875
856.388611      2442.4570312500
856.689148      2391.3303222656
856.989685      2486.6118164063
857.290161      2426.1894531250
857.590637      2505.2033691406
857.890991      2458.7246093750
858.191284      2468.0202636719
858.491577      2574.9213867188
858.791809      2588.8649902344
859.092041      2540.0622558594
859.392212      2516.8229980469
859.692261      2389.0063476563
859.992310      2405.2739257813
860.292297      2454.0766601563
860.592224      2442.4570312500
860.892151      2433.1611328125
861.191956      2409.9218750000
861.491760      2488.9357910156
861.791565      2384.3586425781
862.091248      2365.7670898438
862.390930      2407.5979003906
862.690552      2430.8374023438
862.990051      2458.7246093750
863.289551      2412.2458496094
863.589050      2340.2038574219
863.888428      2416.8935546875
864.187805      2395.9782714844
864.487122      2479.6398925781
864.786377      2330.9079589844
865.085632      2363.4431152344
865.384705      2368.0910644531
865.683838      2319.2883300781
865.982971      2377.3867187500
866.281982      2323.9362792969
866.580933      2221.6831054688
866.879883      2214.7111816406
867.178711      2265.8378906250
867.477600      2182.1760253906
867.776367      2242.5983886719
868.075134      2333.2319335938
868.373718      2282.1054687500
868.672424      2268.1618652344
868.970947      2254.2180175781
869.269531      2233.3027343750
869.568054      2305.3447265625
869.866455      2293.7250976563
870.164856      2358.7951660156
870.463196      2247.2463378906
870.761536      2275.1335449219
871.059753      2240.2744140625
871.357971      2100.8383789063
871.656067      2251.8942871094
871.954102      2228.6547851563
872.252197      2235.6267089844
872.550232      2175.2043457031
872.848206      2230.9787597656
873.146057      2277.4575195313
873.443848      2168.2324218750
873.741638      2284.4291992188
874.039429      2335.5559082031
874.337158      2142.6691894531
874.634827      2293.7250976563
874.932373      2228.6547851563
875.229980      2168.2324218750
875.527466      2205.4155273438
875.825012      2138.0212402344
876.122375      2205.4155273438
876.419739      2126.4016113281
876.717041      2091.5424804688
877.014282      2156.6127929688
877.311462      2221.6831054688
877.608704      2156.6127929688
877.905762      2251.8942871094
878.202881      2077.5988769531
878.499817      2133.3735351563
878.796814      2091.5424804688
879.093811      2163.5847167969
879.390625      2226.3308105469
879.687439      2091.5424804688
879.984253      2098.5144042969
880.280884      2038.0920410156
880.577637      2100.8383789063
880.874268      2065.9792480469
881.170837      2070.6271972656
881.467346      2133.3735351563
881.763855      2063.6552734375
882.060242      2056.6835937500
882.356567      2091.5424804688
882.652954      2093.8664550781
882.949280      2000.9090576172
883.245483      2028.7962646484
883.541626      2049.7116699219
883.837830      2151.9648437500
884.133911      2075.2751464844
884.429932      2059.0075683594
884.725952      1984.6414794922
885.021851      2070.6271972656
885.317688      2049.7116699219
885.613525      2031.1202392578
885.909363      2035.7681884766
886.205078      2005.5570068359
