0.129000
190.260635         0.0000000000
190.642441         0.0000000000
191.024216      1479.0261230469
191.405975      1416.1843261719
191.787704      1431.8947753906
192.169403      1474.5374755859
192.551071      1456.5826416016
192.932724      1458.8270263672
193.314331      1535.1348876953
193.695923      1472.2930908203
194.077499      1539.6235351563
194.459030      1562.0670166016
194.840546      1501.4696044922
195.222031      1530.6462402344
195.603485      1571.0444335938
195.984909      1571.0444335938
196.366302      1562.0670166016
196.747681      1496.9809570313
197.129028      1526.1574707031
197.510345      1488.0035400391
197.891647      1519.4244384766
198.272919      1517.1800537109
198.654175      1575.5332031250
199.035355      1503.7139892578
199.416550      1505.9583740234
199.797714      1488.0035400391
200.178848      1420.6730957031
200.559937      1485.7591552734
200.941025      1541.8679199219
201.322083      1483.5148925781
201.703079      1454.3382568359
202.084091      1481.2705078125
202.465057      1559.8227539063
202.845993      1577.7774658203
203.226898      1521.6688232422
203.607788      1476.7818603516
203.988647      1548.6009521484
204.369461      1472.2930908203
204.750275      1535.1348876953
205.131042      1436.3835449219
205.511795      1490.2479248047
205.892517      1481.2705078125
206.273209      1501.4696044922
206.653870      1485.7591552734
207.034515      1488.0035400391
207.415115      1490.2479248047
207.795700      1532.8905029297
208.176254      1519.4244384766
208.556778      1537.3792724609
208.937271      1496.9809570313
209.317749      1499.2253417969
209.698196      1508.2026367188
210.078613      1535.1348876953
210.459000      1532.8905029297
210.839371      1539.6235351563
211.219696      1434.1391601563
211.600006      1523.9130859375
211.980286      1465.5600585938
212.360535      1490.2479248047
212.740768      1505.9583740234
213.120956      1416.1843261719
213.501129      1496.9809570313
213.881256      1456.5826416016
214.261383      1485.7591552734
214.641464      1496.9809570313
215.021530      1476.7818603516
215.401550      1490.2479248047
215.781570      1521.6688232422
216.161530      1505.9583740234
216.541504      1481.2705078125
216.921402      1499.2253417969
217.301315      1463.3156738281
217.681152      1449.8496093750
218.061005      1508.2026367188
218.440811      1479.0261230469
218.820587      1591.2436523438
219.200348      1503.7139892578
219.580078      1557.5783691406
219.959763      1470.0487060547
220.339432      1485.7591552734
220.719070      1510.4470214844
221.098694      1546.3565673828
221.478271      1510.4470214844
221.857819      1501.4696044922
222.237366      1528.4018554688
222.616867      1431.8947753906
222.996338      1510.4470214844
223.375778      1532.8905029297
223.755188      1488.0035400391
224.134583      1443.1165771484
224.513947      1514.9357910156
224.893265      1479.0261230469
225.272583      1488.0035400391
225.651855      1452.0939941406
226.031097      1501.4696044922
226.410339      1526.1574707031
226.789520      1510.4470214844
227.168686      1463.3156738281
227.547806      1512.6914062500
227.926926      1467.8044433594
228.306015      1470.0487060547
228.685059      1517.1800537109
229.064087      1566.5557861328
229.443069      1530.6462402344
229.822037      1456.5826416016
230.200989      1615.9313964844
230.579895      1499.2253417969
230.958786      1582.2662353516
231.337631      1514.9357910156
231.716461      1494.7365722656
232.095261      1526.1574707031
232.474030      1488.0035400391
232.852783      1458.8270263672
233.231476      1474.5374755859
233.610184      1505.9583740234
233.988831      1481.2705078125
234.367462      1496.9809570313
234.746048      1452.0939941406
235.124649      1472.2930908203
235.503159      1474.5374755859
235.881683      1488.0035400391
236.260162      1539.6235351563
236.638641      1485.7591552734
237.017075      1517.1800537109
237.395477      1514.9357910156
237.773834      1499.2253417969
238.152176      1474.5374755859
238.530502      1443.1165771484
238.908783      1476.7818603516
239.287048      1496.9809570313
239.665268      1490.2479248047
240.043472      1595.7322998047
240.421661      1568.8001708984
240.799805      1541.8679199219
241.177902      1488.0035400391
241.556000      1566.5557861328
241.934052      1532.8905029297
242.312088      1467.8044433594
242.690094      1431.8947753906
243.068054      1512.6914062500
243.446014      1528.4018554688
243.823929      1546.3565673828
244.201813      1523.9130859375
244.579666      1463.3156738281
244.957504      1505.9583740234
245.335297      1559.8227539063
245.713074      1488.0035400391
246.090820      1481.2705078125
246.468536      1550.8453369141
246.846207      1508.2026367188
247.223862      1519.4244384766
247.601501      1526.1574707031
247.979095      1548.6009521484
248.356674      1492.4921875000
248.734222      1479.0261230469
249.111725      1532.8905029297
249.489212      1456.5826416016
249.866669      1521.6688232422
250.244095      1463.3156738281
250.621506      1496.9809570313
250.998871      1416.1843261719
251.376221      1526.1574707031
251.753510      1510.4470214844
252.130814      1559.8227539063
252.508057      1492.4921875000
252.885284      1472.2930908203
253.262466      1510.4470214844
253.639648      1566.5557861328
254.016769      1528.4018554688
254.393906      1530.6462402344
254.770966      1514.9357910156
255.148026      1472.2930908203
255.525040      1559.8227539063
255.902054      1517.1800537109
256.278992      1505.9583740234
256.655945      1505.9583740234
257.032837      1537.3792724609
257.409729      1461.0714111328
257.786591      1571.0444335938
258.163391      1566.5557861328
258.540161      1499.2253417969
258.916962      1483.5148925781
259.293701      1541.8679199219
259.670380      1584.5106201172
260.047058      1510.4470214844
260.423706      1593.4879150391
260.800323      1526.1574707031
261.176880      1431.8947753906
261.553436      1470.0487060547
261.929962      1470.0487060547
262.306488      1427.4061279297
262.682953      1523.9130859375
263.059387      1532.8905029297
263.435791      1510.4470214844
263.812195      1492.4921875000
264.188507      1571.0444335938
264.564850      1452.0939941406
264.941132      1528.4018554688
265.317413      1479.0261230469
265.693634      1452.0939941406
266.069885      1557.5783691406
266.446045      1436.3835449219
266.822174      1425.1617431641
267.198273      1537.3792724609
267.574371      1512.6914062500
267.950439      1494.7365722656
268.326447      1557.5783691406
268.702454      1562.0670166016
269.078430      1532.8905029297
269.454376      1472.2930908203
269.830292      1544.1123046875
270.206146      1532.8905029297
270.582001      1483.5148925781
270.957825      1575.5332031250
271.333618      1575.5332031250
271.709381      1519.4244384766
272.085144      1476.7818603516
272.460815      1503.7139892578
272.836487      1476.7818603516
273.212128      1508.2026367188
273.587769      1481.2705078125
273.963348      1550.8453369141
274.338898      1575.5332031250
274.714447      1494.7365722656
275.089935      1546.3565673828
275.465393      1449.8496093750
275.840820      1505.9583740234
276.216278      1494.7365722656
276.591644      1438.6278076172
276.966949      1494.7365722656
277.342285      1485.7591552734
277.717590      1508.2026367188
278.092834      1584.5106201172
278.468048      1479.0261230469
278.843262      1530.6462402344
279.218445      1505.9583740234
279.593567      1503.7139892578
279.968658      1479.0261230469
280.343781      1523.9130859375
280.718811      1503.7139892578
281.093842      1541.8679199219
281.468811      1528.4018554688
281.843781      1465.5600585938
282.218719      1465.5600585938
282.593628      1584.5106201172
282.968506      1548.6009521484
283.343353      1573.2888183594
283.718170      1501.4696044922
284.092896      1490.2479248047
284.467682      1461.0714111328
284.842407      1488.0035400391
285.217102      1492.4921875000
285.591766      1501.4696044922
285.966400      1532.8905029297
286.340973      1573.2888183594
286.715576      1571.0444335938
287.090118      1548.6009521484
287.464630      1541.8679199219
287.839081      1517.1800537109
288.213562      1503.7139892578
288.587982      1474.5374755859
288.962372      1519.4244384766
289.336731      1505.9583740234
289.711060      1562.0670166016
290.085327      1539.6235351563
290.459625      1519.4244384766
290.833862      1535.1348876953
291.208069      1467.8044433594
291.582275      1584.5106201172
291.956421      1490.2479248047
292.330505      1539.6235351563
292.704620      1528.4018554688
293.078705      1517.1800537109
293.452698      1588.9992675781
293.826691      1562.0670166016
294.200684      1568.8001708984
294.574615      1539.6235351563
294.948517      1496.9809570313
295.322388      1544.1123046875
295.696259      1577.7774658203
296.070068      1519.4244384766
296.443848      1559.8227539063
296.817596      1505.9583740234
297.191345      1582.2662353516
297.565063      1519.4244384766
297.938690      1548.6009521484
298.312317      1580.0218505859
298.685913      1544.1123046875
299.059540      1488.0035400391
299.433044      1541.8679199219
299.806549      1582.2662353516
300.180054      1557.5783691406
300.553528      1532.8905029297
300.926910      1562.0670166016
301.300323      1597.9766845703
301.673676      1571.0444335938
302.046997      1622.6645507813
302.420319      1588.9992675781
302.793579      1692.2393798828
303.166809      1636.1306152344
303.540039      1687.7506103516
303.913208      1647.3522949219
304.286377      1672.0401611328
304.659454      1707.9498291016
305.032593      1770.7915039063
305.405609      1764.0584716797
305.778656      1728.1489257813
306.151611      1847.0993652344
306.524597      1831.3890380859
306.897522      1858.3211669922
307.270416      1914.4299316406
307.643280      1927.8959960938
308.016144      2006.4482421875
308.388916      2044.6021728516
308.761749      2031.1361083984
309.134460      2040.1134033203
309.507202      2031.1361083984
309.879913      2118.6657714844
310.252563      2150.0866699219
310.625153      2275.7700195313
310.997742      2316.1684570313
311.370361      2410.4311523438
311.742859      2509.1823730469
312.115356      2480.0058593750
312.487823      2444.0964355469
312.860291      2430.6301269531
313.232697      2596.7121582031
313.605042      2556.3137207031
313.977386      2652.8208007813
314.349731      2612.4226074219
314.721985      2677.5085449219
315.094269      2875.0114746094
315.466492      2809.9252929688
315.838684      2879.5000000000
316.210846      2906.4323730469
316.582977      3000.6948242188
316.955048      3115.1567382813
317.327148      3521.3840332031
317.699158      3442.8317871094
318.071167      3575.2482910156
318.443176      3319.3925781250
318.815125      3317.1481933594
319.187012      3382.2343750000
319.558868      3483.2299804688
319.930756      3651.5561523438
320.302582      3714.3979492188
320.674347      3673.9997558594
321.046112      3732.3527832031
321.417847      3658.2893066406
321.789581      3700.9318847656
322.161224      3660.5336914063
322.532867      3736.8415527344
322.904419      3581.9814453125
323.276031      3705.4206542969
323.647583      3902.9233398438
324.019073      4048.8061523438
324.390533      4324.8608398438
324.762024      4405.6577148438
325.133423      4459.5219726563
325.504791      4650.2915039063
325.876129      5029.5864257813
326.247467      5177.7138671875
326.618774      5325.8408203125
326.990021      5251.7773437500
327.361237      5379.7050781250
327.732452      5381.9497070313
328.103607      5209.1347656250
328.474731      5355.0170898438
328.845825      5530.0766601563
329.216919      5833.0634765625
329.587952      6005.8784179688
329.958954      6198.8925781250
330.329926      6037.2993164063
330.700867      5824.0864257813
331.071808      5911.6157226563
331.442688      5637.8051757813
331.813507      5846.5297851563
332.184357      5875.7065429688
332.555115      6106.8745117188
332.925873      5886.9282226563
333.296570      6008.1230468750
333.667267      6017.1000976563
334.037994      6057.4985351563
334.408600      6028.3222656250
334.779144      6167.4716796875
335.149750      6257.2456054688
335.520294      5972.2133789063
335.890778      5866.7290039063
336.261230      5664.7373046875
336.631683      5761.2446289063
337.002106      5637.8051757813
337.372498      5830.8193359375
337.742798      5943.0366210938
338.113129      6068.7202148438
338.483429      6160.7387695313
338.853668      6398.6396484375
339.223907      6445.7709960938
339.594086      6681.4277343750
339.964233      6759.9799804688
340.334381      6948.5053710938
340.704437      6827.3105468750
341.074493      6573.6987304688
341.444519      6771.2016601563
341.814545      6825.0659179688
342.184509      7056.2338867188
342.554413      6878.9306640625
342.924347      7029.3017578125
343.294220      6856.4868164063
343.664032      6730.8032226563
344.033813      6439.0380859375
344.403595      6241.5351562500
344.773346      6409.8613281250
345.143036      6800.3784179688
345.512695      6984.4150390625
345.882385      7150.4965820313
346.251984      7038.2792968750
346.621552      7179.6733398438
346.991089      7413.0854492188
347.360626      7195.3837890625
347.730103      7222.3159179688
348.099548      7121.3203125000
348.468964      7123.5644531250
348.838379      7224.5600585938
349.207764      7312.0898437500
349.577057      7269.4472656250
349.946320      7637.5205078125
350.315582      7944.9960937500
350.684845      8171.6757812500
351.054047      7940.5078125000
351.423157      7920.3085937500
351.792328      8032.5258789063
352.161438      7765.4482421875
352.530487      7722.8056640625
352.899506      7783.4033203125
353.268524      8245.7392578125
353.637512      8604.8349609375
354.006409      8851.7138671875
354.375336      8925.7773437500
354.744232      8903.3330078125
355.113068      9121.0351562500
355.481873      8658.6992187500
355.850616      8521.7939453125
356.219391      8281.6484375000
356.588135      7940.5078125000
356.956818      7309.8457031250
357.325470      7260.4697265625
357.694031      7166.2070312500
358.062653      6977.6816406250
358.431213      6804.8666992188
358.799713      6935.0390625000
359.168182      7556.7241210938
359.536652      8414.0654296875
359.905090      8786.6269531250
360.273438      8726.0302734375
360.641785      8310.8251953125
361.010132      8247.9833984375
361.378448      8353.4677734375
361.746704      8138.0102539063
362.114899      8528.5273437500
362.483124      8869.6679687500
362.851288      9311.8046875000
363.219421      9367.9140625000
363.587463      9563.1718750000
363.955566      9612.5478515625
364.323608      9812.2949218750
364.691589      9778.6298828125
365.059540     10005.3085937500
365.427490     10447.4453125000
365.795410     11143.1943359375
366.163269     11497.8007812500
366.531067     11414.7597656250
366.898895     11342.9414062500
367.266693     11322.7421875000
367.634430     11300.2988281250
368.002106     10925.4921875000
368.369812     10896.3154296875
368.737457     10754.9218750000
369.105042     11239.7011718750
369.472595     11412.5156250000
369.840149     11886.0732421875
370.207672     11558.3984375000
370.575134     11118.5058593750
370.942566     11024.2431640625
371.309998     11255.4111328125
371.677399     11347.4296875000
372.044708     10725.7451171875
372.411987     10418.2695312500
372.779297     10265.6533203125
373.146576     10301.5634765625
373.513794      9592.3486328125
373.880951      9670.9013671875
374.248077      9594.5927734375
374.615204      9632.7470703125
374.982300      9740.4755859375
375.349365     10279.1191406250
375.716339     10878.3603515625
376.083374     11087.0849609375
376.450317     11239.7011718750
376.817230     11356.4072265625
377.184082     11888.3183593750
377.550964     12759.1250000000
377.917786     13510.9824218750
378.284576     13392.0322265625
378.651306     12979.0712890625
379.018036     12510.0029296875
379.384735     11951.1601562500
379.751373     11684.0820312500
380.117981     11818.7431640625
380.484589     12272.1015625000
380.851166     12525.7128906250
381.217651     11969.1142578125
381.584137     11248.6787109375
381.950623     10525.9980468750
382.317017      9769.6523437500
382.683411      9055.9492187500
383.049774      8730.5185546875
383.416107      8539.7490234375
383.782410      8921.2880859375
384.148651      9675.3896484375
384.514832     10508.0429687500
384.881042     11333.9638671875
385.247223     11531.4667968750
385.613342     11120.7509765625
385.979401     11181.3476562500
386.345459     11342.9414062500
386.711517     11556.1542968750
387.077484     11223.9902343750
387.443420     11374.3623046875
387.809357     11661.6386718750
388.175262     11684.0820312500
388.541107     11473.1132812500
388.906891     12002.7792968750
389.272705     12920.7187500000
389.638489     13317.9687500000
390.004211     13930.6757812500
390.369873     14168.5771484375
390.735535     14296.5048828125
391.101196     15012.4521484375
391.466766     14987.7646484375
391.832336     14758.8408203125
392.197815     13497.5166015625
392.563324     12144.1738281250
392.928802     10364.4052734375
393.294189      8986.3740234375
393.659607      8858.4462890625
394.024963      9904.3134765625
394.390289     11639.1953125000
394.755554     13089.0449218750
395.120789     13941.8974609375
395.486023     14599.4921875000
395.851227     14303.2373046875
396.216370     13026.2031250000
396.581482     11087.0849609375
396.946564     10416.0244140625
397.311646     11217.2578125000
397.676636     13120.4658203125
398.041626     15387.2587890625
398.406586     17171.5156250000
398.771515     18740.3164062500
399.136383     19676.2089843750
399.501221     20024.0839843750
399.866058     20457.2441406250
400.230865     20883.6699218750
400.595581     21148.5019531250
400.960297     21747.7441406250
401.324982     21799.3632812500
401.689636     22149.4824218750
402.054230     22719.5468750000
402.418793     23181.8828125000
402.783356     22831.7656250000
403.147919     22744.2343750000
403.512360     22636.5058593750
403.876770     22836.2539062500
404.241211     22717.3027343750
404.605621     22526.5332031250
404.969910     22439.0039062500
405.334229     23123.5292968750
405.698517     22952.9589843750
406.062775     22387.3828125000
406.426971     22223.5468750000
406.791107     22757.7011718750
407.155273     23027.0234375000
407.519379     23552.2011718750
407.883484     23657.6855468750
408.247498     24019.0253906250
408.611481     25020.0058593750
408.975464     25213.0195312500
409.339417     25109.7792968750
409.703308     24627.2441406250
410.067169     23451.2050781250
410.431030     23821.5234375000
410.794800     24281.6152343750
411.158569     25776.3515625000
411.522278     26130.9589843750
411.885986     26312.7500000000
412.249664     27232.9335937500
412.613312     26860.3710937500
412.976868     26745.9101562500
413.340454     26665.1132812500
413.703979     26992.7890625000
414.067474     27163.3593750000
414.430908     26918.7246093750
414.794342     26750.3984375000
415.157745     27060.1191406250
415.521088     27149.8925781250
415.884369     27156.6250000000
416.247711     27944.3925781250
416.610931     27354.1289062500
416.974152     27486.5449218750
417.337341     27199.2675781250
417.700500     26499.0312500000
418.063629     26611.2480468750
418.426697     26739.1777343750
418.789703     26438.4335937500
419.152740     27156.6250000000
419.515717     26689.8007812500
419.878662     27185.8027343750
420.241577     26721.2226562500
420.604431     26990.5449218750
420.967285     27767.0878906250
421.330109     27930.9257812500
421.692841     27544.8984375000
422.055603     27423.7031250000
422.418335     26683.0683593750
422.780975     26427.2128906250
423.143585     26157.8906250000
423.506226     26261.1308593750
423.868774     26817.7285156250
424.231293     27569.5859375000
424.593811     27138.6718750000
424.956238     26667.3574218750
425.318665     26927.7031250000
425.681091     26757.1308593750
426.043427     26983.8105468750
426.405731     26674.0898437500
426.768036     26550.6523437500
427.130310     25884.0800781250
427.492493     25726.9746093750
427.854675     26267.8632812500
428.216858     25886.3242187500
428.578979     25610.2695312500
428.941040     25322.9921875000
429.303040     24268.1484375000
429.665070     22995.6015625000
430.027069     21489.6445312500
430.389008     21164.2128906250
430.750885     20699.6328125000
431.112762     21583.9062500000
431.474640     23751.9472656250
431.836395     25917.7441406250
432.198181     26575.3398437500
432.559937     27188.0468750000
432.921600     26999.5214843750
433.283264     27881.5507812500
433.644867     27289.0429687500
434.006500     26142.1796875000
434.368073     26577.5839843750
434.729553     26853.6386718750
435.091034     27969.0800781250
435.452515     28018.4550781250
435.813934     28812.9550781250
436.175293     29719.6718750000
436.536621     30186.4980468750
436.897949     29903.7089843750
437.259277     29347.1113281250
437.620483     29315.6894531250
437.981659     28200.2480468750
438.342865     26864.8613281250
438.704010     27113.9824218750
439.065125     27592.0292968750
439.426178     28397.7500000000
439.787201     28810.7109375000
440.148224     28871.3085937500
440.509186     29145.1191406250
440.870087     29791.4921875000
441.230988     30440.1093750000
441.591858     30904.6894531250
441.952667     30678.0097656250
442.313416     30931.6210937500
442.674194     31773.2519531250
443.034912     31259.2968750000
443.395630     30909.1777343750
443.756226     31771.0078125000
444.116852     31804.6738281250
444.477417     31454.5546875000
444.837982     31634.1035156250
445.198456     31681.2343750000
445.558960     31176.2558593750
445.919403     30116.9218750000
446.279816     31043.8378906250
446.640106     31007.9296875000
447.000458     31526.3730468750
447.360779     32657.5253906250
447.721039     32547.5527343750
448.081207     32760.7656250000
448.441406     32320.8730468750
448.801575     33647.2851562500
449.161713     33032.3320312500
449.521759     33034.5781250000
449.881805     33274.7226562500
450.241852     33795.4101562500
450.601837     34172.4609375000
450.961792     34556.2460937500
451.321655     34495.6484375000
451.681549     33606.8867187500
452.041382     33173.7265625000
452.401184     33465.4921875000
452.760895     31696.9433593750
453.120636     31360.2910156250
453.480347     31595.9492187500
453.840027     31820.3828125000
454.199585     31849.5605468750
454.559174     31930.3574218750
454.918762     32013.3984375000
455.278290     32213.1445312500
455.637726     32662.0136718750
455.997162     32587.9511718750
456.356598     32884.2070312500
456.715973     32718.1230468750
457.075287     32837.0742187500
457.434570     32771.9882812500
457.793854     32421.8691406250
458.153107     32314.1406250000
458.512268     31714.8984375000
458.871429     32363.5156250000
459.230560     32711.3906250000
459.589661     32235.5878906250
459.948639     31773.2519531250
460.307678     31663.2792968750
460.666687     33039.0664062500
461.025635     33279.2109375000
461.384491     33214.1250000000
461.743378     33016.6210937500
462.102264     34295.9023437500
462.461060     33613.6171875000
462.819794     33290.4335937500
463.178497     33990.6679687500
463.537231     34013.1132812500
463.895905     33505.8906250000
464.254456     33261.2539062500
464.613068     32805.6523437500
464.971649     33016.6210937500
465.330170     33647.2851562500
465.688568     33703.3906250000
466.047028     34221.8359375000
466.405457     33656.2617187500
466.763855     33333.0742187500
467.122192     33869.4726562500
467.480438     35007.3593750000
467.838715     34486.6718750000
468.196960     35079.1796875000
468.555176     34773.9453125000
468.913269     35997.1171875000
469.271393     35335.0351562500
469.629486     35801.8593750000
469.987549     35577.4257812500
470.345520     35631.2890625000
470.703491     35952.2304687500
471.061462     36358.4570312500
471.419342     37319.0390625000
471.777191     38068.6523437500
472.135040     38580.3632812500
472.492828     39226.7343750000
472.850586     39107.7851562500
473.208282     39435.4609375000
473.565979     39951.6601562500
473.923615     40811.2460937500
474.281281     40353.3984375000
474.638794     41628.1914062500
474.996338     41998.5078125000
475.353851     42822.1835937500
475.711334     42160.1015625000
476.068726     42371.0703125000
476.426117     42485.5312500000
476.783478     43082.5273437500
477.140808     44186.7460937500
477.498077     44732.1250000000
477.855316     45290.9687500000
478.212555     45596.1992187500
478.569763     45513.1601562500
478.926819     46170.7539062500
479.283936     46550.0468750000
479.641022     47088.6914062500
479.998077     47705.8867187500
480.355011     48226.5781250000
480.711975     48112.1132812500
481.068939     48082.9375000000
481.425842     48938.0351562500
481.782623     49202.8671875000
482.139435     50057.9648437500
482.496216     49804.3554687500
482.852966     49754.9765625000
483.209717     50031.0351562500
483.566315     49763.9570312500
483.922943     49862.7070312500
484.279572     49974.9257812500
484.636139     49858.2187500000
484.992615     49611.3398437500
485.349121     48684.4218750000
485.705566     46563.5156250000
486.062012     44963.2929687500
486.418304     44808.4335937500
486.774689     45962.0273437500
487.130981     47142.5546875000
487.487274     48082.9375000000
487.843445     49032.2968750000
488.199615     49642.7617187500
488.555786     50024.3007812500
488.911957     49862.7070312500
489.267975     50585.3867187500
489.624023     51541.4804687500
489.980042     51929.7539062500
490.336029     52187.8515625000
490.691925     51671.6523437500
491.047821     51680.6289062500
491.403687     51404.5742187500
491.759521     51058.9453125000
492.115265     50881.6406250000
492.471008     51301.3359375000
492.826752     51366.4218750000
493.182434     51768.1601562500
493.538025     51828.7578125000
493.893646     51947.7070312500
494.249207     52623.2578125000
494.604736     52912.7773437500
494.960205     53269.6289062500
495.315674     52932.9765625000
495.671082     52515.5273437500
496.026489     53049.6835937500
496.381775     52582.8593750000
496.737091     53235.9648437500
497.092377     53507.5312500000
497.447632     53065.3945312500
497.802795     53045.1953125000
498.157959     52320.2695312500
498.513062     52257.4257812500
498.868195     52266.4062500000
499.223175     52773.6289062500
499.578217     52392.0898437500
499.933167     52625.5000000000
500.288116     52044.2148437500
500.643036     51487.6171875000
500.997833     51357.4453125000
501.352692     51189.1171875000
501.707489     50720.0468750000
502.062225     51117.2968750000
502.416901     51678.3867187500
502.771606     51640.2304687500
503.126221     52095.8359375000
503.480865     51433.7500000000
503.835358     50987.1250000000
504.189941     51090.3671875000
504.544434     51483.1289062500
504.898865     51936.4843750000
505.253265     52255.1835937500
505.607635     52717.5195312500
505.961975     53112.5234375000
506.316315     52717.5195312500
506.670532     52641.2109375000
507.024750     52335.9804687500
507.378967     52230.4960937500
507.733154     51949.9531250000
508.087189     51586.3671875000
508.441315     51606.5664062500
508.795349     52230.4960937500
509.149353     52511.0390625000
509.503265     52481.8632812500
509.857208     52497.5742187500
510.211121     52109.3007812500
510.565002     52367.4023437500
510.918762     52730.9843750000
511.272583     52668.1445312500
511.626312     52652.4335937500
511.980042     52663.6562500000
512.333618     52264.1601562500
512.687256     51810.8007812500
513.040894     51839.9804687500
513.394470     51763.6718750000
513.747925     51204.8281250000
514.101440     51106.0781250000
514.454895     51043.2343750000
514.808289     51014.0585937500
515.161621     51687.3632812500
515.514893     51330.5117187500
515.868225     51168.9179687500
516.221497     50170.1835937500
516.574707     48516.0976562500
516.927856     47459.0078125000
517.281006     46772.2382812500
517.634155     48257.9960937500
517.987183     48172.7109375000
518.340210     47815.8593750000
518.693237     48103.1367187500
519.046204     49101.8710937500
519.399048     49640.5156250000
519.751892     50547.2343750000
520.104736     50823.2890625000
520.457520     50619.0546875000
520.810364     50720.0468750000
521.163025     51346.2226562500
521.515686     51409.0625000000
521.868408     51687.3632812500
522.221008     51148.7187500000
522.573547     50973.6601562500
522.926086     50937.7500000000
523.278625     50856.9531250000
523.631042     51723.2734375000
523.983459     52064.4140625000
524.335815     51925.2656250000
524.688171     51925.2656250000
525.040527     51853.4453125000
525.392761     51770.4023437500
525.744934     51884.8671875000
526.097168     50847.9765625000
526.449341     49806.5976562500
526.801453     48670.9570312500
527.153503     48659.7343750000
527.505554     49939.0156250000
527.857544     50197.1132812500
528.209534     50740.2460937500
528.561462     51043.2343750000
528.913330     51855.6875000000
529.265198     51828.7578125000
529.617004     51516.7929687500
529.968750     51386.6210937500
530.320496     51631.2539062500
530.672180     52059.9257812500
531.023804     52185.6093750000
531.375488     51682.8750000000
531.727051     51624.5195312500
532.078613     50984.8828125000
532.430115     50349.7304687500
532.781555     49939.0156250000
533.132996     50033.2773437500
533.484375     50336.2656250000
533.835815     50497.8593750000
534.187073     50215.0703125000
534.538330     50277.9101562500
534.889587     50426.0390625000
535.240784     50771.6679687500
535.591919     51130.7656250000
535.942993     50937.7500000000
536.294128     50639.2500000000
536.645203     49732.5351562500
536.996155     49685.4023437500
537.347107     49373.4375000000
537.698120     49990.6367187500
538.049011     49725.8007812500
538.399841     49788.6445312500
538.750610     50253.2226562500
539.101440     49245.5117187500
539.452209     48749.5117187500
539.802856     49083.9179687500
540.153503     48269.2187500000
540.504150     47963.9882812500
540.854736     47306.3945312500
541.205261     48217.5976562500
541.555786     47934.8125000000
541.906250     48361.2382812500
542.256714     48513.8515625000
542.607056     48455.5000000000
542.957458     48408.3671875000
543.307739     48446.5234375000
543.658020     48718.0898437500
544.008240     49003.1210937500
544.358398     48870.7031250000
544.708618     48863.9726562500
545.058777     48810.1054687500
545.408813     48720.3320312500
545.758850     48628.3164062500
546.108887     48949.2578125000
546.458862     48632.8046875000
546.808716     48619.3359375000
547.158691     48208.6210937500
547.508545     48309.6171875000
547.858337     48038.0507812500
548.208069     47658.7578125000
548.557800     48197.3984375000
548.907532     48341.0390625000
549.257202     48107.6250000000
549.606812     47806.8828125000
549.956360     48280.4414062500
550.305908     47782.1953125000
550.655457     47993.1640625000
551.004883     47492.6757812500
551.354309     48188.4218750000
551.703674     47705.8867187500
552.053040     48060.4960937500
552.402405     47925.8320312500
552.751587     47328.8359375000
553.100830     47012.3828125000
553.450012     47317.6132812500
553.799255     47560.0039062500
554.148254     47526.3398437500
554.497375     47265.9960937500
554.846436     47407.3906250000
555.195435     47340.0585937500
555.544373     46992.1835937500
555.893250     47151.5351562500
556.242188     46419.8750000000
556.591003     46256.0390625000
556.939758     45676.9960937500
557.288574     46220.1289062500
557.637268     45553.5546875000
557.985962     45261.7929687500
558.334595     45167.5273437500
558.683228     44743.3476562500
559.031799     44451.5820312500
559.380310     44321.4101562500
559.728760     43769.3007812500
560.077209     44442.6054687500
560.425659     44471.7812500000
560.774048     44379.7617187500
561.122314     44970.0273437500
561.470581     44119.4179687500
561.818909     44220.4140625000
562.167114     44319.1640625000
562.515259     43975.7773437500
562.863342     44518.9101562500
563.211487     44258.5664062500
563.559570     43953.3359375000
563.907532     44074.5312500000
564.255554     43733.3906250000
564.603455     43809.6953125000
564.951355     43782.7656250000
565.299255     43419.1796875000
565.647095     42775.0507812500
565.994812     42438.3984375000
566.342590     42642.6367187500
566.690308     43122.9257812500
567.037903     42649.3671875000
567.385620     42950.1132812500
567.733154     41803.2500000000
568.080750     42288.0273437500
568.428162     41266.8476562500
568.775696     41625.9453125000
569.123108     40945.9062500000
569.470520     40759.6250000000
569.817810     41145.6562500000
570.165161     40791.0468750000
570.512451     39897.7968750000
570.859680     39810.2656250000
571.206787     39783.3359375000
571.554016     39848.4218750000
571.901062     39855.1523437500
572.248169     39668.8710937500
572.595154     40712.4960937500
572.942200     40263.6250000000
573.289124     40304.0234375000
573.636047     40185.0742187500
573.982849     40117.7421875000
574.329712     40115.5000000000
574.676514     39127.9843750000
575.023315     38982.1015625000
575.369995     38840.7070312500
575.716675     38418.7695312500
576.063293     38849.6835937500
576.409912     38728.4921875000
576.756409     38804.7968750000
577.102966     38389.5937500000
577.449402     38768.8906250000
577.795898     38472.6328125000
578.142273     38167.4023437500
578.488647     37792.5976562500
578.834961     37797.0859375000
579.181213     37637.7382812500
579.527405     37714.0429687500
579.873596     37824.0195312500
580.219788     38486.1015625000
580.565918     38162.9140625000
580.911926     37815.0390625000
581.258057     37859.9257812500
581.604065     37779.1289062500
581.949951     38144.9609375000
582.295898     38194.3359375000
582.641724     38064.1640625000
582.987610     38129.2500000000
583.333435     38266.1562500000
583.679199     38093.3398437500
584.024902     38082.1171875000
584.370544     37534.4960937500
584.716187     37541.2304687500
585.061829     37413.3007812500
585.407349     36751.2187500000
585.752869     36591.8710937500
586.098328     36028.5390625000
586.443787     36165.4453125000
586.789124     36484.1406250000
587.134521     36075.6679687500
587.479858     35941.0078125000
587.825134     35274.4375000000
588.170288     34493.4023437500
588.515564     33039.0664062500
588.860657     32098.6835937500
589.205872     30987.7304687500
589.550842     30704.9414062500
589.895935     30859.8027343750
590.240906     31822.6269531250
590.585876     32105.4160156250
590.930786     32183.9687500000
591.275635     32127.8593750000
591.620483     32415.1367187500
591.965271     32022.3750000000
592.310059     32491.4433593750
592.654724     32442.0683593750
592.999451     32760.7656250000
593.344055     32394.9375000000
593.688660     32448.8007812500
594.033203     31997.6875000000
594.377686     31429.8671875000
594.722229     31423.1328125000
595.066528     31362.5371093750
595.411011     31851.8046875000
595.755371     31723.8769531250
596.099670     31771.0078125000
596.443848     31970.7558593750
596.788147     31788.9628906250
597.132324     31450.0664062500
597.476501     31479.2421875000
597.820618     31685.7226562500
598.164612     31346.8261718750
598.508667     31319.8945312500
598.852661     31643.0800781250
599.196655     31586.9707031250
599.540466     31946.0664062500
599.884338     31436.5996093750
600.228210     31762.0312500000
600.571960     31551.0625000000
600.915710     31349.0703125000
601.259460     31342.3378906250
601.603088     31317.6484375000
601.946716     31090.9707031250
602.290283     31216.6542968750
602.633850     31077.5039062500
602.977295     31344.5820312500
603.320801     31438.8437500000
603.664124     31795.6953125000
604.007568     31319.8945312500
604.350952     31795.6953125000
604.694214     31521.8847656250
605.037415     31589.2148437500
605.380676     31604.9257812500
605.723816     31268.2734375000
606.066956     31158.3007812500
606.410034     31187.4765625000
606.753052     30956.3085937500
607.096130     30785.7382812500
607.439087     30695.9648437500
607.781921     30574.7695312500
608.124878     30610.6796875000
608.467712     30350.3339843750
608.810547     30258.3164062500
609.153259     30114.6777343750
609.495972     30094.4785156250
609.838684     30197.7187500000
610.181335     29813.9355468750
610.523865     30027.1484375000
610.866516     29903.7089843750
611.209045     29663.5644531250
611.551453     30067.5468750000
611.893921     30029.3925781250
612.236267     29508.7031250000
612.578674     29470.5507812500
612.920959     29145.1191406250
613.263306     28637.8964843750
613.605469     28543.6328125000
613.947632     28617.6972656250
614.289795     28483.0371093750
614.631958     28456.1035156250
614.973938     28453.8593750000
615.315979     28299.0000000000
615.657959     27785.0429687500
615.999939     27688.5371093750
616.341858     27228.4453125000
616.683716     27392.2832031250
617.025513     27217.2226562500
617.367310     27313.7304687500
617.708984     27495.5234375000
618.050720     27740.1562500000
618.392395     27473.0781250000
618.734070     27298.0195312500
619.075500     27026.4531250000
619.417114     27318.2187500000
619.758606     27244.1562500000
620.100098     27113.9824218750
620.441467     27378.8164062500
620.782776     27055.6308593750
621.124146     26662.8691406250
621.465393     26683.0683593750
621.806641     26582.0722656250
622.147888     26263.3750000000
622.489014     26310.5058593750
622.830139     26283.5742187500
623.171204     25816.7500000000
623.512207     25783.0839843750
623.853271     25792.0605468750
624.194214     25361.1464843750
624.535095     25287.0820312500
624.875916     24838.2128906250
625.216797     24804.5468750000
625.557617     24860.6562500000
625.898315     24566.6464843750
626.239075     24620.5117187500
626.579712     24616.0234375000
626.920349     24425.2519531250
627.260864     24162.6640625000
627.601440     23787.8574218750
627.941895     23493.8476562500
628.282410     23540.9785156250
628.622803     23202.0820312500
628.963135     23177.3945312500
629.303528     23610.5546875000
629.643799     23255.9472656250
629.984070     23015.8007812500
630.324219     22811.5664062500
630.664429     23036.0000000000
631.004517     23087.6210937500
631.344604     22883.3847656250
631.684631     22885.6289062500
632.024597     22795.8554687500
632.364624     22688.1269531250
632.704529     22946.2265625000
633.044373     22699.3476562500
633.384155     22759.9453125000
633.723999     22620.7968750000
634.063782     22804.8320312500
634.403442     22627.5292968750
634.743042     22708.3261718750
635.082764     22519.8007812500
635.422302     22515.3125000000
635.761841     22355.9628906250
636.101318     22228.0351562500
636.440796     22225.7910156250
636.780212     22477.1582031250
637.119507     22358.2070312500
637.458862     22259.4550781250
637.798157     22082.1523437500
638.137451     22097.8632812500
638.476563     22019.3105468750
638.815735     21981.1562500000
639.154907     21936.2695312500
639.494019     22019.3105468750
639.833008     21675.9257812500
640.171997     21678.1699218750
640.510925     21218.0781250000
640.849854     21422.3144531250
641.188660     21022.8203125000
641.527527     21168.7011718750
641.866333     20928.5566406250
642.205078     21029.5527343750
642.543762     20966.7109375000
642.882446     21316.8281250000
643.221008     20919.5800781250
643.559570     20957.7324218750
643.898071     20850.0039062500
644.236572     20825.3164062500
644.575073     20621.0800781250
644.913452     20401.1347656250
645.251831     20591.9042968750
645.590149     20136.3007812500
645.928406     19824.3359375000
646.266602     19774.9609375000
646.604858     19532.5722656250
646.942932     19465.2402343750
647.281128     19238.5625000000
647.619141     19245.2949218750
647.957214     18834.5781250000
648.295166     18971.4843750000
648.633057     18868.2441406250
648.970947     18545.0585937500
649.308838     18587.7011718750
649.646606     18322.8671875000
649.984436     18264.5136718750
650.322144     18919.8632812500
650.659851     18993.9277343750
650.997498     18848.0449218750
651.335022     18547.3027343750
651.672607     18437.3281250000
652.010132     18500.1699218750
652.347595     18545.0585937500
652.684998     18607.9003906250
653.022461     18722.3613281250
653.359802     18657.2753906250
653.697021     18668.4960937500
654.034302     18304.9121093750
654.371521     18596.6777343750
654.708740     18049.0566406250
655.045837     18098.4316406250
655.382935     17227.6250000000
655.719971     16866.2851562500
656.057007     16199.7128906250
656.393921     15993.2324218750
656.730835     15928.1464843750
657.067749     16163.8037109375
657.404602     16471.2792968750
657.741333     16848.3300781250
658.078064     17052.5664062500
658.414795     17209.6699218750
658.751465     17265.7792968750
659.088074     17126.6289062500
659.424683     17463.2812500000
659.761230     17324.1308593750
660.097717     17285.9785156250
660.434143     17508.1679687500
660.770569     17454.3046875000
661.106934     17160.2949218750
661.443298     17478.9921875000
661.779541     17245.5800781250
662.115784     17510.4121093750
662.451965     17014.4121093750
662.788086     17048.0761718750
663.124268     16913.4160156250
663.460266     16834.8632812500
663.796265     16814.6640625000
664.132324     16585.7402343750
664.468201     16758.5566406250
664.804077     16684.4921875000
665.139954     16796.7089843750
665.475769     16789.9765625000
665.811523     16033.6308593750
666.147278     16356.8173828125
666.482971     15993.2324218750
666.818542     16015.6757812500
667.154236     16190.7353515625
667.489685     15815.9287109375
667.825195     16065.0517578125
668.160706     15894.4814453125
668.496094     15640.8701171875
668.831421     15679.0234375000
669.166809     15685.7568359375
669.502136     15557.8291015625
669.837402     15373.7919921875
670.172546     15286.2626953125
670.507751     15075.2939453125
670.842834     15158.3349609375
671.177917     15095.4931640625
671.512878     14756.5966796875
671.847961     14736.3974609375
672.182861     14428.9208984375
672.517761     14646.6230468750
672.852600     14511.9619140625
673.187439     14731.9082031250
673.522217     14487.2744140625
673.856934     14606.2246093750
674.191650     14251.6181640625
674.526306     14547.8720703125
674.860901     14285.2832031250
675.195435     14431.1660156250
675.529968     14372.8125000000
675.864441     14269.5722656250
676.198853     14332.4140625000
676.533264     14274.0615234375
676.867554     13935.1640625000
677.201843     14139.4003906250
677.536133     14164.0878906250
677.870361     14150.6220703125
678.204529     13872.3222656250
678.538635     14354.8574218750
678.872742     14159.5996093750
679.206787     13917.2099609375
679.540710     13827.4355468750
679.874695     13903.7431640625
680.208618     13939.6533203125
680.542480     13414.4755859375
680.876282     13834.1689453125
681.210083     13582.8017578125
681.543823     13645.6435546875
681.877502     13652.3759765625
682.211121     13663.5986328125
682.544739     13618.7109375000
682.878357     13313.4794921875
683.211853     13392.0322265625
683.545227     13284.3027343750
683.878723     13127.1982421875
684.212097     13190.0400390625
684.545471     13333.6787109375
684.878723     13452.6289062500
685.212036     13169.8417968750
685.545227     13138.4208984375
685.878418     12790.5458984375
686.211487     12572.8447265625
686.544556     11843.4306640625
686.877625     11120.7509765625
687.210632     10375.6269531250
687.543518     10178.1240234375
687.876465     10431.7353515625
688.209290     10449.6904296875
688.542114     10689.8349609375
688.874878     10698.8125000000
689.207642     10739.2109375000
689.540344     10750.4326171875
689.872986     10635.9707031250
690.205566     10763.8994140625
690.538147     10880.6054687500
690.870667     10912.0263671875
691.203125     10961.4013671875
691.535461     11167.8818359375
691.867920     11024.2431640625
692.200256     11223.9902343750
692.532593     10992.8222656250
692.864807     11017.5107421875
693.196960     10790.8310546875
693.529114     10754.9218750000
693.861267     10754.9218750000
694.193420     10622.5048828125
694.525391     10635.9707031250
694.857361     10463.1562500000
695.189270     10577.6181640625
695.521240     10492.3330078125
695.853027     10716.7675781250
696.184814     10786.3427734375
696.516663     11046.6865234375
696.848389     11010.7773437500
697.179993     11140.9492187500
697.511658     11206.0361328125
697.843262     11100.5517578125
698.174805     10842.4511718750
698.506287     10662.9033203125
698.837708     10600.0615234375
699.169189     10618.0166015625
699.500549     10395.8261718750
699.831787     10359.9160156250
700.163147     10456.4228515625
700.494385     10416.0244140625
700.825562     10357.6718750000
701.156677     10245.4541015625
701.487793     10144.4589843750
701.818848     10063.6621093750
702.149902     10014.2861328125
702.480774     10281.3642578125
702.811768     10079.3720703125
703.142639     10240.9658203125
703.473511     10214.0332031250
703.804199     10487.8437500000
704.135010     10166.9023437500
704.465759     10238.7216796875
704.796387     10447.4453125000
705.126953     10315.0292968750
705.457520     10198.3232421875
705.788086     10056.9287109375
706.118591     10200.5673828125
706.448975     10088.3496093750
706.779419     10332.9843750000
707.109741     10418.2695312500
707.440063     10380.1152343750
707.770325     10267.8974609375
708.100525     10175.8798828125
708.430725     10072.6396484375
708.760864     10281.3642578125
709.090942      9996.3310546875
709.420959     10108.5488281250
709.750916     10180.3681640625
710.080933      9852.6933593750
710.410828     10148.9472656250
710.740662     10090.5937500000
711.070496     10119.7705078125
711.400269     10160.1689453125
711.729980     10126.5039062500
712.059631     10164.6572265625
712.389282     10054.6845703125
712.718872     10081.6171875000
713.048462      9955.9335937500
713.377930      9913.2910156250
713.707397      9729.2539062500
714.036865      9760.6748046875
714.366211      9729.2539062500
714.695435      9679.8779296875
715.024780      9529.5068359375
715.354004      9459.9316406250
715.683228      9192.8544921875
716.012329      9154.7001953125
716.341431      8993.1074218750
716.670532      8445.4863281250
716.999573      8131.2773437500
717.328430      7727.2944335938
717.657349      7426.5517578125
717.986267      7199.8725585938
718.315125      6825.0659179688
718.643860      6753.2470703125
718.972656      6638.7851562500
719.301331      6504.1240234375
719.630005      6275.2006835938
719.958557      6441.2822265625
720.287170      6465.9702148438
720.615662      6780.1791992188
720.944214      6914.8398437500
721.272583      7215.5830078125
721.600952      7536.5249023438
721.929321      7668.9414062500
722.257629      7882.1542968750
722.585876      7821.5571289063
722.914063      7671.1855468750
723.242188      7410.8413085938
723.570313      7139.2749023438
723.898376      7130.2973632813
724.226440      6982.1704101563
724.554382      6874.4418945313
724.882324      6901.3740234375
725.210266      6820.5771484375
725.538025      6782.4233398438
725.865784      6719.5815429688
726.193604      6825.0659179688
726.521301      6798.1337890625
726.848938      6816.0888671875
727.176514      6672.4501953125
727.504150      6658.9843750000
727.831726      6643.2739257813
728.159119      6784.6679687500
728.486572      6694.8935546875
728.813965      6813.8442382813
729.141357      6692.6494140625
729.468567      6632.0522460938
729.795837      6701.6269531250
730.123108      6681.4277343750
730.450317      6654.4956054688
730.777344      6616.3417968750
731.104431      6605.1196289063
731.431519      6764.4687500000
731.758484      6840.7763671875
732.085388      6910.3510742188
732.412292      7128.0532226563
732.739136      7220.0712890625
733.065979      7462.4614257813
733.392639      7451.2392578125
733.719421      7446.7509765625
734.046082      7700.3623046875
734.372681      7866.4438476563
734.699219      7664.4526367188
735.025757      7821.5571289063
735.352234      7585.9003906250
735.678711      7662.2084960938
736.005127      7599.3666992188
736.331482      7707.0952148438
736.657715      7574.6787109375
736.984009      7491.6376953125
737.310181      7590.3891601563
737.636353      7554.4794921875
737.962524      7617.3212890625
738.288574      7740.7607421875
738.614624      7547.7465820313
738.940613      7610.5883789063
739.266541      7637.5205078125
739.592407      7442.2622070313
739.918274      7480.4160156250
740.244080      7808.0908203125
740.569824      7720.5615234375
740.895569      7648.7421875000
741.221191      7567.9458007813
741.546753      7716.0727539063
741.872375      7754.2265625000
742.197937      7720.5615234375
742.523376      7713.8281250000
742.848816      7747.4936523438
743.174194      7823.8012695313
743.499573      7659.9638671875
743.824890      7644.2534179688
744.150085      7603.8554687500
744.475342      7576.9228515625
744.800476      7743.0048828125
745.125610      7621.8100585938
745.450623      7633.0317382813
745.775696      7574.6787109375
746.100708      7583.6562500000
746.425598      7671.1855468750
746.750427      7536.5249023438
747.075256      7554.4794921875
747.400085      7556.7241210938
747.724915      7520.8144531250
748.049561      7377.1757812500
748.374207      7446.7509765625
748.698853      7413.0854492188
749.023438      7442.2622070313
749.347900      7318.8227539063
749.672363      7269.4472656250
749.996765      7413.0854492188
750.321167      7392.8862304688
750.645508      7374.9316406250
750.969788      7213.3383789063
751.294067      7139.2749023438
751.618286      7341.2666015625
751.942383      7184.1621093750
752.266479      7229.0488281250
752.590576      7199.8725585938
752.914551      7159.4741210938
753.238525      7119.0756835938
753.562439      7080.9218750000
753.886292      7004.6137695313
754.210144      7143.7636718750
754.533936      7053.9897460938
754.857666      7094.3881835938
755.181335      6912.5957031250
755.505005      7056.2338867188
755.828613      6961.9711914063
756.152100      6881.1748046875
756.475586      7053.9897460938
756.799133      6838.5322265625
757.122498      6798.1337890625
757.445862      6658.9843750000
757.769165      6768.9575195313
758.092468      6623.0747070313
758.415710      6661.2285156250
758.738831      6533.3007812500
759.061951      6091.1640625000
759.385071      5763.4887695313
759.708130      5092.4282226563
760.031067      4302.4174804688
760.354004      3673.9997558594
760.676941      3220.6411132813
760.999817      3173.5097656250
761.322632      3099.4462890625
761.645386      3305.9265136719
761.968079      3460.7866210938
762.290771      3503.4291992188
762.613342      3350.8134765625
762.935974      3377.7456054688
763.258484      3278.9941406250
763.580994      3348.5690917969
763.903381      3350.8134765625
764.225830      3359.7907714844
764.548157      3465.2751464844
764.870422      3723.3754882813
765.192688      3909.6564941406
765.514832      4109.4033203125
765.837036      4277.7294921875
766.159119      4432.5898437500
766.481140      4529.0966796875
766.803223      4587.4497070313
767.125183      5002.6542968750
767.447144      5038.5639648438
767.768982      5254.0214843750
768.090820      5399.9042968750
768.412659      5357.2617187500
768.734314      5579.4521484375
769.056091      5422.3476562500
769.377686      5541.2983398438
769.699280      5572.7192382813
770.020813      5666.9819335938
770.342346      5772.4663085938
770.663757      5684.9365234375
770.985229      5651.2714843750
771.306580      5637.8051757813
771.627869      5756.7558593750
771.949158      5691.6694335938
772.270386      5507.6328125000
772.591553      5644.5385742188
772.912659      5752.2670898438
773.233765      5680.4477539063
773.554810      5682.6923828125
773.875793      5660.2490234375
774.196716      5687.1811523438
774.517578      5592.9184570313
774.838440      5718.6020507813
775.159302      5646.7827148438
775.480042      5687.1811523438
775.800659      5606.3842773438
776.121399      5530.0766601563
776.441956      5417.8588867188
776.762573      5673.7148437500
777.083008      5732.0678710938
777.403503      5595.1625976563
777.723999      5516.6103515625
778.044373      5707.3798828125
778.364624      5588.4296875000
778.684937      5579.4521484375
779.005188      5536.8095703125
779.325378      5673.7148437500
779.645447      5536.8095703125
779.965637      5509.8774414063
780.285706      5579.4521484375
780.605652      5415.6147460938
780.925598      5521.0991210938
781.245483      5723.0903320313
781.565369      5505.3886718750
781.885193      5494.1669921875
782.204895      5505.3886718750
782.524658      5606.3842773438
782.844299      5507.6328125000
783.163940      5460.5014648438
783.483582      5426.8364257813
783.803040      5485.1894531250
784.122559      5494.1669921875
784.442017      5372.9721679688
784.761414      5415.6147460938
785.080688      5314.6191406250
785.400024      5381.9497070313
785.719238      5451.5244140625
786.038452      5316.8632812500
786.357544      5355.0170898438
786.676697      5153.0258789063
786.995789      5276.4648437500
787.314758      5186.6909179688
787.633728      5215.8676757813
787.952637      5150.7817382813
788.271484      5126.0937500000
788.590271      5000.4101562500
788.908997      5067.7407226563
789.227783      5036.3198242188
789.546448      5009.3876953125
789.865112      4953.2788085938
790.183655      4793.9301757813
790.502197      4827.5952148438
790.820679      4850.0385742188
791.139099      4995.9213867188
791.457520      4944.3012695313
791.775879      4933.0795898438
792.094116      4726.5996093750
792.412415      4859.0161132813
792.730530      4820.8623046875
793.048767      4782.7080078125
793.366821      4793.9301757813
793.684937      4968.9892578125
794.002869      4867.9936523438
794.320862      4807.3959960938
794.638733      4827.5952148438
794.956665      4805.1518554688
795.274414      4769.2421875000
795.592224      4661.5131835938
795.909912      4784.9526367188
796.227661      4616.6264648438
796.545227      4612.1376953125
796.862854      4538.0742187500
797.180359      4598.6713867188
797.497864      4618.8706054688
797.815308      4681.7124023438
798.132629      4585.2055664063
798.450012      4594.1831054688
798.767273      4717.6220703125
799.084595      4535.8295898438
799.401733      4603.1601562500
799.718933      4455.0332031250
800.036011      4569.4951171875
800.353027      4398.9243164063
800.670044      4470.7436523438
800.987000      4414.6347656250
801.303894      4385.4584960938
801.620850      4389.9472656250
801.937561      4412.3906250000
802.254333      4376.4809570313
802.571106      4264.2636718750
802.887817      4293.4399414063
803.204346      4331.5942382813
803.520935      4318.1279296875
803.837463      4244.0644531250
804.153992      4244.0644531250
804.470337      4270.9965820313
804.786743      4347.3046875000
805.103027      4176.7338867188
805.419434      4250.7973632813
805.735535      4248.5532226563
806.051758      4253.0419921875
806.367920      4217.1323242188
806.684021      4253.0419921875
807.000000      4286.7070312500
807.316040      4248.5532226563
807.632019      4253.0419921875
807.947876      4255.2861328125
808.263672      4161.0234375000
808.579529      4129.6025390625
808.895325      4199.1772460938
809.211060      4165.5122070313
809.526611      4122.8696289063
809.842224      4026.3625488281
810.157837      4015.1408691406
810.473389      3925.3669433594
810.788757      3882.7241210938
811.104187      3945.5659179688
811.419617      3925.3669433594
811.734924      3916.3894042969
812.050171      3792.9501953125
812.365417      3779.4841308594
812.680542      3665.0222167969
812.995728      3662.7780761719
813.310852      3525.8725585938
813.625854      3406.9221191406
813.940796      3418.1437988281
814.255798      3323.8813476563
814.570679      3270.0168457031
814.885498      3211.6638183594
815.200256      3220.6411132813
815.515015      3184.7316894531
815.829651      3124.1340332031
816.144287      3103.9350585938
816.458923      3108.4235839844
816.773438      2953.5637207031
817.087952      2971.5183105469
817.402344      3038.8488769531
817.716797      2987.2287597656
818.031189      2980.4958496094
818.345520      3065.7810058594
818.659668      2931.1201171875
818.973877      2969.2739257813
819.288086      3083.7358398438
819.602173      2973.7626953125
819.916199      2962.5410156250
820.230225      3153.3107910156
820.544189      3243.0847167969
820.858154      3240.8403320313
821.171997      3249.8176269531
821.485779      3359.7907714844
821.799561      3231.8627929688
822.113281      3184.7316894531
822.426880      3085.9802246094
822.740540      2888.4775390625
823.054138      2830.1245117188
823.367676      2789.7260742188
823.681152      2794.2148437500
823.994568      2881.7443847656
824.307922      2973.7626953125
824.621277      2971.5183105469
824.934509      3101.6906738281
825.247742      3077.0029296875
825.560913      3130.8671875000
825.874146      3207.1750488281
826.187134      3059.0480957031
826.500183      3169.0212402344
826.813171      3169.0212402344
827.126160      3220.6411132813
827.439026      3032.1157226563
827.751831      2982.7402343750
828.064636      3007.4279785156
828.377380      3016.4052734375
828.690063      2989.4731445313
829.002686      2978.2514648438
829.315308      2980.4958496094
829.627869      3020.8940429688
829.940308      2926.6313476563
830.252808      2848.0791015625
830.565125      2926.6313476563
830.877563      2962.5410156250
831.189880      3023.1384277344
831.502075      3020.8940429688
831.814270      2861.5451660156
832.126465      2942.3417968750
832.438599      2913.1652832031
832.750549      2832.3686523438
833.062622      2892.9660644531
833.374512      2976.0070800781
833.686462      2953.5637207031
833.998291      2940.0974121094
834.310120      2971.5183105469
834.621887      2967.0297851563
834.933594      3065.7810058594
835.245239      2989.4731445313
835.556885      2958.0522460938
835.868408      2987.2287597656
836.179932      3074.7585449219
836.491333      2933.3645019531
836.802795      2993.9619140625
837.114197      2924.3869628906
837.425537      3000.6948242188
837.736694      2991.7175292969
838.047913      2998.4506835938
838.359131      3085.9802246094
838.670227      3009.6723632813
838.981262      2951.3193359375
839.292358      2967.0297851563
839.603333      3027.6271972656
839.914246      3043.3376464844
840.225037      3016.4052734375
840.535889      2982.7402343750
840.846680      3011.9167480469
841.157410      3068.0253906250
841.468079      2908.6765136719
841.778687      2971.5183105469
842.089233      2973.7626953125
842.399780      3016.4052734375
842.710266      3027.6271972656
843.020691      3007.4279785156
843.331055      3061.2924804688
843.641418      2998.4506835938
843.951721      2991.7175292969
844.261841      2982.7402343750
844.572083      2969.2739257813
844.882202      2841.3461914063
845.192261      2926.6313476563
845.502258      2904.1879882813
845.812256      2904.1879882813
846.122192      2962.5410156250
846.432068      2958.0522460938
846.741882      2908.6765136719
847.051636      2859.3010253906
847.361389      2839.1018066406
847.671143      2899.6992187500
847.980713      2926.6313476563
848.290283      2843.5905761719
848.599792      2861.5451660156
848.909302      2917.6540527344
849.218689      2854.8122558594
849.528076      2785.2373046875
849.837463      2753.8164062500
850.146790      2643.8435058594
850.455933      2836.8574218750
850.765137      2657.3095703125
851.074280      2776.2600097656
851.383362      2789.7260742188
851.692383      2713.4182128906
852.001343      2650.5764160156
852.310303      2785.2373046875
852.619202      2818.9025878906
852.927979      2740.3503417969
853.236816      2731.3730468750
853.545532      2686.4860839844
853.854248      2686.4860839844
854.162842      2614.6667480469
854.471436      2430.6301269531
854.779968      2511.4267578125
855.088440      2471.0285644531
855.396851      2603.4450683594
855.705200      2666.2868652344
856.013611      2616.9111328125
856.321899      2616.9111328125
856.630127      2619.1555175781
856.938293      2585.4902343750
857.246399      2673.0200195313
857.554504      2596.7121582031
857.862549      2695.4633789063
858.170471      2655.0651855469
858.478394      2787.4816894531
858.786316      2614.6667480469
859.094177      2563.0468750000
859.401917      2661.7980957031
859.709656      2596.7121582031
860.017334      2657.3095703125
860.324951      2646.0876464844
860.632507      2612.4226074219
860.940063      2558.5581054688
861.247559      2581.0017089844
861.555054      2565.2912597656
861.862366      2625.8886718750
862.169739      2585.4902343750
862.476990      2511.4267578125
862.784241      2518.1599121094
863.091370      2659.5539550781
863.398499      2527.1372070313
863.705627      2531.6259765625
864.012634      2513.6711425781
864.319519      2529.3815917969
864.626526      2547.3364257813
864.933350      2446.3405761719
865.240234      2423.8972167969
865.546936      2502.4494628906
865.853699      2363.2998046875
866.160400      2419.4084472656
866.466980      2462.0510253906
866.773560      2383.4987792969
867.080078      2295.9692382813
867.386536      2401.4536132813
867.692993      2293.7248535156
867.999329      2379.0102539063
868.305664      2390.2319335938
868.611938      2432.8745117188
868.918152      2435.1188964844
869.224304      2383.4987792969
869.530457      2394.7207031250
869.836487      2374.5214843750
870.142517      2486.7390136719
870.448547      2340.8562011719
870.754395      2432.8745117188
871.060242      2437.3632812500
871.366089      2423.8972167969
871.671814      2383.4987792969
871.977539      2295.9692382813
872.283203      2365.5441894531
872.588806      2289.2363281250
872.894409      2408.1867675781
873.199890      2354.3222656250
873.505371      2338.6118164063
873.810730      2392.4763183594
874.116150      2311.6796875000
874.421387      2264.5483398438
874.726685      2365.5441894531
875.031860      2428.3859863281
875.337097      2367.7883300781
875.642090      2289.2363281250
875.947205      2340.8562011719
876.252197      2251.0822753906
876.557129      2275.7700195313
876.862000      2228.6389160156
877.166870      2322.9013671875
877.471680      2271.2814941406
877.776428      2221.9057617188
878.081116      2242.1049804688
878.385742      2255.5710449219
878.690369      2304.9467773438
878.994873      2224.1501464844
879.299316      2293.7248535156
879.603821      2174.7744140625
879.908203      2246.5935058594
880.212585      2271.2814941406
880.516846      2246.5935058594
880.821106      2212.9284667969
881.125244      2206.1953125000
881.429382      2228.6389160156
881.733459      2179.2631835938
882.037537      2221.9057617188
882.341492      2278.0144042969
882.645447      2138.8647460938
882.949280      2136.6203613281
883.253113      2203.9509277344
883.556885      2208.4396972656
883.860657      2203.9509277344
884.164307      2170.2856445313
884.467896      2161.3083496094
884.771484      2132.1318359375
885.075073      2174.7744140625
885.378540      2152.3308105469
885.681885      2147.8422851563
885.985291      2156.8195800781
886.288635      2203.9509277344
886.591858      2134.3762207031
886.895020      2159.0639648438
887.198242      2073.7788085938
887.501343      2138.8647460938
887.804443      2076.0229492188
888.107422      2069.2900390625
888.410400      2049.0908203125
888.713257      2177.0187988281
889.016174      2118.6657714844
889.318909      2120.9099121094
889.621643      2078.2673339844
889.924377      2096.2221679688
890.227051      2125.3986816406
890.529602      2123.1542968750
890.832153      2076.0229492188
891.134705      2031.1361083984
891.437134      2042.3577880859
891.739441      2096.2221679688
892.041870      2102.9553222656
892.344116      2067.0456542969
892.646362      2024.4030761719
892.948486      1952.5838623047
893.250671      1957.0725097656
893.552734      1957.0725097656
893.854797      2019.9143066406
894.156738      2004.2038574219
894.458618      1912.1855468750
894.760559      1932.3846435547
895.062378      1932.3846435547
895.364136      1927.8959960938
895.665894      1871.7872314453
895.967590      1883.0090332031
896.269165      1860.5655517578
896.570679      1775.2802734375
896.872192      1871.7872314453
897.173706      1799.9681396484
897.475159      1806.7011718750
897.776428      1804.4567871094
898.077759      1831.3890380859
