1.400000
190.489868         0.0000000000
190.870819         0.0000000000
191.251740      1381.7888183594
191.632629      1450.6561279297
192.013474      1423.9978027344
192.394302      1441.7700195313
192.775101      1679.4732666016
193.155838      1599.4982910156
193.536575      1586.1691894531
193.917267      1599.4982910156
194.297943      1635.0427246094
194.678574      1670.5871582031
195.059174      1619.4920654297
195.439743      1728.3468017578
195.820282      1563.9538574219
196.200790      1590.6121826172
196.581268      1597.2767333984
196.961700      1592.8337402344
197.342117      1586.1691894531
197.722488      1643.9288330078
198.102829      1539.5170898438
198.483154      1559.5108642578
198.863434      1501.7512207031
199.243698      1559.5108642578
199.623901      1826.0938720703
200.004089      1557.2893066406
200.384247      1532.8525390625
200.764389      1483.9790039063
201.144485      1550.6247558594
201.524536      1572.8399658203
201.904572      1472.8713378906
202.284561      1637.2642822266
202.664520      1610.6059570313
203.044449      1666.1440429688
203.424362      1572.8399658203
203.804214      1603.9414062500
204.184067      1563.9538574219
204.563858      1628.3781738281
204.943649      1621.7136230469
205.323380      1639.4857177734
205.703094      1597.2767333984
206.082764      1550.6247558594
206.462418      1555.0677490234
206.842026      1592.8337402344
207.221588      1552.8463134766
207.601166      1708.3530273438
207.980667      1575.0615234375
208.360153      1679.4732666016
208.739609      1519.5234375000
209.119034      1559.5108642578
209.498428      1546.1816406250
209.877777      1586.1691894531
210.257111      1623.9350585938
210.636398      1552.8463134766
211.015656      1526.1879882813
211.394882      1566.1754150391
211.774094      1526.1879882813
212.153244      1497.3081054688
212.532394      1546.1816406250
212.911484      1481.7574462891
213.290543      1577.2830810547
213.669571      1510.6373291016
214.048584      1588.3906250000
214.427567      1577.2830810547
214.806488      1626.1566162109
215.185410      1577.2830810547
215.564270      1563.9538574219
215.943115      1681.6947021484
216.321930      1659.4794921875
216.700714      1610.6059570313
217.079437      1588.3906250000
217.458176      1621.7136230469
217.836838      1603.9414062500
218.215485      1579.5046386719
218.594101      1559.5108642578
218.972687      1579.5046386719
219.351227      1610.6059570313
219.729752      1683.9162597656
220.108246      1568.3969726563
220.486694      1563.9538574219
220.865128      1579.5046386719
221.243515      1532.8525390625
221.621872      1683.9162597656
222.000183      1566.1754150391
222.378494      1592.8337402344
222.756744      1650.5933837891
223.134964      1668.3656005859
223.513153      1563.9538574219
223.891327      1832.7584228516
224.269455      1548.4031982422
224.647552      1541.7386474609
225.025620      1535.0740966797
225.403656      1619.4920654297
225.781647      1566.1754150391
226.159622      1570.6185302734
226.537552      1659.4794921875
226.915436      1672.8085937500
227.293335      1559.5108642578
227.671158      1610.6059570313
228.048950      1526.1879882813
228.426727      1506.1942138672
228.804459      1610.6059570313
229.182175      1523.9664306641
229.559845      1666.1440429688
229.937500      1586.1691894531
230.315094      1579.5046386719
230.692673      1566.1754150391
231.070221      1743.8974609375
231.447723      1559.5108642578
231.825180      1590.6121826172
232.202652      1630.5996093750
232.580048      1552.8463134766
232.957428      1588.3906250000
233.334778      1630.5996093750
233.712097      1548.4031982422
234.089386      1688.3593750000
234.466614      1530.6309814453
234.843842      1597.2767333984
235.221024      1595.0552978516
235.598175      1588.3906250000
235.975281      1528.4095458984
236.352386      1557.2893066406
236.729431      1475.0928955078
237.106445      1552.8463134766
237.483414      1570.6185302734
237.860382      1581.7260742188
238.237305      1583.9476318359
238.614182      1766.1126708984
238.991043      1555.0677490234
239.367859      1588.3906250000
239.744644      1601.7198486328
240.121414      1497.3081054688
240.498138      1519.5234375000
240.874817      1570.6185302734
241.251480      1679.4732666016
241.628098      1526.1879882813
242.004700      1621.7136230469
242.381241      1608.3843994141
242.757782      1581.7260742188
243.134262      1628.3781738281
243.510727      1670.5871582031
243.887146      1639.4857177734
244.263535      1535.0740966797
244.639893      1641.7072753906
245.016220      1486.2005615234
245.392517      1577.2830810547
245.768768      1572.8399658203
246.145020      1546.1816406250
246.521194      1577.2830810547
246.897354      1583.9476318359
247.273483      1530.6309814453
247.649567      1648.3718261719
248.025650      1663.9226074219
248.401672      1592.8337402344
248.777664      1566.1754150391
249.153641      1606.1628417969
249.529556      1657.2579345703
249.905457      1526.1879882813
250.281326      1477.3144531250
250.657135      1648.3718261719
251.032959      1539.5170898438
251.408707      1530.6309814453
251.784424      1641.7072753906
252.160126      1650.5933837891
252.535797      1557.2893066406
252.911423      1526.1879882813
253.287018      1608.3843994141
253.662582      1581.7260742188
254.038116      1575.0615234375
254.413605      1646.1503906250
254.789063      1512.8587646484
255.164505      1528.4095458984
255.539886      1675.0301513672
255.915268      1583.9476318359
256.290588      1590.6121826172
256.665894      1566.1754150391
257.041168      1650.5933837891
257.416351      1581.7260742188
257.791565      1579.5046386719
258.166779      1532.8525390625
258.541870      1475.0928955078
258.916962      1617.2705078125
259.292023      1557.2893066406
259.667023      1532.8525390625
260.042053      1595.0552978516
260.416992      1628.3781738281
260.791931      1588.3906250000
261.166809      1521.7448730469
261.541687      1515.0803222656
261.916504      1572.8399658203
262.291321      1608.3843994141
262.666077      1586.1691894531
263.040802      1586.1691894531
263.415497      1539.5170898438
263.790161      1581.7260742188
264.164795      1550.6247558594
264.539368      1543.9602050781
264.913910      1557.2893066406
265.288452      1621.7136230469
265.662964      1590.6121826172
266.037384      1501.7512207031
266.411865      1697.2454833984
266.786224      1708.3530273438
267.160583      1568.3969726563
267.534912      1643.9288330078
267.909210      1628.3781738281
268.283447      1503.9726562500
268.657654      1599.4982910156
269.031860      1559.5108642578
269.406006      1626.1566162109
269.780151      1610.6059570313
270.154236      1550.6247558594
270.528290      1590.6121826172
270.902283      1521.7448730469
271.276306      1595.0552978516
271.650238      1726.1252441406
272.024170      1577.2830810547
272.398041      1797.2141113281
272.771881      1566.1754150391
273.145721      1719.4606933594
273.519531      1597.2767333984
273.893219      1492.8651123047
274.266937      1657.2579345703
274.640656      1523.9664306641
275.014282      1588.3906250000
275.387909      1517.3018798828
275.761475      1548.4031982422
276.135040      1555.0677490234
276.508514      1543.9602050781
276.882019      1490.6435546875
277.255463      1701.6884765625
277.628906      1621.7136230469
278.002258      1595.0552978516
278.375549      1541.7386474609
278.748901      1595.0552978516
279.122162      1637.2642822266
279.495392      1883.8535156250
279.868622      1623.9350585938
280.241791      1628.3781738281
280.614929      1641.7072753906
280.988007      1628.3781738281
281.361084      1657.2579345703
281.734131      1728.3468017578
282.107117      1617.2705078125
282.480072      1650.5933837891
282.853027      1708.3530273438
283.225952      1679.4732666016
283.598785      1688.3593750000
283.971619      1608.3843994141
284.344452      1550.6247558594
284.717194      1588.3906250000
285.089905      1570.6185302734
285.462616      1701.6884765625
285.835297      1555.0677490234
286.207886      1592.8337402344
286.580475      1568.3969726563
286.953064      1710.5745849609
287.325592      1612.8275146484
287.698059      1519.5234375000
288.070496      1499.5296630859
288.442963      1650.5933837891
288.815308      1635.0427246094
289.187683      1557.2893066406
289.559998      1546.1816406250
289.932281      1686.1378173828
290.304504      1666.1440429688
290.676727      1668.3656005859
291.048920      1601.7198486328
291.421082      1663.9226074219
291.793182      1655.0364990234
292.165222      1601.7198486328
292.537292      1548.4031982422
292.909332      1650.5933837891
293.281281      1608.3843994141
293.653198      1588.3906250000
294.025116      1552.8463134766
294.397003      1617.2705078125
294.768860      1621.7136230469
295.140656      1592.8337402344
295.512390      1546.1816406250
295.884125      1672.8085937500
296.255829      1588.3906250000
296.627502      1681.6947021484
296.999146      1688.3593750000
297.370728      1579.5046386719
297.742249      1646.1503906250
298.113831      1666.1440429688
298.485291      1675.0301513672
298.856781      1695.0239257813
299.228149      1670.5871582031
299.599579      1670.5871582031
299.970917      1581.7260742188
300.342224      1555.0677490234
300.713531      1621.7136230469
301.084778      1601.7198486328
301.455994      1623.9350585938
301.827148      1730.5683593750
302.198334      1672.8085937500
302.569427      1770.5557861328
302.940521      1746.1190185547
303.311554      1748.3404541016
303.682556      1952.7208251953
304.053528      1772.7773437500
304.424469      1781.6634521484
304.795380      1881.6320800781
305.166260      1937.1701660156
305.537048      1974.9361572266
305.907837      1986.0437011719
306.278625      1970.4930419922
306.649384      2032.6958007813
307.020050      2092.6770019531
307.390686      2165.9873046875
307.761353      2139.3291015625
308.131897      2243.7407226563
308.502502      2194.8671875000
308.872986      2174.8732910156
309.243500      2428.1271972656
309.613922      2268.1774902344
309.984344      2350.3740234375
310.354736      2399.2475585938
310.725098      2516.9882812500
311.095398      2728.0332031250
311.465637      2847.9956054688
311.835907      2896.8691406250
312.206116      2976.8439941406
312.576294      3039.0468750000
312.946411      3198.9965820313
313.316528      3165.6738281250
313.686584      3216.7687988281
314.056610      3358.9465332031
314.426605      3343.3957519531
314.796570      3394.4909667969
315.166504      3669.9599609375
315.536377      3474.4658203125
315.906250      3452.2504882813
316.276093      3541.1115722656
316.645844      3714.3906250000
317.015594      4045.3977050781
317.385315      4096.4926757813
317.755035      4072.0561523438
318.124603      4158.6958007813
318.494263      4107.6005859375
318.863831      4311.9809570313
319.233368      4414.1708984375
319.602875      4500.8105468750
319.972351      4700.7480468750
320.341797      4851.8115234375
320.711182      5002.8754882813
321.080536      4987.3247070313
321.449890      4800.7163085938
321.819183      5009.5400390625
322.188446      4782.9443359375
322.557648      4802.9379882813
322.926880      4707.4125976563
323.295990      4982.8813476563
323.665100      5251.6860351563
324.034210      5440.5156250000
324.403259      5733.7573242188
324.772247      5680.4404296875
325.141205      5891.4853515625
325.510193      6346.8979492188
325.879120      6782.3173828125
326.247955      7171.0839843750
326.616791      7397.6796875000
326.985596      7139.9829101563
327.354340      7135.5395507813
327.723053      7186.6347656250
328.091797      6875.6210937500
328.460449      7268.8310546875
328.829071      7355.4707031250
329.197632      7773.1176757813
329.566193      7861.9785156250
329.934753      8210.7578125000
330.303192      8230.7519531250
330.671631      7999.7128906250
331.040070      7393.2368164063
331.408478      7564.2939453125
331.776794      7813.1049804688
332.145081      7773.1176757813
332.513367      7717.5795898438
332.881592      7837.5415039063
333.249756      7786.4467773438
333.617920      7886.4150390625
333.986084      7655.3764648438
334.354156      7850.8710937500
334.722229      8110.7895507813
335.090240      8039.7006835938
335.458252      7930.8457031250
335.826202      7244.3945312500
336.194092      6968.9252929688
336.561951      7040.0141601563
336.929779      7011.1342773438
337.297577      7319.9262695313
337.665375      7782.0034179688
338.033142      7684.2563476563
338.400787      7928.6240234375
338.768463      8424.0244140625
339.136108      8821.6777343750
339.503693      9234.8808593750
339.871246      9312.6347656250
340.238770     10014.6367187500
340.606262      9752.4970703125
340.973755      9339.2929687500
341.341125      9543.6728515625
341.708527      9072.7099609375
342.075867      9099.3681640625
342.443146      9179.3427734375
342.810425      9214.8876953125
343.177673      9308.1914062500
343.544861      9183.7861328125
343.912018      8497.3349609375
344.279114      8486.2275390625
344.646271      8226.3085937500
345.013336      8481.7841796875
345.380341      8795.0195312500
345.747314      8968.2978515625
346.114258      8986.0703125000
346.481171      9148.2421875000
346.848022      9303.7480468750
347.214905      9163.7919921875
347.581726      9032.7226562500
347.948456      8890.5449218750
348.315186      9039.3867187500
348.681885      9317.0781250000
349.048584      9268.2041015625
349.415161      8930.5322265625
349.781738      9399.2744140625
350.148346      9710.2880859375
350.514862     10603.3408203125
350.881287     10554.4677734375
351.247742     10454.4990234375
351.614197     10412.2900390625
351.980530      9905.7822265625
352.346863      9701.4013671875
352.713165      9732.5029296875
353.079437      9816.9208984375
353.445679     10510.0371093750
353.811859     10943.2343750000
354.178009     11371.9882812500
354.544159     11345.3300781250
354.910217     11507.5019531250
355.276276     11232.0322265625
355.642303     11185.3808593750
356.008270     10932.1269531250
356.374176     10512.2587890625
356.740112     10054.6240234375
357.105988      9350.4003906250
357.471802      9152.6845703125
357.837585      9039.3867187500
358.203339      8643.9550781250
358.569092      8432.9101562500
358.934753      8866.1083984375
359.300415     10001.3076171875
359.666016     10998.7724609375
360.031616     11534.1601562500
360.397125     11349.7734375000
360.762634     10563.3535156250
361.128143     10181.2509765625
361.493530     10456.7197265625
361.858917     10578.9042968750
362.224274     10798.8349609375
362.589630     11334.2226562500
362.954895     11567.4833984375
363.320160     11429.7480468750
363.685394     11645.2363281250
364.050568     11671.8945312500
364.415680     11978.4648437500
364.780792     11929.5917968750
365.145874     12253.9345703125
365.510895     12900.3984375000
365.875854     13769.0146484375
366.240845     13955.6230468750
366.605774     13904.5273437500
366.970642     13908.9707031250
367.335480     13857.8759765625
367.700317     13842.3251953125
368.065125     13491.3242187500
368.429840     13038.1328125000
368.794525     13315.8232421875
369.159241     13469.1083984375
369.523834     13944.5146484375
369.888397     14497.6748046875
370.252991     14197.7685546875
370.617554     13720.1406250000
370.981995     13393.5771484375
371.346436     13866.7617187500
371.710846     13822.3310546875
372.075256     13111.4433593750
372.439545     12771.5498046875
372.803864     12656.0302734375
373.168121     12340.5742187500
373.532379     11645.2363281250
373.896545     11258.6904296875
374.260681     11092.0761718750
374.624847     11196.4882812500
374.988892     11671.8945312500
375.352936     11989.5722656250
375.716949     12753.7773437500
376.080933     13151.4306640625
376.444855     13240.2919921875
376.808716     13629.0585937500
377.172638     13817.8876953125
377.536469     14797.5810546875
377.900208     15886.1279296875
378.263947     16070.5146484375
378.627686     15817.2607421875
378.991364     15286.3164062500
379.354980     14275.5224609375
379.718628     13817.8876953125
380.082214     13700.1474609375
380.445709     14475.4599609375
380.809174     14839.7900390625
381.172668     14790.9160156250
381.536072     13860.0966796875
381.899475     12573.8339843750
382.262787     11825.1796875000
382.626129     10825.4931640625
382.989380     10387.8525390625
383.352631      9916.8896484375
383.715790      9485.9140625000
384.078979     10270.1123046875
384.442078     11020.9873046875
384.805145     12180.6240234375
385.168243     12640.4794921875
385.531250     12711.5683593750
385.894226     12620.4863281250
386.257141     12547.1757812500
386.620056     12771.5498046875
386.982941     12711.5683593750
387.345734     12884.8476562500
387.708527     13082.5634765625
388.071289     12889.2910156250
388.433990     12549.3974609375
388.796661     12593.8281250000
389.159332     13333.5957031250
389.521942     14333.2822265625
389.884491     14997.5185546875
390.247040     15328.5253906250
390.609528     15812.8183593750
390.971985     16345.9843750000
391.334412     16374.8642578125
391.696747     16448.1738281250
392.059143     15801.7099609375
392.421478     14353.2753906250
392.783691     12871.5185546875
393.145935     10736.6328125000
393.508148      9588.1035156250
393.870270      9445.9257812500
394.232391     10636.6640625000
394.594482     12720.4550781250
394.956573     14399.9277343750
395.318542     15846.1406250000
395.680511     16345.9843750000
396.042450     15501.8046875000
396.404388     13493.5458984375
396.766235     11698.5527343750
397.128021     10836.6005859375
397.489838     11969.5791015625
397.851563     14117.7939453125
398.213257     16477.0546875000
398.574951     17907.7167968750
398.936615     19820.4492187500
399.298187     20753.4902343750
399.659729     21093.3847656250
400.021271     21688.7519531250
400.382751     22179.7089843750
400.744202     21964.2226562500
401.105621     22006.4316406250
401.466980     22817.2871093750
401.828339     23181.6171875000
402.189606     23317.1308593750
402.550873     23488.1875000000
402.912140     23126.0800781250
403.273285     22659.5585937500
403.634430     22712.8769531250
403.995544     22857.2753906250
404.356659     22941.6933593750
404.717651     22510.7167968750
405.078674     22552.9257812500
405.439636     22750.6425781250
405.800568     22481.8378906250
406.161438     22452.9570312500
406.522278     21675.4238281250
406.883118     21988.6582031250
407.243866     22381.8691406250
407.604584     22301.8945312500
407.965302     23026.1113281250
408.325989     23143.8515625000
408.686584     23828.0820312500
409.047150     24550.0781250000
409.407715     24567.8496093750
409.768250     23508.1816406250
410.128723     22872.8261718750
410.489136     22328.5527343750
410.849518     23217.1621093750
411.209900     24016.9121093750
411.570190     24858.8691406250
411.930511     25432.0234375000
412.290741     25840.7832031250
412.650940     25962.9667968750
413.011078     25703.0488281250
413.371246     25258.7441406250
413.731354     25727.4863281250
414.091400     25774.1386718750
414.451385     25400.9218750000
414.811401     25880.7714843750
415.171356     25756.3652343750
415.531281     25434.2441406250
415.891113     26029.6132812500
416.250946     26556.1152343750
416.610718     26389.5000000000
416.970490     26131.8027343750
417.330200     25494.2265625000
417.689911     25260.9648437500
418.049530     25136.5605468750
418.409119     25303.1738281250
418.768707     24963.2812500000
419.128235     25174.3261718750
419.487701     25023.2617187500
419.847137     24694.4765625000
420.206573     24865.5332031250
420.565948     25403.1425781250
420.925232     25449.7949218750
421.284576     26313.9687500000
421.643860     26365.0644531250
422.003052     26356.1777343750
422.362213     24838.8750000000
422.721375     24521.1972656250
423.080536     24096.8867187500
423.439575     24456.7734375000
423.798584     24476.7675781250
424.157593     24936.6230468750
424.516571     24678.9257812500
424.875458     24785.5585937500
425.234314     24521.1972656250
425.593201     24194.6328125000
425.951965     24367.9121093750
426.310699     24025.7968750000
426.669495     24310.1523437500
427.028168     23537.0625000000
427.386810     23405.9921875000
427.745392     23254.9277343750
428.103973     23759.2148437500
428.462524     23612.5937500000
428.821045     23372.6699218750
429.179504     22610.6855468750
429.537903     22624.0156250000
429.896271     20971.1992187500
430.254608     19427.2402343750
430.612915     18671.9218750000
430.971222     18802.9921875000
431.329437     19800.4570312500
431.687622     22106.4003906250
432.045776     23930.2714843750
432.403900     24065.7851562500
432.761993     24574.5136718750
433.119995     24792.2246093750
433.477997     25818.5683593750
433.835968     24430.1152343750
434.193909     23941.3789062500
434.551758     24074.6718750000
434.909637     24827.7675781250
435.267395     25172.1054687500
435.625183     26011.8417968750
435.982910     27102.6093750000
436.340607     27571.3515625000
436.698273     28148.9492187500
437.055878     27560.2441406250
437.413452     27673.5429687500
437.770996     27022.6347656250
438.128479     25940.7519531250
438.485962     25276.5156250000
438.843384     25669.7265625000
439.200775     25885.2148437500
439.558136     26527.2343750000
439.915405     27027.0781250000
440.272705     27369.1933593750
440.629883     27233.6796875000
440.987091     27227.0156250000
441.344238     28157.8339843750
441.701355     28822.0703125000
442.058441     29070.8808593750
442.415436     29164.1855468750
442.772461     29652.9218750000
443.129425     30141.6562500000
443.486359     29710.6816406250
443.843231     29610.7128906250
444.200104     29988.3710937500
444.556885     29786.2128906250
444.913635     29775.1054687500
445.270355     29113.0898437500
445.627075     28668.7851562500
445.983704     28730.9882812500
446.340302     28206.7089843750
446.696869     28611.0253906250
447.053436     29042.0019531250
447.409912     29930.6113281250
447.766357     30101.6699218750
448.122803     31123.5703125000
448.479156     30246.0683593750
448.835510     30403.7968750000
449.191772     29835.0859375000
449.548096     30657.0507812500
449.904297     30537.0878906250
450.260437     30737.0253906250
450.616608     31243.5332031250
450.972687     31361.2753906250
451.328796     31423.4765625000
451.684814     31041.3750000000
452.040833     30988.0585937500
452.396729     30270.5058593750
452.752655     30117.2207031250
453.108551     28673.2285156250
453.464355     28320.0058593750
453.820160     28608.8046875000
454.175934     29046.4453125000
454.531616     29042.0019531250
454.887299     29426.3261718750
455.242950     29101.9824218750
455.598541     29635.1484375000
455.954102     29999.4785156250
456.309601     30070.5683593750
456.665131     30346.0371093750
457.020538     30639.2792968750
457.375977     30859.2089843750
457.731323     30401.5761718750
458.086670     30259.3984375000
458.441956     29817.3144531250
458.797211     30230.5175781250
459.152405     30210.5234375000
459.507538     29961.7128906250
459.862701     30337.1503906250
460.217773     30448.2285156250
460.572845     30959.1777343750
460.927856     30659.2734375000
461.282837     31016.9375000000
461.637756     31690.0605468750
461.992645     31310.1796875000
462.347504     32418.7207031250
462.702332     32432.0488281250
463.057129     32676.4179687500
463.411835     32269.8789062500
463.766541     32569.7851562500
464.121185     32785.2734375000
464.475830     32309.8652343750
464.830383     32240.9980468750
465.184937     32136.5859375000
465.539429     32436.4921875000
465.893921     33060.7421875000
466.248322     33476.1679687500
466.602753     32671.9746093750
466.957062     33214.0273437500
467.311371     33096.2851562500
467.665619     33436.1796875000
468.019897     33738.3085937500
468.374054     33862.7109375000
468.728180     33911.5859375000
469.082306     34835.7421875000
469.436371     35555.5156250000
469.790405     35317.8125000000
470.144379     34973.4765625000
470.498352     34962.3671875000
470.852264     35459.9882812500
471.206146     36126.4453125000
471.559967     36888.4296875000
471.913788     37208.3281250000
472.267487     37874.7851562500
472.621246     38223.5664062500
472.974915     38419.0625000000
473.328522     38156.9218750000
473.682129     39067.7460937500
474.035675     39623.1289062500
474.389191     40134.0781250000
474.742676     40831.6367187500
475.096130     40976.0351562500
475.449493     41780.2304687500
475.802856     41255.9492187500
476.156189     41602.5078125000
476.509460     41482.5429687500
476.862732     41387.0195312500
477.215912     42288.9570312500
477.569061     43217.5546875000
477.922150     44543.8046875000
478.275299     44574.9062500000
478.628296     44674.8750000000
478.981323     45205.8203125000
479.334259     45048.0937500000
479.687195     45912.2656250000
480.040070     46767.5546875000
480.392914     46643.1484375000
480.745728     46600.9375000000
481.098511     46911.9531250000
481.451202     47629.5039062500
481.803925     47913.8593750000
482.156525     48620.3046875000
482.509125     48335.9492187500
482.861694     48980.1914062500
483.214233     49373.4023437500
483.566711     48626.9687500000
483.919128     48791.3632812500
484.271576     48711.3867187500
484.623901     48771.3710937500
484.976257     48871.3398437500
485.328522     48289.2968750000
485.680786     47098.5625000000
486.032959     44354.9765625000
486.385132     43568.5585937500
486.737274     43901.7851562500
487.089325     45061.4218750000
487.441376     45918.9296875000
487.793396     47387.3593750000
488.145386     48362.6093750000
488.497284     48571.4335937500
488.849182     48651.4062500000
489.201019     49126.8125000000
489.552826     49962.1054687500
489.904572     50646.3359375000
490.256317     51297.2421875000
490.608002     52101.4375000000
490.959656     51319.4570312500
491.311249     51128.4062500000
491.662811     51030.6601562500
492.014343     49997.6523437500
492.365814     49939.8906250000
492.717285     50841.8320312500
493.068665     51490.5156250000
493.420044     51159.5078125000
493.771362     51210.6054687500
494.122650     51506.0664062500
494.473877     51608.2578125000
494.825104     52670.1445312500
495.176270     52825.6523437500
495.527374     52699.0273437500
495.878479     52356.9101562500
496.229492     52281.3789062500
496.580536     52736.7929687500
496.931458     52425.7773437500
497.282379     52898.9648437500
497.633270     52836.7617187500
497.984131     52872.3046875000
498.334900     51992.5820312500
498.685669     51283.9140625000
499.036377     51779.3164062500
499.387115     51954.8164062500
499.737701     52443.5507812500
500.088318     52043.6757812500
500.438904     51637.1367187500
500.789429     50810.7304687500
501.139893     50824.0585937500
501.490295     50879.5976562500
501.840729     50188.7031250000
502.191040     50435.2929687500
502.541382     50928.4687500000
502.891663     51303.9101562500
503.241913     51215.0468750000
503.592133     51481.6289062500
503.942322     50759.6328125000
504.292358     50350.8750000000
504.642395     51177.2812500000
504.992432     51486.0742187500
505.342468     51335.0078125000
505.692413     52570.1796875000
506.042358     52490.2031250000
506.392242     52641.2656250000
506.742035     52572.3984375000
507.091858     52130.3164062500
507.441528     52101.4375000000
507.791290     52085.8867187500
508.140961     51434.9765625000
508.490601     51745.9921875000
508.840210     52183.6328125000
509.189697     52356.9101562500
509.539215     52601.2773437500
509.888641     52343.5820312500
510.238098     52110.3203125000
510.587494     52605.7226562500
510.936859     52510.1953125000
511.286194     52521.3046875000
511.635498     53105.5664062500
511.984650     53232.1914062500
512.333862     52532.4101562500
512.682922     52483.5390625000
513.032043     52361.3554687500
513.381104     51870.3984375000
513.730164     51930.3789062500
514.079163     51917.0507812500
514.428040     51477.1875000000
514.776978     51503.8437500000
515.125793     51961.4804687500
515.474609     51534.9453125000
515.823425     51848.1835937500
516.172180     52037.0117187500
516.520813     51008.4453125000
516.869568     49071.2734375000
517.218079     47329.5976562500
517.566650     48038.2656250000
517.915161     48902.4375000000
518.263672     48520.3359375000
518.612183     48500.3437500000
518.960571     48895.7734375000
519.308899     49631.1015625000
519.657227     50270.8984375000
520.005554     51057.3203125000
520.353699     51765.9843750000
520.701904     51574.9335937500
521.050110     51454.9726562500
521.398254     52094.7695312500
521.746338     52401.3437500000
522.094421     52867.8632812500
522.442383     52310.2578125000
522.790222     51843.7382812500
523.138184     51721.5546875000
523.486145     51732.6640625000
523.833984     52148.0898437500
524.181763     52685.6953125000
524.529541     52836.7617187500
524.877197     52896.7421875000
525.224915     52901.1835937500
525.572449     52872.3046875000
525.920105     52499.0898437500
526.267639     51945.9296875000
526.615173     50330.8789062500
526.962646     49668.8671875000
527.309998     49160.1367187500
527.657410     49902.1250000000
528.004700     50564.1406250000
528.351990     51230.5976562500
528.699280     51326.1250000000
529.046509     51985.9179687500
529.393677     52388.0117187500
529.740845     52274.7148437500
530.087891     52092.5507812500
530.434998     52174.7460937500
530.781921     52561.2929687500
531.128906     52787.8867187500
531.475891     52739.0156250000
531.822815     52170.3046875000
532.169617     52005.9101562500
532.516418     51483.8515625000
532.863159     50626.3437500000
533.209839     50379.7539062500
533.556580     50779.6289062500
533.903198     50446.3984375000
534.249817     50988.4531250000
534.596436     50710.7617187500
534.942932     51430.5351562500
535.289368     51139.5156250000
535.635803     51734.8828125000
535.982178     51968.1445312500
536.328552     52054.7851562500
536.674805     50732.9765625000
537.021118     50197.5898437500
537.367371     50339.7656250000
537.713501     50599.6835937500
538.059692     50630.7851562500
538.405701     50908.4765625000
538.751831     50686.3242187500
539.097839     50639.6718750000
539.443787     50079.8476562500
539.789734     49384.5117187500
540.135620     48804.6914062500
540.481506     49011.2929687500
540.827209     47849.4375000000
541.173035     47871.6523437500
541.518799     48673.6210937500
541.864502     49015.7382812500
542.210144     48924.6562500000
542.555786     48755.8203125000
542.901245     48860.2304687500
543.246826     48964.6406250000
543.592285     48327.0625000000
543.937683     49382.2890625000
544.283142     49122.3710937500
544.628479     49426.7187500000
544.973816     48884.6679687500
545.319031     48980.1914062500
545.664307     48913.5468750000
546.009399     49060.1679687500
546.354614     49166.8007812500
546.699707     48826.9062500000
547.044739     48869.1171875000
547.389832     48520.3359375000
547.734802     47913.8593750000
548.079712     47909.4179687500
548.424622     47938.2968750000
548.769409     47971.6210937500
549.114258     48280.4140625000
549.459045     48013.8281250000
549.803772     48089.3593750000
550.148499     48282.6328125000
550.493103     48691.3945312500
550.837708     47582.8515625000
551.182190     47569.5234375000
551.526733     47749.4687500000
551.871216     48140.4570312500
552.215698     48262.6406250000
552.560120     48047.1523437500
552.904480     47556.1953125000
553.248718     47416.2382812500
553.592957     47467.3320312500
553.937195     47265.1757812500
554.281372     47858.3242187500
554.625549     47122.9960937500
554.969666     47627.2851562500
555.313721     47751.6875000000
555.657654     47107.4453125000
556.001709     46676.4726562500
556.345581     46592.0546875000
556.689514     46487.6406250000
557.033325     46141.0820312500
557.377197     45612.3593750000
557.720947     45423.5312500000
558.064575     45714.5507812500
558.408264     45379.1015625000
558.751892     44797.0585937500
559.095520     43837.3593750000
559.439087     43470.8085937500
559.782654     43701.8476562500
560.126099     43339.7382812500
560.469543     43712.9570312500
560.812927     44190.5820312500
561.156250     43719.6210937500
561.499512     44454.9453125000
561.842773     43295.3085937500
562.185974     43070.9335937500
562.529175     42875.4414062500
562.872314     43510.7968750000
563.215332     43632.9804687500
563.558472     43573.0000000000
563.901367     42384.4843750000
564.244385     42986.5156250000
564.587341     42737.7070312500
564.930237     42910.9843750000
565.273071     42393.3710937500
565.615845     41622.5000000000
565.958557     41784.6718750000
566.301331     41082.6679687500
566.643860     41029.3515625000
566.986511     41078.2265625000
567.329163     41331.4804687500
567.671692     41502.5390625000
568.014221     40749.4414062500
568.356628     39532.0468750000
568.699036     39612.0195312500
569.041321     39352.1015625000
569.383728     39347.6601562500
569.726013     39794.1835937500
570.068298     39867.4960937500
570.410461     39287.6757812500
570.752686     38989.9921875000
571.094727     38392.4023437500
571.436768     38718.9648437500
571.778809     38641.2148437500
572.120850     39056.6367187500
572.462769     39094.4062500000
572.804688     39261.0195312500
573.146606     38858.9218750000
573.488342     38459.0468750000
573.830139     39678.6640625000
574.171814     39232.1406250000
574.513550     39076.6328125000
574.855164     38978.8867187500
575.196838     38563.4609375000
575.538391     37910.3320312500
575.879883     37254.9804687500
576.221375     37352.7304687500
576.562744     37654.8554687500
576.904175     38128.0390625000
577.245483     38243.5585937500
577.586792     38176.9140625000
577.928101     37923.6601562500
578.269348     37623.7539062500
578.610535     37785.9257812500
578.951660     36788.4609375000
579.292664     36939.5234375000
579.633728     37448.2539062500
579.974792     37281.6406250000
580.315796     37930.3242187500
580.656677     37499.3476562500
580.997498     37041.7148437500
581.338379     37621.5312500000
581.679138     37203.8867187500
582.019897     37819.2500000000
582.360657     38068.0585937500
582.701294     38070.2812500000
583.041931     38352.4140625000
583.382507     37777.0390625000
583.723022     38141.3710937500
584.063538     37972.5351562500
584.403931     37890.3359375000
584.744385     37230.5429687500
585.084778     37785.9257812500
585.425110     37350.5078125000
585.765381     37006.1718750000
586.105591     36564.0859375000
586.445801     36153.1054687500
586.785889     36277.5117187500
587.125977     35864.3046875000
587.466064     35986.4921875000
587.806152     35746.5664062500
588.146118     35360.0195312500
588.486023     34806.8593750000
588.825928     33864.9335937500
589.165710     32101.0429687500
589.505554     30856.9882812500
589.845337     30374.9179687500
590.185120     30797.0078125000
590.524780     31223.5390625000
590.864441     32065.4980468750
591.203918     32269.8789062500
591.543518     32174.3535156250
591.882996     32545.3476562500
592.222473     32349.8535156250
592.561890     32520.9101562500
592.901306     32492.0312500000
593.240662     32714.1835937500
593.579895     32614.2148437500
593.919128     33122.9453125000
594.258301     32389.8398437500
594.597473     31725.6054687500
594.936646     31516.7812500000
595.275696     31359.0527343750
595.614807     31574.5410156250
595.953796     31741.1562500000
596.292725     32212.1191406250
596.631592     31376.8242187500
596.970398     31856.6738281250
597.309204     32234.3339843750
597.648010     32212.1191406250
597.986755     31996.6308593750
598.325500     31632.3007812500
598.664124     31856.6738281250
599.002686     31607.8632812500
599.341187     31623.4140625000
599.679749     32138.8085937500
600.018250     31303.5156250000
600.356628     31723.3828125000
600.695068     31434.5839843750
601.033386     31614.5292968750
601.371643     30103.8906250000
601.709900     30701.4824218750
602.048035     30961.4003906250
602.386292     30632.6132812500
602.724426     30585.9628906250
603.062500     30728.1406250000
603.400574     31274.6347656250
603.738525     31183.5527343750
604.076477     30968.0644531250
604.414307     31201.3242187500
604.752197     30670.3808593750
605.090027     30801.4492187500
605.427795     30414.9042968750
605.765564     30919.1914062500
606.103210     30370.4746093750
606.440857     30468.2207031250
606.778442     30286.0566406250
607.115967     30319.3789062500
607.453552     30357.1445312500
607.791016     30241.6250000000
608.128418     29970.5996093750
608.465820     29595.1621093750
608.803162     29324.1347656250
609.140442     29361.9023437500
609.477661     29013.1230468750
609.814880     28688.7792968750
610.152100     28593.2539062500
610.489258     28613.2480468750
610.826294     28377.7656250000
611.163269     28866.5019531250
611.500305     28271.1328125000
611.837219     28431.0820312500
612.174072     28526.6074218750
612.510986     28784.3046875000
612.847839     27929.0175781250
613.184570     27746.8535156250
613.521362     27682.4277343750
613.857971     27502.4843750000
614.194641     27673.5429687500
614.531189     27449.1679687500
614.867737     27604.6757812500
615.204285     27318.0976562500
615.540771     27653.5488281250
615.877197     27133.7109375000
616.213562     26982.6484375000
616.549927     26542.7851562500
616.886169     26158.4628906250
617.222351     26611.6523437500
617.558594     26462.8105468750
617.894775     26647.1972656250
618.230896     26811.5898437500
618.566956     27004.8632812500
618.902954     26664.9707031250
619.238953     26949.3242187500
619.574890     26773.8242187500
619.910767     27060.4003906250
620.246643     27189.2500000000
620.582458     26858.2421875000
620.918213     27069.2871093750
621.253967     27029.3007812500
621.589661     26773.8242187500
621.925232     26389.5000000000
622.260803     26713.8437500000
622.596375     26520.5703125000
622.931885     26067.3789062500
623.267334     26049.6074218750
623.602722     26091.8164062500
623.938110     25536.4355468750
624.273376     25583.0859375000
624.608643     25238.7500000000
624.943848     25545.3203125000
625.279114     25132.1171875000
625.614258     25027.7050781250
625.949341     24992.1601562500
626.284424     25012.1542968750
626.619446     25061.0292968750
626.954407     25129.8964843750
627.289307     24576.7363281250
627.624207     24592.2871093750
627.959045     24572.2929687500
628.293884     23532.6191406250
628.628601     23796.9804687500
628.963257     23510.4042968750
629.297913     23665.9101562500
629.632507     23961.3730468750
629.967102     23397.1054687500
630.301697     23439.3144531250
630.636169     23339.3457031250
630.970581     23399.3281250000
631.304993     23723.6699218750
631.639282     22948.3574218750
631.973572     23217.1621093750
632.307861     23146.0742187500
632.642090     22939.4707031250
632.976257     23061.6562500000
633.310425     23232.7128906250
633.644470     23090.5351562500
633.978516     23214.9414062500
634.312439     22772.8574218750
634.646423     22732.8691406250
634.980347     22935.0292968750
635.314209     22943.9140625000
635.648071     23034.9980468750
635.981812     22546.2617187500
636.315552     22903.9277343750
636.649170     22479.6152343750
636.982849     22517.3808593750
637.316406     22612.9082031250
637.649963     22641.7871093750
637.983521     22795.0722656250
638.317017     23110.5292968750
638.650391     22890.5976562500
638.983765     22792.8515625000
639.317078     22550.7050781250
639.650391     22421.8554687500
639.983643     22255.2421875000
640.316833     22097.5136718750
640.649963     21937.5644531250
640.983032     21948.6718750000
641.316101     21777.6132812500
641.649109     21742.0703125000
641.982056     21937.5644531250
642.315002     21346.6386718750
642.647888     21762.0625000000
642.980774     21586.5625000000
643.313538     21313.3144531250
643.646301     21235.5625000000
643.979004     21393.2890625000
644.311646     21206.6816406250
644.644226     21231.1191406250
644.976868     21104.4921875000
645.309387     20709.0605468750
645.641846     21311.0937500000
645.974243     20546.8886718750
646.306702     20464.6914062500
646.638977     20082.5898437500
646.971252     19853.7734375000
647.303528     19847.1074218750
647.635803     19509.4355468750
647.967957     19369.4804687500
648.300110     19451.6757812500
648.632141     18922.9531250000
648.964111     19322.8281250000
649.296082     19071.7949218750
649.628113     18654.1484375000
649.960022     18703.0234375000
650.291870     18576.3964843750
650.623718     18849.6425781250
650.955383     19322.8281250000
651.287109     19307.2773437500
651.618774     18967.3847656250
651.950378     18729.6816406250
652.281982     18816.3203125000
652.613586     18538.6289062500
652.945068     18711.9082031250
653.276489     18894.0742187500
653.607910     18902.9589843750
653.939209     19216.1953125000
654.270569     18507.5292968750
654.601807     18927.3964843750
654.933105     18260.9394531250
655.264221     18158.7480468750
655.595398     18207.6230468750
655.926453     17341.2265625000
656.257507     16645.8906250000
656.588440     15586.2226562500
656.919434     15601.7734375000
657.250366     16114.9453125000
657.581238     16561.4726562500
657.912048     16676.9921875000
658.242798     17319.0117187500
658.573486     17445.6386718750
658.904114     17769.9824218750
659.234802     17616.6972656250
659.565430     17652.2402343750
659.895996     17636.6894531250
660.226501     17652.2402343750
660.556946     17963.2539062500
660.887329     17570.0449218750
661.217712     17861.0644531250
661.547974     17745.5449218750
661.878296     17865.5078125000
662.208557     17794.4179687500
662.538757     17392.3222656250
662.868896     17845.5136718750
663.198975     17401.2089843750
663.528992     17267.9179687500
663.859009     17374.5507812500
664.188904     17425.6445312500
664.518860     17094.6386718750
664.848755     17232.3730468750
665.178589     17201.2714843750
665.508362     17216.8222656250
665.838013     16759.1875000000
666.167725     16983.5625000000
666.497375     17001.3339843750
666.826965     16461.5039062500
667.156494     16756.9667968750
667.486084     16739.1933593750
667.815552     16925.8027343750
668.144897     16865.8203125000
668.474304     16457.0605468750
668.803528     16734.7519531250
669.132813     16581.4648437500
669.462036     16430.4023437500
669.791260     16590.3515625000
670.120422     16254.9013671875
670.449463     16290.4462890625
670.778564     16259.3447265625
671.107544     15950.5527343750
671.436523     16012.7548828125
671.765381     15863.9130859375
672.094299     15957.2167968750
672.423157     15728.4003906250
672.751831     15515.1337890625
673.080627     15581.7792968750
673.409302     15815.0390625000
673.737976     15621.7666015625
674.066528     15308.5322265625
674.395081     15412.9433593750
674.723572     15770.6093750000
675.052002     15272.9873046875
675.380432     15241.8857421875
675.708801     15199.6767578125
676.037170     15259.6582031250
676.365417     15437.3798828125
676.693665     14981.9677734375
677.021851     15279.6523437500
677.349976     14999.7392578125
677.678040     15055.2783203125
678.006042     14988.6318359375
678.334106     14859.7832031250
678.662048     14722.0488281250
678.989929     14875.3339843750
679.317810     14515.4472656250
679.645630     14757.5937500000
679.973389     14606.5292968750
680.301086     14311.0664062500
680.628845     14853.1191406250
680.956482     14553.2128906250
681.283997     14242.1992187500
681.611572     14408.8134765625
681.939087     14235.5351562500
682.266541     14393.2636718750
682.593872     14455.4658203125
682.921265     14175.5537109375
683.248596     14124.4589843750
683.575806     14308.8457031250
683.903076     13884.5341796875
684.230286     13760.1289062500
684.557373     13673.4892578125
684.884399     13866.7617187500
685.211487     13591.2929687500
685.538513     13669.0458984375
685.865417     13635.7226562500
686.192261     13409.1279296875
686.519165     13422.4570312500
686.845947     12775.9931640625
687.172729     11805.1865234375
687.499451     11029.8740234375
687.826111     10423.3974609375
688.152771     10587.7900390625
688.479248     10709.9736328125
688.805847     10876.5888671875
689.132324     10934.3486328125
689.458801     11018.7666015625
689.785095     10749.9619140625
690.111511     11105.4052734375
690.437805     11347.5517578125
690.764038     11314.2294921875
691.090210     11336.4443359375
691.416443     11507.5019531250
691.742554     11536.3818359375
692.068604     11565.2617187500
692.394592     11683.0019531250
692.720581     11614.1347656250
693.046509     11523.0527343750
693.372375     11287.5703125000
693.698242     11467.5146484375
694.023987     11014.3232421875
694.349792     11127.6210937500
694.675476     11014.3232421875
695.001099     10967.6708984375
695.326721     10852.1513671875
695.652222     11025.4306640625
695.977783     11005.4365234375
696.303284     11069.8613281250
696.628723     11158.7226562500
696.954041     11460.8496093750
697.279358     11496.3945312500
697.604675     11714.1035156250
697.929871     11603.0273437500
698.255066     11349.7734375000
698.580200     11585.2548828125
698.905334     11540.8242187500
699.230286     11227.5898437500
699.555359     11134.2851562500
699.880310     10885.4746093750
700.205261     10712.1953125000
700.530029     10898.8037109375
700.854919     10863.2597656250
701.179688     10461.1630859375
701.504456     10545.5810546875
701.829102     10681.0947265625
702.153687     10585.5683593750
702.478271     10538.9169921875
702.802856     10387.8525390625
703.127319     10643.3281250000
703.451721     10541.1376953125
703.776123     10845.4873046875
704.100464     10865.4804687500
704.424805     10747.7402343750
704.749084     10945.4560546875
705.073303     11000.9941406250
705.397461     10703.3095703125
705.721558     10796.6132812500
706.045654     10425.6191406250
706.369690     10829.9365234375
706.693604     10814.3857421875
707.017578     10732.1894531250
707.341431     10521.1445312500
707.665283     10854.3730468750
707.989075     10672.2080078125
708.312805     10912.1328125000
708.636536     10785.5058593750
708.960144     10687.7587890625
709.283752     10552.2460937500
709.607361     10561.1318359375
709.930847     10703.3095703125
710.254333     10572.2392578125
710.577759     10552.2460937500
710.901062     10352.3085937500
711.224426     10454.4990234375
711.547668     10694.4238281250
711.870911     10334.5361328125
712.194153     10425.6191406250
712.517212     10352.3085937500
712.840332     10376.7451171875
713.163391     10234.5673828125
713.486389     10407.8466796875
713.809326     10081.2822265625
714.132202     10030.1875000000
714.455078     10223.4599609375
714.777893      9976.8710937500
715.100586      9799.1484375000
715.423401      9736.9462890625
715.746094      9848.0224609375
716.068604      9836.9150390625
716.391235      9614.7617187500
716.713745      9159.3496093750
717.036255      8668.3925781250
717.358643      8372.9296875000
717.681030      7801.9970703125
718.003418      7533.1928710938
718.325745      7379.9077148438
718.647888      7062.2294921875
718.970154      6911.1655273438
719.292297      6837.8554687500
719.614380      6853.4057617188
719.936401      6649.0253906250
720.258423      6444.6455078125
720.580383      6657.9116210938
720.902283      6693.4560546875
721.224182      7095.5522460938
721.545959      7482.0976562500
721.867737      7777.5605468750
722.189453      8044.1435546875
722.511169      8252.9667968750
722.832764      8319.6123046875
723.154419      8272.9609375000
723.475952      7839.7631835938
723.797424      7773.1176757813
724.118896      7353.2490234375
724.440247      7286.6035156250
724.761597      7202.1855468750
725.082886      7122.2104492188
725.404175      6953.3745117188
725.725342      7075.5585937500
726.046509      6973.3681640625
726.367615      7188.8564453125
726.688721      6986.6972656250
727.009644      7197.7421875000
727.330688      7040.0141601563
727.651611      6973.3681640625
727.972473      6804.5322265625
728.293274      6824.5263671875
728.614075      7060.0078125000
728.934814      7091.1093750000
729.255493      7006.6914062500
729.576172      6944.4882812500
729.896729      6851.1845703125
730.217285      7028.9062500000
730.537720      7022.2416992188
730.858215      6804.5322265625
731.178650      6842.2983398438
731.498962      6922.2734375000
731.819214      6853.4057617188
732.139526      6975.5898437500
732.459778      7259.9453125000
732.779846      7382.1289062500
733.100037      7490.9838867188
733.420105      7728.6870117188
733.740112      7624.2753906250
734.060059      7757.5668945313
734.380066      7846.4277343750
734.699890      8101.9033203125
735.019775      7977.4980468750
735.339478      7988.6054687500
735.659241      7990.8271484375
735.978943      7828.6557617188
736.298584      7619.8320312500
736.618164      7895.3012695313
736.937744      7624.2753906250
737.257263      7633.1616210938
737.576599      7670.9272460938
737.896057      7804.2187500000
738.215393      7728.6870117188
738.534729      7739.7944335938
738.853943      7877.5292968750
739.173157      7639.8261718750
739.492371      7555.4082031250
739.811523      7579.8447265625
740.130493      7653.1552734375
740.449524      7630.9399414063
740.768555      7604.2817382813
741.087463      7502.0913085938
741.406311      7670.9272460938
741.725159      7559.8510742188
742.043945      7766.4531250000
742.362610      7635.3828125000
742.681396      7628.7182617188
743.000061      7470.9902343750
743.318604      7535.4140625000
743.637146      7617.6108398438
743.955627      8046.3652343750
744.274109      7686.4780273438
744.592407      7590.9526367188
744.910828      7830.8769531250
745.229126      7548.7436523438
745.547424      7617.6108398438
745.865540      7573.1801757813
746.183777      7542.0786132813
746.501892      7553.1865234375
746.819946      7570.9584960938
747.137939      7468.7685546875
747.455872      7510.9775390625
747.773865      7375.4643554688
748.091736      7506.5346679688
748.409485      7453.2177734375
748.727295      7337.6987304688
749.045044      7348.8061523438
749.362671      7164.4194335938
749.680298      7257.7236328125
749.997925      7159.9765625000
750.315491      7188.8564453125
750.632874      7195.5209960938
750.950378      7297.7109375000
751.267822      7071.1152343750
751.585083      7022.2416992188
751.902405      7099.9951171875
752.219666      7011.1342773438
752.536865      6873.3999023438
752.854004      7155.5332031250
753.171082      7028.9062500000
753.488159      7033.3496093750
753.805176      7002.2480468750
754.122070      6937.8237304688
754.439026      6955.5961914063
754.755920      6951.1528320313
755.072693      7048.9003906250
755.389465      6942.2670898438
755.706177      6935.6025390625
756.022888      7035.5708007813
756.339478      7011.1342773438
756.656006      6791.2031250000
756.972595      7080.0014648438
757.289063      7060.0078125000
757.605408      6888.9501953125
757.921814      7004.4697265625
758.238159      6871.1782226563
758.554443      6995.5834960938
758.870667      6837.8554687500
759.186890      6577.9370117188
759.503052      6420.2084960938
759.819092      5727.0927734375
760.135132      4987.3247070313
760.451172      4127.5942382813
760.767029      3338.9526367188
761.082947      2981.2871093750
761.398804      2839.1096191406
761.714600      2947.9643554688
762.030396      3318.9589843750
762.346008      3761.0424804688
762.661682      3876.5617675781
762.977295      3738.8273925781
763.292908      3756.5996093750
763.608337      3554.4406738281
763.923828      3647.7448730469
764.239258      3581.0988769531
764.554626      3634.4155273438
764.869873      3896.5556640625
765.185181      4005.4104003906
765.500427      4178.6894531250
765.815491      4387.5126953125
766.130615      4767.3935546875
766.445740      4634.1020507813
766.760803      5016.2045898438
767.075745      5300.5595703125
767.390686      5384.9775390625
767.705566      5542.7060546875
768.020386      5751.5292968750
768.335144      5787.0737304688
768.649902      6035.8847656250
768.964539      6024.7768554688
769.279175      6140.2963867188
769.593750      6138.0747070313
769.908264      6073.6503906250
770.222839      5982.5678710938
770.537170      6140.2963867188
770.851624      6091.4228515625
771.165955      6282.4741210938
771.480286      6200.2773437500
771.794495      6051.4350585938
772.108704      6093.6440429688
772.422852      6042.5493164063
772.736938      6164.7329101563
773.050964      5973.6816406250
773.364990      6069.2075195313
773.678894      6084.7583007813
773.992798      6046.9921875000
774.306641      6038.1059570313
774.620422      5900.3715820313
774.934204      6044.7705078125
775.247864      5904.8144531250
775.561584      5827.0610351563
775.875183      6026.9985351563
776.188721      5707.0986328125
776.502197      5755.9721679688
776.815735      6035.8847656250
777.129150      5678.2192382813
777.442444      5695.9912109375
777.755737      5835.9472656250
778.069092      5751.5292968750
778.382324      5718.2065429688
778.695435      5707.0986328125
779.008545      5573.8071289063
779.321594      5673.7758789063
779.634644      5600.4658203125
779.947571      5409.4145507813
780.260498      5382.7563476563
780.573364      5453.8447265625
780.886169      5424.9653320313
781.198975      5344.9902343750
781.511719      5624.9023437500
781.824402      5473.8388671875
782.136963      5340.5473632813
782.449585      5362.7622070313
782.762146      5271.6796875000
783.074646      5267.2368164063
783.387024      5300.5595703125
783.699402      5591.5795898438
784.011719      5291.6733398438
784.324097      5200.5908203125
784.636230      5031.7548828125
784.948425      5269.4584960938
785.260620      5178.3759765625
785.572632      4956.2231445313
785.884644      5071.7426757813
786.196655      4976.2167968750
786.508667      5105.0654296875
786.820496      5133.9453125000
787.132324      4936.2294921875
787.444153      4862.9189453125
787.755859      4889.5776367188
788.067566      4716.2983398438
788.379211      4740.7353515625
788.690796      4667.4248046875
789.002319      4827.3750000000
789.313782      4862.9189453125
789.625305      4569.6777343750
789.936707      4556.3486328125
790.247986      4587.4501953125
790.559326      4591.8930664063
790.870605      4405.2851562500
791.181763      4638.5449218750
791.492920      4407.5063476563
791.803955      4503.0322265625
792.115051      4409.7280273438
792.426086      4554.1269531250
792.737000      4378.6264648438
793.047913      4316.4238281250
793.358765      4416.3925781250
793.669495      4405.2851562500
793.980347      4396.3989257813
794.291016      4380.8481445313
794.601685      4389.7343750000
794.912292      4414.1708984375
795.222778      4294.2084960938
795.533325      4263.1074218750
795.843811      4216.4550781250
796.154175      4169.8032226563
796.464539      4167.5815429688
796.774902      4092.0498046875
797.085022      4065.3916015625
797.395325      4060.9484863281
797.705505      4174.2460937500
798.015625      4174.2460937500
798.325623      4103.1572265625
798.635620      3932.1000976563
798.945618      4152.0312500000
799.255554      4229.7841796875
799.565369      4018.7395019531
799.875183      4052.0625000000
800.184998      3905.4416503906
800.494690      4032.0686035156
800.804321      4027.6254882813
801.113953      4078.7207031250
801.423462      3943.2075195313
801.732910      3792.1437988281
802.042419      3896.5556640625
802.351868      4083.1638183594
802.661255      3854.3466796875
802.970520      3718.8334960938
803.279785      3894.3339843750
803.588989      3752.1564941406
803.898193      3729.9411621094
804.207275      3769.9287109375
804.516357      3736.6057128906
804.825378      3805.4731445313
805.134277      3829.9099121094
805.443176      3663.2954101563
805.752136      3692.1752929688
806.060974      3778.8146972656
806.369629      3758.8210449219
806.678406      3574.4343261719
806.987061      3825.4667968750
807.295715      3767.7070312500
807.604187      3929.8784179688
807.912720      3734.3842773438
808.221191      3807.6945800781
808.529663      3674.4030761719
808.837952      3605.5358886719
809.146301      3616.6433105469
809.454590      3563.3269042969
809.762756      3627.7509765625
810.070923      3498.9025878906
810.379028      3554.4406738281
810.687073      3523.3393554688
810.995117      3416.7060546875
811.303040      3669.9599609375
811.611023      3476.6872558594
811.918884      3463.3581542969
812.226624      3354.5034179688
812.534424      3325.6235351563
812.842163      3234.5410156250
813.149719      3292.3007812500
813.457397      3127.9077148438
813.764954      3061.2619628906
814.072510      3019.0529785156
814.379883      3179.0029296875
814.687378      2950.1857910156
814.994690      3001.2807617188
815.302063      2863.5463867188
815.609314      2916.8627929688
815.916504      2907.9768066406
816.223694      2852.4387207031
816.530762      2819.1157226563
816.837830      2754.6916503906
817.144836      2599.1848144531
817.451843      2812.4511718750
817.758667      2745.8054199219
818.065552      2732.4763183594
818.372375      2661.3874511719
818.679138      2703.5964355469
818.985779      2779.1284179688
819.292480      2745.8054199219
819.599121      2867.9892578125
819.905701      2716.9255371094
820.212158      2745.8054199219
820.518616      2714.7041015625
820.825012      2847.9956054688
821.131348      2919.0844726563
821.437683      2876.8754882813
821.743896      3081.2558593750
822.050110      2847.9956054688
822.356262      2921.3059082031
822.662415      2872.4323730469
822.968445      2712.4826660156
823.274475      2656.9443359375
823.580322      2465.8933105469
823.886292      2592.5202636719
824.192200      2734.6977539063
824.497864      2781.3498535156
824.803711      2788.0144042969
825.109375      2932.4135742188
825.415039      2861.3247070313
825.720581      2783.5712890625
826.026184      2916.8627929688
826.331665      2890.2045898438
826.637146      2899.0905761719
826.942444      2912.4199218750
827.247803      2890.2045898438
827.553162      2921.3059082031
827.858398      2854.6601562500
828.163574      3021.2746582031
828.468750      2725.8117675781
828.773804      2754.6916503906
829.078796      2759.1345214844
829.383850      2759.1345214844
829.688782      2732.4763183594
829.993713      2885.7614746094
830.298462      2728.0332031250
830.603271      2794.6789550781
830.908020      2830.2233886719
831.212708      2750.2485351563
831.517273      2819.1157226563
831.821960      2756.9130859375
832.126465      2728.0332031250
832.430908      2859.1032714844
832.735352      2788.0144042969
833.039734      2681.3811035156
833.344116      2739.1408691406
833.648315      2596.9631347656
833.952576      2725.8117675781
834.256714      2701.3750000000
834.560913      2859.1032714844
834.864929      2623.6215820313
835.169006      2672.4951171875
835.472961      2656.9443359375
835.776917      2719.1472167969
836.080750      2628.0646972656
836.384583      2699.1533203125
836.688354      2670.2736816406
836.992004      2759.1345214844
837.295654      2701.3750000000
837.599365      2825.7802734375
837.902893      2743.5839843750
838.206360      2954.6289062500
838.509827      2768.0207519531
838.813293      2803.5651855469
839.116699      2852.4387207031
839.419922      2641.3937988281
839.723206      2681.3811035156
840.026428      2674.7165527344
840.329590      2676.9382324219
840.632690      2661.3874511719
840.935730      2588.0771484375
841.238708      2781.3498535156
841.541626      2665.8305664063
841.844543      2716.9255371094
842.147461      2574.7480468750
842.450256      2661.3874511719
842.752930      2812.4511718750
843.055664      2579.1909179688
843.358337      2659.1660156250
843.660889      2623.6215820313
843.963440      2770.2421875000
844.265930      2663.6088867188
844.568420      2572.5263671875
844.870728      2645.8366699219
845.173096      2568.0834960938
845.475403      2536.9819335938
845.777649      2628.0646972656
846.079834      2694.7104492188
846.381958      2572.5263671875
846.684021      2763.5776367188
846.986145      2612.5139160156
847.288025      2685.8242187500
847.589966      2748.0268554688
847.891846      2632.5075683594
848.193665      2477.0009765625
848.495483      2616.9570312500
848.797180      2545.8681640625
849.098877      2514.7668457031
849.400452      2590.2985839844
849.702026      2474.7792968750
850.003540      2439.2348632813
850.304993      2448.1210937500
850.606445      2510.3237304688
850.907776      2419.2412109375
851.209106      2545.8681640625
851.510315      2437.0134277344
851.811584      2512.5451660156
852.112671      2519.2097167969
852.413879      2383.6967773438
852.714844      2539.2036132813
853.015869      2510.3237304688
853.316833      2361.4814453125
853.617737      2421.4626464844
853.918579      2494.7729492188
854.219360      2390.3613281250
854.520142      2314.8295898438
854.820862      2379.2536621094
855.121399      2317.0510253906
855.421997      2394.8044433594
855.722595      2334.8232421875
856.023071      2321.4941406250
856.323486      2308.1650390625
856.623901      2368.1459960938
856.924255      2461.4501953125
857.224487      2310.3864746094
857.524719      2399.2475585938
857.824890      2328.1586914063
858.125000      2317.0510253906
858.425049      2510.3237304688
858.725098      2363.7031250000
859.025085      2323.7155761719
859.325012      2268.1774902344
859.624817      2365.9245605469
859.924683      2357.0385742188
860.224487      2314.8295898438
860.524170      2219.3039550781
860.823792      2299.2788085938
861.123474      2194.8671875000
861.422974      2259.2912597656
861.722412      2232.6330566406
862.021912      2337.0446777344
862.321350      2283.7280273438
862.620728      2239.2976074219
862.919983      2308.1650390625
863.219238      2334.8232421875
863.518433      2312.6079101563
863.817505      2190.4240722656
864.116638      2263.7343750000
864.415710      2250.4052734375
864.714722      2172.6518554688
865.013550      2181.5380859375
865.312439      2305.9433593750
865.611328      2179.3164062500
865.910156      2237.0761718750
866.208801      2323.7155761719
866.507507      2254.8483886719
866.806091      2139.3291015625
867.104614      2161.5441894531
867.403137      2185.9809570313
867.701660      2101.5629882813
868.000061      2110.4492187500
868.298401      2230.4116210938
868.596741      2197.0886230469
868.894958      2217.0822753906
869.193237      2128.2214355469
869.491333      2228.1899414063
869.789429      2121.5568847656
870.087524      2094.8984375000
870.385498      2177.0949707031
870.683411      2163.7658691406
870.981323      2152.6582031250
871.279236      2125.9997558594
871.576965      2210.4177246094
871.874695      2097.1201171875
872.172363      2154.8796386719
872.470032      2199.3100585938
872.767578      2132.6643066406
873.065125      2179.3164062500
873.362549      2101.5629882813
873.660034      2072.6831054688
873.957397      1979.3791503906
874.254700      2041.5819091797
874.552002      2152.6582031250
874.849182      2066.0185546875
875.146362      2168.2087402344
875.443481      2008.2590332031
875.740540      2106.0061035156
876.037476      2063.7971191406
876.334473      2023.8096923828
876.631348      2041.5819091797
876.928223      1921.6195068359
877.224976      2072.6831054688
877.521729      1977.1575927734
877.818420      2072.6831054688
878.115112      2019.3665771484
878.411621      1941.6132812500
878.708191      2030.4742431641
879.004700      2001.5943603516
879.301086      1970.4930419922
879.597473      1963.8284912109
879.893799      2114.8920898438
880.190063      2081.5693359375
880.486267      1983.8222656250
880.782471      1988.2652587891
881.078613      2037.1387939453
881.374695      1946.0562744141
881.670654      2021.5881347656
881.966614      2032.6958007813
882.262573      1914.9549560547
882.558350      2001.5943603516
882.854126      2063.7971191406
883.149902      2108.2275390625
883.445618      1972.7145996094
883.741211      1863.8598632813
884.036865      2028.2526855469
884.332336      2059.3540039063
884.627869      1950.4992675781
884.923218      1870.5244140625
885.218689      1899.4042968750
885.513977      1881.6320800781
885.809265      1841.6445312500
886.104492      1992.7082519531
886.399658      1979.3791503906
886.694763      2023.8096923828
886.989807      1890.5181884766
887.284790      1868.3028564453
887.579773      1888.2966308594
887.874695      1903.8472900391
888.169495      2021.5881347656
888.464355      1961.6069335938
888.759094      1979.3791503906
889.053772      1899.4042968750
889.348389      1852.7521972656
