0.124000
190.260635         0.0000000000
190.642441         0.0000000000
191.024216      1395.9852294922
191.405975      1434.1391601563
191.787704      1427.4061279297
192.169403      1454.3382568359
192.551071      1425.1617431641
192.932724      1474.5374755859
193.314331      1429.6505126953
193.695923      1458.8270263672
194.077499      1508.2026367188
194.459030      1535.1348876953
194.840546      1521.6688232422
195.222031      1501.4696044922
195.603485      1485.7591552734
195.984909      1528.4018554688
196.366302      1454.3382568359
196.747681      1463.3156738281
197.129028      1530.6462402344
197.510345      1434.1391601563
197.891647      1514.9357910156
198.272919      1458.8270263672
198.654175      1404.9626464844
199.035355      1479.0261230469
199.416550      1562.0670166016
199.797714      1517.1800537109
200.178848      1528.4018554688
200.559937      1550.8453369141
200.941025      1496.9809570313
201.322083      1508.2026367188
201.703079      1387.0078125000
202.084091      1530.6462402344
202.465057      1470.0487060547
202.845993      1517.1800537109
203.226898      1492.4921875000
203.607788      1465.5600585938
203.988647      1447.6052246094
204.369461      1476.7818603516
204.750275      1485.7591552734
205.131042      1492.4921875000
205.511795      1483.5148925781
205.892517      1395.9852294922
206.273209      1449.8496093750
206.653870      1470.0487060547
207.034515      1422.9173583984
207.415115      1485.7591552734
207.795700      1456.5826416016
208.176254      1488.0035400391
208.556778      1499.2253417969
208.937271      1416.1843261719
209.317749      1427.4061279297
209.698196      1416.1843261719
210.078613      1461.0714111328
210.459000      1413.9400634766
210.839371      1449.8496093750
211.219696      1447.6052246094
211.600006      1505.9583740234
211.980286      1488.0035400391
212.360535      1483.5148925781
212.740768      1463.3156738281
213.120956      1512.6914062500
213.501129      1449.8496093750
213.881256      1476.7818603516
214.261383      1463.3156738281
214.641464      1413.9400634766
215.021530      1523.9130859375
215.401550      1510.4470214844
215.781570      1463.3156738281
216.161530      1470.0487060547
216.541504      1465.5600585938
216.921402      1517.1800537109
217.301315      1479.0261230469
217.681152      1479.0261230469
218.061005      1514.9357910156
218.440811      1474.5374755859
218.820587      1436.3835449219
219.200348      1425.1617431641
219.580078      1470.0487060547
219.959763      1431.8947753906
220.339432      1474.5374755859
220.719070      1454.3382568359
221.098694      1463.3156738281
221.478271      1492.4921875000
221.857819      1452.0939941406
222.237366      1548.6009521484
222.616867      1384.7634277344
222.996338      1395.9852294922
223.375778      1472.2930908203
223.755188      1483.5148925781
224.134583      1456.5826416016
224.513947      1461.0714111328
224.893265      1436.3835449219
225.272583      1413.9400634766
225.651855      1499.2253417969
226.031097      1499.2253417969
226.410339      1496.9809570313
226.789520      1463.3156738281
227.168686      1434.1391601563
227.547806      1400.4738769531
227.926926      1429.6505126953
228.306015      1463.3156738281
228.685059      1463.3156738281
229.064087      1434.1391601563
229.443069      1472.2930908203
229.822037      1474.5374755859
230.200989      1492.4921875000
230.579895      1474.5374755859
230.958786      1463.3156738281
231.337631      1479.0261230469
231.716461      1501.4696044922
232.095261      1553.0897216797
232.474030      1508.2026367188
232.852783      1479.0261230469
233.231476      1458.8270263672
233.610184      1479.0261230469
233.988831      1514.9357910156
234.367462      1490.2479248047
234.746048      1431.8947753906
235.124649      1373.5417480469
235.503159      1467.8044433594
235.881683      1528.4018554688
236.260162      1474.5374755859
236.638641      1470.0487060547
237.017075      1499.2253417969
237.395477      1571.0444335938
237.773834      1488.0035400391
238.152176      1532.8905029297
238.530502      1429.6505126953
238.908783      1452.0939941406
239.287048      1411.6956787109
239.665268      1479.0261230469
240.043472      1402.7182617188
240.421661      1539.6235351563
240.799805      1461.0714111328
241.177902      1465.5600585938
241.556000      1400.4738769531
241.934052      1402.7182617188
242.312088      1445.3609619141
242.690094      1461.0714111328
243.068054      1521.6688232422
243.446014      1559.8227539063
243.823929      1467.8044433594
244.201813      1474.5374755859
244.579666      1443.1165771484
244.957504      1485.7591552734
245.335297      1537.3792724609
245.713074      1485.7591552734
246.090820      1490.2479248047
246.468536      1467.8044433594
246.846207      1434.1391601563
247.223862      1476.7818603516
247.601501      1492.4921875000
247.979095      1503.7139892578
248.356674      1488.0035400391
248.734222      1508.2026367188
249.111725      1411.6956787109
249.489212      1501.4696044922
249.866669      1434.1391601563
250.244095      1510.4470214844
250.621506      1492.4921875000
250.998871      1472.2930908203
251.376221      1456.5826416016
251.753510      1535.1348876953
252.130814      1499.2253417969
252.508057      1470.0487060547
252.885284      1494.7365722656
253.262466      1535.1348876953
253.639648      1537.3792724609
254.016769      1479.0261230469
254.393906      1494.7365722656
254.770966      1496.9809570313
255.148026      1465.5600585938
255.525040      1535.1348876953
255.902054      1546.3565673828
256.278992      1467.8044433594
256.655945      1488.0035400391
257.032837      1483.5148925781
257.409729      1456.5826416016
257.786591      1488.0035400391
258.163391      1512.6914062500
258.540161      1449.8496093750
258.916962      1505.9583740234
259.293701      1458.8270263672
259.670380      1519.4244384766
260.047058      1425.1617431641
260.423706      1445.3609619141
260.800323      1490.2479248047
261.176880      1494.7365722656
261.553436      1425.1617431641
261.929962      1537.3792724609
262.306488      1499.2253417969
262.682953      1508.2026367188
263.059387      1485.7591552734
263.435791      1496.9809570313
263.812195      1530.6462402344
264.188507      1553.0897216797
264.564850      1505.9583740234
264.941132      1438.6278076172
265.317413      1470.0487060547
265.693634      1481.2705078125
266.069885      1461.0714111328
266.446045      1413.9400634766
266.822174      1503.7139892578
267.198273      1494.7365722656
267.574371      1447.6052246094
267.950439      1447.6052246094
268.326447      1496.9809570313
268.702454      1443.1165771484
269.078430      1479.0261230469
269.454376      1501.4696044922
269.830292      1528.4018554688
270.206146      1510.4470214844
270.582001      1476.7818603516
270.957825      1523.9130859375
271.333618      1514.9357910156
271.709381      1555.3339843750
272.085144      1532.8905029297
272.460815      1526.1574707031
272.836487      1584.5106201172
273.212128      1463.3156738281
273.587769      1528.4018554688
273.963348      1526.1574707031
274.338898      1418.4287109375
274.714447      1512.6914062500
275.089935      1431.8947753906
275.465393      1512.6914062500
275.840820      1550.8453369141
276.216278      1440.8721923828
276.591644      1530.6462402344
276.966949      1449.8496093750
277.342285      1440.8721923828
277.717590      1496.9809570313
278.092834      1521.6688232422
278.468048      1479.0261230469
278.843262      1503.7139892578
279.218445      1461.0714111328
279.593567      1494.7365722656
279.968658      1463.3156738281
280.343781      1407.2070312500
280.718811      1490.2479248047
281.093842      1535.1348876953
281.468811      1501.4696044922
281.843781      1571.0444335938
282.218719      1564.3114013672
282.593628      1541.8679199219
282.968506      1496.9809570313
283.343353      1508.2026367188
283.718170      1517.1800537109
284.092896      1425.1617431641
284.467682      1400.4738769531
284.842407      1492.4921875000
285.217102      1467.8044433594
285.591766      1541.8679199219
285.966400      1488.0035400391
286.340973      1463.3156738281
286.715576      1472.2930908203
287.090118      1485.7591552734
287.464630      1425.1617431641
287.839081      1496.9809570313
288.213562      1544.1123046875
288.587982      1541.8679199219
288.962372      1427.4061279297
289.336731      1470.0487060547
289.711060      1494.7365722656
290.085327      1530.6462402344
290.459625      1496.9809570313
290.833862      1593.4879150391
291.208069      1559.8227539063
291.582275      1523.9130859375
291.956421      1499.2253417969
292.330505      1588.9992675781
292.704620      1454.3382568359
293.078705      1476.7818603516
293.452698      1550.8453369141
293.826691      1523.9130859375
294.200684      1523.9130859375
294.574615      1485.7591552734
294.948517      1526.1574707031
295.322388      1472.2930908203
295.696259      1537.3792724609
296.070068      1505.9583740234
296.443848      1407.2070312500
296.817596      1472.2930908203
297.191345      1472.2930908203
297.565063      1472.2930908203
297.938690      1532.8905029297
298.312317      1595.7322998047
298.685913      1496.9809570313
299.059540      1535.1348876953
299.433044      1568.8001708984
299.806549      1528.4018554688
300.180054      1523.9130859375
300.553528      1564.3114013672
300.926910      1510.4470214844
301.300323      1553.0897216797
301.673676      1564.3114013672
302.046997      1597.9766845703
302.420319      1604.7097167969
302.793579      1602.4653320313
303.166809      1555.3339843750
303.540039      1669.7957763672
303.913208      1660.8184814453
304.286377      1663.0627441406
304.659454      1777.5246582031
305.032593      1795.4793701172
305.405609      1777.5246582031
305.778656      1905.4525146484
306.151611      1826.9002685547
306.524597      1840.3663330078
306.897522      1959.3168945313
307.270416      1941.3620605469
307.643280      1997.4708251953
308.016144      2017.6699218750
308.388916      2082.7561035156
308.761749      2031.1361083984
309.134460      2100.7109375000
309.507202      2076.0229492188
309.879913      2206.1953125000
310.252563      2239.8605957031
310.625153      2278.0144042969
310.997742      2538.3588867188
311.370361      2578.7573242188
311.742859      2614.6667480469
312.115356      2558.5581054688
312.487823      2639.3547363281
312.860291      2652.8208007813
313.232697      2796.4592285156
313.605042      2850.3234863281
313.977386      2803.1921386719
314.349731      2928.8757324219
314.721985      2908.6765136719
315.094269      3083.7358398438
315.466492      3041.0932617188
315.838684      3204.9306640625
316.210846      3173.5097656250
316.582977      3397.9448242188
316.955048      3617.8908691406
317.327148      3920.8781738281
317.699158      3941.0771484375
318.071167      3905.1677246094
318.443176      3714.3979492188
318.815125      3914.1450195313
319.187012      3918.6337890625
319.558868      4003.9189453125
319.930756      4006.1633300781
320.302582      4174.4897460938
320.674347      4246.3085937500
321.046112      4237.3315429688
321.417847      4201.4218750000
321.789581      4199.1772460938
322.161224      4071.2495117188
322.532867      4120.6250000000
322.904419      4264.2636718750
323.276031      4273.2407226563
323.647583      4371.9921875000
324.019073      4811.8847656250
324.390533      4917.3691406250
324.762024      5047.5415039063
325.133423      5101.4057617188
325.504791      5274.2207031250
325.876129      5799.3984375000
326.247467      6093.4082031250
326.618774      6317.8432617188
326.990021      6064.2314453125
327.361237      6373.9516601563
327.732452      6252.7568359375
328.103607      6228.0693359375
328.474731      6297.6440429688
328.845825      6430.0605468750
329.216919      6836.2875976563
329.587952      7172.9399414063
329.958954      7316.5786132813
330.329926      7114.5869140625
330.700867      6908.1069335938
331.071808      6910.3510742188
331.442688      6908.1069335938
331.813507      6856.4868164063
332.184357      7036.0346679688
332.555115      7092.1435546875
332.925873      6984.4150390625
333.296570      7058.4785156250
333.667267      6908.1069335938
334.037994      6809.3554687500
334.408600      7269.4472656250
334.779144      7383.9091796875
335.149750      7316.5786132813
335.520294      7280.6689453125
335.890778      6995.6367187500
336.261230      6813.8442382813
336.631683      6562.4770507813
337.002106      6701.6269531250
337.372498      6818.3330078125
337.742798      7148.2524414063
338.113129      7365.9541015625
338.483429      7523.0585937500
338.853668      7545.5019531250
339.223907      7929.2856445313
339.594086      7812.5795898438
339.964233      8164.9423828125
340.334381      8470.1738281250
340.704437      8225.5400390625
341.074493      8138.0102539063
341.444519      8216.5625000000
341.814545      8028.0371093750
342.184509      8230.0283203125
342.554413      8286.1376953125
342.924347      8488.1289062500
343.294220      8490.3730468750
343.664032      8218.8066406250
344.033813      7657.7197265625
344.403595      7489.3935546875
344.773346      7597.1220703125
345.143036      8250.2275390625
345.512695      8548.7265625000
345.882385      8524.0380859375
346.251984      8474.6630859375
346.621552      8797.8486328125
346.991089      8923.5322265625
347.360626      8726.0302734375
347.730103      8463.4414062500
348.099548      8699.0976562500
348.468964      8743.9843750000
348.838379      8638.5000000000
349.207764      8773.1611328125
349.577057      8874.1572265625
349.946320      9352.2031250000
350.315582      9850.4492187500
350.684845     10003.0644531250
351.054047      9507.0634765625
351.423157      9520.5292968750
351.792328      9493.5976562500
352.161438      9435.2441406250
352.530487      9284.8730468750
352.899506      9435.2441406250
353.268524     10029.9970703125
353.637512     10501.3105468750
354.006409     10900.8046875000
354.375336     10835.7177734375
354.744232     10943.4472656250
355.113068     10860.4062500000
355.481873     10460.9121093750
355.850616     10386.8486328125
356.219391      9991.8427734375
356.588135      9361.1806640625
356.956818      8885.3789062500
357.325470      8512.8164062500
357.694031      8750.7177734375
358.062653      8335.5126953125
358.431213      8108.8339843750
358.799713      8353.4677734375
359.168182      9576.6386718750
359.536652     10243.2099609375
359.905090     10786.3427734375
360.273438     10674.1250000000
360.641785     10332.9843750000
361.010132     10021.0195312500
361.378448     10095.0830078125
361.746704     10050.1962890625
362.114899     10442.9570312500
362.483124     10813.2744140625
362.851288     11425.9824218750
363.219421     11374.3623046875
363.587463     11504.5341796875
363.955566     11874.8515625000
364.323608     12067.8662109375
364.691589     11845.6757812500
365.059540     12177.8388671875
365.427490     13001.5156250000
365.795410     13510.9824218750
366.163269     14022.6943359375
366.531067     14110.2236328125
366.898895     14208.9746093750
367.266693     14067.5810546875
367.634430     13885.7890625000
368.002106     13703.9960937500
368.369812     13459.3623046875
368.737457     13311.2353515625
369.105042     13495.2724609375
369.472595     14094.5136718750
369.840149     14451.3652343750
370.207672     14229.1738281250
370.575134     13879.0556640625
370.942566     13313.4794921875
371.309998     13807.2363281250
371.677399     13937.4091796875
372.044708     13176.5742187500
372.411987     13030.6914062500
372.779297     12997.0263671875
373.146576     12467.3603515625
373.513794     11832.2089843750
373.880951     11764.8789062500
374.248077     11623.4843750000
374.615204     11904.0283203125
374.982300     11982.5810546875
375.349365     12698.5283203125
375.716339     13470.5839843750
376.083374     13585.0458984375
376.450317     13917.2099609375
376.817230     14258.3505859375
377.184082     15088.7597656250
377.550964     15905.7031250000
377.917786     16536.3652343750
378.284576     16738.3574218750
378.651306     16161.5585937500
379.018036     15344.6162109375
379.384735     14633.1572265625
379.751373     14184.2871093750
380.117981     14507.4736328125
380.484589     15196.4882812500
380.851166     15306.4619140625
381.217651     14974.2978515625
381.584137     14049.6259765625
381.950623     12669.3515625000
382.317017     11836.6982421875
382.683411     10860.4062500000
383.049774     10584.3505859375
383.416107     10348.6943359375
383.782410     10640.4599609375
384.148651     11479.8466796875
384.514832     12779.3242187500
384.881042     13744.3945312500
385.247223     13762.3496093750
385.613342     13764.5937500000
385.979401     13506.4941406250
386.345459     13730.9287109375
386.711517     14125.9345703125
387.077484     14139.4003906250
387.443420     13989.0292968750
387.809357     14022.6943359375
388.175262     14110.2236328125
388.541107     13923.9423828125
388.906891     14502.9843750000
389.272705     15535.3857421875
389.638489     16731.6230468750
390.004211     16938.1035156250
390.369873     17214.1582031250
390.735535     17532.8554687500
391.101196     18001.9257812500
391.466766     18327.3554687500
391.832336     17761.7792968750
392.197815     16513.9218750000
392.563324     14314.4589843750
392.928802     12222.7255859375
393.294189     10638.2158203125
393.659607     10328.4951171875
394.024963     11827.7207031250
394.390289     13374.0771484375
394.755554     15690.2451171875
395.120789     16828.1308593750
395.486023     17597.9433593750
395.851227     16659.8046875000
396.216370     15259.3300781250
396.581482     12958.8720703125
396.946564     12175.5947265625
397.311646     13169.8417968750
397.676636     15477.0322265625
398.041626     18064.7675781250
398.406586     20160.9882812500
398.771515     21846.4960937500
399.136383     22829.5195312500
399.501221     23197.5937500000
399.866058     23482.6269531250
400.230865     23951.6953125000
400.595581     24411.7871093750
400.960297     24595.8242187500
401.324982     24885.3437500000
401.689636     25861.6367187500
402.054230     25886.3242187500
402.418793     25700.0429687500
402.783356     25634.9570312500
403.147919     25291.5722656250
403.512360     25125.4902343750
403.876770     25679.8437500000
404.241211     25239.9511718750
404.605621     25298.3046875000
404.969910     25174.8652343750
405.334229     25801.0390625000
405.698517     25230.9746093750
406.062775     24853.9238281250
406.426971     24472.3847656250
406.791107     24734.9726562500
407.155273     25044.6933593750
407.519379     25190.5761718750
407.883484     25729.2187500000
408.247498     26025.4746093750
408.611481     26891.7929687500
408.975464     27248.6445312500
409.339417     27172.3359375000
409.703308     26243.1757812500
410.067169     25114.2675781250
410.431030     25062.6484375000
410.794800     25527.2285156250
411.158569     27170.0917968750
411.522278     27933.1699218750
411.885986     27935.4140625000
412.249664     28462.8378906250
412.613312     28045.3886718750
412.976868     27639.1601562500
413.340454     27737.9121093750
413.703979     27921.9492187500
414.067474     27657.1152343750
414.430908     27908.4824218750
414.794342     28114.9628906250
415.157745     28254.1132812500
415.521088     28189.0273437500
415.884369     28211.4707031250
416.247711     28844.3769531250
416.610931     28610.9648437500
416.974152     28462.8378906250
417.337341     27710.9804687500
417.700500     27203.7578125000
418.063629     27347.3945312500
418.426697     27390.0390625000
418.789703     27098.2734375000
419.152740     27627.9394531250
419.515717     27066.8515625000
419.878662     27722.2011718750
420.241577     27293.5312500000
420.604431     27668.3378906250
420.967285     28101.4960937500
421.330109     28864.5761718750
421.692841     28568.3222656250
422.055603     28532.4121093750
422.418335     27517.9667968750
422.780975     27203.7578125000
423.143585     27087.0507812500
423.506226     26826.7070312500
423.868774     27383.3046875000
424.231293     28189.0273437500
424.593811     28018.4550781250
424.956238     27695.2695312500
425.318665     27434.9257812500
425.681091     27502.2558593750
426.043427     27430.4355468750
426.405731     27304.7519531250
426.768036     27084.8066406250
427.130310     26433.9453125000
427.492493     26297.0410156250
427.854675     26591.0507812500
428.216858     26597.7832031250
428.578979     26151.1582031250
428.941040     25722.4863281250
429.303040     24880.8554687500
429.665070     23424.2734375000
430.027069     22400.8496093750
430.389008     21307.8515625000
430.750885     20937.5332031250
431.112762     22030.5312500000
431.474640     24162.6640625000
431.836395     26429.4570312500
432.198181     27306.9980468750
432.559937     27663.8496093750
432.921600     27780.5546875000
433.283264     28507.7246093750
433.644867     27587.5410156250
434.006500     27185.8027343750
434.368073     26846.9062500000
434.729553     27668.3378906250
435.091034     28359.5976562500
435.452515     29178.7851562500
435.813934     29944.1074218750
436.175293     30823.8925781250
436.536621     31034.8613281250
436.897949     30866.5351562500
437.259277     30240.3613281250
437.620483     29558.0800781250
437.981659     28581.7871093750
438.342865     28027.4335937500
438.704010     27652.6269531250
439.065125     28319.1992187500
439.426178     28855.5976562500
439.787201     29418.9296875000
440.148224     29488.5039062500
440.509186     29712.9394531250
440.870087     30464.7968750000
441.230988     30949.5761718750
441.591858     31829.3613281250
441.952667     31382.7363281250
442.313416     31566.7714843750
442.674194     32168.2578125000
443.034912     32242.3203125000
443.395630     32195.1894531250
443.756226     32587.9511718750
444.116852     32451.0449218750
444.477417     32172.7460937500
444.837982     31804.6738281250
445.198456     32015.6425781250
445.558960     31759.7851562500
445.919403     31535.3515625000
446.279816     31647.5683593750
446.640106     31771.0078125000
447.000458     32293.9414062500
447.360779     33238.8125000000
447.721039     33153.5273437500
448.081207     33328.5859375000
448.441406     32774.2304687500
448.801575     34132.0625000000
449.161713     33575.4648437500
449.521759     33351.0312500000
449.881805     34405.8750000000
450.241852     34558.4882812500
450.601837     34937.7851562500
450.961792     35658.2226562500
451.321655     35301.3710937500
451.681549     34358.7421875000
452.041382     34022.0898437500
452.401184     33891.9179687500
452.760895     32275.9863281250
453.120636     31685.7226562500
453.480347     31865.2714843750
453.840027     32392.6933593750
454.199585     32289.4531250000
454.559174     32693.4355468750
454.918762     32448.8007812500
455.278290     32269.2539062500
455.637726     32832.5859375000
455.997162     32879.7148437500
456.356598     33687.6835937500
456.715973     33220.8593750000
457.075287     33734.8125000000
457.434570     33535.0664062500
457.793854     32953.7812500000
458.153107     33077.2187500000
458.512268     32334.3398437500
458.871429     33065.9960937500
459.230560     33270.2343750000
459.589661     32713.6347656250
459.948639     32446.5566406250
460.307678     32614.8828125000
460.666687     33182.7031250000
461.025635     33649.5273437500
461.384491     34046.7773437500
461.743378     33721.3476562500
462.102264     34764.9687500000
462.461060     34183.6835937500
462.819794     34455.2500000000
463.178497     34726.8164062500
463.537231     34515.8476562500
463.895905     34659.4843750000
464.254456     33961.4921875000
464.613068     33544.0429687500
464.971649     33763.9882812500
465.330170     33914.3632812500
465.688568     34749.2578125000
466.047028     34762.7265625000
466.405457     34336.3007812500
466.763855     34327.3203125000
467.122192     34650.5078125000
467.480438     35431.5429687500
467.838715     34852.5000000000
468.196960     35862.4570312500
468.555176     35745.7500000000
468.913269     36827.5273437500
469.271393     36235.0195312500
469.629486     36706.3320312500
469.987549     36331.5273437500
470.345520     36214.8203125000
470.703491     36699.5976562500
471.061462     36739.9960937500
471.419342     38113.5390625000
471.777191     38782.3554687500
472.135040     39906.7734375000
472.492828     40297.2890625000
472.850586     40102.0312500000
473.208282     40108.7656250000
473.565979     40465.6171875000
473.923615     41594.5234375000
474.281281     41186.0546875000
474.638794     42501.2421875000
474.996338     42454.1093750000
475.353851     42905.2226562500
475.711334     43376.5390625000
476.068726     43064.5742187500
476.426117     43677.2812500000
476.783478     43556.0859375000
477.140808     45102.4414062500
477.498077     45735.3476562500
477.855316     46172.9960937500
478.212555     46287.4570312500
478.569763     46498.4257812500
478.926819     47297.4140625000
479.283936     47652.0234375000
479.641022     47932.5664062500
479.998077     48592.4062500000
480.355011     49207.3554687500
480.711975     49045.7656250000
481.068939     49467.7031250000
481.425842     49916.5703125000
481.782623     50390.1289062500
482.139435     50385.6406250000
482.496216     50791.8671875000
482.852966     50672.9179687500
483.209717     51034.2578125000
483.566315     50850.2226562500
483.922943     50973.6601562500
484.279572     50886.1289062500
484.636139     50423.7929687500
484.992615     50567.4335937500
485.349121     49647.2500000000
485.705566     47739.5507812500
486.062012     45946.3164062500
486.418304     45816.1445312500
486.774689     46879.9687500000
487.130981     48107.6250000000
487.487274     49514.8320312500
487.843445     49898.6171875000
488.199615     50746.9804687500
488.555786     50722.2929687500
488.911957     51038.7460937500
489.267975     51689.6054687500
489.624023     52524.5039062500
489.980042     52953.1757812500
490.336029     53132.7226562500
490.691925     53009.2851562500
491.047821     52775.8710937500
491.403687     52154.1875000000
491.759521     52116.0351562500
492.115265     51905.0664062500
492.471008     51914.0429687500
492.826752     52082.3671875000
493.182434     52818.5156250000
493.538025     52814.0273437500
493.893646     52867.8906250000
494.249207     53204.5429687500
494.604736     53808.2734375000
494.960205     53974.3554687500
495.315674     53606.2812500000
495.671082     53327.9804687500
496.026489     53700.5429687500
496.381775     53864.3828125000
496.737091     54061.8828125000
497.092377     54055.1523437500
497.447632     53666.8789062500
497.802795     53615.2578125000
498.157959     52845.4453125000
498.513062     52704.0546875000
498.868195     52921.7539062500
499.223175     53684.8320312500
499.578217     53543.4414062500
499.933167     53247.1875000000
500.288116     52773.6289062500
500.643036     52396.5781250000
500.997833     52091.3476562500
501.352692     51985.8632812500
501.707489     51633.5000000000
502.062225     52338.2226562500
502.416901     52140.7226562500
502.771606     52508.7929687500
503.126221     52551.4375000000
503.480865     52542.4609375000
503.835358     51629.0117187500
504.189941     51857.9335937500
504.544434     52416.7773437500
504.898865     52553.6835937500
505.253265     53357.1601562500
505.607635     53821.7382812500
505.961975     53776.8515625000
506.316315     53819.4960937500
506.670532     53296.5625000000
507.024750     53352.6718750000
507.378967     52780.3593750000
507.733154     52683.8554687500
508.087189     52656.9218750000
508.441315     52522.2617187500
508.795349     53372.8710937500
509.149353     53260.6523437500
509.503265     53332.4726562500
509.857208     53040.7070312500
510.211121     53274.1171875000
510.565002     53132.7226562500
510.918762     53278.6054687500
511.272583     53424.4882812500
511.626312     53682.5898437500
511.980042     53525.4843750000
512.333618     53018.2617187500
512.687256     52867.8906250000
513.040894     52636.7226562500
513.394470     52766.8945312500
513.747925     52109.3007812500
514.101440     52113.7890625000
514.454895     52111.5468750000
514.808289     51947.7070312500
515.161621     52549.1914062500
515.514893     52367.4023437500
515.868225     51936.4843750000
516.221497     50823.2890625000
516.574707     49422.8164062500
516.927856     48266.9765625000
517.281006     48201.8867187500
517.634155     48913.3476562500
517.987183     48926.8125000000
518.340210     48334.3046875000
518.693237     49348.7500000000
519.046204     49952.4804687500
519.399048     50955.7070312500
519.751892     51090.3671875000
520.104736     51449.4609375000
520.457520     51700.8281250000
520.810364     51664.9179687500
521.163025     51979.1289062500
521.515686     52324.7578125000
521.868408     52553.6835937500
522.221008     51979.1289062500
522.573547     51938.7304687500
522.926086     51453.9492187500
523.278625     51599.8320312500
523.631042     52392.0898437500
523.983459     52825.2500000000
524.335815     52984.5976562500
524.688171     52973.3750000000
525.040527     52793.8281250000
525.392761     52708.5429687500
525.744934     52461.6640625000
526.097168     51763.6718750000
526.449341     50452.9726562500
526.801453     49660.7148437500
527.153503     50116.3203125000
527.505554     50556.2109375000
527.857544     50942.2382812500
528.209534     51642.4765625000
528.561462     52046.4570312500
528.913330     52735.4726562500
529.265198     52706.2968750000
529.617004     52621.0117187500
529.968750     52347.2031250000
530.320496     52623.2578125000
530.672180     52791.5820312500
531.023804     52919.5117187500
531.375488     53132.7226562500
531.727051     52784.8515625000
532.078613     51741.2265625000
532.430115     51707.5625000000
532.781555     50996.1015625000
533.132996     50672.9179687500
533.484375     51218.2929687500
533.835815     51005.0820312500
534.187073     51189.1171875000
534.538330     51274.4023437500
534.889587     51386.6210937500
535.240784     51494.3476562500
535.591919     52021.7695312500
535.942993     51743.4726562500
536.294128     51631.2539062500
536.645203     51166.6757812500
536.996155     50506.8359375000
537.347107     50643.7421875000
537.698120     50892.8632812500
538.049011     50812.0664062500
538.399841     50926.5273437500
538.750610     50628.0312500000
539.101440     50605.5859375000
539.452209     49889.6406250000
539.802856     49743.7578125000
540.153503     49418.3242187500
540.504150     49202.8671875000
540.854736     49050.2539062500
541.205261     49068.2070312500
541.555786     49449.7460937500
541.906250     49820.0664062500
542.256714     50311.5781250000
542.607056     49844.7539062500
542.957458     50351.9765625000
543.307739     50367.6875000000
543.658020     50461.9492187500
544.008240     50502.3476562500
544.358398     50309.3320312500
544.708618     50753.7148437500
545.058777     50040.0117187500
545.408813     50432.7734375000
545.758850     50217.3125000000
546.108887     50313.8203125000
546.458862     50226.2929687500
546.808716     50367.6875000000
547.158691     49535.0312500000
547.508545     49308.3515625000
547.858337     49315.0859375000
548.208069     49297.1328125000
548.557800     49499.1210937500
548.907532     49505.8554687500
549.257202     49604.6054687500
549.606812     49357.7265625000
549.956360     49375.6835937500
550.305908     49297.1328125000
550.655457     49267.9531250000
551.004883     48908.8593750000
551.354309     49003.1210937500
551.703674     48949.2578125000
552.053040     48947.0117187500
552.402405     49301.6210937500
552.751587     48424.0781250000
553.100830     48170.4687500000
553.450012     48812.3515625000
553.799255     48462.2343750000
554.148254     48718.0898437500
554.497375     48610.3593750000
554.846436     48446.5234375000
555.195435     48653.0039062500
555.544373     47901.1445312500
555.893250     48338.7929687500
556.242188     47748.5312500000
556.591003     47279.4609375000
556.939758     46870.9882812500
557.288574     46592.6914062500
557.637268     46774.4843750000
557.985962     46601.6679687500
558.334595     46159.5312500000
558.683228     45405.4296875000
559.031799     45441.3398437500
559.380310     45542.3359375000
559.728760     45255.0585937500
560.077209     45569.2656250000
560.425659     45876.7421875000
560.774048     45914.8984375000
561.122314     46390.6992187500
561.470581     45672.5078125000
561.818909     45490.7148437500
562.167114     45360.5429687500
562.515259     45286.4804687500
562.863342     45688.2187500000
563.211487     45358.2968750000
563.559570     44734.3671875000
563.907532     45136.1093750000
564.255554     45203.4375000000
564.603455     44447.0937500000
564.951355     44801.6992187500
565.299255     44233.8789062500
565.647095     43843.3632812500
565.994812     43315.9414062500
566.342590     43482.0234375000
566.690308     44020.6679687500
567.037903     43441.6250000000
567.385620     43643.6171875000
567.733154     43297.9843750000
568.080750     43089.2617187500
568.428162     42095.0156250000
568.775696     42135.4140625000
569.123108     41765.0937500000
569.470520     42092.7695312500
569.817810     41673.0781250000
570.165161     41331.9375000000
570.512451     40800.0234375000
570.859680     40681.0742187500
571.206787     40445.4179687500
571.554016     40683.3203125000
571.901062     40835.9335937500
572.248169     40941.4179687500
572.595154     41262.3593750000
572.942200     41394.7773437500
573.289124     41392.5312500000
573.636047     41246.6484375000
573.982849     41129.9453125000
574.329712     41340.9140625000
574.676514     40351.1562500000
575.023315     40609.2539062500
575.369995     40030.2148437500
575.716675     39630.7187500000
576.063293     39428.7265625000
576.409912     39592.5664062500
576.756409     39868.6210937500
577.102966     39529.7226562500
577.449402     39888.8203125000
577.795898     39150.4296875000
578.142273     38658.9140625000
578.488647     38611.7851562500
578.834961     38824.9960937500
579.181213     39013.5234375000
579.527405     39163.8945312500
579.873596     38822.7539062500
580.219788     38562.4101562500
580.565918     38984.3476562500
580.911926     39186.3359375000
581.258057     38957.4140625000
581.604065     39612.7656250000
581.949951     39202.0468750000
582.295898     39525.2343750000
582.641724     39356.9101562500
582.987610     38921.5039062500
583.333435     39105.5429687500
583.679199     39475.8593750000
584.024902     38890.0820312500
584.370544     39038.2109375000
584.716187     38407.5468750000
585.061829     38394.0820312500
585.407349     37615.2929687500
585.752869     37579.3828125000
586.098328     37413.3007812500
586.443787     37568.1601562500
586.789124     37619.7812500000
587.134521     37101.3359375000
587.479858     37007.0742187500
587.825134     36441.5000000000
588.170288     35840.0117187500
588.515564     34834.5429687500
588.860657     33068.2421875000
589.205872     32412.8925781250
589.550842     32222.1210937500
589.895935     32325.3613281250
590.240906     32682.2128906250
590.585876     33261.2539062500
590.930786     33360.0078125000
591.275635     33425.0937500000
591.620483     33447.5351562500
591.965271     33023.3554687500
592.310059     33328.5859375000
592.654724     33602.3984375000
592.999451     33714.6132812500
593.344055     33916.6054687500
593.688660     33748.2812500000
594.033203     33537.3125000000
594.377686     32718.1230468750
594.722229     32475.7343750000
595.066528     32623.8613281250
595.411011     32776.4765625000
595.755371     32908.8945312500
596.099670     32987.4453125000
596.443848     33180.4609375000
596.788147     33202.9023437500
597.132324     33119.8632812500
597.476501     32695.6796875000
597.820618     32639.5703125000
598.164612     32590.1953125000
598.508667     32915.6250000000
598.852661     32828.0976562500
599.196655     32648.5488281250
599.540466     32457.7792968750
599.884338     32666.5039062500
600.228210     32415.1367187500
600.571960     32587.9511718750
600.915710     32888.6953125000
601.259460     32439.8242187500
601.603088     32278.2304687500
601.946716     32208.6562500000
602.290283     32123.3710937500
602.633850     32293.9414062500
602.977295     32282.7187500000
603.320801     32697.9238281250
603.664124     32834.8281250000
604.007568     32536.3300781250
604.350952     32763.0097656250
604.694214     33223.1015625000
605.037415     32439.8242187500
605.380676     32469.0000000000
605.723816     32311.8964843750
606.066956     32125.6152343750
606.410034     32399.4257812500
606.753052     32307.4082031250
607.096130     32026.8632812500
607.439087     32132.3476562500
607.781921     32062.7734375000
608.124878     31638.5917968750
608.467712     31472.5097656250
608.810547     31793.4511718750
609.153259     31241.3417968750
609.495972     31234.6074218750
609.838684     31441.0878906250
610.181335     31050.5722656250
610.523865     31591.4589843750
610.866516     31600.4375000000
611.209045     32029.1074218750
611.551453     31878.7363281250
611.893921     31429.8671875000
612.236267     31048.3281250000
612.578674     30972.0195312500
612.920959     30660.0546875000
613.263306     30689.2324218750
613.605469     29849.8457031250
613.947632     30020.4160156250
614.289795     29811.6914062500
614.631958     29632.1425781250
614.973938     29416.6855468750
615.315979     29237.1367187500
615.657959     29239.3828125000
615.999939     28566.0761718750
616.341858     28316.9550781250
616.683716     28108.2304687500
617.025513     28175.5605468750
617.367310     28292.2656250000
617.708984     28146.3847656250
618.050720     28435.9042968750
618.392395     28465.0820312500
618.734070     28195.7597656250
619.075500     27962.3476562500
619.417114     28052.1210937500
619.758606     28489.7695312500
620.100098     28393.2617187500
620.441467     28568.3222656250
620.782776     28126.1855468750
621.124146     27695.2695312500
621.465393     27892.7714843750
621.806641     27289.0429687500
622.147888     27612.2285156250
622.489014     27156.6250000000
622.830139     27385.5488281250
623.171204     26990.5449218750
623.512207     26954.6347656250
623.853271     26440.6777343750
624.194214     26366.6152343750
624.535095     25940.1894531250
624.875916     26169.1113281250
625.216797     25888.5683593750
625.557617     25926.7226562500
625.898315     25639.4453125000
626.239075     25507.0292968750
626.579712     25574.3593750000
626.920349     25374.6132812500
627.260864     25190.5761718750
627.601440     24912.2773437500
627.941895     24622.7558593750
628.282410     24185.1074218750
628.622803     24396.0761718750
628.963135     24427.4980468750
629.303528     24324.2578125000
629.643799     23922.5195312500
629.984070     23626.2636718750
630.324219     24025.7578125000
630.664429     24461.1621093750
631.004517     24194.0839843750
631.344604     23915.7851562500
631.684631     23884.3652343750
632.024597     24099.8222656250
632.364624     23857.4316406250
632.704529     23834.9882812500
633.044373     24075.1347656250
633.384155     23451.2050781250
633.723999     23561.1777343750
634.063782     23518.5351562500
634.403442     23619.5312500000
634.743042     23195.3496093750
635.082764     23632.9980468750
635.422302     23213.3046875000
635.761841     23388.3632812500
636.101318     23489.3593750000
636.440796     23195.3496093750
636.780212     23190.8613281250
637.119507     23134.7519531250
637.458862     23264.9238281250
637.798157     23401.8300781250
638.137451     23038.2441406250
638.476563     22966.4257812500
638.815735     22782.3886718750
639.154907     22894.6074218750
639.494019     22777.9003906250
639.833008     22490.6230468750
640.171997     22506.3339843750
640.510925     22263.9453125000
640.849854     22726.2812500000
641.188660     22331.2753906250
641.527527     22091.1289062500
641.866333     21996.8671875000
642.205078     22275.1660156250
642.543762     21920.5585937500
642.882446     22077.6640625000
643.221008     21862.2050781250
643.559570     21765.6992187500
643.898071     21615.3281250000
644.236572     21705.1015625000
644.575073     21604.1054687500
644.913452     21758.9667968750
645.251831     21381.9160156250
645.590149     21233.7890625000
645.928406     21253.9882812500
646.266602     20564.9726562500
646.604858     20410.1113281250
646.942932     20333.8046875000
647.281128     20035.3066406250
647.619141     19813.1152343750
647.957214     19734.5625000000
648.295166     19849.0253906250
648.633057     19779.4492187500
648.970947     19550.5253906250
649.308838     19294.6699218750
649.646606     19561.7480468750
649.984436     19052.2812500000
650.322144     19745.7851562500
650.659851     20071.2148437500
650.997498     19590.9238281250
651.335022     19485.4394531250
651.672607     19258.7617187500
652.010132     19261.0058593750
652.347595     19247.5390625000
652.684998     19420.3535156250
653.022461     19265.4941406250
653.359802     19700.8984375000
653.697021     19489.9296875000
654.034302     19510.1289062500
654.371521     19112.8789062500
654.708740     18982.7050781250
655.045837     18773.9804687500
655.382935     18336.3339843750
655.719971     17692.2050781250
656.057007     16758.5566406250
656.393921     16713.6679687500
656.730835     16720.4023437500
657.067749     17149.0722656250
657.404602     17431.8613281250
657.741333     17840.3320312500
658.078064     17918.8847656250
658.414795     17977.2382812500
658.751465     17878.4863281250
659.088074     18143.3183593750
659.424683     18381.2207031250
659.761230     17966.0156250000
660.097717     18421.6191406250
660.434143     18394.6855468750
660.770569     18336.3339843750
661.106934     18410.3964843750
661.443298     18457.5273437500
661.779541     18345.3105468750
662.115784     18515.8808593750
662.451965     18367.7539062500
662.788086     18347.5546875000
663.124268     18188.2070312500
663.460266     17842.5761718750
663.796265     18246.5585937500
664.132324     18010.9023437500
664.468201     17894.1972656250
664.804077     17707.9160156250
665.139954     17784.2226562500
665.475769     17548.5664062500
665.811523     17903.1738281250
666.147278     17624.8750000000
666.482971     17606.9199218750
666.818542     17386.9726562500
667.154236     17458.7929687500
667.489685     17153.5605468750
667.825195     17411.6621093750
668.160706     17360.0410156250
668.496094     17232.1132812500
668.831421     17202.9375000000
669.166809     17243.3359375000
669.502136     17167.0273437500
669.837402     17034.6113281250
670.172546     16917.9042968750
670.507751     16837.1074218750
670.842834     16742.8457031250
671.177917     16347.8398437500
671.512878     16320.9072265625
671.847961     16388.2382812500
672.182861     16197.4687500000
672.517761     16525.1425781250
672.852600     16603.6953125000
673.187439     16190.7353515625
673.522217     16455.5683593750
673.856934     16065.0517578125
674.191650     16004.4541015625
674.526306     15842.8613281250
674.860901     15854.0830078125
675.195435     15712.6894531250
675.529968     15728.3994140625
675.864441     15703.7119140625
676.198853     15739.6210937500
676.533264     15521.9189453125
676.867554     15275.0410156250
677.201843     15699.2226562500
677.536133     15465.8105468750
677.870361     15613.9375000000
678.204529     15261.5751953125
678.538635     15108.9589843750
678.872742     15178.5341796875
679.206787     15077.5380859375
679.540710     15165.0673828125
679.874695     15084.2714843750
680.208618     14960.8320312500
680.542480     14570.3154296875
680.876282     14803.7275390625
681.210083     14940.6328125000
681.543823     14467.0751953125
681.877502     14397.5000000000
682.211121     14707.2207031250
682.544739     14422.1884765625
682.878357     14496.2519531250
683.211853     14348.1250000000
683.545227     14339.1474609375
683.878723     13998.0058593750
684.212097     14256.1064453125
684.545471     14134.9111328125
684.878723     13930.6757812500
685.212036     13854.3681640625
685.545227     13739.9062500000
685.878418     14038.4042968750
686.211487     13365.0996093750
686.544556     12357.3867187500
686.877625     11650.4169921875
687.210632     11127.4833984375
687.543518     10997.3115234375
687.876465     11138.7050781250
688.209290     11399.0498046875
688.542114     11390.0722656250
688.874878     11262.1445312500
689.207642     11235.2119140625
689.540344     11327.2304687500
689.872986     11244.1894531250
690.205566     11387.8281250000
690.538147     11603.2851562500
690.870667     11565.1318359375
691.203125     11479.8466796875
691.535461     11500.0458984375
691.867920     11762.6347656250
692.200256     11699.7929687500
692.532593     11434.9589843750
692.864807     11477.6015625000
693.196960     11634.7060546875
693.529114     11425.9824218750
693.861267     11237.4570312500
694.193420     11096.0625000000
694.525391     11223.9902343750
694.857361     11217.2578125000
695.189270     11188.0810546875
695.521240     11201.5468750000
695.853027     11230.7236328125
696.184814     11318.2529296875
696.516663     11230.7236328125
696.848389     11556.1542968750
697.179993     11807.5214843750
697.511658     11641.4394531250
697.843262     11466.3798828125
698.174805     11623.4843750000
698.506287     11271.1220703125
698.837708     11307.0312500000
699.169189     11183.5917968750
699.500549     11266.6328125000
699.831787     11037.7099609375
700.163147     10849.1845703125
700.494385     10889.5820312500
700.825562     10674.1250000000
701.156677     10606.7949218750
701.487793     10620.2607421875
701.818848     10606.7949218750
702.149902     10525.9980468750
702.480774     10508.0429687500
702.811768     10584.3505859375
703.142639     10521.5087890625
703.473511     10730.2333984375
703.804199     10653.9257812500
704.135010     10584.3505859375
704.465759     10995.0673828125
704.796387     10864.8945312500
705.126953     10934.4697265625
705.457520     10671.8808593750
705.788086     10633.7265625000
706.118591     10968.1347656250
706.448975     10543.9531250000
706.779419     10734.7226562500
707.109741     10781.8535156250
707.440063     10759.4101562500
707.770325     10710.0341796875
708.100525     10622.5048828125
708.430725     10676.3691406250
708.760864     10593.3281250000
709.090942     10748.1884765625
709.420959     10559.6630859375
709.750916     10692.0800781250
710.080933     10368.8935546875
710.410828     10779.6093750000
710.740662     10622.5048828125
711.070496     10422.7578125000
711.400269     10550.6855468750
711.729980     10508.0429687500
712.059631     10283.6083984375
712.389282     10393.5810546875
712.718872     10485.5996093750
713.048462     10353.1826171875
713.377930     10198.3232421875
713.707397     10297.0742187500
714.036865     10016.5302734375
714.366211     10193.8339843750
714.695435      9852.6933593750
715.024780     10005.3085937500
715.354004      9985.1093750000
715.683228      9628.2578125000
716.012329      9608.0595703125
716.341431      9222.0312500000
716.670532      8993.1074218750
716.999573      8420.7988281250
717.328430      7994.3720703125
717.657349      7610.5883789063
717.986267      7561.2124023438
718.315125      7422.0629882813
718.643860      7078.6777343750
718.972656      6986.6591796875
719.301331      6966.4599609375
719.630005      6605.1196289063
719.958557      6544.5224609375
720.287170      6733.0478515625
720.615662      7163.9628906250
720.944214      7233.5375976563
721.272583      7388.3974609375
721.600952      8007.8378906250
721.929321      7976.4169921875
722.257629      8252.4716796875
722.585876      8146.9877929688
722.914063      7987.6391601563
723.242188      7749.7377929688
723.570313      7585.9003906250
723.898376      7401.8637695313
724.226440      7307.6010742188
724.554382      7356.9770507813
724.882324      7273.9360351563
725.210266      7042.7680664063
725.538025      7036.0346679688
725.865784      7188.6503906250
726.193604      7096.6323242188
726.521301      7323.3115234375
726.848938      7235.7817382813
727.176514      6946.2607421875
727.504150      6885.6635742188
727.831726      7123.5644531250
728.159119      7213.3383789063
728.486572      7033.7905273438
728.813965      6939.5278320313
729.141357      6838.5322265625
729.468567      6896.8852539063
729.795837      6968.7045898438
730.123108      6901.3740234375
730.450317      6834.0434570313
730.777344      7053.9897460938
731.104431      6887.9077148438
731.431519      6950.7495117188
731.758484      7080.9218750000
732.085388      7321.0673828125
732.412292      7413.0854492188
732.739136      7368.1987304688
733.065979      7583.6562500000
733.392639      7769.9370117188
733.719421      7877.6660156250
734.046082      7969.6840820313
734.372681      8001.1049804688
734.699219      8095.3676757813
735.025757      7855.2221679688
735.352234      7920.3085937500
735.678711      7882.1542968750
736.005127      7956.2182617188
736.331482      7644.2534179688
736.657715      7749.7377929688
736.984009      7915.8198242188
737.310181      7922.5527343750
737.636353      7812.5795898438
737.962524      7877.6660156250
738.288574      7884.3989257813
738.614624      7855.2221679688
738.940613      7803.6025390625
739.266541      7783.4033203125
739.592407      7716.0727539063
739.918274      7745.2490234375
740.244080      7846.2451171875
740.569824      7906.8422851563
740.895569      7814.8242187500
741.221191      7915.8198242188
741.546753      7866.4438476563
741.872375      7855.2221679688
742.197937      7826.0458984375
742.523376      7821.5571289063
742.848816      7776.6699218750
743.174194      7992.1274414063
743.499573      7832.7788085938
743.824890      7960.7065429688
744.150085      7799.1137695313
744.475342      7835.0234375000
744.800476      7808.0908203125
745.125610      7808.0908203125
745.450623      7738.5161132813
745.775696      7711.5839843750
746.100708      7734.0273437500
746.425598      7599.3666992188
746.750427      7736.2719726563
747.075256      7709.3398437500
747.400085      7754.2265625000
747.724915      7709.3398437500
748.049561      7574.6787109375
748.374207      7666.6967773438
748.698853      7590.3891601563
749.023438      7612.8325195313
749.347900      7561.2124023438
749.672363      7500.6152343750
749.996765      7554.4794921875
750.321167      7574.6787109375
750.645508      7316.5786132813
750.969788      7379.4204101563
751.294067      7330.0444335938
751.618286      7321.0673828125
751.942383      7296.3793945313
752.266479      7323.3115234375
752.590576      7309.8457031250
752.914551      7188.6503906250
753.238525      7107.8540039063
753.562439      7247.0039062500
753.886292      7224.5600585938
754.210144      7040.5234375000
754.533936      7004.6137695313
754.857666      7062.9672851563
755.181335      6973.1928710938
755.505005      6968.7045898438
755.828613      7033.7905273438
756.152100      6961.9711914063
756.475586      6937.2836914063
756.799133      6791.4008789063
757.122498      6795.8896484375
757.445862      6762.2241210938
757.769165      6885.6635742188
758.092468      6970.9487304688
758.415710      6737.5366210938
758.738831      6661.2285156250
759.061951      6250.5126953125
759.385071      5693.9140625000
759.708130      4876.9707031250
760.031067      4262.0190429688
760.354004      3768.2624511719
760.676941      3362.0351562500
760.999817      3103.9350585938
761.322632      3267.7724609375
761.645386      3433.8542480469
761.968079      3530.3613281250
762.290771      3501.1848144531
762.613342      3521.3840332031
762.935974      3476.4970703125
763.258484      3301.4377441406
763.580994      3391.2116699219
763.903381      3485.4743652344
764.225830      3537.0944824219
764.548157      3732.3527832031
764.870422      3889.4572753906
765.192688      3918.6337890625
765.514832      4158.7792968750
765.837036      4313.6391601563
766.159119      4475.2324218750
766.481140      4598.6713867188
766.803223      4908.3916015625
767.125183      4942.0571289063
767.447144      5065.4960937500
767.768982      5316.8632812500
768.090820      5339.3066406250
768.412659      5530.0766601563
768.734314      5684.9365234375
769.056091      5548.0312500000
769.377686      5512.1215820313
769.699280      5687.1811523438
770.020813      5642.2939453125
770.342346      5792.6655273438
770.663757      5574.9633789063
770.985229      5936.3037109375
771.306580      5830.8193359375
771.627869      5684.9365234375
771.949158      5655.7602539063
772.270386      5848.7739257813
772.591553      5680.4477539063
772.912659      5693.9140625000
773.233765      5750.0229492188
773.554810      5763.4887695313
773.875793      5709.6245117188
774.196716      5691.6694335938
774.517578      5592.9184570313
774.838440      5590.6738281250
775.159302      5592.9184570313
775.480042      5539.0537109375
775.800659      5698.4028320313
776.121399      5640.0498046875
776.441956      5635.5610351563
776.762573      5637.8051757813
777.083008      5503.1445312500
777.403503      5610.8730468750
777.723999      5512.1215820313
778.044373      5438.0581054688
778.364624      5509.8774414063
778.684937      5624.3393554688
779.005188      5597.4072265625
779.325378      5568.2304687500
779.645447      5707.3798828125
779.965637      5554.7641601563
780.285706      5390.9267578125
780.605652      5516.6103515625
780.925598      5444.7910156250
781.245483      5424.5922851563
781.565369      5447.0356445313
781.885193      5590.6738281250
782.204895      5557.0087890625
782.524658      5525.5878906250
782.844299      5480.7006835938
783.163940      5471.7236328125
783.483582      5440.3027343750
783.803040      5238.3110351563
784.122559      5532.3208007813
784.442017      5370.7275390625
784.761414      5348.2841796875
785.080688      5523.3432617188
785.400024      5411.1259765625
785.719238      5218.1118164063
786.038452      5307.8857421875
786.357544      5404.3930664063
786.676697      5296.6640625000
786.995789      5076.7177734375
787.314758      5173.2250976563
787.633728      5229.3334960938
787.952637      5157.5146484375
788.271484      5170.9804687500
788.590271      4989.1884765625
788.908997      5040.8085937500
789.227783      5063.2519531250
789.546448      4926.3466796875
789.865112      5087.9399414063
790.183655      4847.7944335938
790.502197      4881.4594726563
790.820679      4953.2788085938
791.139099      4829.8393554688
791.457520      4841.0615234375
791.775879      4968.9892578125
792.094116      4807.3959960938
792.412415      4695.1787109375
792.730530      4755.7758789063
793.048767      4800.6630859375
793.366821      4749.0429687500
793.684937      4879.2153320313
794.002869      4695.1787109375
794.320862      4773.7309570313
794.638733      4775.9750976563
794.956665      4796.1743164063
795.274414      4798.4184570313
795.592224      4722.1108398438
795.909912      4605.4047851563
796.227661      4569.4951171875
796.545227      4553.7846679688
796.862854      4589.6943359375
797.180359      4565.0063476563
797.497864      4612.1376953125
797.815308      4538.0742187500
798.132629      4589.6943359375
798.450012      4654.7802734375
798.767273      4654.7802734375
799.084595      4567.2504882813
799.401733      4643.5585937500
799.718933      4495.4316406250
800.036011      4434.8339843750
800.353027      4383.2138671875
800.670044      4477.4765625000
800.987000      4461.7661132813
801.303894      4547.0517578125
801.620850      4428.1010742188
801.937561      4434.8339843750
802.254333      4320.3720703125
802.571106      4077.9826660156
802.887817      4405.6577148438
803.204346      4279.9741210938
803.520935      4414.6347656250
803.837463      4311.3950195313
804.153992      4318.1279296875
804.470337      4190.2001953125
804.786743      4239.5756835938
805.103027      4149.8017578125
805.419434      4277.7294921875
805.735535      4228.3540039063
806.051758      4275.4853515625
806.367920      4210.3994140625
806.684021      4235.0869140625
807.000000      4143.0688476563
807.316040      4152.0458984375
807.632019      4226.1098632813
807.947876      4156.5346679688
808.263672      4178.9785156250
808.579529      4127.3583984375
808.895325      4109.4033203125
809.211060      4060.0278320313
809.526611      4010.6520996094
809.842224      3952.2990722656
810.157837      3837.8371582031
810.473389      3934.3442382813
810.788757      3909.6564941406
811.104187      3914.1450195313
811.419617      3875.9912109375
811.734924      3864.7692871094
812.050171      3779.4841308594
812.365417      3754.7963867188
812.680542      3691.9545898438
812.995728      3548.3161621094
813.310852      3604.4248046875
813.625854      3548.3161621094
813.940796      3539.3388671875
814.255798      3400.1892089844
814.570679      3294.7045898438
814.885498      3296.9489746094
815.200256      3088.2246093750
815.515015      3117.4011230469
815.829651      3157.7993164063
816.144287      3182.4873046875
816.458923      3005.1835937500
816.773438      3034.3601074219
817.087952      3077.0029296875
817.402344      2987.2287597656
817.716797      2964.7854003906
818.031189      3070.2697753906
818.345520      3000.6948242188
818.659668      2955.8078613281
818.973877      3117.4011230469
819.288086      3036.6044921875
819.602173      2996.2062988281
819.916199      2955.8078613281
820.230225      3065.7810058594
820.544189      3157.7993164063
820.858154      3229.6186523438
821.171997      3229.6186523438
821.485779      3276.7500000000
821.799561      3267.7724609375
822.113281      3281.2385253906
822.426880      3070.2697753906
822.740540      2960.2966308594
823.054138      2843.5905761719
823.367676      2854.8122558594
823.681152      2906.4323730469
823.994568      2946.8305664063
824.307922      2967.0297851563
824.621277      3025.3828125000
824.934509      3065.7810058594
825.247742      3177.9985351563
825.560913      3173.5097656250
825.874146      3227.3742675781
826.187134      3106.1794433594
826.500183      3211.6638183594
826.813171      3137.6003417969
827.126160      3169.0212402344
827.439026      3090.4689941406
827.751831      2854.8122558594
828.064636      2971.5183105469
828.377380      2910.9208984375
828.690063      2960.2966308594
829.002686      2998.4506835938
829.315308      3005.1835937500
829.627869      2955.8078613281
829.940308      3000.6948242188
830.252808      3005.1835937500
830.565125      3038.8488769531
830.877563      3034.3601074219
831.189880      2991.7175292969
831.502075      3023.1384277344
831.814270      2958.0522460938
832.126465      2955.8078613281
832.438599      2890.7219238281
832.750549      3043.3376464844
833.062622      2964.7854003906
833.374512      2906.4323730469
833.686462      2933.3645019531
833.998291      3009.6723632813
834.310120      2969.2739257813
834.621887      3079.2470703125
834.933594      3020.8940429688
835.245239      2951.3193359375
835.556885      3002.9392089844
835.868408      3016.4052734375
836.179932      2962.5410156250
836.491333      3007.4279785156
836.802795      2937.8532714844
837.114197      2973.7626953125
837.425537      2976.0070800781
837.736694      3169.0212402344
838.047913      3036.6044921875
838.359131      2984.9843750000
838.670227      2935.6088867188
838.981262      3020.8940429688
839.292358      3018.6496582031
839.603333      3050.0705566406
839.914246      3020.8940429688
840.225037      3016.4052734375
840.535889      3068.0253906250
840.846680      3059.0480957031
841.157410      2942.3417968750
841.468079      2967.0297851563
841.778687      2951.3193359375
842.089233      2845.8347167969
842.399780      2933.3645019531
842.710266      3014.1611328125
843.020691      3009.6723632813
843.331055      2883.9887695313
843.641418      2872.7670898438
843.951721      2901.9436035156
844.261841      2872.7670898438
844.572083      2852.5678710938
844.882202      2937.8532714844
845.192261      2926.6313476563
845.502258      2942.3417968750
845.812256      2879.5000000000
846.122192      2845.8347167969
846.432068      2958.0522460938
846.741882      2924.3869628906
847.051636      2922.1428222656
847.361389      2888.4775390625
847.671143      2832.3686523438
847.980713      2892.9660644531
848.290283      2881.7443847656
848.599792      2861.5451660156
848.909302      2841.3461914063
849.218689      2841.3461914063
849.528076      2883.9887695313
849.837463      2729.1286621094
850.146790      2679.7529296875
850.455933      2684.2416992188
850.765137      2702.1965332031
851.074280      2749.3278808594
851.383362      2742.5947265625
851.692383      2774.0156250000
852.001343      2735.8618164063
852.310303      2774.0156250000
852.619202      2758.3051757813
852.927979      2699.9521484375
853.236816      2726.8842773438
853.545532      2697.7077636719
853.854248      2630.3771972656
854.162842      2637.1103515625
854.471436      2522.6484375000
854.779968      2585.4902343750
855.088440      2455.3181152344
855.396851      2585.4902343750
855.705200      2598.9565429688
856.013611      2540.6032714844
856.321899      2621.3999023438
856.630127      2677.5085449219
856.938293      2585.4902343750
857.246399      2589.9790039063
857.554504      2607.9338378906
857.862549      2639.3547363281
858.170471      2664.0424804688
858.478394      2614.6667480469
858.786316      2536.1147460938
859.094177      2578.7573242188
859.401917      2515.9155273438
859.709656      2576.5129394531
860.017334      2592.2233886719
860.324951      2545.0920410156
860.632507      2632.6215820313
860.940063      2551.8251953125
861.247559      2450.8293457031
861.555054      2637.1103515625
861.862366      2587.7346191406
862.169739      2504.6938476563
862.476990      2497.9606933594
862.784241      2529.3815917969
863.091370      2524.8928222656
863.398499      2513.6711425781
863.705627      2560.8024902344
864.012634      2462.0510253906
864.319519      2484.4946289063
864.626526      2450.8293457031
864.933350      2506.9379882813
865.240234      2448.5849609375
865.546936      2466.5397949219
865.853699      2482.2502441406
866.160400      2412.6755371094
866.466980      2309.4353027344
866.773560      2273.5258789063
867.080078      2399.2092285156
867.386536      2374.5214843750
867.692993      2316.1684570313
867.999329      2383.4987792969
868.305664      2392.4763183594
868.611938      2334.1232910156
868.918152      2361.0554199219
869.224304      2365.5441894531
869.530457      2423.8972167969
869.836487      2453.0737304688
870.142517      2385.7431640625
870.448547      2410.4311523438
870.754395      2421.6528320313
871.060242      2363.2998046875
871.366089      2365.5441894531
871.671814      2453.0737304688
871.977539      2361.0554199219
872.283203      2336.3676757813
872.588806      2372.2770996094
872.894409      2374.5214843750
873.199890      2356.5666503906
873.505371      2313.9240722656
873.810730      2284.7475585938
874.116150      2275.7700195313
874.421387      2307.1909179688
874.726685      2217.4169921875
875.031860      2298.2136230469
875.337097      2291.4804687500
875.642090      2399.2092285156
875.947205      2221.9057617188
876.252197      2340.8562011719
876.557129      2282.5031738281
876.862000      2298.2136230469
877.166870      2219.6613769531
877.471680      2266.7927246094
877.776428      2302.7023925781
878.081116      2226.3945312500
878.385742      2219.6613769531
878.690369      2372.2770996094
878.994873      2273.5258789063
879.299316      2331.8789062500
879.603821      2215.1726074219
879.908203      2221.9057617188
880.212585      2282.5031738281
880.516846      2316.1684570313
880.821106      2235.3718261719
881.125244      2273.5258789063
881.429382      2118.6657714844
881.733459      2156.8195800781
882.037537      2208.4396972656
882.341492      2185.9960937500
882.645447      2114.1770019531
882.949280      2170.2856445313
883.253113      2239.8605957031
883.556885      2239.8605957031
883.860657      2183.7517089844
884.164307      2129.8874511719
884.467896      2179.2631835938
884.771484      2145.5979003906
885.075073      2134.3762207031
885.378540      2208.4396972656
885.681885      2132.1318359375
885.985291      2060.3125000000
886.288635      2206.1953125000
886.591858      2136.6203613281
886.895020      2060.3125000000
887.198242      2058.0683593750
887.501343      2062.5568847656
887.804443      2120.9099121094
888.107422      2161.3083496094
888.410400      2076.0229492188
888.713257      2051.3352050781
889.016174      2085.0004882813
889.318909      1992.9821777344
889.621643      2087.2448730469
889.924377      2001.9594726563
890.227051      1972.7829589844
890.529602      2026.6473388672
890.832153      1979.5159912109
891.134705      2089.4892578125
891.437134      1990.7377929688
891.739441      2125.3986816406
892.041870      2035.6247558594
892.344116      2040.1134033203
892.646362      2120.9099121094
892.948486      1977.2717285156
893.250671      1941.3620605469
893.552734      1948.0950927734
893.854797      1997.4708251953
894.156738      1948.0950927734
894.458618      1912.1855468750
894.760559      2035.6247558594
895.062378      1930.1403808594
895.364136      1894.2307128906
895.665894      1847.0993652344
895.967590      1782.0133056641
896.269165      1874.0316162109
896.570679      1860.5655517578
896.872192      1829.1446533203
897.173706      1822.4116210938
897.475159      1811.1898193359
897.776428      1833.6333007813
898.077759      1925.6516113281
