0.022900
190.544205         0.0000000000
190.924866         0.0000000000
191.305481      1161.3515625000
191.686081      1172.4969482422
192.066635      1190.3295898438
192.447174      1165.8096923828
192.827667      1221.5367431641
193.208130      1321.8454589844
193.588577      1192.5587158203
193.968964      1194.7877197266
194.349350      1174.7260742188
194.729691      1170.2678222656
195.110001      1239.3693847656
195.490295      1188.1004638672
195.870529      1246.0566406250
196.250763      1170.2678222656
196.630936      1223.7658691406
197.011093      1152.4351806641
197.391220      1201.4749755859
197.771301      1223.7658691406
198.151367      1230.4530029297
198.531403      1212.6203613281
198.911407      1170.2678222656
199.291382      1159.1224365234
199.671295      1143.5189208984
200.051208      1188.1004638672
200.431076      1219.3076171875
200.810928      1183.6423339844
201.190735      1179.1842041016
201.570511      1143.5189208984
201.950272      1168.0388183594
202.329971      1192.5587158203
202.709671      1159.1224365234
203.089310      1183.6423339844
203.468933      1185.8714599609
203.848541      1179.1842041016
204.228073      1134.6025390625
204.607620      1163.5805664063
204.987106      1174.7260742188
205.366577      1277.2637939453
205.746017      1107.8535156250
206.125412      1085.5627441406
206.504776      1183.6423339844
206.884125      1081.1046142578
207.263428      1179.1842041016
207.642700      1205.9331054688
208.021942      1172.4969482422
208.401169      1179.1842041016
208.780334      1190.3295898438
209.159485      1179.1842041016
209.538605      1234.9112548828
209.917694      1163.5805664063
210.296753      1143.5189208984
210.675766      1161.3515625000
211.054764      1188.1004638672
211.433716      1172.4969482422
211.812637      1210.3913574219
212.191544      1130.1444091797
212.570404      1141.2897949219
212.949249      1197.0168457031
213.328033      1130.1444091797
213.706802      1118.9990234375
214.085556      1125.6862792969
214.464249      1127.9152832031
214.842926      1145.7479248047
215.221558      1130.1444091797
215.600174      1172.4969482422
215.978760      1174.7260742188
216.357300      1179.1842041016
216.735825      1150.2061767578
217.114288      1181.4132080078
217.492737      1185.8714599609
217.871185      1183.6423339844
218.249557      1190.3295898438
218.627914      1143.5189208984
219.006226      1219.3076171875
219.384521      1170.2678222656
219.762772      1152.4351806641
220.141006      1174.7260742188
220.519196      1152.4351806641
220.897354      1136.8316650391
221.275497      1183.6423339844
221.653580      1179.1842041016
222.031662      1176.9550781250
222.409698      1225.9948730469
222.787704      1201.4749755859
223.165680      1214.8494873047
223.543610      1197.0168457031
223.921524      1118.9990234375
224.299393      1130.1444091797
224.677231      1208.1622314453
225.055054      1228.2239990234
225.432816      1179.1842041016
225.810577      1199.2459716797
226.188278      1210.3913574219
226.565979      1112.3117675781
226.943634      1156.8933105469
227.321243      1190.3295898438
227.698837      1192.5587158203
228.076385      1154.6643066406
228.453903      1194.7877197266
228.831406      1141.2897949219
229.208847      1103.3953857422
229.586288      1161.3515625000
229.963669      1112.3117675781
230.341034      1188.1004638672
230.718369      1110.0826416016
231.095657      1152.4351806641
231.472916      1143.5189208984
231.850143      1116.7698974609
232.227356      1197.0168457031
232.604523      1212.6203613281
232.981659      1143.5189208984
233.358749      1147.9770507813
233.735825      1147.9770507813
234.112869      1179.1842041016
234.489868      1243.8275146484
234.866852      1221.5367431641
235.243790      1092.2500000000
235.620697      1161.3515625000
235.997589      1114.5407714844
236.374405      1208.1622314453
236.751221      1192.5587158203
237.128006      1139.0606689453
237.504745      1197.0168457031
237.881470      1168.0388183594
238.258133      1230.4530029297
238.634796      1116.7698974609
239.011414      1208.1622314453
239.388000      1172.4969482422
239.764557      1181.4132080078
240.141068      1156.8933105469
240.517563      1221.5367431641
240.893997      1154.6643066406
241.270432      1194.7877197266
241.646835      1112.3117675781
242.023178      1136.8316650391
242.399506      1143.5189208984
242.775787      1161.3515625000
243.152054      1143.5189208984
243.528290      1183.6423339844
243.904465      1217.0786132813
244.280640      1156.8933105469
244.656754      1130.1444091797
245.032852      1208.1622314453
245.408936      1139.0606689453
245.784943      1143.5189208984
246.160950      1168.0388183594
246.536911      1179.1842041016
246.912842      1174.7260742188
247.288757      1172.4969482422
247.664612      1237.1402587891
248.040451      1170.2678222656
248.416229      1192.5587158203
248.792023      1179.1842041016
249.167755      1170.2678222656
249.543457      1132.3734130859
249.919113      1248.2857666016
250.294754      1192.5587158203
250.670364      1110.0826416016
251.045944      1141.2897949219
251.421478      1170.2678222656
251.796982      1192.5587158203
252.172440      1250.5147705078
252.547897      1190.3295898438
252.923294      1239.3693847656
253.298676      1143.5189208984
253.673996      1130.1444091797
254.049316      1159.1224365234
254.424606      1192.5587158203
254.799850      1212.6203613281
255.175064      1139.0606689453
255.550217      1174.7260742188
255.925369      1150.2061767578
256.300476      1150.2061767578
256.675537      1185.8714599609
257.050598      1143.5189208984
257.425598      1205.9331054688
257.800598      1214.8494873047
258.175537      1208.1622314453
258.550446      1145.7479248047
258.925354      1163.5805664063
259.300171      1181.4132080078
259.674988      1223.7658691406
260.049774      1150.2061767578
260.424500      1221.5367431641
260.799225      1185.8714599609
261.173889      1219.3076171875
261.548553      1248.2857666016
261.923187      1156.8933105469
262.297760      1172.4969482422
262.672302      1183.6423339844
263.046814      1203.7041015625
263.421326      1194.7877197266
263.795776      1159.1224365234
264.170135      1192.5587158203
264.544525      1183.6423339844
264.918915      1125.6862792969
265.293243      1165.8096923828
265.667511      1203.7041015625
266.041748      1123.4571533203
266.415955      1130.1444091797
266.790161      1150.2061767578
267.164307      1174.7260742188
267.538422      1183.6423339844
267.912476      1246.0566406250
268.286530      1221.5367431641
268.660583      1161.3515625000
269.034546      1225.9948730469
269.408508      1105.6245117188
269.782440      1223.7658691406
270.156311      1170.2678222656
270.530151      1176.9550781250
270.903992      1190.3295898438
271.277710      1172.4969482422
271.651489      1199.2459716797
272.025208      1107.8535156250
272.398895      1241.5985107422
272.772552      1114.5407714844
273.146179      1208.1622314453
273.519745      1181.4132080078
273.893280      1096.7081298828
274.266815      1214.8494873047
274.640289      1185.8714599609
275.013733      1116.7698974609
275.387146      1127.9152832031
275.760529      1154.6643066406
276.133881      1194.7877197266
276.507202      1179.1842041016
276.880463      1221.5367431641
277.253723      1252.7438964844
277.626923      1141.2897949219
278.000122      1197.0168457031
278.373260      1212.6203613281
278.746338      1174.7260742188
279.119446      1205.9331054688
279.492493      1181.4132080078
279.865509      1279.4927978516
280.238495      1225.9948730469
280.611450      1188.1004638672
280.984314      1179.1842041016
281.357208      1181.4132080078
281.730072      1217.0786132813
282.102875      1192.5587158203
282.475647      1208.1622314453
282.848358      1185.8714599609
283.221069      1197.0168457031
283.593750      1201.4749755859
283.966400      1123.4571533203
284.339020      1103.3953857422
284.711548      1152.4351806641
285.084106      1107.8535156250
285.456635      1214.8494873047
285.829071      1203.7041015625
286.201508      1163.5805664063
286.573914      1161.3515625000
286.946320      1181.4132080078
287.318634      1123.4571533203
287.690948      1130.1444091797
288.063202      1230.4530029297
288.435425      1150.2061767578
288.807648      1127.9152832031
289.179810      1114.5407714844
289.551941      1185.8714599609
289.924011      1237.1402587891
290.296112      1194.7877197266
290.668121      1210.3913574219
291.040161      1179.1842041016
291.412109      1188.1004638672
291.783997      1190.3295898438
292.155914      1194.7877197266
292.527771      1159.1224365234
292.899597      1094.4791259766
293.271393      1212.6203613281
293.643127      1132.3734130859
294.014862      1116.7698974609
294.386566      1194.7877197266
294.758240      1130.1444091797
295.129852      1159.1224365234
295.501404      1205.9331054688
295.872955      1208.1622314453
296.244507      1161.3515625000
296.615997      1201.4749755859
296.987427      1208.1622314453
297.358826      1168.0388183594
297.730225      1203.7041015625
298.101593      1127.9152832031
298.472900      1159.1224365234
298.844177      1147.9770507813
299.215393      1123.4571533203
299.586609      1212.6203613281
299.957794      1154.6643066406
300.328918      1154.6643066406
300.700043      1259.4311523438
301.071136      1192.5587158203
301.442169      1176.9550781250
301.813171      1176.9550781250
302.184174      1127.9152832031
302.555115      1199.2459716797
302.925995      1172.4969482422
303.296844      1165.8096923828
303.667694      1181.4132080078
304.038483      1205.9331054688
304.409271      1152.4351806641
304.779968      1210.3913574219
305.150696      1197.0168457031
305.521362      1156.8933105469
305.891968      1217.0786132813
306.262543      1225.9948730469
306.633118      1141.2897949219
307.003632      1197.0168457031
307.374146      1156.8933105469
307.744598      1150.2061767578
308.114990      1163.5805664063
308.485413      1199.2459716797
308.855743      1228.2239990234
309.226074      1201.4749755859
309.596375      1250.5147705078
309.966614      1205.9331054688
310.336792      1127.9152832031
310.707001      1136.8316650391
311.077148      1163.5805664063
311.447235      1183.6423339844
311.817322      1161.3515625000
312.187347      1156.8933105469
312.557373      1217.0786132813
312.927368      1130.1444091797
313.297302      1141.2897949219
313.667175      1121.2280273438
314.037048      1134.6025390625
314.406891      1205.9331054688
314.776642      1170.2678222656
315.146423      1172.4969482422
315.516144      1181.4132080078
315.885864      1179.1842041016
316.255524      1281.7219238281
316.625153      1185.8714599609
316.994751      1241.5985107422
317.364288      1214.8494873047
317.733795      1176.9550781250
318.103302      1208.1622314453
318.472717      1174.7260742188
318.842133      1127.9152832031
319.211517      1225.9948730469
319.580872      1208.1622314453
319.950195      1263.8892822266
320.319489      1179.1842041016
320.688751      1121.2280273438
321.057922      1170.2678222656
321.427094      1127.9152832031
321.796234      1239.3693847656
322.165344      1174.7260742188
322.534393      1228.2239990234
322.903412      1145.7479248047
323.272430      1085.5627441406
323.641418      1205.9331054688
324.010315      1205.9331054688
324.379242      1096.7081298828
324.748077      1118.9990234375
325.116913      1132.3734130859
325.485657      1219.3076171875
325.854431      1241.5985107422
326.223145      1143.5189208984
326.591827      1210.3913574219
326.960480      1134.6025390625
327.329102      1176.9550781250
327.697693      1159.1224365234
328.066193      1199.2459716797
328.434723      1185.8714599609
328.803192      1141.2897949219
329.171600      1156.8933105469
329.540009      1181.4132080078
329.908386      1147.9770507813
330.276703      1179.1842041016
330.645050      1190.3295898438
331.013306      1176.9550781250
331.381500      1225.9948730469
331.749695      1221.5367431641
332.117859      1194.7877197266
332.485962      1163.5805664063
332.854034      1172.4969482422
333.222107      1194.7877197266
333.590118      1165.8096923828
333.958099      1179.1842041016
334.326050      1208.1622314453
334.693970      1190.3295898438
335.061859      1176.9550781250
335.429657      1192.5587158203
335.797455      1190.3295898438
336.165192      1130.1444091797
336.532959      1165.8096923828
336.900665      1174.7260742188
337.268341      1163.5805664063
337.635956      1172.4969482422
338.003571      1225.9948730469
338.371124      1094.4791259766
338.738647      1125.6862792969
339.106110      1159.1224365234
339.473572      1139.0606689453
339.840942      1156.8933105469
340.208344      1183.6423339844
340.575653      1141.2897949219
340.942993      1172.4969482422
341.310272      1174.7260742188
341.677521      1150.2061767578
342.044708      1188.1004638672
342.411865      1143.5189208984
342.778992      1176.9550781250
343.146088      1154.6643066406
343.513123      1199.2459716797
343.880157      1159.1224365234
344.247131      1237.1402587891
344.614105      1219.3076171875
344.981049      1139.0606689453
345.347900      1134.6025390625
345.714783      1246.0566406250
346.081573      1141.2897949219
346.448334      1161.3515625000
346.815094      1176.9550781250
347.181763      1163.5805664063
347.548431      1159.1224365234
347.915070      1168.0388183594
348.281677      1139.0606689453
348.648224      1150.2061767578
349.014771      1154.6643066406
349.381256      1199.2459716797
349.747711      1212.6203613281
350.114105      1190.3295898438
350.480469      1163.5805664063
350.846832      1176.9550781250
351.213135      1127.9152832031
351.579407      1156.8933105469
351.945679      1212.6203613281
352.311890      1270.5765380859
352.678040      1181.4132080078
353.044189      1136.8316650391
353.410278      1168.0388183594
353.776337      1205.9331054688
354.142303      1223.7658691406
354.508301      1143.5189208984
354.874268      1154.6643066406
355.240204      1150.2061767578
355.606079      1161.3515625000
355.971924      1094.4791259766
356.337738      1217.0786132813
356.703491      1105.6245117188
357.069244      1147.9770507813
357.434937      1228.2239990234
357.800598      1170.2678222656
358.166229      1268.3474121094
358.531830      1174.7260742188
358.897369      1170.2678222656
359.262909      1217.0786132813
359.628418      1194.7877197266
359.993866      1199.2459716797
360.359222      1192.5587158203
360.724609      1232.6821289063
361.089966      1188.1004638672
361.455261      1263.8892822266
361.820526      1188.1004638672
362.185760      1197.0168457031
362.550964      1174.7260742188
362.916138      1201.4749755859
363.281250      1172.4969482422
363.646332      1159.1224365234
364.011383      1221.5367431641
364.376404      1257.2020263672
364.741333      1210.3913574219
365.106293      1107.8535156250
365.471222      1165.8096923828
365.836090      1159.1224365234
366.200928      1125.6862792969
366.565735      1141.2897949219
366.930511      1221.5367431641
367.295227      1087.7918701172
367.659912      1127.9152832031
368.024536      1130.1444091797
368.389160      1232.6821289063
368.753723      1116.7698974609
369.118317      1163.5805664063
369.482819      1199.2459716797
369.847260      1170.2678222656
370.211731      1194.7877197266
370.576111      1156.8933105469
370.940460      1159.1224365234
371.304810      1143.5189208984
371.669098      1152.4351806641
372.033325      1154.6643066406
372.397522      1179.1842041016
372.761749      1139.0606689453
373.125885      1152.4351806641
373.489990      1210.3913574219
373.854065      1250.5147705078
374.218109      1101.1663818359
374.582092      1190.3295898438
374.946075      1212.6203613281
375.309998      1194.7877197266
375.673859      1112.3117675781
376.037720      1125.6862792969
376.401550      1170.2678222656
376.765320      1194.7877197266
377.129059      1145.7479248047
377.492798      1176.9550781250
377.856476      1127.9152832031
378.220062      1208.1622314453
378.583679      1225.9948730469
378.947205      1199.2459716797
379.310730      1154.6643066406
379.674225      1154.6643066406
380.037689      1150.2061767578
380.401093      1141.2897949219
380.764496      1179.1842041016
381.127838      1172.4969482422
381.491119      1136.8316650391
381.854370      1199.2459716797
382.217621      1190.3295898438
382.580811      1127.9152832031
382.943939      1252.7438964844
383.307068      1205.9331054688
383.670166      1127.9152832031
384.033203      1201.4749755859
384.396240      1254.9729003906
384.759216      1237.1402587891
385.122131      1230.4530029297
385.485016      1254.9729003906
385.847900      1156.8933105469
386.210724      1221.5367431641
386.573486      1205.9331054688
386.936279      1136.8316650391
387.298981      1170.2678222656
387.661652      1165.8096923828
388.024323      1168.0388183594
388.386902      1172.4969482422
388.749481      1145.7479248047
389.112000      1139.0606689453
389.474487      1192.5587158203
389.836945      1168.0388183594
390.199371      1165.8096923828
390.561737      1125.6862792969
390.924103      1185.8714599609
391.286407      1188.1004638672
391.648682      1194.7877197266
392.010925      1143.5189208984
392.373108      1212.6203613281
392.735291      1107.8535156250
393.097382      1123.4571533203
393.459473      1176.9550781250
393.821533      1185.8714599609
394.183533      1161.3515625000
394.545532      1208.1622314453
394.907471      1199.2459716797
395.269379      1134.6025390625
395.631256      1125.6862792969
395.993042      1132.3734130859
396.354828      1154.6643066406
396.716583      1136.8316650391
397.078308      1154.6643066406
397.439972      1208.1622314453
397.801636      1118.9990234375
398.163239      1112.3117675781
398.524841      1143.5189208984
398.886383      1105.6245117188
399.247833      1125.6862792969
399.609283      1121.2280273438
399.970703      1185.8714599609
400.332062      1228.2239990234
400.693420      1127.9152832031
401.054718      1139.0606689453
401.416016      1194.7877197266
401.777252      1168.0388183594
402.138458      1199.2459716797
402.499603      1107.8535156250
402.860718      1230.4530029297
403.221832      1197.0168457031
403.582855      1172.4969482422
403.943848      1105.6245117188
404.304810      1197.0168457031
404.665771      1172.4969482422
405.026642      1225.9948730469
405.387543      1194.7877197266
405.748352      1145.7479248047
406.109161      1147.9770507813
406.469849      1212.6203613281
406.830597      1172.4969482422
407.191223      1165.8096923828
407.551880      1141.2897949219
407.912476      1214.8494873047
408.273041      1145.7479248047
408.633575      1199.2459716797
408.994049      1168.0388183594
409.354492      1145.7479248047
409.714935      1188.1004638672
410.075287      1105.6245117188
410.435608      1136.8316650391
410.795868      1183.6423339844
411.156158      1208.1622314453
411.516388      1179.1842041016
411.876587      1156.8933105469
412.236725      1201.4749755859
412.596832      1199.2459716797
412.956909      1143.5189208984
413.316925      1096.7081298828
413.676910      1136.8316650391
414.036896      1123.4571533203
414.396820      1112.3117675781
414.756683      1201.4749755859
415.116547      1217.0786132813
415.476379      1210.3913574219
415.836121      1125.6862792969
416.195862      1145.7479248047
416.555542      1154.6643066406
416.915192      1190.3295898438
417.274811      1139.0606689453
417.634399      1219.3076171875
417.993927      1127.9152832031
418.353455      1141.2897949219
418.712891      1210.3913574219
419.072357      1292.8673095703
419.431763      1172.4969482422
419.791107      1143.5189208984
420.150452      1107.8535156250
420.509674      1165.8096923828
420.868927      1159.1224365234
421.228119      1161.3515625000
421.587280      1112.3117675781
421.946411      1161.3515625000
422.305542      1141.2897949219
422.664581      1136.8316650391
423.023621      1101.1663818359
423.382568      1143.5189208984
423.741516      1165.8096923828
424.100403      1147.9770507813
424.459259      1130.1444091797
424.818054      1141.2897949219
425.176880      1165.8096923828
425.535614      1165.8096923828
425.894348      1145.7479248047
426.252991      1150.2061767578
426.611633      1272.8056640625
426.970245      1194.7877197266
427.328796      1188.1004638672
427.687317      1118.9990234375
428.045807      1143.5189208984
428.404205      1212.6203613281
428.762604      1168.0388183594
429.121002      1152.4351806641
429.479340      1179.1842041016
429.837616      1165.8096923828
430.195892      1237.1402587891
430.554138      1199.2459716797
430.912292      1194.7877197266
431.270416      1208.1622314453
431.628510      1181.4132080078
431.986542      1145.7479248047
432.344574      1125.6862792969
432.702576      1170.2678222656
433.060516      1156.8933105469
433.418427      1161.3515625000
433.776306      1185.8714599609
434.134155      1210.3913574219
434.491913      1156.8933105469
434.849701      1141.2897949219
435.207397      1170.2678222656
435.565063      1185.8714599609
435.922729      1192.5587158203
436.280334      1214.8494873047
436.637909      1116.7698974609
436.995453      1159.1224365234
437.352936      1147.9770507813
437.710388      1179.1842041016
438.067780      1190.3295898438
438.425171      1130.1444091797
438.782471      1241.5985107422
439.139771      1230.4530029297
439.497040      1201.4749755859
439.854279      1234.9112548828
440.211426      1192.5587158203
440.568604      1188.1004638672
440.925720      1179.1842041016
441.282776      1176.9550781250
441.639801      1163.5805664063
441.996735      1179.1842041016
442.353699      1170.2678222656
442.710602      1143.5189208984
443.067505      1232.6821289063
443.424347      1203.7041015625
443.781128      1161.3515625000
444.137878      1183.6423339844
444.494629      1181.4132080078
444.851288      1176.9550781250
445.207916      1145.7479248047
445.564514      1127.9152832031
445.921051      1139.0606689453
446.277618      1161.3515625000
446.634094      1181.4132080078
446.990540      1239.3693847656
447.346985      1161.3515625000
447.703339      1219.3076171875
448.059692      1150.2061767578
448.416016      1127.9152832031
448.772186      1145.7479248047
449.128418      1152.4351806641
449.484589      1176.9550781250
449.840729      1221.5367431641
450.196838      1172.4969482422
450.552917      1139.0606689453
450.908966      1194.7877197266
451.264954      1161.3515625000
451.620880      1185.8714599609
451.976807      1172.4969482422
452.332611      1121.2280273438
452.688446      1132.3734130859
453.044250      1112.3117675781
453.399994      1090.0208740234
453.755707      1112.3117675781
454.111389      1192.5587158203
454.467041      1188.1004638672
454.822632      1165.8096923828
455.178192      1185.8714599609
455.533722      1176.9550781250
455.889130      1114.5407714844
456.244598      1190.3295898438
456.600006      1156.8933105469
456.955353      1127.9152832031
457.310699      1114.5407714844
457.665985      1183.6423339844
458.021240      1210.3913574219
458.376434      1134.6025390625
458.731628      1112.3117675781
459.086700      1176.9550781250
459.441772      1127.9152832031
459.796844      1163.5805664063
460.151886      1183.6423339844
460.506836      1139.0606689453
460.861786      1132.3734130859
461.216675      1185.8714599609
461.571533      1141.2897949219
461.926361      1136.8316650391
462.281158      1114.5407714844
462.635803      1130.1444091797
462.990540      1150.2061767578
463.345184      1232.6821289063
463.699829      1199.2459716797
464.054413      1188.1004638672
464.408936      1112.3117675781
464.763458      1210.3913574219
465.117920      1185.8714599609
465.472351      1152.4351806641
465.826752      1217.0786132813
466.181030      1156.8933105469
466.535339      1170.2678222656
466.889618      1205.9331054688
467.243866      1203.7041015625
467.598053      1248.2857666016
467.952209      1165.8096923828
468.306305      1139.0606689453
468.660370      1190.3295898438
469.014435      1199.2459716797
469.368439      1161.3515625000
469.722321      1161.3515625000
470.076263      1168.0388183594
470.430115      1214.8494873047
470.783966      1188.1004638672
471.137756      1145.7479248047
471.491516      1112.3117675781
471.845245      1217.0786132813
472.198944      1179.1842041016
472.552582      1185.8714599609
472.906128      1203.7041015625
473.259705      1159.1224365234
473.613220      1163.5805664063
473.966675      1145.7479248047
474.320129      1076.6464843750
474.673553      1168.0388183594
475.026917      1241.5985107422
475.380249      1161.3515625000
475.733521      1094.4791259766
476.086761      1123.4571533203
476.439911      1174.7260742188
476.793091      1143.5189208984
477.146210      1185.8714599609
477.499298      1134.6025390625
477.852356      1217.0786132813
478.205353      1165.8096923828
478.558350      1101.1663818359
478.911285      1116.7698974609
479.264160      1159.1224365234
479.617035      1239.3693847656
479.969757      1168.0388183594
480.322540      1168.0388183594
480.675262      1210.3913574219
481.027985      1214.8494873047
481.380615      1192.5587158203
481.733246      1210.3913574219
482.085815      1183.6423339844
482.438324      1181.4132080078
482.790833      1214.8494873047
483.143280      1179.1842041016
483.495667      1188.1004638672
483.848022      1170.2678222656
484.200348      1190.3295898438
484.552673      1168.0388183594
484.904907      1159.1224365234
485.257111      1150.2061767578
485.609283      1210.3913574219
485.961456      1141.2897949219
486.313538      1163.5805664063
486.665588      1261.6601562500
487.017548      1087.7918701172
487.369507      1038.7520751953
487.721466      1194.7877197266
488.073334      1190.3295898438
488.425232      1183.6423339844
488.777039      1188.1004638672
489.128815      1234.9112548828
489.480560      1194.7877197266
489.832245      1223.7658691406
490.183868      1208.1622314453
490.535461      1210.3913574219
490.887054      1154.6643066406
491.238586      1161.3515625000
491.590057      1194.7877197266
491.941528      1172.4969482422
492.292938      1183.6423339844
492.644318      1159.1224365234
492.995667      1230.4530029297
493.346954      1197.0168457031
493.698181      1143.5189208984
494.049377      1203.7041015625
494.400543      1190.3295898438
494.751678      1069.9592285156
495.102783      1203.7041015625
495.453827      1192.5587158203
495.804871      1147.9770507813
496.155853      1168.0388183594
496.506775      1201.4749755859
496.857666      1165.8096923828
497.208466      1078.8754882813
497.559265      1101.1663818359
497.910065      1197.0168457031
498.260773      1176.9550781250
498.611481      1121.2280273438
498.962128      1116.7698974609
499.312744      1134.6025390625
499.663300      1208.1622314453
500.013855      1152.4351806641
500.364349      1163.5805664063
500.714752      1134.6025390625
501.065155      1168.0388183594
501.415527      1190.3295898438
501.765869      1161.3515625000
502.116150      1228.2239990234
502.466400      1136.8316650391
502.816620      1156.8933105469
503.166779      1078.8754882813
503.516907      1179.1842041016
503.866943      1132.3734130859
504.217010      1118.9990234375
504.567017      1170.2678222656
504.916962      1232.6821289063
505.266876      1252.7438964844
505.616791      1139.0606689453
505.966644      1118.9990234375
506.316437      1143.5189208984
506.666199      1154.6643066406
507.015930      1199.2459716797
507.365570      1127.9152832031
507.715210      1132.3734130859
508.064789      1205.9331054688
508.414368      1105.6245117188
508.763885      1212.6203613281
509.113373      1230.4530029297
509.462830      1152.4351806641
509.812225      1163.5805664063
510.161591      1127.9152832031
510.510895      1150.2061767578
510.860107      1150.2061767578
511.209381      1197.0168457031
511.558563      1250.5147705078
511.907715      1145.7479248047
512.256836      1183.6423339844
512.605896      1156.8933105469
512.954956      1163.5805664063
513.303955      1181.4132080078
513.652832      1230.4530029297
514.001831      1219.3076171875
514.350647      1161.3515625000
514.699463      1159.1224365234
515.048279      1154.6643066406
515.396973      1277.2637939453
515.745728      1199.2459716797
516.094360      1107.8535156250
516.442993      1221.5367431641
516.791565      1125.6862792969
517.140137      1132.3734130859
517.488586      1165.8096923828
517.837036      1150.2061767578
518.185425      1141.2897949219
518.533875      1139.0606689453
518.882202      1147.9770507813
519.230469      1163.5805664063
519.578735      1225.9948730469
519.927002      1221.5367431641
520.275146      1136.8316650391
520.623291      1121.2280273438
520.971313      1176.9550781250
521.319336      1150.2061767578
521.667419      1203.7041015625
522.015381      1125.6862792969
522.363281      1130.1444091797
522.711182      1185.8714599609
523.059021      1194.7877197266
523.406860      1163.5805664063
523.754639      1172.4969482422
524.102356      1145.7479248047
524.449951      1176.9550781250
524.797607      1101.1663818359
525.145203      1139.0606689453
525.492798      1150.2061767578
525.840332      1230.4530029297
526.187805      1174.7260742188
526.535217      1181.4132080078
526.882629      1143.5189208984
527.230042      1163.5805664063
527.577332      1234.9112548828
527.924500      1161.3515625000
528.271729      1163.5805664063
528.618896      1176.9550781250
528.966125      1197.0168457031
529.313232      1130.1444091797
529.660278      1145.7479248047
530.007324      1161.3515625000
530.354309      1219.3076171875
530.701233      1188.1004638672
531.048096      1248.2857666016
531.394958      1127.9152832031
531.741760      1230.4530029297
532.088562      1190.3295898438
532.435303      1183.6423339844
532.781982      1170.2678222656
533.128601      1152.4351806641
533.475281      1174.7260742188
533.821838      1212.6203613281
534.168335      1205.9331054688
534.514832      1201.4749755859
534.861206      1179.1842041016
535.207703      1185.8714599609
535.554016      1243.8275146484
535.900391      1116.7698974609
536.246643      1203.7041015625
536.592896      1156.8933105469
536.939087      1179.1842041016
537.285278      1185.8714599609
537.631348      1152.4351806641
537.977417      1139.0606689453
538.323425      1170.2678222656
538.669373      1183.6423339844
539.015381      1217.0786132813
539.361267      1176.9550781250
539.707153      1183.6423339844
540.052979      1147.9770507813
540.398804      1208.1622314453
540.744507      1192.5587158203
541.090210      1132.3734130859
541.435791      1161.3515625000
541.781433      1192.5587158203
542.127014      1145.7479248047
542.472595      1152.4351806641
542.818054      1225.9948730469
543.163513      1250.5147705078
543.508911      1143.5189208984
543.854309      1132.3734130859
544.199646      1201.4749755859
544.544800      1058.8137207031
544.890076      1152.4351806641
545.235291      1147.9770507813
545.580444      1154.6643066406
545.925537      1176.9550781250
546.270630      1179.1842041016
546.615723      1168.0388183594
546.960693      1152.4351806641
547.305603      1130.1444091797
547.650574      1143.5189208984
547.995361      1170.2678222656
548.340149      1152.4351806641
548.684998      1152.4351806641
549.029724      1208.1622314453
549.374390      1150.2061767578
549.719116      1172.4969482422
550.063660      1203.7041015625
550.408264      1181.4132080078
550.752869      1170.2678222656
551.097290      1179.1842041016
551.441711      1228.2239990234
551.786133      1125.6862792969
552.130493      1174.7260742188
552.474854      1132.3734130859
552.819092      1232.6821289063
553.163330      1212.6203613281
553.507507      1228.2239990234
553.851685      1201.4749755859
554.195801      1254.9729003906
554.539917      1190.3295898438
554.883850      1185.8714599609
555.227844      1188.1004638672
555.571777      1181.4132080078
555.915710      1179.1842041016
556.259583      1125.6862792969
556.603333      1205.9331054688
556.947205      1159.1224365234
557.290894      1174.7260742188
557.634583      1145.7479248047
557.978210      1183.6423339844
558.321777      1105.6245117188
558.665405      1174.7260742188
559.008911      1172.4969482422
559.352417      1174.7260742188
559.695862      1212.6203613281
560.039185      1179.1842041016
560.382568      1101.1663818359
560.725891      1237.1402587891
561.069153      1134.6025390625
561.412354      1110.0826416016
561.755554      1172.4969482422
562.098694      1056.5847167969
562.441772      1141.2897949219
562.784851      1127.9152832031
563.127930      1219.3076171875
563.470825      1147.9770507813
563.813782      1134.6025390625
564.156738      1176.9550781250
564.499573      1163.5805664063
564.842285      1123.4571533203
565.185059      1170.2678222656
565.527771      1232.6821289063
565.870422      1179.1842041016
566.213135      1183.6423339844
566.555725      1163.5805664063
566.898254      1179.1842041016
567.240784      1203.7041015625
567.583252      1156.8933105469
567.925659      1185.8714599609
568.268005      1156.8933105469
568.610291      1181.4132080078
568.952637      1096.7081298828
569.294922      1214.8494873047
569.637146      1201.4749755859
569.979309      1259.4311523438
570.321411      1237.1402587891
570.663513      1185.8714599609
571.005554      1192.5587158203
571.347473      1101.1663818359
571.689453      1118.9990234375
572.031372      1205.9331054688
572.373230      1136.8316650391
572.715088      1194.7877197266
573.056885      1225.9948730469
573.398621      1239.3693847656
573.740295      1161.3515625000
574.082031      1147.9770507813
574.423584      1136.8316650391
574.765137      1165.8096923828
575.106689      1199.2459716797
575.448120      1185.8714599609
575.789612      1201.4749755859
576.130981      1228.2239990234
576.472351      1105.6245117188
576.813721      1145.7479248047
577.154968      1145.7479248047
577.496216      1179.1842041016
577.837402      1214.8494873047
578.178467      1114.5407714844
578.519592      1234.9112548828
578.860657      1147.9770507813
579.201660      1225.9948730469
579.542664      1199.2459716797
579.883606      1170.2678222656
580.224487      1127.9152832031
580.565308      1163.5805664063
580.906189      1214.8494873047
581.246948      1183.6423339844
581.587585      1159.1224365234
581.928223      1125.6862792969
582.268921      1150.2061767578
582.609497      1232.6821289063
582.950012      1176.9550781250
583.290527      1134.6025390625
583.630981      1203.7041015625
583.971436      1130.1444091797
584.311829      1223.7658691406
584.652100      1185.8714599609
584.992371      1179.1842041016
585.332642      1208.1622314453
585.672852      1183.6423339844
586.013000      1163.5805664063
586.353088      1154.6643066406
586.693176      1163.5805664063
587.033264      1165.8096923828
587.373230      1179.1842041016
587.713196      1201.4749755859
588.053040      1116.7698974609
588.392883      1168.0388183594
588.732727      1219.3076171875
589.072510      1223.7658691406
589.412231      1199.2459716797
589.751892      1179.1842041016
590.091553      1165.8096923828
590.431152      1203.7041015625
590.770752      1205.9331054688
591.110229      1163.5805664063
591.449707      1230.4530029297
591.789124      1150.2061767578
592.128479      1161.3515625000
592.467834      1141.2897949219
592.807129      1212.6203613281
593.146423      1163.5805664063
593.485596      1205.9331054688
593.824768      1228.2239990234
594.163879      1132.3734130859
594.502991      1136.8316650391
594.841980      1194.7877197266
595.180969      1152.4351806641
595.519897      1214.8494873047
595.858887      1243.8275146484
596.197693      1159.1224365234
596.536499      1190.3295898438
596.875305      1154.6643066406
597.214050      1197.0168457031
597.552734      1114.5407714844
597.891296      1145.7479248047
598.229980      1118.9990234375
598.568542      1130.1444091797
598.907043      1239.3693847656
599.245483      1219.3076171875
599.583984      1170.2678222656
599.922363      1152.4351806641
600.260681      1199.2459716797
600.598999      1132.3734130859
600.937256      1223.7658691406
601.275452      1225.9948730469
601.613586      1210.3913574219
601.951721      1145.7479248047
602.289856      1152.4351806641
602.627869      1221.5367431641
602.965881      1210.3913574219
603.303833      1136.8316650391
603.641724      1197.0168457031
603.979614      1145.7479248047
604.317444      1150.2061767578
604.655151      1237.1402587891
604.992859      1205.9331054688
605.330566      1105.6245117188
605.668274      1152.4351806641
606.005859      1121.2280273438
606.343445      1170.2678222656
606.680908      1239.3693847656
607.018433      1170.2678222656
607.355835      1223.7658691406
607.693237      1232.6821289063
608.030579      1192.5587158203
608.367859      1132.3734130859
608.705078      1172.4969482422
609.042297      1172.4969482422
609.379456      1217.0786132813
609.716614      1090.0208740234
610.053650      1168.0388183594
610.390686      1201.4749755859
610.727722      1134.6025390625
611.064575      1145.7479248047
611.401550      1156.8933105469
611.738403      1165.8096923828
612.075256      1103.3953857422
612.411987      1205.9331054688
612.748779      1176.9550781250
613.085449      1181.4132080078
613.422058      1174.7260742188
613.758667      1225.9948730469
614.095215      1205.9331054688
614.431702      1188.1004638672
614.768127      1185.8714599609
615.104614      1127.9152832031
615.440979      1239.3693847656
615.777283      1190.3295898438
616.113586      1223.7658691406
616.449829      1210.3913574219
616.786011      1072.1882324219
617.122192      1168.0388183594
617.458374      1152.4351806641
617.794373      1194.7877197266
618.130371      1197.0168457031
618.466370      1199.2459716797
618.802246      1154.6643066406
619.138184      1203.7041015625
619.474060      1179.1842041016
619.809875      1212.6203613281
620.145630      1176.9550781250
620.481323      1205.9331054688
620.817017      1185.8714599609
621.152588      1174.7260742188
621.488220      1201.4749755859
621.823792      1197.0168457031
622.159241      1092.2500000000
622.494690      1210.3913574219
622.830078      1230.4530029297
623.165466      1190.3295898438
623.500793      1185.8714599609
623.836060      1163.5805664063
624.171265      1134.6025390625
624.506470      1076.6464843750
624.841553      1183.6423339844
625.176697      1110.0826416016
625.511719      1208.1622314453
625.846741      1201.4749755859
626.181702      1130.1444091797
626.516663      1163.5805664063
626.851563      1165.8096923828
627.186401      1223.7658691406
627.521118      1139.0606689453
627.855896      1159.1224365234
628.190552      1176.9550781250
628.525269      1163.5805664063
628.859863      1185.8714599609
629.194458      1234.9112548828
629.528992      1134.6025390625
629.863403      1185.8714599609
630.197815      1239.3693847656
630.532288      1139.0606689453
630.866516      1210.3913574219
631.200867      1188.1004638672
631.535156      1141.2897949219
631.869324      1203.7041015625
632.203491      1168.0388183594
632.537659      1205.9331054688
632.871704      1147.9770507813
633.205750      1197.0168457031
633.539795      1134.6025390625
633.873718      1163.5805664063
634.207520      1150.2061767578
634.541443      1101.1663818359
634.875244      1214.8494873047
635.208984      1163.5805664063
635.542725      1159.1224365234
635.876404      1101.1663818359
636.210022      1130.1444091797
636.543640      1143.5189208984
636.877197      1201.4749755859
637.210571      1190.3295898438
637.544067      1254.9729003906
637.877502      1161.3515625000
638.210815      1145.7479248047
638.544189      1205.9331054688
638.877441      1203.7041015625
639.210693      1214.8494873047
639.543884      1165.8096923828
639.877014      1210.3913574219
640.210144      1118.9990234375
640.543091      1183.6423339844
640.876099      1183.6423339844
641.209106      1201.4749755859
641.541992      1134.6025390625
641.874939      1246.0566406250
642.207703      1170.2678222656
642.540527      1168.0388183594
642.873230      1183.6423339844
643.205994      1192.5587158203
643.538574      1179.1842041016
643.871155      1141.2897949219
644.203674      1212.6203613281
644.536255      1147.9770507813
644.868713      1176.9550781250
645.201172      1179.1842041016
645.533508      1165.8096923828
645.865845      1188.1004638672
646.198120      1172.4969482422
646.530396      1192.5587158203
646.862610      1165.8096923828
647.194702      1179.1842041016
647.526855      1199.2459716797
647.858887      1237.1402587891
648.190857      1183.6423339844
648.522827      1181.4132080078
648.854797      1208.1622314453
649.186707      1185.8714599609
649.518555      1234.9112548828
649.850342      1172.4969482422
650.182007      1130.1444091797
650.513733      1188.1004638672
650.845398      1134.6025390625
651.177063      1123.4571533203
651.508606      1212.6203613281
651.840088      1188.1004638672
652.171631      1139.0606689453
652.503052      1181.4132080078
652.834412      1210.3913574219
653.165771      1165.8096923828
653.497070      1239.3693847656
653.828308      1210.3913574219
654.159485      1239.3693847656
654.490662      1237.1402587891
654.821838      1170.2678222656
655.152832      1199.2459716797
655.483887      1170.2678222656
655.814880      1185.8714599609
656.145813      1205.9331054688
656.476685      1183.6423339844
656.807495      1161.3515625000
657.138306      1181.4132080078
657.469116      1225.9948730469
657.799744      1223.7658691406
658.130493      1159.1224365234
658.461121      1156.8933105469
658.791687      1185.8714599609
659.122192      1156.8933105469
659.452698      1118.9990234375
659.783142      1159.1224365234
660.113464      1208.1622314453
660.443787      1214.8494873047
660.774109      1194.7877197266
661.104370      1221.5367431641
661.434570      1188.1004638672
661.764771      1179.1842041016
662.094849      1194.7877197266
662.424988      1116.7698974609
662.755005      1232.6821289063
663.084900      1161.3515625000
663.414856      1248.2857666016
663.744751      1141.2897949219
664.074585      1127.9152832031
664.404419      1194.7877197266
664.734131      1212.6203613281
665.063904      1170.2678222656
665.393555      1263.8892822266
665.723206      1208.1622314453
666.052734      1174.7260742188
666.382202      1170.2678222656
666.711670      1225.9948730469
667.041138      1152.4351806641
667.370544      1172.4969482422
667.699829      1275.0346679688
668.029175      1168.0388183594
668.358459      1212.6203613281
668.687622      1212.6203613281
669.016846      1174.7260742188
669.345947      1197.0168457031
669.674927      1130.1444091797
670.003967      1225.9948730469
670.332947      1134.6025390625
670.661865      1217.0786132813
670.990784      1181.4132080078
671.319641      1197.0168457031
671.648438      1243.8275146484
671.977112      1210.3913574219
672.305847      1159.1224365234
672.634521      1223.7658691406
672.963135      1181.4132080078
673.291687      1234.9112548828
673.620178      1172.4969482422
673.948669      1192.5587158203
674.277100      1132.3734130859
674.605469      1168.0388183594
674.933899      1136.8316650391
675.262085      1190.3295898438
675.590332      1217.0786132813
675.918579      1145.7479248047
676.246704      1156.8933105469
676.574829      1188.1004638672
676.902893      1168.0388183594
677.230896      1221.5367431641
677.558899      1132.3734130859
677.886841      1150.2061767578
678.214661      1147.9770507813
678.542480      1194.7877197266
678.870239      1165.8096923828
679.197998      1185.8714599609
679.525696      1237.1402587891
679.853394      1170.2678222656
680.180969      1110.0826416016
680.508484      1136.8316650391
680.836060      1172.4969482422
681.163452      1223.7658691406
681.490845      1246.0566406250
681.818237      1139.0606689453
682.145569      1145.7479248047
682.472839      1156.8933105469
682.800110      1152.4351806641
683.127319      1096.7081298828
683.454468      1181.4132080078
683.781494      1205.9331054688
684.108582      1141.2897949219
684.435608      1150.2061767578
684.762451      1145.7479248047
685.089355      1170.2678222656
685.416199      1188.1004638672
685.743103      1203.7041015625
686.069824      1225.9948730469
686.396606      1174.7260742188
686.723267      1147.9770507813
687.049927      1181.4132080078
687.376465      1136.8316650391
687.703003      1199.2459716797
688.029419      1181.4132080078
688.355957      1246.0566406250
688.682312      1176.9550781250
689.008667      1165.8096923828
689.334961      1150.2061767578
689.661316      1156.8933105469
689.987427      1141.2897949219
690.313660      1217.0786132813
690.639771      1139.0606689453
690.965881      1185.8714599609
691.291809      1170.2678222656
691.617798      1156.8933105469
691.943726      1136.8316650391
692.269714      1152.4351806641
692.595459      1103.3953857422
692.921326      1145.7479248047
693.247009      1203.7041015625
693.572754      1125.6862792969
693.898438      1136.8316650391
694.223999      1172.4969482422
694.549561      1139.0606689453
694.875061      1118.9990234375
695.200562      1252.7438964844
695.526001      1181.4132080078
695.851379      1179.1842041016
696.176697      1123.4571533203
696.502014      1176.9550781250
696.827271      1214.8494873047
697.152405      1192.5587158203
697.477539      1179.1842041016
697.802612      1201.4749755859
698.127625      1163.5805664063
698.452698      1221.5367431641
698.777649      1208.1622314453
699.102539      1194.7877197266
699.427429      1176.9550781250
699.752258      1130.1444091797
700.077026      1163.5805664063
700.401733      1159.1224365234
700.726379      1118.9990234375
701.051025      1161.3515625000
701.375610      1192.5587158203
701.700134      1199.2459716797
702.024658      1174.7260742188
702.349060      1199.2459716797
702.673462      1145.7479248047
702.997864      1165.8096923828
703.322144      1123.4571533203
703.646362      1168.0388183594
703.970520      1125.6862792969
704.294739      1179.1842041016
704.618896      1143.5189208984
704.942932      1199.2459716797
705.266968      1147.9770507813
705.590942      1156.8933105469
705.914917      1212.6203613281
706.238770      1192.5587158203
706.562622      1165.8096923828
706.886292      1130.1444091797
707.210083      1225.9948730469
707.533813      1217.0786132813
707.857422      1230.4530029297
708.181030      1290.6383056641
708.504578      1118.9990234375
708.828064      1199.2459716797
709.151550      1159.1224365234
709.474976      1243.8275146484
709.798340      1228.2239990234
710.121582      1165.8096923828
710.444885      1219.3076171875
710.768127      1217.0786132813
711.091248      1172.4969482422
711.414429      1150.2061767578
711.737488      1203.7041015625
712.060547      1208.1622314453
712.383484      1199.2459716797
712.706482      1225.9948730469
713.029358      1172.4969482422
713.352112      1161.3515625000
713.674927      1154.6643066406
713.997681      1118.9990234375
714.320435      1127.9152832031
714.643066      1234.9112548828
714.965698      1243.8275146484
715.288269      1145.7479248047
715.610779      1199.2459716797
715.933289      1181.4132080078
716.255737      1197.0168457031
716.578003      1143.5189208984
716.900330      1107.8535156250
717.222595      1223.7658691406
717.544861      1194.7877197266
717.867065      1156.8933105469
718.189209      1125.6862792969
718.511292      1219.3076171875
718.833313      1156.8933105469
719.155334      1116.7698974609
719.477234      1170.2678222656
719.799133      1190.3295898438
720.120972      1221.5367431641
720.442749      1174.7260742188
720.764587      1219.3076171875
721.086304      1159.1224365234
721.407898      1125.6862792969
721.729553      1203.7041015625
722.051147      1147.9770507813
722.372681      1225.9948730469
722.694092      1145.7479248047
723.015503      1176.9550781250
723.336914      1134.6025390625
723.658264      1163.5805664063
723.979492      1150.2061767578
724.300781      1168.0388183594
724.621948      1127.9152832031
724.943115      1181.4132080078
725.264160      1163.5805664063
725.585205      1190.3295898438
725.906189      1179.1842041016
726.227173      1270.5765380859
726.548035      1150.2061767578
726.868896      1185.8714599609
727.189697      1121.2280273438
727.510498      1197.0168457031
727.831177      1161.3515625000
728.151855      1205.9331054688
728.472473      1185.8714599609
728.793091      1190.3295898438
729.113525      1225.9948730469
729.434021      1174.7260742188
729.754456      1101.1663818359
730.074829      1134.6025390625
730.395142      1168.0388183594
730.715454      1136.8316650391
731.035706      1136.8316650391
731.355896      1252.7438964844
731.676025      1145.7479248047
731.996033      1136.8316650391
732.316101      1257.2020263672
732.636108      1190.3295898438
732.956055      1168.0388183594
733.275940      1145.7479248047
733.595825      1194.7877197266
733.915649      1172.4969482422
734.235413      1174.7260742188
734.555054      1268.3474121094
734.874817      1185.8714599609
735.194336      1214.8494873047
735.513855      1243.8275146484
735.833435      1234.9112548828
736.152893      1230.4530029297
736.472290      1159.1224365234
736.791687      1179.1842041016
737.111023      1136.8316650391
737.430298      1183.6423339844
737.749512      1181.4132080078
738.068665      1208.1622314453
738.387817      1168.0388183594
738.706909      1161.3515625000
739.025879      1141.2897949219
739.344910      1205.9331054688
739.663879      1147.9770507813
739.982788      1230.4530029297
740.301636      1221.5367431641
740.620422      1123.4571533203
740.939148      1176.9550781250
741.257874      1201.4749755859
741.576477      1110.0826416016
741.895020      1203.7041015625
742.213623      1205.9331054688
742.532166      1154.6643066406
742.850586      1134.6025390625
743.169006      1143.5189208984
743.487366      1134.6025390625
743.805725      1123.4571533203
744.123962      1101.1663818359
744.442200      1172.4969482422
744.760315      1163.5805664063
745.078430      1192.5587158203
745.396484      1112.3117675781
745.714539      1161.3515625000
746.032532      1181.4132080078
746.350464      1092.2500000000
746.668335      1219.3076171875
746.986206      1188.1004638672
747.303955      1188.1004638672
747.621643      1136.8316650391
747.939331      1201.4749755859
748.257019      1188.1004638672
748.574585      1212.6203613281
748.892151      1185.8714599609
749.209656      1141.2897949219
749.527100      1085.5627441406
749.844482      1185.8714599609
750.161804      1141.2897949219
750.479126      1183.6423339844
750.796326      1163.5805664063
751.113525      1161.3515625000
751.430725      1154.6643066406
751.747803      1172.4969482422
752.064880      1174.7260742188
752.381897      1165.8096923828
752.698853      1194.7877197266
753.015747      1170.2678222656
753.332703      1199.2459716797
753.649475      1243.8275146484
753.966187      1161.3515625000
754.282898      1154.6643066406
754.599609      1116.7698974609
754.916199      1161.3515625000
755.232788      1185.8714599609
755.549316      1225.9948730469
755.865784      1246.0566406250
756.182190      1154.6643066406
756.498596      1185.8714599609
756.814941      1183.6423339844
757.131165      1223.7658691406
757.447388      1183.6423339844
757.763611      1156.8933105469
758.079712      1223.7658691406
758.395813      1241.5985107422
758.711853      1197.0168457031
759.027832      1183.6423339844
759.343811      1199.2459716797
759.659668      1174.7260742188
759.975464      1176.9550781250
760.291260      1168.0388183594
760.606995      1165.8096923828
760.922668      1190.3295898438
761.238342      1170.2678222656
761.554016      1116.7698974609
761.869507      1234.9112548828
762.185059      1179.1842041016
762.500488      1156.8933105469
762.815918      1225.9948730469
763.131165      1150.2061767578
763.446533      1183.6423339844
763.761719      1156.8933105469
764.076965      1185.8714599609
764.392151      1161.3515625000
764.707214      1176.9550781250
765.022339      1150.2061767578
765.337341      1174.7260742188
765.652283      1203.7041015625
765.967224      1141.2897949219
766.282043      1194.7877197266
766.596863      1185.8714599609
766.911621      1161.3515625000
767.226379      1181.4132080078
767.541016      1237.1402587891
767.855591      1239.3693847656
768.170227      1163.5805664063
768.484741      1152.4351806641
768.799194      1150.2061767578
769.113647      1159.1224365234
769.427979      1203.7041015625
769.742310      1145.7479248047
770.056580      1188.1004638672
770.370850      1192.5587158203
770.684998      1159.1224365234
770.999084      1161.3515625000
771.313232      1159.1224365234
771.627258      1134.6025390625
771.941223      1163.5805664063
772.255066      1185.8714599609
772.569031      1183.6423339844
772.882813      1192.5587158203
773.196594      1127.9152832031
773.510376      1150.2061767578
773.824036      1179.1842041016
774.137695      1185.8714599609
774.451294      1197.0168457031
774.764832      1110.0826416016
775.078308      1203.7041015625
775.391724      1208.1622314453
775.705078      1179.1842041016
776.018433      1185.8714599609
776.331726      1168.0388183594
776.644958      1139.0606689453
776.958130      1147.9770507813
777.271301      1225.9948730469
777.584412      1201.4749755859
777.897461      1098.9372558594
778.210510      1141.2897949219
778.523315      1116.7698974609
778.836304      1241.5985107422
779.149109      1174.7260742188
779.461914      1098.9372558594
779.774658      1188.1004638672
780.087402      1190.3295898438
780.400024      1208.1622314453
780.712585      1201.4749755859
781.025146      1219.3076171875
781.337646      1221.5367431641
781.650085      1176.9550781250
781.962463      1163.5805664063
782.274841      1081.1046142578
782.587158      1194.7877197266
782.899414      1163.5805664063
783.211609      1228.2239990234
783.523743      1145.7479248047
783.835938      1141.2897949219
784.147949      1105.6245117188
784.459900      1154.6643066406
784.771851      1134.6025390625
785.083801      1112.3117675781
785.395630      1205.9331054688
785.707397      1194.7877197266
786.019226      1121.2280273438
786.330933      1163.5805664063
786.642578      1232.6821289063
786.954224      1116.7698974609
787.265747      1150.2061767578
787.577209      1199.2459716797
787.888672      1123.4571533203
788.200073      1239.3693847656
788.511414      1139.0606689453
788.822754      1139.0606689453
789.133972      1154.6643066406
789.445190      1130.1444091797
789.756409      1210.3913574219
790.067505      1179.1842041016
790.378540      1172.4969482422
790.689514      1147.9770507813
791.000488      1168.0388183594
791.311401      1127.9152832031
791.622314      1139.0606689453
791.933105      1143.5189208984
792.243896      1174.7260742188
792.554565      1159.1224365234
792.865234      1194.7877197266
793.175842      1112.3117675781
793.486389      1132.3734130859
793.796875      1134.6025390625
794.107300      1174.7260742188
794.417786      1161.3515625000
794.728088      1210.3913574219
795.038452      1270.5765380859
795.348694      1116.7698974609
795.658936      1165.8096923828
795.969055      1194.7877197266
796.279175      1150.2061767578
796.589172      1139.0606689453
796.899231      1156.8933105469
797.209167      1150.2061767578
797.519104      1212.6203613281
797.828979      1190.3295898438
798.138794      1194.7877197266
798.448547      1179.1842041016
798.758301      1181.4132080078
799.067932      1147.9770507813
799.377563      1210.3913574219
799.687073      1136.8316650391
799.996582      1150.2061767578
800.306030      1130.1444091797
800.615479      1154.6643066406
800.924805      1156.8933105469
801.234192      1225.9948730469
801.543457      1165.8096923828
801.852600      1190.3295898438
802.161743      1176.9550781250
802.470886      1194.7877197266
802.779907      1161.3515625000
803.088867      1219.3076171875
803.397827      1181.4132080078
803.706787      1217.0786132813
804.015686      1199.2459716797
804.324463      1250.5147705078
804.633179      1147.9770507813
804.941956      1181.4132080078
805.250610      1194.7877197266
805.559204      1163.5805664063
805.867676      1143.5189208984
806.176270      1179.1842041016
806.484680      1192.5587158203
806.793091      1203.7041015625
807.101440      1156.8933105469
807.409729      1139.0606689453
807.718018      1136.8316650391
808.026184      1246.0566406250
808.334351      1067.7301025391
808.642456      1190.3295898438
808.950439      1112.3117675781
809.258484      1201.4749755859
809.566467      1234.9112548828
809.874329      1183.6423339844
810.182190      1145.7479248047
810.489990      1243.8275146484
810.797791      1239.3693847656
811.105469      1192.5587158203
811.413147      1132.3734130859
811.720642      1194.7877197266
812.028198      1105.6245117188
812.335693      1179.1842041016
812.643188      1156.8933105469
812.950562      1210.3913574219
813.257935      1114.5407714844
813.565186      1212.6203613281
813.872498      1087.7918701172
814.179626      1165.8096923828
814.486816      1190.3295898438
814.793823      1185.8714599609
815.100830      1190.3295898438
815.407837      1192.5587158203
815.714783      1174.7260742188
816.021667      1221.5367431641
816.328552      1101.1663818359
816.635315      1234.9112548828
816.942078      1159.1224365234
817.248779      1205.9331054688
817.555359      1165.8096923828
817.861938      1132.3734130859
818.168457      1074.4173583984
818.474976      1154.6643066406
818.781372      1163.5805664063
819.087769      1199.2459716797
819.394104      1139.0606689453
819.700378      1134.6025390625
820.006592      1205.9331054688
820.312744      1239.3693847656
820.618896      1214.8494873047
820.924927      1234.9112548828
821.230957      1074.4173583984
821.536926      1194.7877197266
821.842896      1101.1663818359
822.148804      1143.5189208984
822.454590      1208.1622314453
822.760376      1159.1224365234
823.066040      1181.4132080078
823.371704      1130.1444091797
823.677307      1134.6025390625
823.982910      1154.6643066406
824.288391      1183.6423339844
824.593872      1194.7877197266
824.899292      1208.1622314453
825.204651      1127.9152832031
825.509949      1083.3336181641
825.815186      1219.3076171875
826.120422      1114.5407714844
826.425598      1170.2678222656
826.730652      1234.9112548828
827.035706      1199.2459716797
827.340759      1197.0168457031
827.645630      1150.2061767578
827.950623      1165.8096923828
828.255432      1141.2897949219
828.560242      1205.9331054688
828.864990      1181.4132080078
829.169739      1201.4749755859
829.474304      1270.5765380859
829.778870      1208.1622314453
830.083435      1248.2857666016
830.387878      1199.2459716797
830.692383      1132.3734130859
830.996765      1136.8316650391
831.301086      1172.4969482422
831.605408      1203.7041015625
831.909668      1176.9550781250
832.213867      1159.1224365234
832.517883      1132.3734130859
832.821960      1181.4132080078
833.126038      1197.0168457031
833.429993      1174.7260742188
833.733948      1190.3295898438
834.037842      1141.2897949219
834.341614      1181.4132080078
834.645386      1174.7260742188
834.949158      1181.4132080078
835.252808      1228.2239990234
835.556335      1172.4969482422
835.859924      1203.7041015625
836.163513      1156.8933105469
836.466980      1132.3734130859
836.770325      1136.8316650391
837.073730      1181.4132080078
837.377075      1252.7438964844
837.680298      1181.4132080078
837.983521      1199.2459716797
838.286682      1183.6423339844
838.589722      1150.2061767578
838.892761      1136.8316650391
839.195801      1161.3515625000
839.498779      1112.3117675781
839.801636      1168.0388183594
840.104492      1188.1004638672
840.407288      1192.5587158203
840.710022      1168.0388183594
841.012695      1103.3953857422
841.315369      1188.1004638672
841.617920      1261.6601562500
841.920410      1083.3336181641
842.222961      1159.1224365234
842.525391      1225.9948730469
842.827759      1136.8316650391
843.130127      1114.5407714844
843.432373      1161.3515625000
843.734619      1199.2459716797
844.036804      1147.9770507813
844.338867      1112.3117675781
844.640930      1203.7041015625
844.942993      1130.1444091797
845.244934      1150.2061767578
845.546814      1156.8933105469
845.848755      1132.3734130859
846.150513      1188.1004638672
846.452332      1161.3515625000
846.754028      1165.8096923828
847.055664      1217.0786132813
847.357239      1181.4132080078
847.658813      1223.7658691406
847.960327      1185.8714599609
848.261780      1190.3295898438
848.563110      1192.5587158203
848.864563      1179.1842041016
849.165771      1170.2678222656
849.467041      1183.6423339844
849.768250      1210.3913574219
850.069397      1205.9331054688
850.370422      1243.8275146484
850.671448      1152.4351806641
850.972473      1165.8096923828
851.273376      1161.3515625000
851.574280      1181.4132080078
851.875122      1134.6025390625
852.175842      1098.9372558594
852.476624      1161.3515625000
852.777222      1134.6025390625
853.077881      1208.1622314453
853.378418      1161.3515625000
853.678955      1181.4132080078
853.979370      1168.0388183594
854.279785      1125.6862792969
854.580200      1150.2061767578
854.880493      1176.9550781250
855.180725      1183.6423339844
855.480957      1190.3295898438
855.781067      1181.4132080078
856.081116      1165.8096923828
856.381165      1118.9990234375
856.681152      1159.1224365234
856.981140      1127.9152832031
857.281006      1130.1444091797
857.580872      1208.1622314453
857.880676      1234.9112548828
858.180420      1130.1444091797
858.480103      1143.5189208984
858.779724      1078.8754882813
859.079224      1136.8316650391
859.378723      1237.1402587891
859.678223      1234.9112548828
859.977661      1125.6862792969
860.277039      1159.1224365234
860.576355      1156.8933105469
860.875610      1181.4132080078
861.174805      1185.8714599609
861.473999      1156.8933105469
861.773071      1205.9331054688
862.072083      1217.0786132813
862.371094      1183.6423339844
862.670044      1212.6203613281
862.968933      1179.1842041016
863.267761      1172.4969482422
863.566589      1214.8494873047
863.865356      1172.4969482422
864.164001      1199.2459716797
864.462646      1156.8933105469
864.761230      1147.9770507813
865.059692      1183.6423339844
865.358154      1192.5587158203
865.656616      1170.2678222656
865.954956      1130.1444091797
866.253357      1165.8096923828
866.551575      1141.2897949219
866.849792      1139.0606689453
867.147949      1143.5189208984
867.446106      1214.8494873047
867.744080      1179.1842041016
868.042053      1105.6245117188
868.340027      1163.5805664063
868.637878      1147.9770507813
868.935791      1143.5189208984
869.233582      1232.6821289063
869.531311      1201.4749755859
869.828979      1190.3295898438
870.126648      1112.3117675781
870.424255      1103.3953857422
870.721741      1183.6423339844
871.019165      1159.1224365234
871.316589      1221.5367431641
871.613953      1183.6423339844
871.911316      1199.2459716797
872.208557      1094.4791259766
872.505798      1165.8096923828
872.802979      1136.8316650391
873.100037      1154.6643066406
873.397156      1156.8933105469
873.694092      1205.9331054688
873.991028      1116.7698974609
874.287964      1170.2678222656
874.584778      1125.6862792969
874.881592      1110.0826416016
875.178284      1118.9990234375
875.474976      1190.3295898438
875.771606      1103.3953857422
876.068237      1232.6821289063
876.364746      1161.3515625000
876.661194      1228.2239990234
876.957581      1270.5765380859
877.253967      1210.3913574219
877.550293      1208.1622314453
877.846497      1199.2459716797
878.142761      1221.5367431641
878.438904      1197.0168457031
878.734985      1150.2061767578
879.031067      1168.0388183594
879.326965      1199.2459716797
879.622925      1194.7877197266
879.918823      1150.2061767578
880.214661      1152.4351806641
880.510498      1210.3913574219
880.806213      1145.7479248047
881.101868      1156.8933105469
881.397522      1208.1622314453
881.693115      1185.8714599609
881.988586      1185.8714599609
882.283997      1201.4749755859
882.579407      1165.8096923828
882.874817      1219.3076171875
883.170105      1248.2857666016
883.465332      1147.9770507813
883.760559      1150.2061767578
884.055725      1212.6203613281
884.350769      1194.7877197266
884.645813      1205.9331054688
884.940857      1159.1224365234
885.235718      1176.9550781250
885.530579      1170.2678222656
885.825439      1176.9550781250
886.120239      1141.2897949219
886.414917      1208.1622314453
886.709595      1123.4571533203
887.004272      1181.4132080078
887.298767      1125.6862792969
887.593323      1105.6245117188
887.887756      1156.8933105469
888.182129      1179.1842041016
888.476440      1145.7479248047
888.770752      1150.2061767578
889.065002      1219.3076171875
