0.028500
191.033081         0.0000000000
191.409973         0.0000000000
191.786819      1182.8835449219
192.163651      1222.3905029297
192.540451      1252.6016845703
192.917221      1250.2777099609
193.293961      1199.1511230469
193.670670      1278.1649169922
194.047348      1208.4467773438
194.423981      1245.6297607422
194.800613      1287.4606933594
195.177200      1227.0383300781
195.553757      1236.3341064453
195.930283      1243.3059082031
196.306778      1280.4888916016
196.683258      1254.9255371094
197.059677      1303.7282714844
197.436081      1247.9537353516
197.812454      1322.3197021484
198.188812      1271.1931152344
198.565125      1243.3059082031
198.941406      1308.3760986328
199.317673      1294.4324951172
199.693893      1168.9399414063
200.070099      1289.7845458984
200.446259      1238.6579589844
200.822388      1303.7282714844
201.198486      1245.6297607422
201.574570      1247.9537353516
201.950607      1210.7707519531
202.326614      1294.4324951172
202.702606      1213.0947265625
203.078568      1189.8553466797
203.454483      1254.9255371094
203.830383      1252.6016845703
204.206253      1266.5452880859
204.582077      1252.6016845703
204.957870      1264.2213134766
205.333633      1294.4324951172
205.709396      1247.9537353516
206.085098      1289.7845458984
206.460785      1222.3905029297
206.836426      1240.9819335938
207.212051      1208.4467773438
207.587646      1208.4467773438
207.963196      1278.1649169922
208.338730      1231.6861572266
208.714218      1196.8271484375
209.089691      1315.3479003906
209.465134      1182.8835449219
209.840530      1189.8553466797
210.215897      1257.2495117188
210.591263      1266.5452880859
210.966583      1215.4187011719
211.341858      1210.7707519531
211.717102      1215.4187011719
212.092331      1240.9819335938
212.467529      1213.0947265625
212.842697      1206.1229248047
213.217819      1187.5313720703
213.592926      1189.8553466797
213.968002      1231.6861572266
214.343018      1252.6016845703
214.718033      1192.1793212891
215.093018      1250.2777099609
215.467972      1243.3059082031
215.842880      1243.3059082031
216.217773      1231.6861572266
216.592636      1280.4888916016
216.967453      1287.4606933594
217.342255      1215.4187011719
217.717026      1231.6861572266
218.091766      1213.0947265625
218.466446      1220.0665283203
218.841125      1213.0947265625
219.215759      1196.8271484375
219.590378      1206.1229248047
219.964966      1259.5734863281
220.339508      1236.3341064453
220.714020      1201.4749755859
221.088516      1250.2777099609
221.462967      1199.1511230469
221.837402      1301.4042968750
222.211792      1264.2213134766
222.586166      1238.6579589844
222.960510      1210.7707519531
223.334793      1194.5031738281
223.709061      1199.1511230469
224.083313      1261.8973388672
224.457520      1185.2075195313
224.831696      1217.7425537109
225.205856      1229.3623046875
225.579987      1187.5313720703
225.954056      1257.2495117188
226.328110      1282.8127441406
226.702148      1159.6441650391
227.076126      1194.5031738281
227.450104      1245.6297607422
227.824036      1185.2075195313
228.197937      1238.6579589844
228.571823      1254.9255371094
228.945648      1227.0383300781
229.319473      1240.9819335938
229.693237      1252.6016845703
230.066986      1257.2495117188
230.440704      1222.3905029297
230.814392      1192.1793212891
231.188034      1189.8553466797
231.561661      1278.1649169922
231.935257      1189.8553466797
232.308823      1189.8553466797
232.682343      1208.4467773438
233.055847      1208.4467773438
233.429321      1247.9537353516
233.802750      1250.2777099609
234.176147      1173.5877685547
234.549530      1254.9255371094
234.922882      1210.7707519531
235.296188      1243.3059082031
235.669464      1250.2777099609
236.042725      1266.5452880859
236.415924      1203.7989501953
236.789139      1215.4187011719
237.162292      1278.1649169922
237.535416      1201.4749755859
237.908508      1289.7845458984
238.281570      1257.2495117188
238.654617      1206.1229248047
239.027618      1250.2777099609
239.400574      1247.9537353516
239.773514      1220.0665283203
240.146423      1252.6016845703
240.519302      1173.5877685547
240.892136      1222.3905029297
241.264969      1206.1229248047
241.637726      1247.9537353516
242.010498      1206.1229248047
242.383209      1166.6159667969
242.755905      1259.5734863281
243.128555      1194.5031738281
243.501190      1247.9537353516
243.873779      1250.2777099609
244.246353      1201.4749755859
244.618866      1227.0383300781
244.991379      1264.2213134766
245.363861      1173.5877685547
245.736282      1220.0665283203
246.108688      1247.9537353516
246.481079      1252.6016845703
246.853409      1236.3341064453
247.225723      1280.4888916016
247.598007      1243.3059082031
247.970261      1206.1229248047
248.342468      1217.7425537109
248.714645      1196.8271484375
249.086823      1217.7425537109
249.458954      1227.0383300781
249.831024      1175.9117431641
250.203094      1266.5452880859
250.575134      1268.8691406250
250.947113      1220.0665283203
251.319092      1250.2777099609
251.691025      1229.3623046875
252.062912      1203.7989501953
252.434784      1227.0383300781
252.806641      1234.0101318359
253.178452      1201.4749755859
253.550232      1247.9537353516
253.921967      1252.6016845703
254.293686      1240.9819335938
254.665359      1252.6016845703
255.037003      1236.3341064453
255.408630      1266.5452880859
255.780228      1271.1931152344
256.151764      1278.1649169922
256.523285      1257.2495117188
256.894806      1247.9537353516
257.266235      1236.3341064453
257.637695      1301.4042968750
258.009064      1271.1931152344
258.380432      1259.5734863281
258.751770      1208.4467773438
259.123077      1238.6579589844
259.494385      1227.0383300781
259.865601      1254.9255371094
260.236816      1257.2495117188
260.607941      1292.1085205078
260.979126      1215.4187011719
261.350220      1227.0383300781
261.721344      1168.9399414063
262.092346      1213.0947265625
262.463379      1238.6579589844
262.834351      1245.6297607422
263.205292      1247.9537353516
263.576233      1222.3905029297
263.947144      1148.0245361328
264.317993      1189.8553466797
264.688812      1201.4749755859
265.059631      1282.8127441406
265.430359      1271.1931152344
265.801117      1154.9963378906
266.171783      1220.0665283203
266.542450      1178.2357177734
266.913086      1243.3059082031
267.283691      1171.2639160156
267.654266      1271.1931152344
268.024811      1203.7989501953
268.395325      1231.6861572266
268.765778      1166.6159667969
269.136230      1213.0947265625
269.506653      1236.3341064453
269.877045      1215.4187011719
270.247375      1268.8691406250
270.617676      1227.0383300781
270.987946      1247.9537353516
271.358246      1245.6297607422
271.728424      1310.7000732422
272.098633      1299.0803222656
272.468781      1213.0947265625
272.838867      1264.2213134766
273.209015      1266.5452880859
273.579041      1273.5170898438
273.949066      1266.5452880859
274.319061      1215.4187011719
274.689056      1161.9681396484
275.058960      1166.6159667969
275.428864      1208.4467773438
275.798737      1199.1511230469
276.168579      1175.9117431641
276.538361      1324.6436767578
276.908142      1203.7989501953
277.277832      1206.1229248047
277.647583      1250.2777099609
278.017242      1238.6579589844
278.386902      1199.1511230469
278.756500      1194.5031738281
279.126038      1252.6016845703
279.495636      1203.7989501953
279.865143      1280.4888916016
280.234619      1250.2777099609
280.604065      1238.6579589844
280.973450      1217.7425537109
281.342834      1275.8409423828
281.712189      1236.3341064453
282.081512      1224.7143554688
282.450836      1164.2919921875
282.820038      1189.8553466797
283.189270      1252.6016845703
283.558502      1203.7989501953
283.927612      1261.8973388672
284.296722      1254.9255371094
284.665863      1282.8127441406
285.034912      1222.3905029297
285.403931      1210.7707519531
285.772919      1289.7845458984
286.141876      1185.2075195313
286.510834      1275.8409423828
286.879730      1194.5031738281
287.248596      1247.9537353516
287.617401      1252.6016845703
287.986206      1254.9255371094
288.354950      1201.4749755859
288.723724      1203.7989501953
289.092407      1206.1229248047
289.461060      1222.3905029297
289.829742      1294.4324951172
290.198334      1238.6579589844
290.566925      1194.5031738281
290.935455      1240.9819335938
291.303925      1173.5877685547
291.672394      1278.1649169922
292.040894      1217.7425537109
292.409271      1264.2213134766
292.777679      1201.4749755859
293.145996      1194.5031738281
293.514313      1254.9255371094
293.882599      1227.0383300781
294.250824      1236.3341064453
294.619049      1243.3059082031
294.987244      1245.6297607422
295.355377      1254.9255371094
295.723480      1287.4606933594
296.091614      1236.3341064453
296.459625      1282.8127441406
296.827667      1252.6016845703
297.195648      1210.7707519531
297.563599      1240.9819335938
297.931488      1261.8973388672
298.299408      1229.3623046875
298.667267      1243.3059082031
299.035095      1201.4749755859
299.402893      1257.2495117188
299.770599      1227.0383300781
300.138367      1236.3341064453
300.506042      1222.3905029297
300.873718      1275.8409423828
301.241333      1247.9537353516
301.608917      1227.0383300781
301.976471      1268.8691406250
302.344025      1243.3059082031
302.711487      1273.5170898438
303.078979      1261.8973388672
303.446411      1199.1511230469
303.813782      1247.9537353516
304.181183      1261.8973388672
304.548492      1245.6297607422
304.915771      1222.3905029297
305.283051      1271.1931152344
305.650299      1222.3905029297
306.017456      1224.7143554688
306.384644      1220.0665283203
306.751770      1194.5031738281
307.118896      1266.5452880859
307.485962      1206.1229248047
307.852966      1252.6016845703
308.219971      1229.3623046875
308.586945      1275.8409423828
308.953888      1245.6297607422
309.320801      1187.5313720703
309.687653      1333.9394531250
310.054504      1206.1229248047
310.421326      1306.0521240234
310.788086      1254.9255371094
311.154846      1289.7845458984
311.521515      1294.4324951172
311.888184      1238.6579589844
312.254822      1229.3623046875
312.621429      1250.2777099609
312.988007      1222.3905029297
313.354553      1252.6016845703
313.721039      1166.6159667969
314.087494      1217.7425537109
314.453949      1240.9819335938
314.820343      1324.6436767578
315.186737      1273.5170898438
315.553101      1259.5734863281
315.919373      1285.1367187500
316.285645      1210.7707519531
316.651886      1187.5313720703
317.018066      1261.8973388672
317.384308      1289.7845458984
317.750427      1238.6579589844
318.116516      1282.8127441406
318.482574      1259.5734863281
318.848633      1280.4888916016
319.214661      1201.4749755859
319.580627      1175.9117431641
319.946564      1236.3341064453
320.312439      1287.4606933594
320.678314      1236.3341064453
321.044159      1254.9255371094
321.410004      1243.3059082031
321.775757      1201.4749755859
322.141510      1234.0101318359
322.507202      1240.9819335938
322.872894      1168.9399414063
323.238525      1234.0101318359
323.604156      1222.3905029297
323.969696      1308.3760986328
324.335266      1261.8973388672
324.700745      1308.3760986328
325.066223      1261.8973388672
325.431702      1236.3341064453
325.797089      1138.7287597656
326.162445      1217.7425537109
326.527802      1261.8973388672
326.893097      1236.3341064453
327.258362      1187.5313720703
327.623657      1247.9537353516
327.988861      1317.6718750000
328.353973      1222.3905029297
328.719116      1220.0665283203
329.084259      1268.8691406250
329.449341      1189.8553466797
329.814392      1231.6861572266
330.179352      1217.7425537109
330.544312      1247.9537353516
330.909241      1168.9399414063
331.274170      1261.8973388672
331.639069      1217.7425537109
332.003906      1213.0947265625
332.368713      1292.1085205078
332.733459      1240.9819335938
333.098206      1215.4187011719
333.462921      1210.7707519531
333.827606      1231.6861572266
334.192230      1182.8835449219
334.556824      1154.9963378906
334.921356      1208.4467773438
335.285919      1175.9117431641
335.650452      1282.8127441406
336.014893      1278.1649169922
336.379333      1222.3905029297
336.743744      1275.8409423828
337.108124      1282.8127441406
337.472443      1243.3059082031
337.836731      1247.9537353516
338.201019      1254.9255371094
338.565247      1210.7707519531
338.929413      1273.5170898438
339.293579      1247.9537353516
339.657776      1210.7707519531
340.021851      1217.7425537109
340.385895      1217.7425537109
340.749908      1213.0947265625
341.113922      1259.5734863281
341.477875      1220.0665283203
341.841827      1287.4606933594
342.205688      1227.0383300781
342.569580      1194.5031738281
342.933380      1250.2777099609
343.297211      1266.5452880859
343.660950      1250.2777099609
344.024658      1282.8127441406
344.388367      1238.6579589844
344.752014      1271.1931152344
345.115601      1245.6297607422
345.479218      1210.7707519531
345.842804      1217.7425537109
346.206299      1227.0383300781
346.569763      1234.0101318359
346.933228      1215.4187011719
347.296661      1282.8127441406
347.660034      1266.5452880859
348.023407      1268.8691406250
348.386719      1180.5595703125
348.750000      1220.0665283203
349.113220      1280.4888916016
349.476471      1220.0665283203
349.839661      1189.8553466797
350.202820      1192.1793212891
350.565887      1282.8127441406
350.928955      1215.4187011719
351.292023      1231.6861572266
351.655029      1206.1229248047
352.018036      1240.9819335938
352.380981      1245.6297607422
352.743866      1224.7143554688
353.106720      1257.2495117188
353.469574      1224.7143554688
353.832397      1273.5170898438
354.195160      1285.1367187500
354.557892      1278.1649169922
354.920593      1192.1793212891
355.283234      1261.8973388672
355.645905      1245.6297607422
356.008514      1196.8271484375
356.371094      1217.7425537109
356.733612      1245.6297607422
357.096100      1268.8691406250
357.458588      1224.7143554688
357.820984      1303.7282714844
358.183411      1247.9537353516
358.545746      1294.4324951172
358.908081      1196.8271484375
359.270355      1280.4888916016
359.632629      1189.8553466797
359.994873      1166.6159667969
360.357056      1254.9255371094
360.719208      1208.4467773438
361.081329      1210.7707519531
361.443420      1264.2213134766
361.805481      1261.8973388672
362.167511      1247.9537353516
362.529480      1224.7143554688
362.891418      1189.8553466797
363.253326      1261.8973388672
363.615234      1238.6579589844
363.977081      1243.3059082031
364.338867      1285.1367187500
364.700653      1240.9819335938
365.062378      1154.9963378906
365.424103      1310.7000732422
365.785767      1289.7845458984
366.147430      1245.6297607422
366.509033      1229.3623046875
366.870605      1210.7707519531
367.232117      1259.5734863281
367.593628      1206.1229248047
367.955109      1217.7425537109
368.316559      1217.7425537109
368.677917      1166.6159667969
369.039307      1171.2639160156
369.400635      1178.2357177734
369.761902      1245.6297607422
370.123199      1194.5031738281
370.484436      1259.5734863281
370.845581      1129.4329833984
371.206726      1213.0947265625
371.567871      1199.1511230469
371.928955      1282.8127441406
372.290039      1161.9681396484
372.651062      1145.7005615234
373.011993      1192.1793212891
373.372955      1282.8127441406
373.733887      1203.7989501953
374.094788      1278.1649169922
374.455627      1217.7425537109
374.816406      1208.4467773438
375.177185      1189.8553466797
375.537903      1213.0947265625
375.898651      1268.8691406250
376.259338      1161.9681396484
376.619965      1227.0383300781
376.980530      1206.1229248047
377.341095      1247.9537353516
377.701660      1206.1229248047
378.062134      1236.3341064453
378.422607      1268.8691406250
378.783020      1266.5452880859
379.143402      1275.8409423828
379.503784      1273.5170898438
379.864105      1313.0239257813
380.224396      1289.7845458984
380.584656      1240.9819335938
380.944855      1229.3623046875
381.305054      1315.3479003906
381.665192      1273.5170898438
382.025299      1224.7143554688
382.385406      1173.5877685547
382.745453      1222.3905029297
383.105438      1243.3059082031
383.465424      1261.8973388672
383.825348      1150.3483886719
384.185272      1243.3059082031
384.545135      1238.6579589844
384.904968      1213.0947265625
385.264771      1231.6861572266
385.624512      1238.6579589844
385.984253      1289.7845458984
386.343964      1231.6861572266
386.703613      1243.3059082031
387.063232      1206.1229248047
387.422821      1261.8973388672
387.782379      1250.2777099609
388.141907      1240.9819335938
388.501404      1220.0665283203
388.860840      1243.3059082031
389.220215      1264.2213134766
389.579620      1236.3341064453
389.938995      1208.4467773438
390.298279      1231.6861572266
390.657562      1240.9819335938
391.016785      1215.4187011719
391.376007      1185.2075195313
391.735168      1180.5595703125
392.094299      1173.5877685547
392.453430      1234.0101318359
392.812469      1238.6579589844
393.171478      1247.9537353516
393.530457      1210.7707519531
393.889435      1273.5170898438
394.248383      1240.9819335938
394.607269      1227.0383300781
394.966125      1208.4467773438
395.324921      1254.9255371094
395.683655      1161.9681396484
396.042419      1206.1229248047
396.401154      1203.7989501953
396.759827      1231.6861572266
397.118469      1134.0809326172
397.477051      1264.2213134766
397.835632      1299.0803222656
398.194153      1231.6861572266
398.552673      1224.7143554688
398.911163      1280.4888916016
399.269592      1264.2213134766
399.627960      1236.3341064453
399.986328      1264.2213134766
400.344666      1185.2075195313
400.702942      1215.4187011719
401.061188      1194.5031738281
401.419403      1247.9537353516
401.777588      1208.4467773438
402.135712      1171.2639160156
402.493835      1227.0383300781
402.851929      1238.6579589844
403.209961      1275.8409423828
403.567932      1252.6016845703
403.925903      1171.2639160156
404.283905      1234.0101318359
404.641754      1240.9819335938
404.999634      1227.0383300781
405.357452      1180.5595703125
405.715210      1229.3623046875
406.072998      1231.6861572266
406.430725      1215.4187011719
406.788422      1224.7143554688
407.146027      1173.5877685547
407.503662      1259.5734863281
407.861237      1289.7845458984
408.218781      1208.4467773438
408.576294      1313.0239257813
408.933777      1261.8973388672
409.291168      1220.0665283203
409.648590      1275.8409423828
410.005951      1194.5031738281
410.363312      1185.2075195313
410.720612      1234.0101318359
411.077820      1224.7143554688
411.435059      1245.6297607422
411.792267      1238.6579589844
412.149384      1215.4187011719
412.506531      1192.1793212891
412.863586      1171.2639160156
413.220642      1231.6861572266
413.577606      1250.2777099609
413.934601      1175.9117431641
414.291565      1192.1793212891
414.648468      1217.7425537109
415.005310      1222.3905029297
415.362122      1206.1229248047
415.718903      1280.4888916016
416.075684      1208.4467773438
416.432434      1243.3059082031
416.789093      1282.8127441406
417.145752      1247.9537353516
417.502350      1217.7425537109
417.858948      1185.2075195313
418.215485      1275.8409423828
418.571991      1236.3341064453
418.928467      1185.2075195313
419.284882      1217.7425537109
419.641266      1285.1367187500
419.997650      1234.0101318359
420.354004      1254.9255371094
420.710266      1264.2213134766
421.066528      1257.2495117188
421.422760      1259.5734863281
421.778931      1236.3341064453
422.135071      1245.6297607422
422.491211      1199.1511230469
422.847260      1261.8973388672
423.203308      1213.0947265625
423.559296      1208.4467773438
423.915283      1247.9537353516
424.271210      1257.2495117188
424.627136      1217.7425537109
424.982971      1252.6016845703
425.338776      1231.6861572266
425.694611      1194.5031738281
426.050323      1234.0101318359
426.406036      1182.8835449219
426.761749      1213.0947265625
427.117371      1220.0665283203
427.472961      1247.9537353516
427.828552      1303.7282714844
428.184113      1294.4324951172
428.539581      1199.1511230469
428.895050      1210.7707519531
429.250458      1254.9255371094
429.605865      1264.2213134766
429.961212      1210.7707519531
430.316559      1210.7707519531
430.671814      1182.8835449219
431.027069      1222.3905029297
431.382263      1220.0665283203
431.737457      1303.7282714844
432.092590      1234.0101318359
432.447723      1201.4749755859
432.802734      1210.7707519531
433.157776      1273.5170898438
433.512756      1252.6016845703
433.867706      1194.5031738281
434.222656      1185.2075195313
434.577545      1206.1229248047
434.932373      1224.7143554688
435.287201      1261.8973388672
435.641968      1259.5734863281
435.996704      1245.6297607422
436.351410      1217.7425537109
436.706085      1282.8127441406
437.060699      1220.0665283203
437.415283      1215.4187011719
437.769867      1243.3059082031
438.124420      1213.0947265625
438.478882      1257.2495117188
438.833313      1275.8409423828
439.187714      1329.2915039063
439.542084      1259.5734863281
439.896454      1215.4187011719
440.250732      1178.2357177734
440.605011      1250.2777099609
440.959229      1234.0101318359
441.313416      1203.7989501953
441.667572      1287.4606933594
442.021698      1208.4467773438
442.375793      1231.6861572266
442.729858      1236.3341064453
443.083832      1157.3201904297
443.437836      1138.7287597656
443.791748      1196.8271484375
444.145630      1178.2357177734
444.499542      1257.2495117188
444.853363      1340.9112548828
445.207123      1252.6016845703
445.560883      1178.2357177734
445.914612      1224.7143554688
446.268280      1229.3623046875
446.621918      1175.9117431641
446.975555      1271.1931152344
447.329132      1215.4187011719
447.682678      1238.6579589844
448.036133      1215.4187011719
448.389618      1243.3059082031
448.743042      1224.7143554688
449.096405      1227.0383300781
449.449799      1203.7989501953
449.803101      1299.0803222656
450.156372      1215.4187011719
450.509613      1268.8691406250
450.862823      1199.1511230469
451.216003      1180.5595703125
451.569122      1247.9537353516
451.922211      1208.4467773438
452.275269      1234.0101318359
452.628296      1252.6016845703
452.981293      1159.6441650391
453.334229      1243.3059082031
453.687134      1240.9819335938
454.040009      1247.9537353516
454.392853      1213.0947265625
454.745636      1227.0383300781
455.098419      1201.4749755859
455.451172      1217.7425537109
455.803864      1282.8127441406
456.156464      1313.0239257813
456.509125      1210.7707519531
456.861694      1206.1229248047
457.214264      1280.4888916016
457.566742      1185.2075195313
457.919220      1261.8973388672
458.271667      1227.0383300781
458.624023      1275.8409423828
458.976379      1268.8691406250
459.328705      1250.2777099609
459.681000      1234.0101318359
460.033234      1231.6861572266
460.385468      1220.0665283203
460.737610      1250.2777099609
461.089752      1273.5170898438
461.441864      1224.7143554688
461.793945      1252.6016845703
462.145996      1203.7989501953
462.497955      1250.2777099609
462.849884      1245.6297607422
463.201813      1229.3623046875
463.553680      1261.8973388672
463.905518      1201.4749755859
464.257355      1201.4749755859
464.609100      1259.5734863281
464.960815      1222.3905029297
465.312531      1192.1793212891
465.664185      1166.6159667969
466.015778      1240.9819335938
466.367371      1210.7707519531
466.718903      1236.3341064453
467.070435      1236.3341064453
467.421906      1206.1229248047
467.773346      1227.0383300781
468.124725      1273.5170898438
468.476074      1243.3059082031
468.827393      1215.4187011719
469.178680      1227.0383300781
469.529938      1201.4749755859
469.881134      1192.1793212891
470.232330      1280.4888916016
470.583435      1234.0101318359
470.934540      1292.1085205078
471.285614      1154.9963378906
471.636627      1240.9819335938
471.987610      1261.8973388672
472.338562      1217.7425537109
472.689453      1182.8835449219
473.040375      1196.8271484375
473.391205      1224.7143554688
473.741974      1273.5170898438
474.092773      1171.2639160156
474.443481      1213.0947265625
474.794159      1199.1511230469
475.144806      1275.8409423828
475.495422      1224.7143554688
475.846039      1278.1649169922
476.196533      1250.2777099609
476.547028      1236.3341064453
476.897522      1289.7845458984
477.247925      1299.0803222656
477.598328      1199.1511230469
477.948700      1264.2213134766
478.299011      1231.6861572266
478.649231      1224.7143554688
478.999481      1189.8553466797
479.349701      1208.4467773438
479.699829      1254.9255371094
480.049988      1227.0383300781
480.400055      1180.5595703125
480.750153      1326.9675292969
481.100128      1236.3341064453
481.450104      1185.2075195313
481.800049      1220.0665283203
482.149963      1250.2777099609
482.499786      1289.7845458984
482.849670      1208.4467773438
483.199432      1222.3905029297
483.549194      1234.0101318359
483.898926      1231.6861572266
484.248566      1285.1367187500
484.598206      1240.9819335938
484.947815      1217.7425537109
485.297394      1245.6297607422
485.646912      1178.2357177734
485.996399      1278.1649169922
486.345825      1257.2495117188
486.695282      1206.1229248047
487.044617      1238.6579589844
487.393951      1227.0383300781
487.743286      1285.1367187500
488.092529      1220.0665283203
488.441711      1301.4042968750
488.790955      1264.2213134766
489.140076      1210.7707519531
489.489197      1259.5734863281
489.838257      1261.8973388672
490.187286      1264.2213134766
490.536316      1224.7143554688
490.885254      1252.6016845703
491.234161      1240.9819335938
491.583069      1217.7425537109
491.931915      1271.1931152344
492.280731      1271.1931152344
492.629486      1220.0665283203
492.978210      1185.2075195313
493.326874      1215.4187011719
493.675568      1168.9399414063
494.024200      1250.2777099609
494.372742      1194.5031738281
494.721313      1220.0665283203
495.069824      1240.9819335938
495.418274      1280.4888916016
495.766724      1182.8835449219
496.115112      1259.5734863281
496.463470      1275.8409423828
496.811768      1229.3623046875
497.160034      1261.8973388672
497.508301      1259.5734863281
497.856506      1224.7143554688
498.204651      1224.7143554688
498.552765      1252.6016845703
498.900848      1203.7989501953
499.248901      1252.6016845703
499.596924      1243.3059082031
499.944885      1215.4187011719
500.292816      1203.7989501953
500.640778      1192.1793212891
500.988556      1224.7143554688
501.336426      1224.7143554688
501.684204      1178.2357177734
502.031952      1178.2357177734
502.379700      1215.4187011719
502.727295      1275.8409423828
503.074982      1194.5031738281
503.422546      1220.0665283203
503.770081      1238.6579589844
504.117615      1273.5170898438
504.465088      1189.8553466797
504.812561      1238.6579589844
505.159943      1238.6579589844
505.507294      1280.4888916016
505.854645      1189.8553466797
506.201904      1227.0383300781
506.549194      1154.9963378906
506.896332      1289.7845458984
507.243591      1215.4187011719
507.590698      1220.0665283203
507.937775      1194.5031738281
508.284912      1206.1229248047
508.631836      1238.6579589844
508.978851      1224.7143554688
509.325806      1257.2495117188
509.672699      1275.8409423828
510.019592      1194.5031738281
510.366364      1268.8691406250
510.713196      1278.1649169922
511.059937      1196.8271484375
511.406677      1236.3341064453
511.753326      1280.4888916016
512.099976      1222.3905029297
512.446594      1240.9819335938
512.793091      1252.6016845703
513.139648      1236.3341064453
513.486145      1245.6297607422
513.832520      1257.2495117188
514.179016      1238.6579589844
514.525269      1266.5452880859
514.871704      1161.9681396484
515.217957      1259.5734863281
515.564209      1217.7425537109
515.910522      1185.2075195313
516.256531      1240.9819335938
516.602783      1306.0521240234
516.948853      1217.7425537109
517.294922      1259.5734863281
517.640930      1231.6861572266
517.986877      1280.4888916016
518.332886      1217.7425537109
518.678711      1192.1793212891
519.024658      1213.0947265625
519.370422      1217.7425537109
519.716248      1273.5170898438
520.062073      1257.2495117188
520.407715      1229.3623046875
520.753418      1254.9255371094
521.099060      1234.0101318359
521.444580      1231.6861572266
521.790222      1192.1793212891
522.135681      1148.0245361328
522.481201      1261.8973388672
522.826660      1171.2639160156
523.172058      1215.4187011719
523.517395      1268.8691406250
523.862671      1299.0803222656
524.208069      1217.7425537109
524.553284      1282.8127441406
524.898438      1234.0101318359
525.243591      1203.7989501953
525.588745      1185.2075195313
525.933899      1275.8409423828
526.278931      1254.9255371094
526.623962      1208.4467773438
526.968872      1317.6718750000
527.313904      1285.1367187500
527.658813      1236.3341064453
528.003601      1329.2915039063
528.348450      1222.3905029297
528.693237      1227.0383300781
529.037964      1310.7000732422
529.382751      1301.4042968750
529.727356      1224.7143554688
530.072021      1213.0947265625
530.416626      1164.2919921875
530.761169      1227.0383300781
531.105652      1217.7425537109
531.450134      1124.7851562500
531.794617      1236.3341064453
532.138916      1222.3905029297
532.483337      1215.4187011719
532.827637      1208.4467773438
533.171936      1238.6579589844
533.516174      1247.9537353516
533.860352      1231.6861572266
534.204529      1285.1367187500
534.548645      1189.8553466797
534.892700      1306.0521240234
535.236816      1234.0101318359
535.580750      1254.9255371094
535.924744      1234.0101318359
536.268738      1206.1229248047
536.612549      1224.7143554688
536.956421      1292.1085205078
537.300232      1257.2495117188
537.644043      1250.2777099609
537.987671      1210.7707519531
538.331421      1238.6579589844
538.675049      1185.2075195313
539.018677      1340.9112548828
539.362305      1271.1931152344
539.705750      1240.9819335938
540.049316      1201.4749755859
540.392822      1215.4187011719
540.736145      1213.0947265625
541.079590      1213.0947265625
541.422913      1236.3341064453
541.766235      1227.0383300781
542.109436      1240.9819335938
542.452698      1199.1511230469
542.795898      1257.2495117188
543.138977      1231.6861572266
543.482178      1143.3765869141
543.825195      1275.8409423828
544.168213      1213.0947265625
544.511230      1206.1229248047
544.854187      1234.0101318359
545.197083      1240.9819335938
545.539917      1292.1085205078
545.882813      1222.3905029297
546.225586      1231.6861572266
546.568359      1227.0383300781
546.911133      1296.7564697266
547.253662      1215.4187011719
547.596436      1166.6159667969
547.938965      1238.6579589844
548.281494      1257.2495117188
548.624084      1271.1931152344
548.966492      1236.3341064453
549.308960      1301.4042968750
549.651367      1278.1649169922
549.993713      1227.0383300781
550.336060      1243.3059082031
550.678345      1306.0521240234
551.020630      1236.3341064453
551.362732      1217.7425537109
551.704956      1213.0947265625
552.047058      1234.0101318359
552.389160      1238.6579589844
552.731262      1261.8973388672
553.073181      1220.0665283203
553.415161      1289.7845458984
553.757080      1250.2777099609
554.098999      1189.8553466797
554.440857      1271.1931152344
554.782593      1240.9819335938
555.124390      1264.2213134766
555.466125      1247.9537353516
555.807800      1245.6297607422
556.149414      1208.4467773438
556.491089      1171.2639160156
556.832642      1250.2777099609
557.174133      1217.7425537109
557.515686      1185.2075195313
557.857117      1217.7425537109
558.198486      1161.9681396484
558.539917      1208.4467773438
558.881165      1229.3623046875
559.222534      1261.8973388672
559.563782      1229.3623046875
559.904968      1292.1085205078
560.246216      1178.2357177734
560.587280      1213.0947265625
560.928406      1238.6579589844
561.269470      1152.6723632813
561.610474      1287.4606933594
561.951477      1268.8691406250
562.292297      1268.8691406250
562.633301      1299.0803222656
562.974121      1220.0665283203
563.315002      1238.6579589844
563.655762      1266.5452880859
563.996460      1134.0809326172
564.337158      1278.1649169922
564.677795      1250.2777099609
565.018433      1238.6579589844
565.359009      1213.0947265625
565.699524      1287.4606933594
566.040100      1271.1931152344
566.380493      1252.6016845703
566.720947      1252.6016845703
567.061340      1213.0947265625
567.401611      1217.7425537109
567.742004      1247.9537353516
568.082153      1168.9399414063
568.422424      1234.0101318359
568.762634      1180.5595703125
569.102722      1240.9819335938
569.442810      1222.3905029297
569.782898      1247.9537353516
570.122986      1273.5170898438
570.462830      1208.4467773438
570.802856      1159.6441650391
571.142761      1266.5452880859
571.482605      1194.5031738281
571.822449      1217.7425537109
572.162170      1261.8973388672
572.501953      1224.7143554688
572.841675      1280.4888916016
573.181274      1234.0101318359
573.520996      1273.5170898438
573.860474      1224.7143554688
574.200073      1210.7707519531
574.539551      1234.0101318359
574.878967      1180.5595703125
575.218384      1203.7989501953
575.557739      1257.2495117188
575.897156      1257.2495117188
576.236450      1168.9399414063
576.575684      1194.5031738281
576.914856      1252.6016845703
577.254089      1164.2919921875
577.593262      1252.6016845703
577.932251      1261.8973388672
578.271362      1152.6723632813
578.610352      1250.2777099609
578.949341      1271.1931152344
579.288330      1245.6297607422
579.627197      1238.6579589844
579.966064      1313.0239257813
580.304871      1182.8835449219
580.643677      1224.7143554688
580.982483      1252.6016845703
581.321045      1282.8127441406
581.659790      1261.8973388672
581.998413      1199.1511230469
582.336914      1257.2495117188
582.675476      1247.9537353516
583.013916      1238.6579589844
583.352478      1178.2357177734
583.690796      1206.1229248047
584.029175      1236.3341064453
584.367493      1236.3341064453
584.705811      1185.2075195313
585.044128      1259.5734863281
585.382202      1166.6159667969
585.720459      1180.5595703125
586.058594      1234.0101318359
586.396667      1250.2777099609
586.734802      1187.5313720703
587.072693      1152.6723632813
587.410767      1257.2495117188
587.748657      1229.3623046875
588.086487      1227.0383300781
588.424316      1138.7287597656
588.762146      1266.5452880859
589.099976      1236.3341064453
589.437622      1271.1931152344
589.775391      1257.2495117188
590.113037      1229.3623046875
590.450623      1208.4467773438
590.788208      1206.1229248047
591.125671      1292.1085205078
591.463196      1236.3341064453
591.800659      1213.0947265625
592.138062      1303.7282714844
592.475464      1231.6861572266
592.812683      1227.0383300781
593.150024      1215.4187011719
593.487244      1257.2495117188
593.824402      1185.2075195313
594.161621      1240.9819335938
594.498657      1234.0101318359
594.835815      1206.1229248047
595.172852      1234.0101318359
595.509827      1261.8973388672
595.846741      1243.3059082031
596.183655      1215.4187011719
596.520630      1152.6723632813
596.857422      1203.7989501953
597.194214      1236.3341064453
597.530945      1282.8127441406
597.867615      1215.4187011719
598.204346      1189.8553466797
598.540955      1215.4187011719
598.877563      1222.3905029297
599.214111      1208.4467773438
599.550598      1182.8835449219
599.887085      1243.3059082031
600.223450      1236.3341064453
600.559937      1185.2075195313
600.896240      1285.1367187500
601.232544      1231.6861572266
601.568787      1238.6579589844
601.905029      1238.6579589844
602.241272      1208.4467773438
602.577271      1240.9819335938
602.913452      1245.6297607422
603.249512      1234.0101318359
603.585510      1145.7005615234
603.921509      1201.4749755859
604.257385      1259.5734863281
604.593323      1236.3341064453
604.929199      1238.6579589844
605.264954      1257.2495117188
605.600830      1161.9681396484
605.936462      1217.7425537109
606.272217      1247.9537353516
606.607849      1215.4187011719
606.943420      1194.5031738281
607.278992      1245.6297607422
607.614502      1189.8553466797
607.950012      1161.9681396484
608.285461      1173.5877685547
608.620850      1196.8271484375
608.956177      1268.8691406250
609.291504      1194.5031738281
609.626831      1247.9537353516
609.962036      1222.3905029297
610.297302      1213.0947265625
610.632446      1259.5734863281
610.967529      1192.1793212891
611.302673      1171.2639160156
611.637634      1299.0803222656
611.972656      1220.0665283203
612.307617      1252.6016845703
612.642517      1222.3905029297
612.977356      1222.3905029297
613.312195      1254.9255371094
613.646973      1268.8691406250
613.981750      1217.7425537109
614.316406      1234.0101318359
614.651062      1261.8973388672
614.985657      1266.5452880859
615.320313      1271.1931152344
615.654846      1240.9819335938
615.989319      1294.4324951172
616.323792      1315.3479003906
616.658203      1315.3479003906
616.992615      1280.4888916016
617.326904      1180.5595703125
617.661194      1259.5734863281
617.995483      1238.6579589844
618.329712      1247.9537353516
618.663940      1192.1793212891
618.997925      1192.1793212891
619.332092      1231.6861572266
619.666077      1175.9117431641
620.000061      1229.3623046875
620.334045      1217.7425537109
620.667969      1224.7143554688
621.001892      1224.7143554688
621.335632      1273.5170898438
621.669495      1271.1931152344
622.003296      1275.8409423828
622.336914      1136.4047851563
622.670654      1222.3905029297
623.004272      1234.0101318359
623.337891      1229.3623046875
623.671387      1224.7143554688
624.004883      1229.3623046875
624.338440      1178.2357177734
624.671753      1240.9819335938
625.005249      1296.7564697266
625.338562      1271.1931152344
625.671814      1261.8973388672
626.005066      1261.8973388672
626.338257      1247.9537353516
626.671509      1229.3623046875
627.004578      1173.5877685547
627.337708      1303.7282714844
627.670776      1289.7845458984
628.003723      1254.9255371094
628.336731      1189.8553466797
628.669556      1182.8835449219
629.002502      1299.0803222656
629.335327      1201.4749755859
629.668152      1296.7564697266
630.000916      1250.2777099609
630.333618      1231.6861572266
630.666321      1236.3341064453
630.998962      1208.4467773438
631.331482      1264.2213134766
631.664063      1245.6297607422
631.996521      1192.1793212891
632.329102      1189.8553466797
632.661499      1182.8835449219
632.993835      1220.0665283203
633.326172      1252.6016845703
633.658447      1182.8835449219
633.990784      1338.5872802734
634.322937      1238.6579589844
634.655212      1252.6016845703
634.987244      1254.9255371094
635.319397      1222.3905029297
635.651489      1275.8409423828
635.983398      1182.8835449219
636.315430      1264.2213134766
636.647278      1231.6861572266
636.979187      1182.8835449219
637.311035      1259.5734863281
637.642761      1259.5734863281
637.974609      1354.8548583984
638.306335      1210.7707519531
638.637939      1243.3059082031
638.969604      1264.2213134766
639.301147      1203.7989501953
639.632751      1222.3905029297
639.964233      1161.9681396484
640.295715      1282.8127441406
640.627075      1192.1793212891
640.958496      1236.3341064453
641.289917      1192.1793212891
641.621094      1168.9399414063
641.952393      1247.9537353516
642.283569      1278.1649169922
642.614746      1273.5170898438
642.945923      1196.8271484375
643.276917      1199.1511230469
643.608093      1229.3623046875
643.939026      1252.6016845703
644.269958      1217.7425537109
644.600891      1203.7989501953
644.931763      1213.0947265625
645.262634      1245.6297607422
645.593384      1201.4749755859
645.924133      1180.5595703125
646.254822      1187.5313720703
646.585510      1264.2213134766
646.916199      1294.4324951172
647.246704      1359.5026855469
647.577271      1275.8409423828
647.907715      1264.2213134766
648.238220      1285.1367187500
648.568665      1282.8127441406
648.898987      1264.2213134766
649.229309      1259.5734863281
649.559570      1299.0803222656
649.889832      1220.0665283203
650.220093      1185.2075195313
650.550171      1243.3059082031
650.880310      1266.5452880859
651.210388      1227.0383300781
651.540405      1224.7143554688
651.870422      1243.3059082031
652.200317      1185.2075195313
652.530273      1203.7989501953
652.860046      1236.3341064453
653.189941      1254.9255371094
653.519775      1259.5734863281
653.849426      1268.8691406250
654.179199      1182.8835449219
654.508789      1261.8973388672
654.838440      1247.9537353516
655.168030      1259.5734863281
655.497498      1250.2777099609
655.827026      1247.9537353516
656.156372      1192.1793212891
656.485840      1324.6436767578
656.815247      1268.8691406250
657.144470      1231.6861572266
657.473755      1220.0665283203
657.802979      1227.0383300781
658.132202      1168.9399414063
658.461243      1220.0665283203
658.790466      1299.0803222656
659.119507      1236.3341064453
659.448486      1208.4467773438
659.777527      1196.8271484375
660.106384      1138.7287597656
660.435242      1259.5734863281
660.764160      1266.5452880859
661.092896      1231.6861572266
661.421692      1173.5877685547
661.750427      1227.0383300781
662.079102      1199.1511230469
662.407715      1229.3623046875
662.736328      1154.9963378906
663.064880      1164.2919921875
663.393311      1224.7143554688
663.721802      1324.6436767578
664.050232      1306.0521240234
664.378601      1301.4042968750
664.706970      1247.9537353516
665.035217      1210.7707519531
665.363525      1227.0383300781
665.691650      1231.6861572266
666.019897      1289.7845458984
666.347961      1171.2639160156
666.676086      1208.4467773438
667.004150      1243.3059082031
667.332092      1247.9537353516
667.660095      1257.2495117188
667.987915      1229.3623046875
668.315796      1201.4749755859
668.643677      1254.9255371094
668.971436      1234.0101318359
669.299133      1261.8973388672
669.626892      1217.7425537109
669.954468      1243.3059082031
670.282104      1236.3341064453
670.609619      1166.6159667969
670.937256      1203.7989501953
671.264587      1250.2777099609
671.592163      1171.2639160156
671.919495      1257.2495117188
672.246887      1210.7707519531
672.574097      1238.6579589844
672.901489      1257.2495117188
673.228699      1236.3341064453
673.555847      1203.7989501953
673.882996      1238.6579589844
674.210022      1208.4467773438
674.537109      1234.0101318359
674.864136      1175.9117431641
675.191101      1215.4187011719
675.518005      1252.6016845703
675.844849      1182.8835449219
676.171692      1178.2357177734
676.498535      1292.1085205078
676.825256      1210.7707519531
677.151978      1194.5031738281
677.478577      1180.5595703125
677.805237      1275.8409423828
678.131836      1185.2075195313
678.458435      1122.4611816406
678.784851      1196.8271484375
679.111328      1199.1511230469
679.437744      1217.7425537109
679.764099      1234.0101318359
680.090454      1199.1511230469
680.416687      1213.0947265625
680.742920      1196.8271484375
681.069153      1203.7989501953
681.395203      1238.6579589844
681.721313      1210.7707519531
682.047485      1166.6159667969
682.373474      1257.2495117188
682.699402      1213.0947265625
683.025391      1208.4467773438
683.351196      1240.9819335938
683.677063      1245.6297607422
684.002930      1189.8553466797
684.328674      1289.7845458984
684.654358      1227.0383300781
684.980042      1247.9537353516
685.305603      1224.7143554688
685.631287      1254.9255371094
685.956787      1210.7707519531
686.282288      1268.8691406250
686.607788      1247.9537353516
686.933167      1208.4467773438
687.258545      1294.4324951172
687.583923      1254.9255371094
687.909180      1259.5734863281
688.234375      1245.6297607422
688.559631      1224.7143554688
688.884766      1173.5877685547
689.209839      1217.7425537109
689.534973      1234.0101318359
689.859924      1250.2777099609
690.184937      1206.1229248047
690.509827      1231.6861572266
690.834717      1240.9819335938
691.159668      1206.1229248047
691.484436      1273.5170898438
691.809204      1296.7564697266
692.133911      1282.8127441406
692.458557      1282.8127441406
692.783142      1227.0383300781
693.107849      1201.4749755859
693.432312      1215.4187011719
693.756836      1261.8973388672
694.081238      1252.6016845703
694.405701      1245.6297607422
694.730164      1264.2213134766
695.054443      1150.3483886719
695.378723      1250.2777099609
695.702942      1275.8409423828
696.027100      1264.2213134766
696.351257      1257.2495117188
696.675476      1278.1649169922
696.999512      1201.4749755859
697.323486      1189.8553466797
697.647461      1252.6016845703
697.971375      1240.9819335938
698.295349      1159.6441650391
698.619202      1199.1511230469
698.942993      1168.9399414063
699.266724      1275.8409423828
699.590393      1301.4042968750
699.914124      1278.1649169922
700.237793      1229.3623046875
700.561340      1236.3341064453
700.884949      1245.6297607422
701.208374      1257.2495117188
701.531860      1131.7569580078
701.855286      1222.3905029297
702.178650      1259.5734863281
702.501953      1238.6579589844
702.825195      1271.1931152344
703.148499      1282.8127441406
703.471680      1319.9957275391
703.794861      1243.3059082031
704.117981      1213.0947265625
704.440979      1236.3341064453
704.764038      1175.9117431641
705.086975      1152.6723632813
705.409851      1287.4606933594
705.732849      1252.6016845703
706.055664      1222.3905029297
706.378479      1289.7845458984
706.701233      1257.2495117188
707.023926      1236.3341064453
707.346619      1287.4606933594
707.669250      1229.3623046875
707.991821      1313.0239257813
708.314392      1243.3059082031
708.636841      1261.8973388672
708.959290      1238.6579589844
709.281738      1257.2495117188
709.604065      1310.7000732422
709.926392      1296.7564697266
710.248657      1229.3623046875
710.570862      1245.6297607422
710.893066      1257.2495117188
711.215210      1264.2213134766
711.537292      1201.4749755859
711.859314      1282.8127441406
712.181335      1224.7143554688
712.503357      1236.3341064453
712.825256      1282.8127441406
713.147156      1252.6016845703
713.468994      1203.7989501953
713.790771      1296.7564697266
714.112488      1238.6579589844
714.434143      1264.2213134766
714.755859      1236.3341064453
715.077515      1303.7282714844
715.399109      1227.0383300781
715.720581      1313.0239257813
716.042053      1229.3623046875
716.363525      1229.3623046875
716.684875      1199.1511230469
717.006287      1185.2075195313
717.327576      1313.0239257813
717.648804      1243.3059082031
717.969971      1194.5031738281
718.291260      1299.0803222656
718.612366      1243.3059082031
718.933411      1257.2495117188
719.254395      1222.3905029297
719.575439      1308.3760986328
719.896362      1203.7989501953
720.217285      1259.5734863281
720.538147      1259.5734863281
720.859009      1252.6016845703
721.179749      1220.0665283203
721.500488      1234.0101318359
721.821228      1238.6579589844
722.141785      1250.2777099609
722.462402      1240.9819335938
722.782959      1161.9681396484
723.103455      1203.7989501953
723.423950      1178.2357177734
723.744385      1259.5734863281
724.064758      1261.8973388672
724.385071      1238.6579589844
724.705322      1287.4606933594
725.025574      1201.4749755859
725.345825      1266.5452880859
725.665955      1264.2213134766
725.986023      1175.9117431641
726.306091      1273.5170898438
726.626099      1213.0947265625
726.946045      1220.0665283203
727.266052      1236.3341064453
727.585938      1231.6861572266
727.905762      1240.9819335938
728.225525      1257.2495117188
728.545288      1210.7707519531
728.864990      1220.0665283203
729.184692      1264.2213134766
729.504333      1227.0383300781
729.823853      1220.0665283203
730.143372      1210.7707519531
730.462891      1192.1793212891
730.782410      1213.0947265625
731.101746      1250.2777099609
731.421143      1240.9819335938
731.740417      1199.1511230469
732.059631      1231.6861572266
732.378845      1257.2495117188
732.698059      1210.7707519531
733.017212      1243.3059082031
733.336304      1245.6297607422
733.655273      1224.7143554688
733.974304      1264.2213134766
734.293335      1164.2919921875
734.612183      1208.4467773438
734.931030      1261.8973388672
735.249878      1222.3905029297
735.568665      1229.3623046875
735.887329      1217.7425537109
736.206055      1210.7707519531
736.524658      1322.3197021484
736.843262      1194.5031738281
737.161804      1215.4187011719
737.480286      1217.7425537109
737.798828      1282.8127441406
738.117249      1203.7989501953
738.435608      1257.2495117188
738.753906      1203.7989501953
739.072205      1250.2777099609
739.390442      1245.6297607422
739.708618      1252.6016845703
740.026733      1275.8409423828
740.344849      1240.9819335938
740.662903      1217.7425537109
740.980957      1247.9537353516
741.298889      1240.9819335938
741.616821      1231.6861572266
741.934692      1210.7707519531
742.252502      1240.9819335938
742.570313      1173.5877685547
742.888062      1224.7143554688
743.205750      1245.6297607422
743.523438      1252.6016845703
743.841003      1217.7425537109
744.158569      1217.7425537109
744.476074      1231.6861572266
744.793518      1294.4324951172
745.111023      1192.1793212891
745.428345      1282.8127441406
745.745728      1215.4187011719
746.062988      1240.9819335938
746.380249      1259.5734863281
746.697449      1206.1229248047
747.014648      1222.3905029297
747.331726      1157.3201904297
747.648804      1175.9117431641
747.965759      1213.0947265625
748.282776      1224.7143554688
748.599731      1203.7989501953
748.916626      1217.7425537109
749.233459      1289.7845458984
749.550232      1264.2213134766
749.867004      1240.9819335938
750.183655      1185.2075195313
750.500366      1254.9255371094
750.816956      1287.4606933594
751.133545      1271.1931152344
751.450073      1220.0665283203
751.766479      1240.9819335938
752.083008      1250.2777099609
752.399414      1227.0383300781
752.715698      1264.2213134766
753.032043      1257.2495117188
753.348328      1161.9681396484
753.664429      1189.8553466797
753.980713      1261.8973388672
754.296814      1252.6016845703
754.612854      1247.9537353516
754.928833      1224.7143554688
755.244873      1215.4187011719
755.560852      1268.8691406250
755.876709      1343.2351074219
756.192505      1268.8691406250
756.508362      1296.7564697266
756.824097      1236.3341064453
757.139771      1238.6579589844
757.455505      1296.7564697266
757.771118      1282.8127441406
758.086670      1280.4888916016
758.402222      1196.8271484375
758.717712      1224.7143554688
759.033081      1238.6579589844
759.348511      1224.7143554688
759.663879      1173.5877685547
759.979187      1245.6297607422
760.294434      1203.7989501953
760.609619      1178.2357177734
760.924805      1210.7707519531
761.239929      1252.6016845703
761.554993      1171.2639160156
761.869995      1215.4187011719
762.184998      1227.0383300781
762.499939      1289.7845458984
762.814880      1280.4888916016
763.129700      1171.2639160156
763.444519      1164.2919921875
763.759277      1201.4749755859
764.073975      1210.7707519531
764.388672      1220.0665283203
764.703308      1250.2777099609
765.017883      1213.0947265625
765.332397      1247.9537353516
765.646851      1264.2213134766
765.961304      1210.7707519531
766.275696      1299.0803222656
766.590088      1252.6016845703
766.904358      1217.7425537109
767.218628      1173.5877685547
767.532776      1213.0947265625
767.846924      1208.4467773438
768.161072      1196.8271484375
768.475159      1178.2357177734
768.789185      1217.7425537109
769.103149      1206.1229248047
769.417114      1194.5031738281
769.731079      1234.0101318359
770.044861      1152.6723632813
770.358643      1261.8973388672
770.672363      1227.0383300781
770.986084      1208.4467773438
771.299683      1285.1367187500
771.613403      1215.4187011719
771.927002      1245.6297607422
772.240479      1217.7425537109
772.553955      1268.8691406250
772.867371      1264.2213134766
773.180847      1273.5170898438
773.494141      1261.8973388672
773.807434      1280.4888916016
774.120667      1171.2639160156
774.433899      1240.9819335938
774.747009      1210.7707519531
775.060181      1294.4324951172
775.373230      1250.2777099609
775.686218      1250.2777099609
775.999207      1210.7707519531
776.312073      1206.1229248047
776.624939      1252.6016845703
776.937866      1240.9819335938
777.250671      1194.5031738281
777.563416      1182.8835449219
777.876099      1278.1649169922
778.188721      1229.3623046875
778.501343      1194.5031738281
778.813904      1247.9537353516
779.126404      1229.3623046875
779.438904      1222.3905029297
779.751282      1243.3059082031
780.063660      1220.0665283203
780.376038      1213.0947265625
780.688293      1217.7425537109
781.000549      1254.9255371094
781.312683      1236.3341064453
781.624817      1245.6297607422
781.937012      1240.9819335938
782.249023      1217.7425537109
782.561035      1217.7425537109
782.872986      1243.3059082031
783.184937      1229.3623046875
783.496765      1224.7143554688
783.808655      1278.1649169922
784.120422      1234.0101318359
784.432129      1206.1229248047
784.743774      1152.6723632813
785.055420      1247.9537353516
785.367004      1287.4606933594
785.678589      1222.3905029297
785.990051      1217.7425537109
786.301514      1215.4187011719
786.612976      1282.8127441406
786.924316      1243.3059082031
787.235657      1185.2075195313
787.546936      1206.1229248047
787.858154      1236.3341064453
788.169312      1273.5170898438
788.480408      1250.2777099609
788.791504      1266.5452880859
789.102600      1245.6297607422
789.413513      1266.5452880859
789.724487      1240.9819335938
790.035400      1217.7425537109
790.346191      1210.7707519531
790.657043      1199.1511230469
790.967834      1192.1793212891
791.278564      1259.5734863281
791.589172      1266.5452880859
791.899780      1192.1793212891
792.210327      1245.6297607422
792.520935      1343.2351074219
792.831421      1238.6579589844
793.141846      1275.8409423828
793.452209      1254.9255371094
793.762573      1236.3341064453
794.072815      1264.2213134766
794.383118      1238.6579589844
794.693359      1250.2777099609
795.003479      1213.0947265625
795.313538      1224.7143554688
795.623596      1292.1085205078
795.933716      1227.0383300781
796.243652      1238.6579589844
796.553589      1213.0947265625
796.863464      1222.3905029297
797.173218      1287.4606933594
797.483032      1240.9819335938
797.792786      1222.3905029297
798.102478      1273.5170898438
798.412109      1206.1229248047
798.721741      1234.0101318359
799.031250      1224.7143554688
799.340820      1287.4606933594
799.650269      1229.3623046875
799.959656      1268.8691406250
800.269043      1224.7143554688
800.578369      1264.2213134766
800.887573      1236.3341064453
801.196899      1243.3059082031
801.505981      1254.9255371094
801.815186      1161.9681396484
802.124207      1271.1931152344
802.433289      1173.5877685547
802.742188      1275.8409423828
803.051270      1189.8553466797
803.360168      1206.1229248047
803.668945      1203.7989501953
803.977783      1231.6861572266
804.286499      1236.3341064453
804.595276      1231.6861572266
804.903931      1164.2919921875
805.212524      1250.2777099609
805.521057      1285.1367187500
805.829590      1196.8271484375
806.138062      1273.5170898438
806.446533      1282.8127441406
806.754944      1231.6861572266
807.063293      1240.9819335938
807.371521      1257.2495117188
807.679749      1285.1367187500
807.987976      1296.7564697266
808.296143      1203.7989501953
808.604248      1278.1649169922
808.912292      1268.8691406250
809.220276      1310.7000732422
809.528198      1224.7143554688
809.836182      1245.6297607422
810.144043      1206.1229248047
810.451843      1180.5595703125
810.759644      1161.9681396484
811.067322      1187.5313720703
811.375061      1215.4187011719
811.682678      1238.6579589844
811.990295      1213.0947265625
812.297791      1152.6723632813
812.605286      1240.9819335938
812.912720      1194.5031738281
813.220154      1210.7707519531
813.527527      1201.4749755859
813.834839      1199.1511230469
814.142029      1180.5595703125
814.449219      1259.5734863281
814.756409      1208.4467773438
815.063538      1275.8409423828
815.370605      1208.4467773438
815.677612      1229.3623046875
815.984619      1185.2075195313
816.291504      1234.0101318359
816.598389      1192.1793212891
816.905273      1208.4467773438
817.212036      1238.6579589844
817.518738      1180.5595703125
817.825439      1250.2777099609
818.132080      1273.5170898438
818.438721      1261.8973388672
818.745239      1196.8271484375
819.051758      1187.5313720703
819.358215      1336.2633056641
819.664612      1268.8691406250
819.971008      1264.2213134766
820.277344      1245.6297607422
820.583557      1294.4324951172
820.889771      1252.6016845703
821.195923      1213.0947265625
821.502075      1243.3059082031
821.808167      1243.3059082031
822.114197      1201.4749755859
822.420166      1224.7143554688
822.726074      1247.9537353516
823.031921      1257.2495117188
823.337769      1271.1931152344
823.643677      1285.1367187500
823.949402      1231.6861572266
824.255066      1208.4467773438
824.560730      1224.7143554688
824.866272      1215.4187011719
825.171936      1231.6861572266
825.477356      1213.0947265625
825.782837      1259.5734863281
826.088257      1220.0665283203
826.393616      1247.9537353516
826.698914      1227.0383300781
827.004272      1227.0383300781
827.309448      1259.5734863281
827.614624      1210.7707519531
827.919739      1259.5734863281
828.224854      1313.0239257813
828.529907      1254.9255371094
828.834839      1220.0665283203
829.139832      1231.6861572266
829.444702      1213.0947265625
829.749512      1268.8691406250
830.054260      1234.0101318359
830.359131      1275.8409423828
830.663818      1257.2495117188
830.968506      1194.5031738281
831.273071      1282.8127441406
831.577576      1247.9537353516
831.882080      1254.9255371094
832.186646      1210.7707519531
832.491028      1213.0947265625
832.795410      1264.2213134766
833.099731      1220.0665283203
833.403931      1224.7143554688
833.708191      1254.9255371094
834.012390      1280.4888916016
834.316467      1215.4187011719
834.620605      1229.3623046875
834.924622      1268.8691406250
835.228577      1259.5734863281
835.532593      1299.0803222656
835.836426      1217.7425537109
836.140320      1168.9399414063
836.444031      1238.6579589844
836.747803      1254.9255371094
837.051514      1175.9117431641
837.355225      1252.6016845703
837.658752      1245.6297607422
837.962341      1196.8271484375
838.265808      1224.7143554688
838.569336      1199.1511230469
838.872742      1189.8553466797
839.176147      1252.6016845703
839.479370      1238.6579589844
839.782715      1245.6297607422
840.085876      1271.1931152344
840.389038      1234.0101318359
840.692261      1215.4187011719
840.995300      1182.8835449219
841.298340      1252.6016845703
841.601257      1222.3905029297
841.904236      1192.1793212891
842.207153      1206.1229248047
842.509949      1201.4749755859
842.812805      1303.7282714844
843.115540      1275.8409423828
843.418152      1282.8127441406
843.720825      1247.9537353516
844.023438      1254.9255371094
844.325989      1231.6861572266
844.628540      1247.9537353516
844.930969      1208.4467773438
845.233337      1201.4749755859
845.535767      1231.6861572266
845.838013      1257.2495117188
846.140259      1199.1511230469
846.442505      1213.0947265625
846.744690      1271.1931152344
847.046753      1159.6441650391
847.348877      1313.0239257813
847.650879      1319.9957275391
847.952881      1259.5734863281
848.254761      1275.8409423828
848.556641      1173.5877685547
848.858459      1252.6016845703
849.160278      1313.0239257813
849.462036      1322.3197021484
849.763733      1213.0947265625
850.065308      1213.0947265625
850.366882      1257.2495117188
850.668518      1152.6723632813
850.969971      1224.7143554688
851.271423      1227.0383300781
851.572815      1220.0665283203
851.874084      1257.2495117188
852.175476      1180.5595703125
852.476685      1257.2495117188
852.777893      1187.5313720703
853.079041      1201.4749755859
853.380127      1220.0665283203
853.681213      1185.2075195313
853.982239      1217.7425537109
854.283203      1234.0101318359
854.584106      1231.6861572266
854.885010      1182.8835449219
855.185791      1227.0383300781
855.486572      1227.0383300781
855.787292      1247.9537353516
856.088013      1234.0101318359
856.388611      1175.9117431641
856.689148      1227.0383300781
856.989685      1173.5877685547
857.290161      1275.8409423828
857.590637      1282.8127441406
857.890991      1266.5452880859
858.191284      1182.8835449219
858.491577      1308.3760986328
858.791809      1201.4749755859
859.092041      1215.4187011719
859.392212      1168.9399414063
859.692261      1243.3059082031
859.992310      1203.7989501953
860.292297      1243.3059082031
860.592224      1210.7707519531
860.892151      1224.7143554688
861.191956      1220.0665283203
861.491760      1264.2213134766
861.791565      1206.1229248047
862.091248      1271.1931152344
862.390930      1173.5877685547
862.690552      1224.7143554688
862.990051      1229.3623046875
863.289551      1252.6016845703
863.589050      1203.7989501953
863.888428      1229.3623046875
864.187805      1189.8553466797
864.487122      1206.1229248047
864.786377      1261.8973388672
865.085632      1261.8973388672
865.384705      1185.2075195313
865.683838      1303.7282714844
865.982971      1192.1793212891
866.281982      1217.7425537109
866.580933      1173.5877685547
866.879883      1240.9819335938
867.178711      1240.9819335938
867.477600      1173.5877685547
867.776367      1261.8973388672
868.075134      1180.5595703125
868.373718      1227.0383300781
868.672424      1234.0101318359
868.970947      1208.4467773438
869.269531      1192.1793212891
869.568054      1182.8835449219
869.866455      1252.6016845703
870.164856      1201.4749755859
870.463196      1215.4187011719
870.761536      1217.7425537109
871.059753      1231.6861572266
871.357971      1236.3341064453
871.656067      1238.6579589844
871.954102      1203.7989501953
872.252197      1245.6297607422
872.550232      1199.1511230469
872.848206      1280.4888916016
873.146057      1215.4187011719
873.443848      1273.5170898438
873.741638      1240.9819335938
874.039429      1252.6016845703
874.337158      1336.2633056641
874.634827      1271.1931152344
874.932373      1173.5877685547
875.229980      1238.6579589844
875.527466      1329.2915039063
875.825012      1252.6016845703
876.122375      1240.9819335938
876.419739      1189.8553466797
876.717041      1243.3059082031
877.014282      1254.9255371094
877.311462      1247.9537353516
877.608704      1224.7143554688
877.905762      1194.5031738281
878.202881      1245.6297607422
878.499817      1229.3623046875
878.796814      1189.8553466797
879.093811      1236.3341064453
879.390625      1201.4749755859
879.687439      1247.9537353516
879.984253      1227.0383300781
880.280884      1259.5734863281
880.577637      1289.7845458984
880.874268      1192.1793212891
881.170837      1173.5877685547
881.467346      1171.2639160156
881.763855      1259.5734863281
882.060242      1229.3623046875
882.356567      1222.3905029297
882.652954      1175.9117431641
882.949280      1252.6016845703
883.245483      1206.1229248047
883.541626      1278.1649169922
883.837830      1259.5734863281
884.133911      1210.7707519531
884.429932      1185.2075195313
884.725952      1150.3483886719
885.021851      1252.6016845703
885.317688      1220.0665283203
885.613525      1259.5734863281
885.909363      1280.4888916016
886.205078      1254.9255371094
