0.305000
190.489868         0.0000000000
190.870819         0.0000000000
191.251740      1170.7438964844
191.632629      1175.1870117188
192.013474      1112.9842529297
192.394302      1126.3133544922
192.775101      1212.9528808594
193.155838      1192.9591064453
193.536575      1230.7250976563
193.917267      1299.5924072266
194.297943      1270.7125244141
194.678574      1308.4785156250
195.059174      1248.4973144531
195.439743      1212.9528808594
195.820282      1288.4847412109
196.200790      1301.8138427734
196.581268      1272.9340820313
196.961700      1286.2631835938
197.342117      1237.3896484375
197.722488      1281.8201904297
198.102829      1250.7188720703
198.483154      1192.9591064453
198.863434      1195.1806640625
199.243698      1241.8327636719
199.623901      1228.5035400391
200.004089      1210.7313232422
200.384247      1204.0667724609
200.764389      1170.7438964844
201.144485      1195.1806640625
201.524536      1161.8577880859
201.904572      1197.4022216797
202.284561      1208.5098876953
202.664520      1248.4973144531
203.044449      1210.7313232422
203.424362      1137.4210205078
203.804214      1184.0729980469
204.184067      1192.9591064453
204.563858      1166.3009033203
204.943649      1186.2945556641
205.323380      1186.2945556641
205.703094      1197.4022216797
206.082764      1210.7313232422
206.462418      1157.4147949219
206.842026      1157.4147949219
207.221588      1179.6300048828
207.601166      1204.0667724609
207.980667      1199.6237792969
208.360153      1208.5098876953
208.739609      1179.6300048828
209.119034      1212.9528808594
209.498428      1224.0605468750
209.877777      1217.3959960938
210.257111      1217.3959960938
210.636398      1219.6174316406
211.015656      1179.6300048828
211.394882      1212.9528808594
211.774094      1155.1932373047
212.153244      1181.8515625000
212.532394      1201.8452148438
212.911484      1184.0729980469
213.290543      1175.1870117188
213.669571      1201.8452148438
214.048584      1255.1618652344
214.427567      1172.9654541016
214.806488      1217.3959960938
215.185410      1184.0729980469
215.564270      1161.8577880859
215.943115      1295.1492919922
216.321930      1295.1492919922
216.700714      1195.1806640625
217.079437      1150.7501220703
217.458176      1179.6300048828
217.836838      1172.9654541016
218.215485      1139.6425781250
218.594101      1137.4210205078
218.972687      1110.7626953125
219.351227      1239.6112060547
219.729752      1257.3834228516
220.108246      1152.9716796875
220.486694      1201.8452148438
220.865128      1172.9654541016
221.243515      1230.7250976563
221.621872      1235.1680908203
222.000183      1168.5223388672
222.378494      1172.9654541016
222.756744      1237.3896484375
223.134964      1150.7501220703
223.513153      1206.2883300781
223.891327      1217.3959960938
224.269455      1126.3133544922
224.647552      1177.4084472656
225.025620      1266.2695312500
225.403656      1228.5035400391
225.781647      1275.1556396484
226.159622      1201.8452148438
226.537552      1248.4973144531
226.915436      1148.5286865234
227.293335      1195.1806640625
227.671158      1195.1806640625
228.048950      1237.3896484375
228.426727      1164.0793457031
228.804459      1217.3959960938
229.182175      1188.5161132813
229.559845      1232.9466552734
229.937500      1190.7376708984
230.315094      1155.1932373047
230.692673      1241.8327636719
231.070221      1190.7376708984
231.447723      1212.9528808594
231.825180      1161.8577880859
232.202652      1224.0605468750
232.580048      1199.6237792969
232.957428      1208.5098876953
233.334778      1226.2819824219
233.712097      1179.6300048828
234.089386      1270.7125244141
234.466614      1179.6300048828
234.843842      1159.6362304688
235.221024      1217.3959960938
235.598175      1181.8515625000
235.975281      1168.5223388672
236.352386      1181.8515625000
236.729431      1192.9591064453
237.106445      1232.9466552734
237.483414      1126.3133544922
237.860382      1217.3959960938
238.237305      1175.1870117188
238.614182      1192.9591064453
238.991043      1124.0919189453
239.367859      1237.3896484375
239.744644      1212.9528808594
240.121414      1159.6362304688
240.498138      1144.0855712891
240.874817      1190.7376708984
241.251480      1155.1932373047
241.628098      1170.7438964844
242.004700      1217.3959960938
242.381241      1219.6174316406
242.757782      1204.0667724609
243.134262      1226.2819824219
243.510727      1172.9654541016
243.887146      1239.6112060547
244.263535      1177.4084472656
244.639893      1159.6362304688
245.016220      1177.4084472656
245.392517      1186.2945556641
245.768768      1219.6174316406
246.145020      1157.4147949219
246.521194      1195.1806640625
246.897354      1168.5223388672
247.273483      1195.1806640625
247.649567      1206.2883300781
248.025650      1175.1870117188
248.401672      1166.3009033203
248.777664      1150.7501220703
249.153641      1104.0981445313
249.529556      1161.8577880859
249.905457      1252.9403076172
250.281326      1255.1618652344
250.657135      1228.5035400391
251.032959      1195.1806640625
251.408707      1197.4022216797
251.784424      1299.5924072266
252.160126      1190.7376708984
252.535797      1168.5223388672
252.911423      1204.0667724609
253.287018      1252.9403076172
253.662582      1232.9466552734
254.038116      1159.6362304688
254.413605      1215.1744384766
254.789063      1206.2883300781
255.164505      1212.9528808594
255.539886      1230.7250976563
255.915268      1164.0793457031
256.290588      1126.3133544922
256.665894      1197.4022216797
257.041168      1206.2883300781
257.416351      1226.2819824219
257.791565      1206.2883300781
258.166779      1190.7376708984
258.541870      1152.9716796875
258.916962      1150.7501220703
259.292023      1128.5349121094
259.667023      1199.6237792969
260.042053      1264.0479736328
260.416992      1241.8327636719
260.791931      1175.1870117188
261.166809      1168.5223388672
261.541687      1175.1870117188
261.916504      1190.7376708984
262.291321      1257.3834228516
262.666077      1175.1870117188
263.040802      1146.3071289063
263.415497      1164.0793457031
263.790161      1181.8515625000
264.164795      1192.9591064453
264.539368      1195.1806640625
264.913910      1190.7376708984
265.288452      1157.4147949219
265.662964      1181.8515625000
266.037384      1219.6174316406
266.411865      1268.4909667969
266.786224      1268.4909667969
267.160583      1241.8327636719
267.534912      1179.6300048828
267.909210      1244.0541992188
268.283447      1215.1744384766
268.657654      1190.7376708984
269.031860      1161.8577880859
269.406006      1152.9716796875
269.780151      1244.0541992188
270.154236      1192.9591064453
270.528290      1166.3009033203
270.902283      1152.9716796875
271.276306      1159.6362304688
271.650238      1221.8389892578
272.024170      1170.7438964844
272.398041      1215.1744384766
272.771881      1164.0793457031
273.145721      1286.2631835938
273.519531      1228.5035400391
273.893219      1195.1806640625
274.266937      1170.7438964844
274.640656      1130.7564697266
275.014282      1212.9528808594
275.387909      1157.4147949219
275.761475      1250.7188720703
276.135040      1239.6112060547
276.508514      1206.2883300781
276.882019      1206.2883300781
277.255463      1252.9403076172
277.628906      1228.5035400391
278.002258      1168.5223388672
278.375549      1192.9591064453
278.748901      1139.6425781250
279.122162      1159.6362304688
279.495392      1235.1680908203
279.868622      1292.9278564453
280.241791      1179.6300048828
280.614929      1159.6362304688
280.988007      1201.8452148438
281.361084      1164.0793457031
281.734131      1257.3834228516
282.107117      1215.1744384766
282.480072      1277.3770751953
282.853027      1172.9654541016
283.225952      1252.9403076172
283.598785      1201.8452148438
283.971619      1208.5098876953
284.344452      1184.0729980469
284.717194      1244.0541992188
285.089905      1199.6237792969
285.462616      1106.3197021484
285.835297      1184.0729980469
286.207886      1155.1932373047
286.580475      1219.6174316406
286.953064      1192.9591064453
287.325592      1186.2945556641
287.698059      1184.0729980469
288.070496      1148.5286865234
288.442963      1250.7188720703
288.815308      1208.5098876953
289.187683      1099.6550292969
289.559998      1235.1680908203
289.932281      1230.7250976563
290.304504      1261.8264160156
290.676727      1195.1806640625
291.048920      1188.5161132813
291.421082      1221.8389892578
291.793182      1195.1806640625
292.165222      1195.1806640625
292.537292      1199.6237792969
292.909332      1159.6362304688
293.281281      1179.6300048828
293.653198      1201.8452148438
294.025116      1208.5098876953
294.397003      1179.6300048828
294.768860      1148.5286865234
295.140656      1188.5161132813
295.512390      1108.5411376953
295.884125      1181.8515625000
296.255829      1181.8515625000
296.627502      1261.8264160156
296.999146      1177.4084472656
297.370728      1146.3071289063
297.742249      1252.9403076172
298.113831      1195.1806640625
298.485291      1172.9654541016
298.856781      1212.9528808594
299.228149      1186.2945556641
299.599579      1152.9716796875
299.970917      1210.7313232422
300.342224      1184.0729980469
300.713531      1168.5223388672
301.084778      1232.9466552734
301.455994      1197.4022216797
301.827148      1232.9466552734
302.198334      1195.1806640625
302.569427      1201.8452148438
302.940521      1206.2883300781
303.311554      1177.4084472656
303.682556      1259.6048583984
304.053528      1170.7438964844
304.424469      1137.4210205078
304.795380      1119.6488037109
305.166260      1246.2757568359
305.537048      1161.8577880859
305.907837      1190.7376708984
306.278625      1239.6112060547
306.649384      1199.6237792969
307.020050      1152.9716796875
307.390686      1297.3708496094
307.761353      1206.2883300781
308.131897      1206.2883300781
308.502502      1197.4022216797
308.872986      1190.7376708984
309.243500      1232.9466552734
309.613922      1172.9654541016
309.984344      1212.9528808594
310.354736      1181.8515625000
310.725098      1230.7250976563
311.095398      1172.9654541016
311.465637      1210.7313232422
311.835907      1195.1806640625
312.206116      1212.9528808594
312.576294      1139.6425781250
312.946411      1197.4022216797
313.316528      1146.3071289063
313.686584      1195.1806640625
314.056610      1217.3959960938
314.426605      1201.8452148438
314.796570      1146.3071289063
315.166504      1268.4909667969
315.536377      1157.4147949219
315.906250      1148.5286865234
316.276093      1164.0793457031
316.645844      1232.9466552734
317.015594      1199.6237792969
317.385315      1150.7501220703
317.755035      1175.1870117188
318.124603      1199.6237792969
318.494263      1181.8515625000
318.863831      1137.4210205078
319.233368      1155.1932373047
319.602875      1164.0793457031
319.972351      1152.9716796875
320.341797      1195.1806640625
320.711182      1219.6174316406
321.080536      1128.5349121094
321.449890      1159.6362304688
321.819183      1232.9466552734
322.188446      1164.0793457031
322.557648      1168.5223388672
322.926880      1150.7501220703
323.295990      1179.6300048828
323.665100      1261.8264160156
324.034210      1219.6174316406
324.403259      1235.1680908203
324.772247      1175.1870117188
325.141205      1106.3197021484
325.510193      1224.0605468750
325.879120      1188.5161132813
326.247955      1150.7501220703
326.616791      1186.2945556641
326.985596      1246.2757568359
327.354340      1201.8452148438
327.723053      1201.8452148438
328.091797      1146.3071289063
328.460449      1170.7438964844
328.829071      1139.6425781250
329.197632      1246.2757568359
329.566193      1161.8577880859
329.934753      1164.0793457031
330.303192      1252.9403076172
330.671631      1272.9340820313
331.040070      1232.9466552734
331.408478      1197.4022216797
331.776794      1250.7188720703
332.145081      1244.0541992188
332.513367      1166.3009033203
332.881592      1259.6048583984
333.249756      1237.3896484375
333.617920      1159.6362304688
333.986084      1161.8577880859
334.354156      1226.2819824219
334.722229      1212.9528808594
335.090240      1212.9528808594
335.458252      1201.8452148438
335.826202      1139.6425781250
336.194092      1159.6362304688
336.561951      1184.0729980469
336.929779      1195.1806640625
337.297577      1252.9403076172
337.665375      1210.7313232422
338.033142      1166.3009033203
338.400787      1215.1744384766
338.768463      1224.0605468750
339.136108      1161.8577880859
339.503693      1152.9716796875
339.871246      1092.9904785156
340.238770      1170.7438964844
340.606262      1084.1043701172
340.973755      1217.3959960938
341.341125      1279.5986328125
341.708527      1228.5035400391
342.075867      1141.8640136719
342.443146      1150.7501220703
342.810425      1188.5161132813
343.177673      1255.1618652344
343.544861      1184.0729980469
343.912018      1204.0667724609
344.279114      1284.0417480469
344.646271      1150.7501220703
345.013336      1208.5098876953
345.380341      1181.8515625000
345.747314      1192.9591064453
346.114258      1212.9528808594
346.481171      1217.3959960938
346.848022      1226.2819824219
347.214905      1215.1744384766
347.581726      1241.8327636719
347.948456      1190.7376708984
348.315186      1224.0605468750
348.681885      1188.5161132813
349.048584      1297.3708496094
349.415161      1168.5223388672
349.781738      1150.7501220703
350.148346      1232.9466552734
350.514862      1184.0729980469
350.881287      1179.6300048828
351.247742      1264.0479736328
351.614197      1232.9466552734
351.980530      1208.5098876953
352.346863      1137.4210205078
352.713165      1199.6237792969
353.079437      1235.1680908203
353.445679      1206.2883300781
353.811859      1217.3959960938
354.178009      1215.1744384766
354.544159      1230.7250976563
354.910217      1179.6300048828
355.276276      1301.8138427734
355.642303      1248.4973144531
356.008270      1224.0605468750
356.374176      1172.9654541016
356.740112      1135.1994628906
357.105988      1241.8327636719
357.471802      1192.9591064453
357.837585      1212.9528808594
358.203339      1206.2883300781
358.569092      1228.5035400391
358.934753      1137.4210205078
359.300415      1324.0291748047
359.666016      1141.8640136719
360.031616      1179.6300048828
360.397125      1184.0729980469
360.762634      1179.6300048828
361.128143      1168.5223388672
361.493530      1212.9528808594
361.858917      1161.8577880859
362.224274      1181.8515625000
362.589630      1270.7125244141
362.954895      1124.0919189453
363.320160      1190.7376708984
363.685394      1292.9278564453
364.050568      1190.7376708984
364.415680      1210.7313232422
364.780792      1206.2883300781
365.145874      1204.0667724609
365.510895      1210.7313232422
365.875854      1215.1744384766
366.240845      1155.1932373047
366.605774      1230.7250976563
366.970642      1201.8452148438
367.335480      1166.3009033203
367.700317      1239.6112060547
368.065125      1215.1744384766
368.429840      1215.1744384766
368.794525      1204.0667724609
369.159241      1221.8389892578
369.523834      1230.7250976563
369.888397      1188.5161132813
370.252991      1108.5411376953
370.617554      1181.8515625000
370.981995      1235.1680908203
371.346436      1157.4147949219
371.710846      1126.3133544922
372.075256      1232.9466552734
372.439545      1206.2883300781
372.803864      1186.2945556641
373.168121      1161.8577880859
373.532379      1212.9528808594
373.896545      1175.1870117188
374.260681      1155.1932373047
374.624847      1179.6300048828
374.988892      1146.3071289063
375.352936      1126.3133544922
375.716949      1197.4022216797
376.080933      1226.2819824219
376.444855      1204.0667724609
376.808716      1228.5035400391
377.172638      1181.8515625000
377.536469      1168.5223388672
377.900208      1146.3071289063
378.263947      1195.1806640625
378.627686      1146.3071289063
378.991364      1177.4084472656
379.354980      1217.3959960938
379.718628      1212.9528808594
380.082214      1208.5098876953
380.445709      1152.9716796875
380.809174      1188.5161132813
381.172668      1232.9466552734
381.536072      1195.1806640625
381.899475      1219.6174316406
382.262787      1172.9654541016
382.626129      1204.0667724609
382.989380      1239.6112060547
383.352631      1259.6048583984
383.715790      1190.7376708984
384.078979      1199.6237792969
384.442078      1197.4022216797
384.805145      1212.9528808594
385.168243      1212.9528808594
385.531250      1186.2945556641
385.894226      1230.7250976563
386.257141      1219.6174316406
386.620056      1230.7250976563
386.982941      1208.5098876953
387.345734      1155.1932373047
387.708527      1095.2120361328
388.071289      1208.5098876953
388.433990      1201.8452148438
388.796661      1201.8452148438
389.159332      1179.6300048828
389.521942      1179.6300048828
389.884491      1177.4084472656
390.247040      1177.4084472656
390.609528      1146.3071289063
390.971985      1230.7250976563
391.334412      1144.0855712891
391.696747      1195.1806640625
392.059143      1168.5223388672
392.421478      1250.7188720703
392.783691      1188.5161132813
393.145935      1166.3009033203
393.508148      1137.4210205078
393.870270      1264.0479736328
394.232391      1279.5986328125
394.594482      1248.4973144531
394.956573      1210.7313232422
395.318542      1212.9528808594
395.680511      1166.3009033203
396.042450      1212.9528808594
396.404388      1190.7376708984
396.766235      1239.6112060547
397.128021      1230.7250976563
397.489838      1212.9528808594
397.851563      1215.1744384766
398.213257      1197.4022216797
398.574951      1199.6237792969
398.936615      1148.5286865234
399.298187      1190.7376708984
399.659729      1146.3071289063
400.021271      1210.7313232422
400.382751      1141.8640136719
400.744202      1232.9466552734
401.105621      1155.1932373047
401.466980      1164.0793457031
401.828339      1195.1806640625
402.189606      1204.0667724609
402.550873      1141.8640136719
402.912140      1244.0541992188
403.273285      1292.9278564453
403.634430      1208.5098876953
403.995544      1168.5223388672
404.356659      1195.1806640625
404.717651      1146.3071289063
405.078674      1210.7313232422
405.439636      1166.3009033203
405.800568      1199.6237792969
406.161438      1157.4147949219
406.522278      1130.7564697266
406.883118      1175.1870117188
407.243866      1184.0729980469
407.604584      1212.9528808594
407.965302      1257.3834228516
408.325989      1259.6048583984
408.686584      1212.9528808594
409.047150      1208.5098876953
409.407715      1226.2819824219
409.768250      1201.8452148438
410.128723      1179.6300048828
410.489136      1172.9654541016
410.849518      1166.3009033203
411.209900      1208.5098876953
411.570190      1192.9591064453
411.930511      1281.8201904297
412.290741      1210.7313232422
412.650940      1226.2819824219
413.011078      1164.0793457031
413.371246      1212.9528808594
413.731354      1244.0541992188
414.091400      1221.8389892578
414.451385      1168.5223388672
414.811401      1208.5098876953
415.171356      1239.6112060547
415.531281      1181.8515625000
415.891113      1237.3896484375
416.250946      1132.9780273438
416.610718      1175.1870117188
416.970490      1172.9654541016
417.330200      1181.8515625000
417.689911      1210.7313232422
418.049530      1259.6048583984
418.409119      1210.7313232422
418.768707      1232.9466552734
419.128235      1181.8515625000
419.487701      1181.8515625000
419.847137      1299.5924072266
420.206573      1201.8452148438
420.565948      1199.6237792969
420.925232      1201.8452148438
421.284576      1212.9528808594
421.643860      1186.2945556641
422.003052      1152.9716796875
422.362213      1166.3009033203
422.721375      1104.0981445313
423.080536      1166.3009033203
423.439575      1248.4973144531
423.798584      1186.2945556641
424.157593      1175.1870117188
424.516571      1208.5098876953
424.875458      1190.7376708984
425.234314      1248.4973144531
425.593201      1181.8515625000
425.951965      1197.4022216797
426.310699      1210.7313232422
426.669495      1159.6362304688
427.028168      1181.8515625000
427.386810      1206.2883300781
427.745392      1206.2883300781
428.103973      1199.6237792969
428.462524      1186.2945556641
428.821045      1246.2757568359
429.179504      1219.6174316406
429.537903      1159.6362304688
429.896271      1208.5098876953
430.254608      1215.1744384766
430.612915      1161.8577880859
430.971222      1197.4022216797
431.329437      1212.9528808594
431.687622      1197.4022216797
432.045776      1239.6112060547
432.403900      1157.4147949219
432.761993      1230.7250976563
433.119995      1168.5223388672
433.477997      1235.1680908203
433.835968      1164.0793457031
434.193909      1250.7188720703
434.551758      1290.7062988281
434.909637      1084.1043701172
435.267395      1241.8327636719
435.625183      1257.3834228516
435.982910      1199.6237792969
436.340607      1248.4973144531
436.698273      1166.3009033203
437.055878      1190.7376708984
437.413452      1255.1618652344
437.770996      1230.7250976563
438.128479      1226.2819824219
438.485962      1179.6300048828
438.843384      1164.0793457031
439.200775      1219.6174316406
439.558136      1166.3009033203
439.915405      1186.2945556641
440.272705      1244.0541992188
440.629883      1195.1806640625
440.987091      1150.7501220703
441.344238      1212.9528808594
441.701355      1168.5223388672
442.058441      1212.9528808594
442.415436      1175.1870117188
442.772461      1197.4022216797
443.129425      1157.4147949219
443.486359      1210.7313232422
443.843231      1146.3071289063
444.200104      1126.3133544922
444.556885      1166.3009033203
444.913635      1230.7250976563
445.270355      1161.8577880859
445.627075      1232.9466552734
445.983704      1204.0667724609
446.340302      1237.3896484375
446.696869      1221.8389892578
447.053436      1170.7438964844
447.409912      1184.0729980469
447.766357      1212.9528808594
448.122803      1170.7438964844
448.479156      1164.0793457031
448.835510      1197.4022216797
449.191772      1199.6237792969
449.548096      1177.4084472656
449.904297      1121.8703613281
450.260437      1224.0605468750
450.616608      1208.5098876953
450.972687      1166.3009033203
451.328796      1144.0855712891
451.684814      1206.2883300781
452.040833      1201.8452148438
452.396729      1170.7438964844
452.752655      1237.3896484375
453.108551      1186.2945556641
453.464355      1188.5161132813
453.820160      1199.6237792969
454.175934      1184.0729980469
454.531616      1217.3959960938
454.887299      1221.8389892578
455.242950      1208.5098876953
455.598541      1212.9528808594
455.954102      1206.2883300781
456.309601      1228.5035400391
456.665131      1199.6237792969
457.020538      1175.1870117188
457.375977      1190.7376708984
457.731323      1204.0667724609
458.086670      1212.9528808594
458.441956      1210.7313232422
458.797211      1166.3009033203
459.152405      1195.1806640625
459.507538      1244.0541992188
459.862701      1217.3959960938
460.217773      1146.3071289063
460.572845      1246.2757568359
460.927856      1152.9716796875
461.282837      1252.9403076172
461.637756      1212.9528808594
461.992645      1221.8389892578
462.347504      1239.6112060547
462.702332      1204.0667724609
463.057129      1204.0667724609
463.411835      1224.0605468750
463.766541      1221.8389892578
464.121185      1197.4022216797
464.475830      1230.7250976563
464.830383      1206.2883300781
465.184937      1179.6300048828
465.539429      1206.2883300781
465.893921      1148.5286865234
466.248322      1246.2757568359
466.602753      1166.3009033203
466.957062      1224.0605468750
467.311371      1235.1680908203
467.665619      1217.3959960938
468.019897      1164.0793457031
468.374054      1146.3071289063
468.728180      1121.8703613281
469.082306      1161.8577880859
469.436371      1208.5098876953
469.790405      1130.7564697266
470.144379      1168.5223388672
470.498352      1119.6488037109
470.852264      1177.4084472656
471.206146      1166.3009033203
471.559967      1230.7250976563
471.913788      1159.6362304688
472.267487      1230.7250976563
472.621246      1117.4272460938
472.974915      1168.5223388672
473.328522      1206.2883300781
473.682129      1208.5098876953
474.035675      1224.0605468750
474.389191      1186.2945556641
474.742676      1126.3133544922
475.096130      1232.9466552734
475.449493      1212.9528808594
475.802856      1215.1744384766
476.156189      1230.7250976563
476.509460      1212.9528808594
476.862732      1148.5286865234
477.215912      1170.7438964844
477.569061      1208.5098876953
477.922150      1168.5223388672
478.275299      1206.2883300781
478.628296      1259.6048583984
478.981323      1179.6300048828
479.334259      1195.1806640625
479.687195      1179.6300048828
480.040070      1244.0541992188
480.392914      1179.6300048828
480.745728      1137.4210205078
481.098511      1124.0919189453
481.451202      1217.3959960938
481.803925      1137.4210205078
482.156525      1279.5986328125
482.509125      1219.6174316406
482.861694      1155.1932373047
483.214233      1230.7250976563
483.566711      1197.4022216797
483.919128      1244.0541992188
484.271576      1259.6048583984
484.623901      1228.5035400391
484.976257      1152.9716796875
485.328522      1159.6362304688
485.680786      1257.3834228516
486.032959      1226.2819824219
486.385132      1186.2945556641
486.737274      1197.4022216797
487.089325      1232.9466552734
487.441376      1201.8452148438
487.793396      1237.3896484375
488.145386      1161.8577880859
488.497284      1212.9528808594
488.849182      1206.2883300781
489.201019      1195.1806640625
489.552826      1212.9528808594
489.904572      1186.2945556641
490.256317      1228.5035400391
490.608002      1212.9528808594
490.959656      1206.2883300781
491.311249      1164.0793457031
491.662811      1195.1806640625
492.014343      1219.6174316406
492.365814      1215.1744384766
492.717285      1168.5223388672
493.068665      1197.4022216797
493.420044      1197.4022216797
493.771362      1144.0855712891
494.122650      1192.9591064453
494.473877      1219.6174316406
494.825104      1206.2883300781
495.176270      1248.4973144531
495.527374      1226.2819824219
495.878479      1206.2883300781
496.229492      1199.6237792969
496.580536      1168.5223388672
496.931458      1199.6237792969
497.282379      1210.7313232422
497.633270      1290.7062988281
497.984131      1190.7376708984
498.334900      1252.9403076172
498.685669      1244.0541992188
499.036377      1226.2819824219
499.387115      1219.6174316406
499.737701      1272.9340820313
500.088318      1144.0855712891
500.438904      1195.1806640625
500.789429      1177.4084472656
501.139893      1190.7376708984
501.490295      1172.9654541016
501.840729      1204.0667724609
502.191040      1210.7313232422
502.541382      1199.6237792969
502.891663      1188.5161132813
503.241913      1159.6362304688
503.592133      1257.3834228516
503.942322      1232.9466552734
504.292358      1197.4022216797
504.642395      1188.5161132813
504.992432      1192.9591064453
505.342468      1152.9716796875
505.692413      1130.7564697266
506.042358      1152.9716796875
506.392242      1139.6425781250
506.742035      1179.6300048828
507.091858      1195.1806640625
507.441528      1326.2507324219
507.791290      1221.8389892578
508.140961      1172.9654541016
508.490601      1246.2757568359
508.840210      1237.3896484375
509.189697      1246.2757568359
509.539215      1161.8577880859
509.888641      1219.6174316406
510.238098      1121.8703613281
510.587494      1184.0729980469
510.936859      1219.6174316406
511.286194      1177.4084472656
511.635498      1219.6174316406
511.984650      1244.0541992188
512.333862      1195.1806640625
512.682922      1172.9654541016
513.032043      1230.7250976563
513.381104      1195.1806640625
513.730164      1170.7438964844
514.079163      1206.2883300781
514.428040      1195.1806640625
514.776978      1235.1680908203
515.125793      1246.2757568359
515.474609      1192.9591064453
515.823425      1164.0793457031
516.172180      1164.0793457031
516.520813      1186.2945556641
516.869568      1215.1744384766
517.218079      1255.1618652344
517.566650      1219.6174316406
517.915161      1141.8640136719
518.263672      1155.1932373047
518.612183      1161.8577880859
518.960571      1257.3834228516
519.308899      1161.8577880859
519.657227      1212.9528808594
520.005554      1219.6174316406
520.353699      1164.0793457031
520.701904      1257.3834228516
521.050110      1192.9591064453
521.398254      1230.7250976563
521.746338      1170.7438964844
522.094421      1232.9466552734
522.442383      1181.8515625000
522.790222      1210.7313232422
523.138184      1237.3896484375
523.486145      1195.1806640625
523.833984      1150.7501220703
524.181763      1212.9528808594
524.529541      1226.2819824219
524.877197      1210.7313232422
525.224915      1206.2883300781
525.572449      1221.8389892578
525.920105      1241.8327636719
526.267639      1190.7376708984
526.615173      1117.4272460938
526.962646      1215.1744384766
527.309998      1132.9780273438
527.657410      1241.8327636719
528.004700      1208.5098876953
528.351990      1161.8577880859
528.699280      1186.2945556641
529.046509      1155.1932373047
529.393677      1148.5286865234
529.740845      1130.7564697266
530.087891      1177.4084472656
530.434998      1204.0667724609
530.781921      1148.5286865234
531.128906      1244.0541992188
531.475891      1175.1870117188
531.822815      1219.6174316406
532.169617      1195.1806640625
532.516418      1148.5286865234
532.863159      1170.7438964844
533.209839      1186.2945556641
533.556580      1188.5161132813
533.903198      1135.1994628906
534.249817      1161.8577880859
534.596436      1210.7313232422
534.942932      1210.7313232422
535.289368      1239.6112060547
535.635803      1177.4084472656
535.982178      1232.9466552734
536.328552      1188.5161132813
536.674805      1221.8389892578
537.021118      1110.7626953125
537.367371      1168.5223388672
537.713501      1168.5223388672
538.059692      1188.5161132813
538.405701      1208.5098876953
538.751831      1179.6300048828
539.097839      1126.3133544922
539.443787      1137.4210205078
539.789734      1221.8389892578
540.135620      1121.8703613281
540.481506      1175.1870117188
540.827209      1201.8452148438
541.173035      1237.3896484375
541.518799      1197.4022216797
541.864502      1204.0667724609
542.210144      1244.0541992188
542.555786      1197.4022216797
542.901245      1217.3959960938
543.246826      1179.6300048828
543.592285      1190.7376708984
543.937683      1197.4022216797
544.283142      1157.4147949219
544.628479      1204.0667724609
544.973816      1184.0729980469
545.319031      1161.8577880859
545.664307      1186.2945556641
546.009399      1210.7313232422
546.354614      1224.0605468750
546.699707      1208.5098876953
547.044739      1241.8327636719
547.389832      1172.9654541016
547.734802      1155.1932373047
548.079712      1230.7250976563
548.424622      1219.6174316406
548.769409      1195.1806640625
549.114258      1259.6048583984
549.459045      1212.9528808594
549.803772      1219.6174316406
550.148499      1146.3071289063
550.493103      1179.6300048828
550.837708      1148.5286865234
551.182190      1135.1994628906
551.526733      1184.0729980469
551.871216      1252.9403076172
552.215698      1150.7501220703
552.560120      1177.4084472656
552.904480      1137.4210205078
553.248718      1166.3009033203
553.592957      1184.0729980469
553.937195      1141.8640136719
554.281372      1164.0793457031
554.625549      1157.4147949219
554.969666      1208.5098876953
555.313721      1146.3071289063
555.657654      1192.9591064453
556.001709      1228.5035400391
556.345581      1150.7501220703
556.689514      1172.9654541016
557.033325      1175.1870117188
557.377197      1206.2883300781
557.720947      1179.6300048828
558.064575      1228.5035400391
558.408264      1215.1744384766
558.751892      1199.6237792969
559.095520      1188.5161132813
559.439087      1228.5035400391
559.782654      1239.6112060547
560.126099      1221.8389892578
560.469543      1157.4147949219
560.812927      1230.7250976563
561.156250      1186.2945556641
561.499512      1148.5286865234
561.842773      1166.3009033203
562.185974      1192.9591064453
562.529175      1235.1680908203
562.872314      1164.0793457031
563.215332      1150.7501220703
563.558472      1195.1806640625
563.901367      1164.0793457031
564.244385      1208.5098876953
564.587341      1199.6237792969
564.930237      1232.9466552734
565.273071      1144.0855712891
565.615845      1170.7438964844
565.958557      1159.6362304688
566.301331      1232.9466552734
566.643860      1146.3071289063
566.986511      1150.7501220703
567.329163      1219.6174316406
567.671692      1228.5035400391
568.014221      1135.1994628906
568.356628      1166.3009033203
568.699036      1186.2945556641
569.041321      1170.7438964844
569.383728      1215.1744384766
569.726013      1135.1994628906
570.068298      1206.2883300781
570.410461      1226.2819824219
570.752686      1146.3071289063
571.094727      1241.8327636719
571.436768      1179.6300048828
571.778809      1144.0855712891
572.120850      1161.8577880859
572.462769      1148.5286865234
572.804688      1135.1994628906
573.146606      1166.3009033203
573.488342      1201.8452148438
573.830139      1161.8577880859
574.171814      1177.4084472656
574.513550      1172.9654541016
574.855164      1164.0793457031
575.196838      1206.2883300781
575.538391      1224.0605468750
575.879883      1201.8452148438
576.221375      1195.1806640625
576.562744      1179.6300048828
576.904175      1155.1932373047
577.245483      1137.4210205078
577.586792      1168.5223388672
577.928101      1168.5223388672
578.269348      1197.4022216797
578.610535      1221.8389892578
578.951660      1195.1806640625
579.292664      1175.1870117188
579.633728      1112.9842529297
579.974792      1148.5286865234
580.315796      1137.4210205078
580.656677      1179.6300048828
580.997498      1261.8264160156
581.338379      1150.7501220703
581.679138      1206.2883300781
582.019897      1181.8515625000
582.360657      1115.2058105469
582.701294      1224.0605468750
583.041931      1221.8389892578
583.382507      1199.6237792969
583.723022      1290.7062988281
584.063538      1212.9528808594
584.403931      1252.9403076172
584.744385      1195.1806640625
585.084778      1279.5986328125
585.425110      1206.2883300781
585.765381      1212.9528808594
586.105591      1199.6237792969
586.445801      1224.0605468750
586.785889      1232.9466552734
587.125977      1208.5098876953
587.466064      1141.8640136719
587.806152      1168.5223388672
588.146118      1272.9340820313
588.486023      1141.8640136719
588.825928      1204.0667724609
589.165710      1199.6237792969
589.505554      1170.7438964844
589.845337      1170.7438964844
590.185120      1230.7250976563
590.524780      1175.1870117188
590.864441      1204.0667724609
591.203918      1161.8577880859
591.543518      1208.5098876953
591.882996      1197.4022216797
592.222473      1257.3834228516
592.561890      1184.0729980469
592.901306      1195.1806640625
593.240662      1184.0729980469
593.579895      1192.9591064453
593.919128      1155.1932373047
594.258301      1215.1744384766
594.597473      1181.8515625000
594.936646      1228.5035400391
595.275696      1197.4022216797
595.614807      1217.3959960938
595.953796      1146.3071289063
596.292725      1259.6048583984
596.631592      1164.0793457031
596.970398      1141.8640136719
597.309204      1188.5161132813
597.648010      1177.4084472656
597.986755      1208.5098876953
598.325500      1221.8389892578
598.664124      1235.1680908203
599.002686      1170.7438964844
599.341187      1159.6362304688
599.679749      1204.0667724609
600.018250      1168.5223388672
600.356628      1126.3133544922
600.695068      1228.5035400391
601.033386      1164.0793457031
601.371643      1141.8640136719
601.709900      1219.6174316406
602.048035      1157.4147949219
602.386292      1235.1680908203
602.724426      1208.5098876953
603.062500      1181.8515625000
603.400574      1201.8452148438
603.738525      1199.6237792969
604.076477      1139.6425781250
604.414307      1239.6112060547
604.752197      1184.0729980469
605.090027      1157.4147949219
605.427795      1159.6362304688
605.765564      1212.9528808594
606.103210      1184.0729980469
606.440857      1206.2883300781
606.778442      1224.0605468750
607.115967      1261.8264160156
607.453552      1224.0605468750
607.791016      1241.8327636719
608.128418      1230.7250976563
608.465820      1208.5098876953
608.803162      1219.6174316406
609.140442      1197.4022216797
609.477661      1195.1806640625
609.814880      1197.4022216797
610.152100      1259.6048583984
610.489258      1208.5098876953
610.826294      1177.4084472656
611.163269      1190.7376708984
611.500305      1132.9780273438
611.837219      1168.5223388672
612.174072      1164.0793457031
612.510986      1208.5098876953
612.847839      1208.5098876953
613.184570      1130.7564697266
613.521362      1199.6237792969
613.857971      1210.7313232422
614.194641      1119.6488037109
614.531189      1192.9591064453
614.867737      1177.4084472656
615.204285      1184.0729980469
615.540771      1115.2058105469
615.877197      1179.6300048828
616.213562      1128.5349121094
616.549927      1137.4210205078
616.886169      1186.2945556641
617.222351      1197.4022216797
617.558594      1170.7438964844
617.894775      1190.7376708984
618.230896      1230.7250976563
618.566956      1297.3708496094
618.902954      1210.7313232422
619.238953      1206.2883300781
619.574890      1212.9528808594
619.910767      1190.7376708984
620.246643      1184.0729980469
620.582458      1197.4022216797
620.918213      1119.6488037109
621.253967      1181.8515625000
621.589661      1226.2819824219
621.925232      1215.1744384766
622.260803      1166.3009033203
622.596375      1150.7501220703
622.931885      1184.0729980469
623.267334      1115.2058105469
623.602722      1221.8389892578
623.938110      1208.5098876953
624.273376      1215.1744384766
624.608643      1217.3959960938
624.943848      1219.6174316406
625.279114      1206.2883300781
625.614258      1195.1806640625
625.949341      1215.1744384766
626.284424      1192.9591064453
626.619446      1186.2945556641
626.954407      1244.0541992188
627.289307      1175.1870117188
627.624207      1097.4335937500
627.959045      1177.4084472656
628.293884      1161.8577880859
628.628601      1157.4147949219
628.963257      1161.8577880859
629.297913      1164.0793457031
629.632507      1164.0793457031
629.967102      1195.1806640625
630.301697      1204.0667724609
630.636169      1166.3009033203
630.970581      1215.1744384766
631.304993      1204.0667724609
631.639282      1192.9591064453
631.973572      1206.2883300781
632.307861      1172.9654541016
632.642090      1201.8452148438
632.976257      1195.1806640625
633.310425      1235.1680908203
633.644470      1221.8389892578
633.978516      1164.0793457031
634.312439      1172.9654541016
634.646423      1217.3959960938
634.980347      1188.5161132813
635.314209      1241.8327636719
635.648071      1186.2945556641
635.981812      1212.9528808594
636.315552      1232.9466552734
636.649170      1157.4147949219
636.982849      1137.4210205078
637.316406      1144.0855712891
637.649963      1206.2883300781
637.983521      1199.6237792969
638.317017      1128.5349121094
638.650391      1201.8452148438
638.983765      1164.0793457031
639.317078      1224.0605468750
639.650391      1126.3133544922
639.983643      1208.5098876953
640.316833      1161.8577880859
640.649963      1177.4084472656
640.983032      1117.4272460938
641.316101      1244.0541992188
641.649109      1255.1618652344
641.982056      1264.0479736328
642.315002      1146.3071289063
642.647888      1244.0541992188
642.980774      1221.8389892578
643.313538      1135.1994628906
643.646301      1204.0667724609
643.979004      1232.9466552734
644.311646      1281.8201904297
644.644226      1168.5223388672
644.976868      1192.9591064453
645.309387      1177.4084472656
645.641846      1119.6488037109
645.974243      1181.8515625000
646.306702      1206.2883300781
646.638977      1141.8640136719
646.971252      1117.4272460938
647.303528      1179.6300048828
647.635803      1170.7438964844
647.967957      1219.6174316406
648.300110      1224.0605468750
648.632141      1186.2945556641
648.964111      1181.8515625000
649.296082      1212.9528808594
649.628113      1168.5223388672
649.960022      1166.3009033203
650.291870      1206.2883300781
650.623718      1166.3009033203
650.955383      1190.7376708984
651.287109      1197.4022216797
651.618774      1150.7501220703
651.950378      1168.5223388672
652.281982      1197.4022216797
652.613586      1255.1618652344
652.945068      1197.4022216797
653.276489      1199.6237792969
653.607910      1252.9403076172
653.939209      1232.9466552734
654.270569      1172.9654541016
654.601807      1264.0479736328
654.933105      1215.1744384766
655.264221      1259.6048583984
655.595398      1215.1744384766
655.926453      1206.2883300781
656.257507      1150.7501220703
656.588440      1168.5223388672
656.919434      1195.1806640625
657.250366      1217.3959960938
657.581238      1219.6174316406
657.912048      1212.9528808594
658.242798      1170.7438964844
658.573486      1212.9528808594
658.904114      1246.2757568359
659.234802      1181.8515625000
659.565430      1170.7438964844
659.895996      1161.8577880859
660.226501      1144.0855712891
660.556946      1184.0729980469
660.887329      1241.8327636719
661.217712      1224.0605468750
661.547974      1226.2819824219
661.878296      1188.5161132813
662.208557      1226.2819824219
662.538757      1192.9591064453
662.868896      1152.9716796875
663.198975      1228.5035400391
663.528992      1168.5223388672
663.859009      1206.2883300781
664.188904      1170.7438964844
664.518860      1148.5286865234
664.848755      1170.7438964844
665.178589      1188.5161132813
665.508362      1104.0981445313
665.838013      1204.0667724609
666.167725      1141.8640136719
666.497375      1179.6300048828
666.826965      1195.1806640625
667.156494      1190.7376708984
667.486084      1188.5161132813
667.815552      1201.8452148438
668.144897      1224.0605468750
668.474304      1164.0793457031
668.803528      1139.6425781250
669.132813      1152.9716796875
669.462036      1181.8515625000
669.791260      1166.3009033203
670.120422      1212.9528808594
670.449463      1184.0729980469
670.778564      1219.6174316406
671.107544      1201.8452148438
671.436523      1206.2883300781
671.765381      1208.5098876953
672.094299      1235.1680908203
672.423157      1159.6362304688
672.751831      1201.8452148438
673.080627      1161.8577880859
673.409302      1210.7313232422
673.737976      1201.8452148438
674.066528      1230.7250976563
674.395081      1215.1744384766
674.723572      1188.5161132813
675.052002      1195.1806640625
675.380432      1110.7626953125
675.708801      1132.9780273438
676.037170      1190.7376708984
676.365417      1186.2945556641
676.693665      1097.4335937500
677.021851      1226.2819824219
677.349976      1170.7438964844
677.678040      1237.3896484375
678.006042      1224.0605468750
678.334106      1219.6174316406
678.662048      1252.9403076172
678.989929      1221.8389892578
679.317810      1221.8389892578
679.645630      1224.0605468750
679.973389      1217.3959960938
680.301086      1172.9654541016
680.628845      1239.6112060547
680.956482      1164.0793457031
681.283997      1206.2883300781
681.611572      1219.6174316406
681.939087      1179.6300048828
682.266541      1239.6112060547
682.593872      1201.8452148438
682.921265      1137.4210205078
683.248596      1175.1870117188
683.575806      1199.6237792969
683.903076      1159.6362304688
684.230286      1146.3071289063
684.557373      1181.8515625000
684.884399      1217.3959960938
685.211487      1192.9591064453
685.538513      1190.7376708984
685.865417      1212.9528808594
686.192261      1146.3071289063
686.519165      1186.2945556641
686.845947      1250.7188720703
687.172729      1188.5161132813
687.499451      1101.8765869141
687.826111      1130.7564697266
688.152771      1208.5098876953
688.479248      1132.9780273438
688.805847      1224.0605468750
689.132324      1121.8703613281
689.458801      1157.4147949219
689.785095      1130.7564697266
690.111511      1117.4272460938
690.437805      1192.9591064453
690.764038      1206.2883300781
691.090210      1161.8577880859
691.416443      1226.2819824219
691.742554      1110.7626953125
692.068604      1175.1870117188
692.394592      1224.0605468750
692.720581      1281.8201904297
693.046509      1159.6362304688
693.372375      1161.8577880859
693.698242      1188.5161132813
694.023987      1190.7376708984
694.349792      1237.3896484375
694.675476      1212.9528808594
695.001099      1146.3071289063
695.326721      1252.9403076172
695.652222      1204.0667724609
695.977783      1206.2883300781
696.303284      1135.1994628906
696.628723      1179.6300048828
696.954041      1192.9591064453
697.279358      1228.5035400391
697.604675      1201.8452148438
697.929871      1201.8452148438
698.255066      1204.0667724609
698.580200      1164.0793457031
698.905334      1219.6174316406
699.230286      1197.4022216797
699.555359      1188.5161132813
699.880310      1128.5349121094
700.205261      1192.9591064453
700.530029      1150.7501220703
700.854919      1239.6112060547
701.179688      1168.5223388672
701.504456      1201.8452148438
701.829102      1206.2883300781
702.153687      1126.3133544922
702.478271      1179.6300048828
702.802856      1155.1932373047
703.127319      1208.5098876953
703.451721      1206.2883300781
703.776123      1228.5035400391
704.100464      1244.0541992188
704.424805      1197.4022216797
704.749084      1184.0729980469
705.073303      1261.8264160156
705.397461      1148.5286865234
705.721558      1210.7313232422
706.045654      1175.1870117188
706.369690      1201.8452148438
706.693604      1179.6300048828
707.017578      1241.8327636719
707.341431      1152.9716796875
707.665283      1201.8452148438
707.989075      1208.5098876953
708.312805      1255.1618652344
708.636536      1190.7376708984
708.960144      1215.1744384766
709.283752      1197.4022216797
709.607361      1241.8327636719
709.930847      1190.7376708984
710.254333      1210.7313232422
710.577759      1204.0667724609
710.901062      1235.1680908203
711.224426      1212.9528808594
711.547668      1255.1618652344
711.870911      1161.8577880859
712.194153      1192.9591064453
712.517212      1195.1806640625
712.840332      1230.7250976563
713.163391      1157.4147949219
713.486389      1201.8452148438
713.809326      1237.3896484375
714.132202      1181.8515625000
714.455078      1268.4909667969
714.777893      1161.8577880859
715.100586      1221.8389892578
715.423401      1155.1932373047
715.746094      1195.1806640625
716.068604      1184.0729980469
716.391235      1130.7564697266
716.713745      1159.6362304688
717.036255      1141.8640136719
717.358643      1175.1870117188
717.681030      1190.7376708984
718.003418      1224.0605468750
718.325745      1204.0667724609
718.647888      1132.9780273438
718.970154      1228.5035400391
719.292297      1181.8515625000
719.614380      1237.3896484375
719.936401      1204.0667724609
720.258423      1246.2757568359
720.580383      1190.7376708984
720.902283      1197.4022216797
721.224182      1204.0667724609
721.545959      1172.9654541016
721.867737      1186.2945556641
722.189453      1161.8577880859
722.511169      1259.6048583984
722.832764      1152.9716796875
723.154419      1224.0605468750
723.475952      1215.1744384766
723.797424      1228.5035400391
724.118896      1275.1556396484
724.440247      1232.9466552734
724.761597      1199.6237792969
725.082886      1195.1806640625
725.404175      1197.4022216797
725.725342      1195.1806640625
726.046509      1228.5035400391
726.367615      1184.0729980469
726.688721      1155.1932373047
727.009644      1250.7188720703
727.330688      1175.1870117188
727.651611      1137.4210205078
727.972473      1192.9591064453
728.293274      1219.6174316406
728.614075      1152.9716796875
728.934814      1197.4022216797
729.255493      1217.3959960938
729.576172      1206.2883300781
729.896729      1177.4084472656
730.217285      1152.9716796875
730.537720      1210.7313232422
730.858215      1252.9403076172
731.178650      1175.1870117188
731.498962      1126.3133544922
731.819214      1168.5223388672
732.139526      1164.0793457031
732.459778      1221.8389892578
732.779846      1166.3009033203
733.100037      1221.8389892578
733.420105      1159.6362304688
733.740112      1255.1618652344
734.060059      1092.9904785156
734.380066      1201.8452148438
734.699890      1257.3834228516
735.019775      1248.4973144531
735.339478      1204.0667724609
735.659241      1210.7313232422
735.978943      1128.5349121094
736.298584      1215.1744384766
736.618164      1161.8577880859
736.937744      1206.2883300781
737.257263      1146.3071289063
737.576599      1175.1870117188
737.896057      1137.4210205078
738.215393      1139.6425781250
738.534729      1197.4022216797
738.853943      1206.2883300781
739.173157      1175.1870117188
739.492371      1204.0667724609
739.811523      1232.9466552734
740.130493      1144.0855712891
740.449524      1175.1870117188
740.768555      1172.9654541016
741.087463      1192.9591064453
741.406311      1177.4084472656
741.725159      1199.6237792969
742.043945      1139.6425781250
742.362610      1186.2945556641
742.681396      1168.5223388672
743.000061      1177.4084472656
743.318604      1266.2695312500
743.637146      1150.7501220703
743.955627      1261.8264160156
744.274109      1168.5223388672
744.592407      1141.8640136719
744.910828      1208.5098876953
745.229126      1230.7250976563
745.547424      1184.0729980469
745.865540      1166.3009033203
746.183777      1241.8327636719
746.501892      1224.0605468750
746.819946      1239.6112060547
747.137939      1172.9654541016
747.455872      1190.7376708984
747.773865      1219.6174316406
748.091736      1215.1744384766
748.409485      1190.7376708984
748.727295      1192.9591064453
749.045044      1192.9591064453
749.362671      1239.6112060547
749.680298      1192.9591064453
749.997925      1246.2757568359
750.315491      1219.6174316406
750.632874      1177.4084472656
750.950378      1219.6174316406
751.267822      1295.1492919922
751.585083      1224.0605468750
751.902405      1197.4022216797
752.219666      1188.5161132813
752.536865      1179.6300048828
752.854004      1244.0541992188
753.171082      1186.2945556641
753.488159      1190.7376708984
753.805176      1244.0541992188
754.122070      1164.0793457031
754.439026      1197.4022216797
754.755920      1157.4147949219
755.072693      1161.8577880859
755.389465      1215.1744384766
755.706177      1181.8515625000
756.022888      1161.8577880859
756.339478      1239.6112060547
756.656006      1197.4022216797
756.972595      1206.2883300781
757.289063      1110.7626953125
757.605408      1175.1870117188
757.921814      1186.2945556641
758.238159      1250.7188720703
758.554443      1215.1744384766
758.870667      1175.1870117188
759.186890      1141.8640136719
759.503052      1228.5035400391
759.819092      1137.4210205078
760.135132      1277.3770751953
760.451172      1186.2945556641
760.767029      1168.5223388672
761.082947      1228.5035400391
761.398804      1255.1618652344
761.714600      1237.3896484375
762.030396      1192.9591064453
762.346008      1157.4147949219
762.661682      1208.5098876953
762.977295      1161.8577880859
763.292908      1224.0605468750
763.608337      1181.8515625000
763.923828      1246.2757568359
764.239258      1159.6362304688
764.554626      1172.9654541016
764.869873      1179.6300048828
765.185181      1277.3770751953
765.500427      1188.5161132813
765.815491      1224.0605468750
766.130615      1179.6300048828
766.445740      1197.4022216797
766.760803      1210.7313232422
767.075745      1230.7250976563
767.390686      1175.1870117188
767.705566      1161.8577880859
768.020386      1226.2819824219
768.335144      1215.1744384766
768.649902      1255.1618652344
768.964539      1219.6174316406
769.279175      1164.0793457031
769.593750      1152.9716796875
769.908264      1197.4022216797
770.222839      1161.8577880859
770.537170      1237.3896484375
770.851624      1224.0605468750
771.165955      1208.5098876953
771.480286      1199.6237792969
771.794495      1221.8389892578
772.108704      1204.0667724609
772.422852      1241.8327636719
772.736938      1226.2819824219
773.050964      1157.4147949219
773.364990      1126.3133544922
773.678894      1186.2945556641
773.992798      1175.1870117188
774.306641      1179.6300048828
774.620422      1177.4084472656
774.934204      1248.4973144531
775.247864      1246.2757568359
775.561584      1239.6112060547
775.875183      1161.8577880859
776.188721      1206.2883300781
776.502197      1175.1870117188
776.815735      1239.6112060547
777.129150      1172.9654541016
777.442444      1115.2058105469
777.755737      1170.7438964844
778.069092      1190.7376708984
778.382324      1186.2945556641
778.695435      1246.2757568359
779.008545      1141.8640136719
779.321594      1164.0793457031
779.634644      1168.5223388672
779.947571      1101.8765869141
780.260498      1212.9528808594
780.573364      1179.6300048828
780.886169      1199.6237792969
781.198975      1157.4147949219
781.511719      1266.2695312500
781.824402      1221.8389892578
782.136963      1195.1806640625
782.449585      1212.9528808594
782.762146      1164.0793457031
783.074646      1164.0793457031
783.387024      1217.3959960938
783.699402      1226.2819824219
784.011719      1215.1744384766
784.324097      1192.9591064453
784.636230      1137.4210205078
784.948425      1170.7438964844
785.260620      1161.8577880859
785.572632      1215.1744384766
785.884644      1177.4084472656
786.196655      1164.0793457031
786.508667      1184.0729980469
786.820496      1199.6237792969
787.132324      1252.9403076172
787.444153      1226.2819824219
787.755859      1141.8640136719
788.067566      1128.5349121094
788.379211      1137.4210205078
788.690796      1135.1994628906
789.002319      1212.9528808594
789.313782      1135.1994628906
789.625305      1172.9654541016
789.936707      1201.8452148438
790.247986      1232.9466552734
790.559326      1181.8515625000
790.870605      1157.4147949219
791.181763      1208.5098876953
791.492920      1248.4973144531
791.803955      1121.8703613281
792.115051      1206.2883300781
792.426086      1199.6237792969
792.737000      1177.4084472656
793.047913      1186.2945556641
793.358765      1248.4973144531
793.669495      1224.0605468750
793.980347      1130.7564697266
794.291016      1197.4022216797
794.601685      1224.0605468750
794.912292      1161.8577880859
795.222778      1184.0729980469
795.533325      1186.2945556641
795.843811      1164.0793457031
796.154175      1161.8577880859
796.464539      1179.6300048828
796.774902      1157.4147949219
797.085022      1168.5223388672
797.395325      1179.6300048828
797.705505      1186.2945556641
798.015625      1128.5349121094
798.325623      1219.6174316406
798.635620      1146.3071289063
798.945618      1210.7313232422
799.255554      1241.8327636719
799.565369      1164.0793457031
799.875183      1150.7501220703
800.184998      1112.9842529297
800.494690      1181.8515625000
800.804321      1195.1806640625
801.113953      1186.2945556641
801.423462      1208.5098876953
801.732910      1148.5286865234
802.042419      1179.6300048828
802.351868      1184.0729980469
802.661255      1181.8515625000
802.970520      1128.5349121094
803.279785      1177.4084472656
803.588989      1119.6488037109
803.898193      1179.6300048828
804.207275      1164.0793457031
804.516357      1272.9340820313
804.825378      1170.7438964844
805.134277      1244.0541992188
805.443176      1175.1870117188
805.752136      1226.2819824219
806.060974      1244.0541992188
806.369629      1159.6362304688
806.678406      1130.7564697266
806.987061      1199.6237792969
807.295715      1181.8515625000
807.604187      1186.2945556641
807.912720      1197.4022216797
808.221191      1150.7501220703
808.529663      1188.5161132813
808.837952      1170.7438964844
809.146301      1150.7501220703
809.454590      1132.9780273438
809.762756      1206.2883300781
810.070923      1210.7313232422
810.379028      1188.5161132813
810.687073      1239.6112060547
810.995117      1121.8703613281
811.303040      1248.4973144531
811.611023      1264.0479736328
811.918884      1137.4210205078
812.226624      1199.6237792969
812.534424      1144.0855712891
812.842163      1188.5161132813
813.149719      1226.2819824219
813.457397      1219.6174316406
813.764954      1197.4022216797
814.072510      1261.8264160156
814.379883      1210.7313232422
814.687378      1197.4022216797
814.994690      1264.0479736328
815.302063      1201.8452148438
815.609314      1137.4210205078
815.916504      1184.0729980469
816.223694      1228.5035400391
816.530762      1192.9591064453
816.837830      1175.1870117188
817.144836      1168.5223388672
817.451843      1224.0605468750
817.758667      1221.8389892578
818.065552      1175.1870117188
818.372375      1144.0855712891
818.679138      1204.0667724609
818.985779      1208.5098876953
819.292480      1192.9591064453
819.599121      1181.8515625000
819.905701      1199.6237792969
820.212158      1168.5223388672
820.518616      1246.2757568359
820.825012      1168.5223388672
821.131348      1197.4022216797
821.437683      1221.8389892578
821.743896      1197.4022216797
822.050110      1144.0855712891
822.356262      1166.3009033203
822.662415      1155.1932373047
822.968445      1188.5161132813
823.274475      1181.8515625000
823.580322      1190.7376708984
823.886292      1155.1932373047
824.192200      1177.4084472656
824.497864      1168.5223388672
824.803711      1188.5161132813
825.109375      1155.1932373047
825.415039      1192.9591064453
825.720581      1201.8452148438
826.026184      1232.9466552734
826.331665      1195.1806640625
826.637146      1212.9528808594
826.942444      1179.6300048828
827.247803      1255.1618652344
827.553162      1219.6174316406
827.858398      1112.9842529297
828.163574      1246.2757568359
828.468750      1150.7501220703
828.773804      1228.5035400391
829.078796      1157.4147949219
829.383850      1141.8640136719
829.688782      1206.2883300781
829.993713      1257.3834228516
830.298462      1212.9528808594
830.603271      1166.3009033203
830.908020      1206.2883300781
831.212708      1132.9780273438
831.517273      1255.1618652344
831.821960      1206.2883300781
832.126465      1230.7250976563
832.430908      1226.2819824219
832.735352      1204.0667724609
833.039734      1190.7376708984
833.344116      1206.2883300781
833.648315      1266.2695312500
833.952576      1248.4973144531
834.256714      1261.8264160156
834.560913      1259.6048583984
834.864929      1179.6300048828
835.169006      1170.7438964844
835.472961      1146.3071289063
835.776917      1230.7250976563
836.080750      1150.7501220703
836.384583      1228.5035400391
836.688354      1206.2883300781
836.992004      1177.4084472656
837.295654      1170.7438964844
837.599365      1306.2569580078
837.902893      1204.0667724609
838.206360      1264.0479736328
838.509827      1186.2945556641
838.813293      1159.6362304688
839.116699      1241.8327636719
839.419922      1215.1744384766
839.723206      1164.0793457031
840.026428      1239.6112060547
840.329590      1124.0919189453
840.632690      1159.6362304688
840.935730      1179.6300048828
841.238708      1184.0729980469
841.541626      1150.7501220703
841.844543      1135.1994628906
842.147461      1172.9654541016
842.450256      1150.7501220703
842.752930      1172.9654541016
843.055664      1190.7376708984
843.358337      1126.3133544922
843.660889      1164.0793457031
843.963440      1241.8327636719
844.265930      1168.5223388672
844.568420      1166.3009033203
844.870728      1212.9528808594
845.173096      1219.6174316406
845.475403      1244.0541992188
845.777649      1175.1870117188
846.079834      1224.0605468750
846.381958      1241.8327636719
846.684021      1272.9340820313
846.986145      1175.1870117188
847.288025      1157.4147949219
847.589966      1217.3959960938
847.891846      1157.4147949219
848.193665      1155.1932373047
848.495483      1272.9340820313
848.797180      1192.9591064453
849.098877      1239.6112060547
849.400452      1126.3133544922
849.702026      1257.3834228516
850.003540      1159.6362304688
850.304993      1135.1994628906
850.606445      1188.5161132813
850.907776      1170.7438964844
851.209106      1172.9654541016
851.510315      1177.4084472656
851.811584      1110.7626953125
852.112671      1112.9842529297
852.413879      1195.1806640625
852.714844      1255.1618652344
853.015869      1197.4022216797
853.316833      1095.2120361328
853.617737      1175.1870117188
853.918579      1170.7438964844
854.219360      1197.4022216797
854.520142      1155.1932373047
854.820862      1164.0793457031
855.121399      1177.4084472656
855.421997      1201.8452148438
855.722595      1230.7250976563
856.023071      1217.3959960938
856.323486      1172.9654541016
856.623901      1219.6174316406
856.924255      1215.1744384766
857.224487      1175.1870117188
857.524719      1201.8452148438
857.824890      1197.4022216797
858.125000      1215.1744384766
858.425049      1290.7062988281
858.725098      1168.5223388672
859.025085      1201.8452148438
859.325012      1172.9654541016
859.624817      1188.5161132813
859.924683      1241.8327636719
860.224487      1164.0793457031
860.524170      1110.7626953125
860.823792      1201.8452148438
861.123474      1190.7376708984
861.422974      1252.9403076172
861.722412      1210.7313232422
862.021912      1159.6362304688
862.321350      1239.6112060547
862.620728      1232.9466552734
862.919983      1204.0667724609
863.219238      1241.8327636719
863.518433      1175.1870117188
863.817505      1228.5035400391
864.116638      1259.6048583984
864.415710      1206.2883300781
864.714722      1259.6048583984
865.013550      1230.7250976563
865.312439      1224.0605468750
865.611328      1181.8515625000
865.910156      1184.0729980469
866.208801      1230.7250976563
866.507507      1155.1932373047
866.806091      1208.5098876953
867.104614      1192.9591064453
867.403137      1235.1680908203
867.701660      1150.7501220703
868.000061      1132.9780273438
868.298401      1177.4084472656
868.596741      1237.3896484375
868.894958      1179.6300048828
869.193237      1219.6174316406
869.491333      1237.3896484375
869.789429      1170.7438964844
870.087524      1215.1744384766
870.385498      1150.7501220703
870.683411      1217.3959960938
870.981323      1157.4147949219
871.279236      1164.0793457031
871.576965      1188.5161132813
871.874695      1168.5223388672
872.172363      1184.0729980469
872.470032      1172.9654541016
872.767578      1144.0855712891
873.065125      1192.9591064453
873.362549      1232.9466552734
873.660034      1130.7564697266
873.957397      1197.4022216797
874.254700      1079.6613769531
874.552002      1177.4084472656
874.849182      1230.7250976563
875.146362      1224.0605468750
875.443481      1106.3197021484
875.740540      1166.3009033203
876.037476      1124.0919189453
876.334473      1199.6237792969
876.631348      1170.7438964844
876.928223      1159.6362304688
877.224976      1219.6174316406
877.521729      1250.7188720703
877.818420      1257.3834228516
878.115112      1221.8389892578
878.411621      1168.5223388672
878.708191      1197.4022216797
879.004700      1168.5223388672
879.301086      1130.7564697266
879.597473      1190.7376708984
879.893799      1212.9528808594
880.190063      1137.4210205078
880.486267      1150.7501220703
880.782471      1221.8389892578
881.078613      1177.4084472656
881.374695      1210.7313232422
881.670654      1199.6237792969
881.966614      1235.1680908203
882.262573      1110.7626953125
882.558350      1172.9654541016
882.854126      1192.9591064453
883.149902      1226.2819824219
883.445618      1184.0729980469
883.741211      1186.2945556641
884.036865      1159.6362304688
884.332336      1152.9716796875
884.627869      1270.7125244141
884.923218      1141.8640136719
885.218689      1206.2883300781
885.513977      1135.1994628906
885.809265      1199.6237792969
886.104492      1217.3959960938
886.399658      1226.2819824219
886.694763      1179.6300048828
886.989807      1224.0605468750
887.284790      1132.9780273438
887.579773      1197.4022216797
887.874695      1186.2945556641
888.169495      1197.4022216797
888.464355      1186.2945556641
888.759094      1188.5161132813
889.053772      1250.7188720703
889.348389      1137.4210205078
