0.828000
190.260635         0.0000000000
190.642441         0.0000000000
191.024216      1211.9486083984
191.405975      1140.1293945313
191.787704      1189.5051269531
192.169403      1200.7268066406
192.551071      1321.9217529297
192.932724      1324.1660156250
193.314331      1310.6999511719
193.695923      1333.1434326172
194.077499      1317.4329833984
194.459030      1303.9669189453
194.840546      1290.5008544922
195.222031      1393.7408447266
195.603485      1290.5008544922
195.984909      1391.4965820313
196.366302      1310.6999511719
196.747681      1290.5008544922
197.129028      1317.4329833984
197.510345      1281.5234375000
197.891647      1369.0529785156
198.272919      1279.2790527344
198.654175      1312.9443359375
199.035355      1526.1574707031
199.416550      1339.8764648438
199.797714      1299.4782714844
200.178848      1294.9895019531
200.559937      1317.4329833984
200.941025      1202.9711914063
201.322083      1333.1434326172
201.703079      1223.1702880859
202.084091      1277.0346679688
202.465057      1312.9443359375
202.845993      1301.7225341797
203.226898      1492.4921875000
203.607788      1369.0529785156
203.988647      1371.2973632813
204.369461      1355.5869140625
204.750275      1324.1660156250
205.131042      1297.2338867188
205.511795      1306.2113037109
205.892517      1344.3652343750
206.273209      1263.5686035156
206.653870      1277.0346679688
207.034515      1279.2790527344
207.415115      1297.2338867188
207.795700      1272.5460205078
208.176254      1400.4738769531
208.556778      1342.1208496094
208.937271      1344.3652343750
209.317749      1263.5686035156
209.698196      1288.2564697266
210.078613      1263.5686035156
210.459000      1225.4146728516
210.839371      1236.6364746094
211.219696      1279.2790527344
211.600006      1306.2113037109
211.980286      1362.3199462891
212.360535      1268.0573730469
212.740768      1319.6773681641
213.120956      1263.5686035156
213.501129      1301.7225341797
213.881256      1216.4372558594
214.261383      1301.7225341797
214.641464      1384.7634277344
215.021530      1292.7451171875
215.401550      1299.4782714844
215.781570      1270.3016357422
216.161530      1312.9443359375
216.541504      1351.0982666016
216.921402      1366.8087158203
217.301315      1369.0529785156
217.681152      1277.0346679688
218.061005      1254.5911865234
218.440811      1261.3242187500
218.820587      1259.0799560547
219.200348      1317.4329833984
219.580078      1286.0120849609
219.959763      1173.7946777344
220.339432      1274.7904052734
220.719070      1261.3242187500
221.098694      1272.5460205078
221.478271      1319.6773681641
221.857819      1261.3242187500
222.237366      1281.5234375000
222.616867      1351.0982666016
222.996338      1319.6773681641
223.375778      1312.9443359375
223.755188      1364.5643310547
224.134583      1326.4104003906
224.513947      1319.6773681641
224.893265      1211.9486083984
225.272583      1301.7225341797
225.651855      1485.7591552734
226.031097      1254.5911865234
226.410339      1310.6999511719
226.789520      1234.3920898438
227.168686      1310.6999511719
227.547806      1344.3652343750
227.926926      1254.5911865234
228.306015      1339.8764648438
228.685059      1364.5643310547
229.064087      1378.0303955078
229.443069      1326.4104003906
229.822037      1328.6547851563
230.200989      1346.6094970703
230.579895      1344.3652343750
230.958786      1413.9400634766
231.337631      1326.4104003906
231.716461      1268.0573730469
232.095261      1317.4329833984
232.474030      1288.2564697266
232.852783      1176.0390625000
233.231476      1344.3652343750
233.610184      1337.6322021484
233.988831      1238.8807373047
234.367462      1274.7904052734
234.746048      1259.0799560547
235.124649      1236.6364746094
235.503159      1344.3652343750
235.881683      1265.8129882813
236.260162      1348.8538818359
236.638641      1198.4825439453
237.017075      1256.8355712891
237.395477      1364.5643310547
237.773834      1301.7225341797
238.152176      1256.8355712891
238.530502      1241.1251220703
238.908783      1321.9217529297
239.287048      1407.2070312500
239.665268      1328.6547851563
240.043472      1290.5008544922
240.421661      1294.9895019531
240.799805      1366.8087158203
241.177902      1312.9443359375
241.556000      1301.7225341797
241.934052      1290.5008544922
242.312088      1292.7451171875
242.690094      1272.5460205078
243.068054      1277.0346679688
243.446014      1250.1025390625
243.823929      1229.9034423828
244.201813      1281.5234375000
244.579666      1294.9895019531
244.957504      1283.7678222656
245.335297      1373.5417480469
245.713074      1229.9034423828
246.090820      1268.0573730469
246.468536      1310.6999511719
246.846207      1333.1434326172
247.223862      1317.4329833984
247.601501      1395.9852294922
247.979095      1315.1885986328
248.356674      1306.2113037109
248.734222      1378.0303955078
249.111725      1245.6137695313
249.489212      1378.0303955078
249.866669      1315.1885986328
250.244095      1382.5191650391
250.621506      1333.1434326172
250.998871      1261.3242187500
251.376221      1362.3199462891
251.753510      1270.3016357422
252.130814      1319.6773681641
252.508057      1294.9895019531
252.885284      1292.7451171875
253.262466      1301.7225341797
253.639648      1364.5643310547
254.016769      1234.3920898438
254.393906      1189.5051269531
254.770966      1259.0799560547
255.148026      1283.7678222656
255.525040      1342.1208496094
255.902054      1277.0346679688
256.278992      1312.9443359375
256.655945      1328.6547851563
257.032837      1274.7904052734
257.409729      1250.1025390625
257.786591      1355.5869140625
258.163391      1355.5869140625
258.540161      1281.5234375000
258.916962      1256.8355712891
259.293701      1362.3199462891
259.670380      1265.8129882813
260.047058      1342.1208496094
260.423706      1268.0573730469
260.800323      1312.9443359375
261.176880      1290.5008544922
261.553436      1351.0982666016
261.929962      1290.5008544922
262.306488      1144.6181640625
262.682953      1283.7678222656
263.059387      1333.1434326172
263.435791      1299.4782714844
263.812195      1348.8538818359
264.188507      1259.0799560547
264.564850      1301.7225341797
264.941132      1218.6816406250
265.317413      1312.9443359375
265.693634      1303.9669189453
266.069885      1308.4555664063
266.446045      1335.3878173828
266.822174      1294.9895019531
267.198273      1290.5008544922
267.574371      1281.5234375000
267.950439      1335.3878173828
268.326447      1360.0756835938
268.702454      1319.6773681641
269.078430      1272.5460205078
269.454376      1387.0078125000
269.830292      1342.1208496094
270.206146      1229.9034423828
270.582001      1234.3920898438
270.957825      1263.5686035156
271.333618      1297.2338867188
271.709381      1324.1660156250
272.085144      1303.9669189453
272.460815      1342.1208496094
272.836487      1261.3242187500
273.212128      1263.5686035156
273.587769      1241.1251220703
273.963348      1254.5911865234
274.338898      1259.0799560547
274.714447      1261.3242187500
275.089935      1333.1434326172
275.465393      1250.1025390625
275.840820      1286.0120849609
276.216278      1299.4782714844
276.591644      1326.4104003906
276.966949      1299.4782714844
277.342285      1312.9443359375
277.717590      1281.5234375000
278.092834      1272.5460205078
278.468048      1292.7451171875
278.843262      1263.5686035156
279.218445      1270.3016357422
279.593567      1310.6999511719
279.968658      1306.2113037109
280.343781      1220.9260253906
280.718811      1384.7634277344
281.093842      1321.9217529297
281.468811      1301.7225341797
281.843781      1348.8538818359
282.218719      1292.7451171875
282.593628      1335.3878173828
282.968506      1422.9173583984
283.343353      1272.5460205078
283.718170      1335.3878173828
284.092896      1220.9260253906
284.467682      1281.5234375000
284.842407      1292.7451171875
285.217102      1247.8581542969
285.591766      1333.1434326172
285.966400      1308.4555664063
286.340973      1310.6999511719
286.715576      1315.1885986328
287.090118      1348.8538818359
287.464630      1252.3469238281
287.839081      1355.5869140625
288.213562      1236.6364746094
288.587982      1232.1477050781
288.962372      1301.7225341797
289.336731      1308.4555664063
289.711060      1321.9217529297
290.085327      1277.0346679688
290.459625      1337.6322021484
290.833862      1319.6773681641
291.208069      1344.3652343750
291.582275      1290.5008544922
291.956421      1252.3469238281
292.330505      1294.9895019531
292.704620      1317.4329833984
293.078705      1279.2790527344
293.452698      1351.0982666016
293.826691      1299.4782714844
294.200684      1324.1660156250
294.574615      1335.3878173828
294.948517      1263.5686035156
295.322388      1301.7225341797
295.696259      1319.6773681641
296.070068      1254.5911865234
296.443848      1326.4104003906
296.817596      1425.1617431641
297.191345      1286.0120849609
297.565063      1344.3652343750
297.938690      1315.1885986328
298.312317      1268.0573730469
298.685913      1265.8129882813
299.059540      1333.1434326172
299.433044      1200.7268066406
299.806549      1299.4782714844
300.180054      1261.3242187500
300.553528      1335.3878173828
300.926910      1227.6590576172
301.300323      1339.8764648438
301.673676      1272.5460205078
302.046997      1548.6009521484
302.420319      1303.9669189453
302.793579      1218.6816406250
303.166809      1261.3242187500
303.540039      1193.9937744141
303.913208      1326.4104003906
304.286377      1342.1208496094
304.659454      1324.1660156250
305.032593      1279.2790527344
305.405609      1283.7678222656
305.778656      1306.2113037109
306.151611      1265.8129882813
306.524597      1335.3878173828
306.897522      1337.6322021484
307.270416      1272.5460205078
307.643280      1256.8355712891
308.016144      1382.5191650391
308.388916      1306.2113037109
308.761749      1429.6505126953
309.134460      1308.4555664063
309.507202      1281.5234375000
309.879913      1310.6999511719
310.252563      1357.8312988281
310.625153      1286.0120849609
310.997742      1265.8129882813
311.370361      1250.1025390625
311.742859      1250.1025390625
312.115356      1225.4146728516
312.487823      1279.2790527344
312.860291      1306.2113037109
313.232697      1241.1251220703
313.605042      1265.8129882813
313.977386      1321.9217529297
314.349731      1362.3199462891
314.721985      1306.2113037109
315.094269      1319.6773681641
315.466492      1380.2747802734
315.838684      1400.4738769531
316.210846      1335.3878173828
316.582977      1333.1434326172
316.955048      1238.8807373047
317.327148      1261.3242187500
317.699158      1353.3426513672
318.071167      1241.1251220703
318.443176      1245.6137695313
318.815125      1292.7451171875
319.187012      1247.8581542969
319.558868      1254.5911865234
319.930756      1288.2564697266
320.302582      1241.1251220703
320.674347      1281.5234375000
321.046112      1279.2790527344
321.417847      1209.7042236328
321.789581      1220.9260253906
322.161224      1306.2113037109
322.532867      1268.0573730469
322.904419      1290.5008544922
323.276031      1245.6137695313
323.647583      1402.7182617188
324.019073      1189.5051269531
324.390533      1337.6322021484
324.762024      1286.0120849609
325.133423      1303.9669189453
325.504791      1279.2790527344
325.876129      1202.9711914063
326.247467      1261.3242187500
326.618774      1283.7678222656
326.990021      1274.7904052734
327.361237      1281.5234375000
327.732452      1312.9443359375
328.103607      1286.0120849609
328.474731      1288.2564697266
328.845825      1279.2790527344
329.216919      1290.5008544922
329.587952      1205.2155761719
329.958954      1238.8807373047
330.329926      1366.8087158203
330.700867      1292.7451171875
331.071808      1366.8087158203
331.442688      1252.3469238281
331.813507      1362.3199462891
332.184357      1211.9486083984
332.555115      1279.2790527344
332.925873      1342.1208496094
333.296570      1355.5869140625
333.667267      1319.6773681641
334.037994      1328.6547851563
334.408600      1241.1251220703
334.779144      1241.1251220703
335.149750      1321.9217529297
335.520294      1306.2113037109
335.890778      1326.4104003906
336.261230      1297.2338867188
336.631683      1286.0120849609
337.002106      1223.1702880859
337.372498      1265.8129882813
337.742798      1243.3695068359
338.113129      1286.0120849609
338.483429      1292.7451171875
338.853668      1209.7042236328
339.223907      1261.3242187500
339.594086      1294.9895019531
339.964233      1317.4329833984
340.334381      1346.6094970703
340.704437      1346.6094970703
341.074493      1250.1025390625
341.444519      1387.0078125000
341.814545      1328.6547851563
342.184509      1263.5686035156
342.554413      1380.2747802734
342.924347      1299.4782714844
343.294220      1259.0799560547
343.664032      1279.2790527344
344.033813      1245.6137695313
344.403595      1324.1660156250
344.773346      1382.5191650391
345.143036      1261.3242187500
345.512695      1261.3242187500
345.882385      1283.7678222656
346.251984      1274.7904052734
346.621552      1342.1208496094
346.991089      1339.8764648438
347.360626      1312.9443359375
347.730103      1234.3920898438
348.099548      1250.1025390625
348.468964      1297.2338867188
348.838379      1310.6999511719
349.207764      1294.9895019531
349.577057      1324.1660156250
349.946320      1369.0529785156
350.315582      1315.1885986328
350.684845      1337.6322021484
351.054047      1292.7451171875
351.423157      1292.7451171875
351.792328      1344.3652343750
352.161438      1225.4146728516
352.530487      1236.6364746094
352.899506      1227.6590576172
353.268524      1247.8581542969
353.637512      1321.9217529297
354.006409      1286.0120849609
354.375336      1348.8538818359
354.744232      1272.5460205078
355.113068      1310.6999511719
355.481873      1369.0529785156
355.850616      1310.6999511719
356.219391      1353.3426513672
356.588135      1297.2338867188
356.956818      1187.2607421875
357.325470      1238.8807373047
357.694031      1362.3199462891
358.062653      1362.3199462891
358.431213      1252.3469238281
358.799713      1198.4825439453
359.168182      1241.1251220703
359.536652      1272.5460205078
359.905090      1281.5234375000
360.273438      1303.9669189453
360.641785      1290.5008544922
361.010132      1294.9895019531
361.378448      1342.1208496094
361.746704      1241.1251220703
362.114899      1274.7904052734
362.483124      1306.2113037109
362.851288      1395.9852294922
363.219421      1315.1885986328
363.587463      1189.5051269531
363.955566      1317.4329833984
364.323608      1281.5234375000
364.691589      1344.3652343750
365.059540      1281.5234375000
365.427490      1279.2790527344
365.795410      1205.2155761719
366.163269      1265.8129882813
366.531067      1196.2381591797
366.898895      1292.7451171875
367.266693      1299.4782714844
367.634430      1333.1434326172
368.002106      1324.1660156250
368.369812      1263.5686035156
368.737457      1301.7225341797
369.105042      1310.6999511719
369.472595      1288.2564697266
369.840149      1263.5686035156
370.207672      1279.2790527344
370.575134      1247.8581542969
370.942566      1369.0529785156
371.309998      1290.5008544922
371.677399      1281.5234375000
372.044708      1299.4782714844
372.411987      1303.9669189453
372.779297      1279.2790527344
373.146576      1247.8581542969
373.513794      1207.4598388672
373.880951      1283.7678222656
374.248077      1290.5008544922
374.615204      1277.0346679688
374.982300      1250.1025390625
375.349365      1301.7225341797
375.716339      1339.8764648438
376.083374      1301.7225341797
376.450317      1310.6999511719
376.817230      1328.6547851563
377.184082      1297.2338867188
377.550964      1216.4372558594
377.917786      1209.7042236328
378.284576      1286.0120849609
378.651306      1263.5686035156
379.018036      1229.9034423828
379.384735      1326.4104003906
379.751373      1277.0346679688
380.117981      1306.2113037109
380.484589      1438.6278076172
380.851166      1339.8764648438
381.217651      1312.9443359375
381.584137      1321.9217529297
381.950623      1299.4782714844
382.317017      1272.5460205078
382.683411      1342.1208496094
383.049774      1310.6999511719
383.416107      1261.3242187500
383.782410      1268.0573730469
384.148651      1364.5643310547
384.514832      1274.7904052734
384.881042      1326.4104003906
385.247223      1243.3695068359
385.613342      1263.5686035156
385.979401      1277.0346679688
386.345459      1279.2790527344
386.711517      1384.7634277344
387.077484      1312.9443359375
387.443420      1256.8355712891
387.809357      1351.0982666016
388.175262      1321.9217529297
388.541107      1220.9260253906
388.906891      1227.6590576172
389.272705      1261.3242187500
389.638489      1247.8581542969
390.004211      1310.6999511719
390.369873      1250.1025390625
390.735535      1247.8581542969
391.101196      1306.2113037109
391.466766      1297.2338867188
391.832336      1312.9443359375
392.197815      1292.7451171875
392.563324      1315.1885986328
392.928802      1254.5911865234
393.294189      1308.4555664063
393.659607      1366.8087158203
394.024963      1191.7493896484
394.390289      1351.0982666016
394.755554      1259.0799560547
395.120789      1371.2973632813
395.486023      1283.7678222656
395.851227      1286.0120849609
396.216370      1290.5008544922
396.581482      1243.3695068359
396.946564      1310.6999511719
397.311646      1270.3016357422
397.676636      1301.7225341797
398.041626      1321.9217529297
398.406586      1227.6590576172
398.771515      1288.2564697266
399.136383      1263.5686035156
399.501221      1223.1702880859
399.866058      1252.3469238281
400.230865      1211.9486083984
400.595581      1324.1660156250
400.960297      1346.6094970703
401.324982      1268.0573730469
401.689636      1373.5417480469
402.054230      1283.7678222656
402.418793      1330.8990478516
402.783356      1413.9400634766
403.147919      1247.8581542969
403.512360      1243.3695068359
403.876770      1344.3652343750
404.241211      1263.5686035156
404.605621      1238.8807373047
404.969910      1375.7861328125
405.334229      1292.7451171875
405.698517      1270.3016357422
406.062775      1319.6773681641
406.426971      1308.4555664063
406.791107      1297.2338867188
407.155273      1211.9486083984
407.519379      1319.6773681641
407.883484      1310.6999511719
408.247498      1337.6322021484
408.611481      1355.5869140625
408.975464      1259.0799560547
409.339417      1198.4825439453
409.703308      1317.4329833984
410.067169      1238.8807373047
410.431030      1254.5911865234
410.794800      1279.2790527344
411.158569      1220.9260253906
411.522278      1243.3695068359
411.885986      1216.4372558594
412.249664      1274.7904052734
412.613312      1290.5008544922
412.976868      1317.4329833984
413.340454      1297.2338867188
413.703979      1299.4782714844
414.067474      1342.1208496094
414.430908      1220.9260253906
414.794342      1263.5686035156
415.157745      1306.2113037109
415.521088      1303.9669189453
415.884369      1346.6094970703
416.247711      1247.8581542969
416.610931      1286.0120849609
416.974152      1364.5643310547
417.337341      1268.0573730469
417.700500      1225.4146728516
418.063629      1279.2790527344
418.426697      1360.0756835938
418.789703      1288.2564697266
419.152740      1274.7904052734
419.515717      1286.0120849609
419.878662      1351.0982666016
420.241577      1306.2113037109
420.604431      1229.9034423828
420.967285      1220.9260253906
421.330109      1335.3878173828
421.692841      1218.6816406250
422.055603      1238.8807373047
422.418335      1272.5460205078
422.780975      1283.7678222656
423.143585      1308.4555664063
423.506226      1232.1477050781
423.868774      1353.3426513672
424.231293      1288.2564697266
424.593811      1301.7225341797
424.956238      1277.0346679688
425.318665      1348.8538818359
425.681091      1252.3469238281
426.043427      1202.9711914063
426.405731      1315.1885986328
426.768036      1330.8990478516
427.130310      1250.1025390625
427.492493      1274.7904052734
427.854675      1247.8581542969
428.216858      1173.7946777344
428.578979      1196.2381591797
428.941040      1312.9443359375
429.303040      1265.8129882813
429.665070      1319.6773681641
430.027069      1297.2338867188
430.389008      1290.5008544922
430.750885      1315.1885986328
431.112762      1225.4146728516
431.474640      1272.5460205078
431.836395      1369.0529785156
432.198181      1301.7225341797
432.559937      1234.3920898438
432.921600      1351.0982666016
433.283264      1324.1660156250
433.644867      1321.9217529297
434.006500      1256.8355712891
434.368073      1223.1702880859
434.729553      1261.3242187500
435.091034      1333.1434326172
435.452515      1288.2564697266
435.813934      1245.6137695313
436.175293      1308.4555664063
436.536621      1333.1434326172
436.897949      1252.3469238281
437.259277      1272.5460205078
437.620483      1328.6547851563
437.981659      1342.1208496094
438.342865      1261.3242187500
438.704010      1247.8581542969
439.065125      1321.9217529297
439.426178      1259.0799560547
439.787201      1270.3016357422
440.148224      1310.6999511719
440.509186      1288.2564697266
440.870087      1288.2564697266
441.230988      1250.1025390625
441.591858      1225.4146728516
441.952667      1321.9217529297
442.313416      1274.7904052734
442.674194      1243.3695068359
443.034912      1292.7451171875
443.395630      1303.9669189453
443.756226      1288.2564697266
444.116852      1299.4782714844
444.477417      1247.8581542969
444.837982      1321.9217529297
445.198456      1238.8807373047
445.558960      1281.5234375000
445.919403      1292.7451171875
446.279816      1328.6547851563
446.640106      1245.6137695313
447.000458      1319.6773681641
447.360779      1294.9895019531
447.721039      1333.1434326172
448.081207      1265.8129882813
448.441406      1339.8764648438
448.801575      1292.7451171875
449.161713      1236.6364746094
449.521759      1294.9895019531
449.881805      1342.1208496094
450.241852      1209.7042236328
450.601837      1369.0529785156
450.961792      1279.2790527344
451.321655      1335.3878173828
451.681549      1272.5460205078
452.041382      1366.8087158203
452.401184      1234.3920898438
452.760895      1299.4782714844
453.120636      1223.1702880859
453.480347      1261.3242187500
453.840027      1277.0346679688
454.199585      1384.7634277344
454.559174      1209.7042236328
454.918762      1259.0799560547
455.278290      1279.2790527344
455.637726      1297.2338867188
455.997162      1342.1208496094
456.356598      1268.0573730469
456.715973      1306.2113037109
457.075287      1344.3652343750
457.434570      1254.5911865234
457.793854      1371.2973632813
458.153107      1241.1251220703
458.512268      1238.8807373047
458.871429      1245.6137695313
459.230560      1265.8129882813
459.589661      1312.9443359375
459.948639      1234.3920898438
460.307678      1214.1929931641
460.666687      1321.9217529297
461.025635      1297.2338867188
461.384491      1308.4555664063
461.743378      1254.5911865234
462.102264      1245.6137695313
462.461060      1236.6364746094
462.819794      1308.4555664063
463.178497      1357.8312988281
463.537231      1265.8129882813
463.895905      1216.4372558594
464.254456      1360.0756835938
464.613068      1263.5686035156
464.971649      1330.8990478516
465.330170      1254.5911865234
465.688568      1279.2790527344
466.047028      1303.9669189453
466.405457      1315.1885986328
466.763855      1254.5911865234
467.122192      1310.6999511719
467.480438      1335.3878173828
467.838715      1211.9486083984
468.196960      1263.5686035156
468.555176      1346.6094970703
468.913269      1369.0529785156
469.271393      1209.7042236328
469.629486      1256.8355712891
469.987549      1256.8355712891
470.345520      1254.5911865234
470.703491      1265.8129882813
471.061462      1268.0573730469
471.419342      1263.5686035156
471.777191      1294.9895019531
472.135040      1265.8129882813
472.492828      1319.6773681641
472.850586      1404.9626464844
473.208282      1270.3016357422
473.565979      1310.6999511719
473.923615      1234.3920898438
474.281281      1182.7720947266
474.638794      1272.5460205078
474.996338      1200.7268066406
475.353851      1301.7225341797
475.711334      1187.2607421875
476.068726      1243.3695068359
476.426117      1299.4782714844
476.783478      1263.5686035156
477.140808      1294.9895019531
477.498077      1308.4555664063
477.855316      1259.0799560547
478.212555      1270.3016357422
478.569763      1297.2338867188
478.926819      1286.0120849609
479.283936      1227.6590576172
479.641022      1339.8764648438
479.998077      1292.7451171875
480.355011      1245.6137695313
480.711975      1335.3878173828
481.068939      1357.8312988281
481.425842      1337.6322021484
481.782623      1301.7225341797
482.139435      1277.0346679688
482.496216      1303.9669189453
482.852966      1256.8355712891
483.209717      1245.6137695313
483.566315      1351.0982666016
483.922943      1259.0799560547
484.279572      1254.5911865234
484.636139      1241.1251220703
484.992615      1265.8129882813
485.349121      1286.0120849609
485.705566      1387.0078125000
486.062012      1243.3695068359
486.418304      1303.9669189453
486.774689      1234.3920898438
487.130981      1205.2155761719
487.487274      1223.1702880859
487.843445      1286.0120849609
488.199615      1277.0346679688
488.555786      1303.9669189453
488.911957      1369.0529785156
489.267975      1299.4782714844
489.624023      1306.2113037109
489.980042      1286.0120849609
490.336029      1263.5686035156
490.691925      1234.3920898438
491.047821      1279.2790527344
491.403687      1270.3016357422
491.759521      1268.0573730469
492.115265      1196.2381591797
492.471008      1272.5460205078
492.826752      1294.9895019531
493.182434      1202.9711914063
493.538025      1292.7451171875
493.893646      1277.0346679688
494.249207      1281.5234375000
494.604736      1205.2155761719
494.960205      1373.5417480469
495.315674      1252.3469238281
495.671082      1286.0120849609
496.026489      1254.5911865234
496.381775      1265.8129882813
496.737091      1196.2381591797
497.092377      1290.5008544922
497.447632      1263.5686035156
497.802795      1254.5911865234
498.157959      1263.5686035156
498.513062      1247.8581542969
498.868195      1196.2381591797
499.223175      1265.8129882813
499.578217      1294.9895019531
499.933167      1277.0346679688
500.288116      1292.7451171875
500.643036      1236.6364746094
500.997833      1317.4329833984
501.352692      1369.0529785156
501.707489      1236.6364746094
502.062225      1234.3920898438
502.416901      1238.8807373047
502.771606      1283.7678222656
503.126221      1263.5686035156
503.480865      1339.8764648438
503.835358      1205.2155761719
504.189941      1288.2564697266
504.544434      1342.1208496094
504.898865      1193.9937744141
505.253265      1294.9895019531
505.607635      1243.3695068359
505.961975      1279.2790527344
506.316315      1243.3695068359
506.670532      1272.5460205078
507.024750      1265.8129882813
507.378967      1306.2113037109
507.733154      1243.3695068359
508.087189      1297.2338867188
508.441315      1317.4329833984
508.795349      1389.2521972656
509.149353      1191.7493896484
509.503265      1326.4104003906
509.857208      1229.9034423828
510.211121      1301.7225341797
510.565002      1328.6547851563
510.918762      1261.3242187500
511.272583      1232.1477050781
511.626312      1229.9034423828
511.980042      1297.2338867188
512.333618      1290.5008544922
512.687256      1207.4598388672
513.040894      1321.9217529297
513.394470      1281.5234375000
513.747925      1337.6322021484
514.101440      1306.2113037109
514.454895      1259.0799560547
514.808289      1214.1929931641
515.161621      1238.8807373047
515.514893      1315.1885986328
515.868225      1335.3878173828
516.221497      1297.2338867188
516.574707      1173.7946777344
516.927856      1299.4782714844
517.281006      1270.3016357422
517.634155      1312.9443359375
517.987183      1303.9669189453
518.340210      1223.1702880859
518.693237      1315.1885986328
519.046204      1429.6505126953
519.399048      1254.5911865234
519.751892      1256.8355712891
520.104736      1308.4555664063
520.457520      1310.6999511719
520.810364      1290.5008544922
521.163025      1234.3920898438
521.515686      1297.2338867188
521.868408      1310.6999511719
522.221008      1232.1477050781
522.573547      1281.5234375000
522.926086      1357.8312988281
523.278625      1272.5460205078
523.631042      1211.9486083984
523.983459      1393.7408447266
524.335815      1272.5460205078
524.688171      1259.0799560547
525.040527      1337.6322021484
525.392761      1337.6322021484
525.744934      1281.5234375000
526.097168      1297.2338867188
526.449341      1366.8087158203
526.801453      1292.7451171875
527.153503      1346.6094970703
527.505554      1315.1885986328
527.857544      1272.5460205078
528.209534      1303.9669189453
528.561462      1297.2338867188
528.913330      1342.1208496094
529.265198      1277.0346679688
529.617004      1223.1702880859
529.968750      1294.9895019531
530.320496      1317.4329833984
530.672180      1337.6322021484
531.023804      1259.0799560547
531.375488      1348.8538818359
531.727051      1243.3695068359
532.078613      1317.4329833984
532.430115      1209.7042236328
532.781555      1178.2833251953
533.132996      1303.9669189453
533.484375      1245.6137695313
533.835815      1247.8581542969
534.187073      1301.7225341797
534.538330      1369.0529785156
534.889587      1312.9443359375
535.240784      1241.1251220703
535.591919      1312.9443359375
535.942993      1357.8312988281
536.294128      1256.8355712891
536.645203      1290.5008544922
536.996155      1234.3920898438
537.347107      1292.7451171875
537.698120      1321.9217529297
538.049011      1274.7904052734
538.399841      1346.6094970703
538.750610      1250.1025390625
539.101440      1277.0346679688
539.452209      1409.4512939453
539.802856      1337.6322021484
540.153503      1301.7225341797
540.504150      1261.3242187500
540.854736      1303.9669189453
541.205261      1299.4782714844
541.555786      1247.8581542969
541.906250      1227.6590576172
542.256714      1196.2381591797
542.607056      1268.0573730469
542.957458      1319.6773681641
543.307739      1268.0573730469
543.658020      1256.8355712891
544.008240      1339.8764648438
544.358398      1353.3426513672
544.708618      1279.2790527344
545.058777      1308.4555664063
545.408813      1297.2338867188
545.758850      1245.6137695313
546.108887      1297.2338867188
546.458862      1256.8355712891
546.808716      1225.4146728516
547.158691      1286.0120849609
547.508545      1301.7225341797
547.858337      1259.0799560547
548.208069      1279.2790527344
548.557800      1263.5686035156
548.907532      1353.3426513672
549.257202      1346.6094970703
549.606812      1288.2564697266
549.956360      1290.5008544922
550.305908      1256.8355712891
550.655457      1303.9669189453
551.004883      1223.1702880859
551.354309      1299.4782714844
551.703674      1259.0799560547
552.053040      1326.4104003906
552.402405      1277.0346679688
552.751587      1281.5234375000
553.100830      1360.0756835938
553.450012      1274.7904052734
553.799255      1317.4329833984
554.148254      1261.3242187500
554.497375      1218.6816406250
554.846436      1227.6590576172
555.195435      1360.0756835938
555.544373      1312.9443359375
555.893250      1290.5008544922
556.242188      1315.1885986328
556.591003      1261.3242187500
556.939758      1270.3016357422
557.288574      1301.7225341797
557.637268      1265.8129882813
557.985962      1328.6547851563
558.334595      1288.2564697266
558.683228      1283.7678222656
559.031799      1344.3652343750
559.380310      1196.2381591797
559.728760      1277.0346679688
560.077209      1241.1251220703
560.425659      1193.9937744141
560.774048      1387.0078125000
561.122314      1317.4329833984
561.470581      1277.0346679688
561.818909      1268.0573730469
562.167114      1252.3469238281
562.515259      1306.2113037109
562.863342      1279.2790527344
563.211487      1281.5234375000
563.559570      1263.5686035156
563.907532      1245.6137695313
564.255554      1299.4782714844
564.603455      1234.3920898438
564.951355      1270.3016357422
565.299255      1238.8807373047
565.647095      1319.6773681641
565.994812      1301.7225341797
566.342590      1229.9034423828
566.690308      1292.7451171875
567.037903      1283.7678222656
567.385620      1216.4372558594
567.733154      1261.3242187500
568.080750      1274.7904052734
568.428162      1324.1660156250
568.775696      1234.3920898438
569.123108      1227.6590576172
569.470520      1335.3878173828
569.817810      1339.8764648438
570.165161      1288.2564697266
570.512451      1337.6322021484
570.859680      1324.1660156250
571.206787      1220.9260253906
571.554016      1225.4146728516
571.901062      1294.9895019531
572.248169      1321.9217529297
572.595154      1297.2338867188
572.942200      1292.7451171875
573.289124      1252.3469238281
573.636047      1301.7225341797
573.982849      1247.8581542969
574.329712      1290.5008544922
574.676514      1236.6364746094
575.023315      1342.1208496094
575.369995      1301.7225341797
575.716675      1319.6773681641
576.063293      1393.7408447266
576.409912      1288.2564697266
576.756409      1294.9895019531
577.102966      1339.8764648438
577.449402      1214.1929931641
577.795898      1259.0799560547
578.142273      1236.6364746094
578.488647      1288.2564697266
578.834961      1279.2790527344
579.181213      1252.3469238281
579.527405      1185.0163574219
579.873596      1277.0346679688
580.219788      1308.4555664063
580.565918      1292.7451171875
580.911926      1241.1251220703
581.258057      1364.5643310547
581.604065      1171.5502929688
581.949951      1355.5869140625
582.295898      1274.7904052734
582.641724      1200.7268066406
582.987610      1308.4555664063
583.333435      1317.4329833984
583.679199      1315.1885986328
584.024902      1330.8990478516
584.370544      1272.5460205078
584.716187      1259.0799560547
585.061829      1236.6364746094
585.407349      1353.3426513672
585.752869      1238.8807373047
586.098328      1274.7904052734
586.443787      1256.8355712891
586.789124      1344.3652343750
587.134521      1312.9443359375
587.479858      1306.2113037109
587.825134      1407.2070312500
588.170288      1382.5191650391
588.515564      1250.1025390625
588.860657      1297.2338867188
589.205872      1198.4825439453
589.550842      1333.1434326172
589.895935      1335.3878173828
590.240906      1283.7678222656
590.585876      1294.9895019531
590.930786      1225.4146728516
591.275635      1360.0756835938
591.620483      1337.6322021484
591.965271      1277.0346679688
592.310059      1297.2338867188
592.654724      1416.1843261719
592.999451      1375.7861328125
593.344055      1225.4146728516
593.688660      1279.2790527344
594.033203      1281.5234375000
594.377686      1310.6999511719
594.722229      1263.5686035156
595.066528      1209.7042236328
595.411011      1290.5008544922
595.755371      1270.3016357422
596.099670      1301.7225341797
596.443848      1277.0346679688
596.788147      1274.7904052734
597.132324      1297.2338867188
597.476501      1324.1660156250
597.820618      1207.4598388672
598.164612      1279.2790527344
598.508667      1312.9443359375
598.852661      1353.3426513672
599.196655      1277.0346679688
599.540466      1268.0573730469
599.884338      1310.6999511719
600.228210      1223.1702880859
600.571960      1252.3469238281
600.915710      1227.6590576172
601.259460      1274.7904052734
601.603088      1324.1660156250
601.946716      1342.1208496094
602.290283      1360.0756835938
602.633850      1288.2564697266
602.977295      1238.8807373047
603.320801      1211.9486083984
603.664124      1200.7268066406
604.007568      1270.3016357422
604.350952      1274.7904052734
604.694214      1297.2338867188
605.037415      1261.3242187500
605.380676      1395.9852294922
605.723816      1303.9669189453
606.066956      1344.3652343750
606.410034      1292.7451171875
606.753052      1420.6730957031
607.096130      1330.8990478516
607.439087      1321.9217529297
607.781921      1346.6094970703
608.124878      1321.9217529297
608.467712      1324.1660156250
608.810547      1357.8312988281
609.153259      1333.1434326172
609.495972      1362.3199462891
609.838684      1366.8087158203
610.181335      1277.0346679688
610.523865      1407.2070312500
610.866516      1344.3652343750
611.209045      1294.9895019531
611.551453      1245.6137695313
611.893921      1281.5234375000
612.236267      1292.7451171875
612.578674      1333.1434326172
612.920959      1252.3469238281
613.263306      1274.7904052734
613.605469      1281.5234375000
613.947632      1337.6322021484
614.289795      1443.1165771484
614.631958      1301.7225341797
614.973938      1333.1434326172
615.315979      1328.6547851563
615.657959      1398.2296142578
615.999939      1299.4782714844
616.341858      1353.3426513672
616.683716      1202.9711914063
617.025513      1263.5686035156
617.367310      1288.2564697266
617.708984      1353.3426513672
618.050720      1333.1434326172
618.392395      1238.8807373047
618.734070      1277.0346679688
619.075500      1263.5686035156
619.417114      1306.2113037109
619.758606      1279.2790527344
620.100098      1261.3242187500
620.441467      1243.3695068359
620.782776      1398.2296142578
621.124146      1268.0573730469
621.465393      1420.6730957031
621.806641      1351.0982666016
622.147888      1225.4146728516
622.489014      1328.6547851563
622.830139      1317.4329833984
623.171204      1319.6773681641
623.512207      1268.0573730469
623.853271      1342.1208496094
624.194214      1355.5869140625
624.535095      1281.5234375000
624.875916      1308.4555664063
625.216797      1312.9443359375
625.557617      1272.5460205078
625.898315      1252.3469238281
626.239075      1299.4782714844
626.579712      1461.0714111328
626.920349      1209.7042236328
627.260864      1189.5051269531
627.601440      1286.0120849609
627.941895      1268.0573730469
628.282410      1261.3242187500
628.622803      1418.4287109375
628.963135      1216.4372558594
629.303528      1254.5911865234
629.643799      1317.4329833984
629.984070      1294.9895019531
630.324219      1288.2564697266
630.664429      1303.9669189453
631.004517      1335.3878173828
631.344604      1321.9217529297
631.684631      1315.1885986328
632.024597      1234.3920898438
632.364624      1250.1025390625
632.704529      1211.9486083984
633.044373      1254.5911865234
633.384155      1288.2564697266
633.723999      1279.2790527344
634.063782      1245.6137695313
634.403442      1286.0120849609
634.743042      1407.2070312500
635.082764      1261.3242187500
635.422302      1247.8581542969
635.761841      1223.1702880859
636.101318      1265.8129882813
636.440796      1411.6956787109
636.780212      1243.3695068359
637.119507      1337.6322021484
637.458862      1265.8129882813
637.798157      1319.6773681641
638.137451      1297.2338867188
638.476563      1384.7634277344
638.815735      1272.5460205078
639.154907      1182.7720947266
639.494019      1277.0346679688
639.833008      1290.5008544922
640.171997      1265.8129882813
640.510925      1339.8764648438
640.849854      1299.4782714844
641.188660      1220.9260253906
641.527527      1252.3469238281
641.866333      1214.1929931641
642.205078      1333.1434326172
642.543762      1308.4555664063
642.882446      1279.2790527344
643.221008      1297.2338867188
643.559570      1277.0346679688
643.898071      1211.9486083984
644.236572      1292.7451171875
644.575073      1223.1702880859
644.913452      1229.9034423828
645.251831      1268.0573730469
645.590149      1286.0120849609
645.928406      1310.6999511719
646.266602      1279.2790527344
646.604858      1344.3652343750
646.942932      1288.2564697266
647.281128      1259.0799560547
647.619141      1218.6816406250
647.957214      1245.6137695313
648.295166      1299.4782714844
648.633057      1299.4782714844
648.970947      1308.4555664063
649.308838      1290.5008544922
649.646606      1319.6773681641
649.984436      1288.2564697266
650.322144      1263.5686035156
650.659851      1254.5911865234
650.997498      1286.0120849609
651.335022      1362.3199462891
651.672607      1283.7678222656
652.010132      1326.4104003906
652.347595      1261.3242187500
652.684998      1200.7268066406
653.022461      1209.7042236328
653.359802      1321.9217529297
653.697021      1389.2521972656
654.034302      1252.3469238281
654.371521      1198.4825439453
654.708740      1292.7451171875
655.045837      1283.7678222656
655.382935      1261.3242187500
655.719971      1315.1885986328
656.057007      1375.7861328125
656.393921      1261.3242187500
656.730835      1290.5008544922
657.067749      1238.8807373047
657.404602      1286.0120849609
657.741333      1321.9217529297
658.078064      1346.6094970703
658.414795      1283.7678222656
658.751465      1238.8807373047
659.088074      1281.5234375000
659.424683      1286.0120849609
659.761230      1337.6322021484
660.097717      1265.8129882813
660.434143      1312.9443359375
660.770569      1342.1208496094
661.106934      1317.4329833984
661.443298      1294.9895019531
661.779541      1252.3469238281
662.115784      1236.6364746094
662.451965      1308.4555664063
662.788086      1247.8581542969
663.124268      1337.6322021484
663.460266      1247.8581542969
663.796265      1310.6999511719
664.132324      1191.7493896484
664.468201      1193.9937744141
664.804077      1366.8087158203
665.139954      1223.1702880859
665.475769      1283.7678222656
665.811523      1292.7451171875
666.147278      1301.7225341797
666.482971      1297.2338867188
666.818542      1294.9895019531
667.154236      1378.0303955078
667.489685      1290.5008544922
667.825195      1398.2296142578
668.160706      1391.4965820313
668.496094      1294.9895019531
668.831421      1286.0120849609
669.166809      1303.9669189453
669.502136      1326.4104003906
669.837402      1283.7678222656
670.172546      1335.3878173828
670.507751      1319.6773681641
670.842834      1351.0982666016
671.177917      1328.6547851563
671.512878      1326.4104003906
671.847961      1328.6547851563
672.182861      1353.3426513672
672.517761      1259.0799560547
672.852600      1229.9034423828
673.187439      1301.7225341797
673.522217      1250.1025390625
673.856934      1245.6137695313
674.191650      1270.3016357422
674.526306      1294.9895019531
674.860901      1339.8764648438
675.195435      1299.4782714844
675.529968      1205.2155761719
675.864441      1268.0573730469
676.198853      1339.8764648438
676.533264      1243.3695068359
676.867554      1288.2564697266
677.201843      1306.2113037109
677.536133      1256.8355712891
677.870361      1263.5686035156
678.204529      1371.2973632813
678.538635      1245.6137695313
678.872742      1301.7225341797
679.206787      1279.2790527344
679.540710      1198.4825439453
679.874695      1277.0346679688
680.208618      1366.8087158203
680.542480      1335.3878173828
680.876282      1382.5191650391
681.210083      1185.0163574219
681.543823      1299.4782714844
681.877502      1279.2790527344
682.211121      1357.8312988281
682.544739      1294.9895019531
682.878357      1283.7678222656
683.211853      1344.3652343750
683.545227      1268.0573730469
683.878723      1369.0529785156
684.212097      1263.5686035156
684.545471      1290.5008544922
684.878723      1294.9895019531
685.212036      1189.5051269531
685.545227      1369.0529785156
685.878418      1335.3878173828
686.211487      1346.6094970703
686.544556      1218.6816406250
686.877625      1312.9443359375
687.210632      1236.6364746094
687.543518      1261.3242187500
687.876465      1360.0756835938
688.209290      1202.9711914063
688.542114      1299.4782714844
688.874878      1223.1702880859
689.207642      1229.9034423828
689.540344      1348.8538818359
689.872986      1265.8129882813
690.205566      1268.0573730469
690.538147      1297.2338867188
690.870667      1263.5686035156
691.203125      1241.1251220703
691.535461      1234.3920898438
691.867920      1277.0346679688
692.200256      1232.1477050781
692.532593      1297.2338867188
692.864807      1308.4555664063
693.196960      1281.5234375000
693.529114      1303.9669189453
693.861267      1330.8990478516
694.193420      1375.7861328125
694.525391      1312.9443359375
694.857361      1281.5234375000
695.189270      1277.0346679688
695.521240      1270.3016357422
695.853027      1411.6956787109
696.184814      1342.1208496094
696.516663      1409.4512939453
696.848389      1297.2338867188
697.179993      1261.3242187500
697.511658      1225.4146728516
697.843262      1335.3878173828
698.174805      1375.7861328125
698.506287      1339.8764648438
698.837708      1393.7408447266
699.169189      1299.4782714844
699.500549      1283.7678222656
699.831787      1319.6773681641
700.163147      1277.0346679688
700.494385      1303.9669189453
700.825562      1362.3199462891
701.156677      1218.6816406250
701.487793      1297.2338867188
701.818848      1281.5234375000
702.149902      1250.1025390625
702.480774      1256.8355712891
702.811768      1355.5869140625
703.142639      1321.9217529297
703.473511      1279.2790527344
703.804199      1344.3652343750
704.135010      1357.8312988281
704.465759      1312.9443359375
704.796387      1333.1434326172
705.126953      1317.4329833984
705.457520      1243.3695068359
705.788086      1214.1929931641
706.118591      1306.2113037109
706.448975      1252.3469238281
706.779419      1344.3652343750
707.109741      1312.9443359375
707.440063      1238.8807373047
707.770325      1256.8355712891
708.100525      1321.9217529297
708.430725      1261.3242187500
708.760864      1299.4782714844
709.090942      1328.6547851563
709.420959      1283.7678222656
709.750916      1283.7678222656
710.080933      1301.7225341797
710.410828      1326.4104003906
710.740662      1272.5460205078
711.070496      1411.6956787109
711.400269      1373.5417480469
711.729980      1243.3695068359
712.059631      1324.1660156250
712.389282      1250.1025390625
712.718872      1326.4104003906
713.048462      1261.3242187500
713.377930      1256.8355712891
713.707397      1202.9711914063
714.036865      1250.1025390625
714.366211      1342.1208496094
714.695435      1357.8312988281
715.024780      1321.9217529297
715.354004      1348.8538818359
715.683228      1263.5686035156
716.012329      1268.0573730469
716.341431      1288.2564697266
716.670532      1256.8355712891
716.999573      1220.9260253906
717.328430      1351.0982666016
717.657349      1283.7678222656
717.986267      1319.6773681641
718.315125      1241.1251220703
718.643860      1243.3695068359
718.972656      1337.6322021484
719.301331      1288.2564697266
719.630005      1301.7225341797
719.958557      1337.6322021484
720.287170      1303.9669189453
720.615662      1288.2564697266
720.944214      1252.3469238281
721.272583      1238.8807373047
721.600952      1348.8538818359
721.929321      1229.9034423828
722.257629      1234.3920898438
722.585876      1310.6999511719
722.914063      1369.0529785156
723.242188      1355.5869140625
723.570313      1339.8764648438
723.898376      1369.0529785156
724.226440      1303.9669189453
724.554382      1294.9895019531
724.882324      1355.5869140625
725.210266      1245.6137695313
725.538025      1324.1660156250
725.865784      1241.1251220703
726.193604      1330.8990478516
726.521301      1252.3469238281
726.848938      1256.8355712891
727.176514      1279.2790527344
727.504150      1425.1617431641
727.831726      1337.6322021484
728.159119      1292.7451171875
728.486572      1321.9217529297
728.813965      1243.3695068359
729.141357      1272.5460205078
729.468567      1234.3920898438
729.795837      1229.9034423828
730.123108      1294.9895019531
730.450317      1364.5643310547
730.777344      1247.8581542969
731.104431      1389.2521972656
731.431519      1319.6773681641
731.758484      1225.4146728516
732.085388      1243.3695068359
732.412292      1274.7904052734
732.739136      1337.6322021484
733.065979      1274.7904052734
733.392639      1294.9895019531
733.719421      1286.0120849609
734.046082      1256.8355712891
734.372681      1310.6999511719
734.699219      1357.8312988281
735.025757      1317.4329833984
735.352234      1306.2113037109
735.678711      1303.9669189453
736.005127      1373.5417480469
736.331482      1339.8764648438
736.657715      1364.5643310547
736.984009      1407.2070312500
737.310181      1346.6094970703
737.636353      1418.4287109375
737.962524      1328.6547851563
738.288574      1326.4104003906
738.614624      1387.0078125000
738.940613      1288.2564697266
739.266541      1252.3469238281
739.592407      1330.8990478516
739.918274      1220.9260253906
740.244080      1546.3565673828
740.569824      1333.1434326172
740.895569      1335.3878173828
741.221191      1346.6094970703
741.546753      1290.5008544922
741.872375      1281.5234375000
742.197937      1402.7182617188
742.523376      1306.2113037109
742.848816      1243.3695068359
743.174194      1308.4555664063
743.499573      1268.0573730469
743.824890      1319.6773681641
744.150085      1274.7904052734
744.475342      1301.7225341797
744.800476      1294.9895019531
745.125610      1270.3016357422
745.450623      1346.6094970703
745.775696      1297.2338867188
746.100708      1312.9443359375
746.425598      1463.3156738281
746.750427      1317.4329833984
747.075256      1259.0799560547
747.400085      1299.4782714844
747.724915      1256.8355712891
748.049561      1306.2113037109
748.374207      1315.1885986328
748.698853      1366.8087158203
749.023438      1225.4146728516
749.347900      1274.7904052734
749.672363      1326.4104003906
749.996765      1348.8538818359
750.321167      1348.8538818359
750.645508      1355.5869140625
750.969788      1261.3242187500
751.294067      1252.3469238281
751.618286      1362.3199462891
751.942383      1281.5234375000
752.266479      1342.1208496094
752.590576      1306.2113037109
752.914551      1265.8129882813
753.238525      1292.7451171875
753.562439      1303.9669189453
753.886292      1330.8990478516
754.210144      1366.8087158203
754.533936      1265.8129882813
754.857666      1288.2564697266
755.181335      1281.5234375000
755.505005      1324.1660156250
755.828613      1344.3652343750
756.152100      1456.5826416016
756.475586      1456.5826416016
756.799133      1355.5869140625
757.122498      1312.9443359375
757.445862      1310.6999511719
757.769165      1420.6730957031
758.092468      1270.3016357422
758.415710      1324.1660156250
758.738831      1328.6547851563
759.061951      1326.4104003906
759.385071      1407.2070312500
759.708130      1360.0756835938
760.031067      1360.0756835938
760.354004      1256.8355712891
760.676941      1193.9937744141
760.999817      1252.3469238281
761.322632      1360.0756835938
761.645386      1436.3835449219
761.968079      1227.6590576172
762.290771      1214.1929931641
762.613342      1299.4782714844
762.935974      1452.0939941406
763.258484      1324.1660156250
763.580994      1263.5686035156
763.903381      1281.5234375000
764.225830      1279.2790527344
764.548157      1272.5460205078
764.870422      1286.0120849609
765.192688      1335.3878173828
765.514832      1315.1885986328
765.837036      1310.6999511719
766.159119      1330.8990478516
766.481140      1409.4512939453
766.803223      1369.0529785156
767.125183      1324.1660156250
767.447144      1310.6999511719
767.768982      1301.7225341797
768.090820      1247.8581542969
768.412659      1353.3426513672
768.734314      1326.4104003906
769.056091      1310.6999511719
769.377686      1308.4555664063
769.699280      1310.6999511719
770.020813      1292.7451171875
770.342346      1227.6590576172
770.663757      1277.0346679688
770.985229      1294.9895019531
771.306580      1256.8355712891
771.627869      1429.6505126953
771.949158      1326.4104003906
772.270386      1250.1025390625
772.591553      1283.7678222656
772.912659      1297.2338867188
773.233765      1259.0799560547
773.554810      1283.7678222656
773.875793      1400.4738769531
774.196716      1315.1885986328
774.517578      1263.5686035156
774.838440      1259.0799560547
775.159302      1292.7451171875
775.480042      1236.6364746094
775.800659      1344.3652343750
776.121399      1277.0346679688
776.441956      1265.8129882813
776.762573      1292.7451171875
777.083008      1357.8312988281
777.403503      1294.9895019531
777.723999      1279.2790527344
778.044373      1308.4555664063
778.364624      1279.2790527344
778.684937      1288.2564697266
779.005188      1333.1434326172
779.325378      1225.4146728516
779.645447      1407.2070312500
779.965637      1297.2338867188
780.285706      1261.3242187500
780.605652      1279.2790527344
780.925598      1250.1025390625
781.245483      1256.8355712891
781.565369      1306.2113037109
781.885193      1202.9711914063
782.204895      1308.4555664063
782.524658      1301.7225341797
782.844299      1404.9626464844
783.163940      1259.0799560547
783.483582      1286.0120849609
783.803040      1245.6137695313
784.122559      1279.2790527344
784.442017      1319.6773681641
784.761414      1402.7182617188
785.080688      1294.9895019531
785.400024      1297.2338867188
785.719238      1326.4104003906
786.038452      1351.0982666016
786.357544      1310.6999511719
786.676697      1259.0799560547
786.995789      1319.6773681641
787.314758      1288.2564697266
787.633728      1360.0756835938
787.952637      1303.9669189453
788.271484      1200.7268066406
788.590271      1333.1434326172
788.908997      1283.7678222656
789.227783      1261.3242187500
789.546448      1281.5234375000
789.865112      1247.8581542969
790.183655      1238.8807373047
790.502197      1261.3242187500
790.820679      1404.9626464844
791.139099      1288.2564697266
791.457520      1254.5911865234
791.775879      1337.6322021484
792.094116      1250.1025390625
792.412415      1243.3695068359
792.730530      1207.4598388672
793.048767      1319.6773681641
793.366821      1220.9260253906
793.684937      1261.3242187500
794.002869      1286.0120849609
794.320862      1299.4782714844
794.638733      1281.5234375000
794.956665      1308.4555664063
795.274414      1301.7225341797
795.592224      1281.5234375000
795.909912      1333.1434326172
796.227661      1328.6547851563
796.545227      1317.4329833984
796.862854      1321.9217529297
797.180359      1306.2113037109
797.497864      1357.8312988281
797.815308      1261.3242187500
798.132629      1173.7946777344
798.450012      1380.2747802734
798.767273      1434.1391601563
799.084595      1274.7904052734
799.401733      1252.3469238281
799.718933      1337.6322021484
800.036011      1315.1885986328
800.353027      1351.0982666016
800.670044      1236.6364746094
800.987000      1344.3652343750
801.303894      1286.0120849609
801.620850      1259.0799560547
801.937561      1259.0799560547
802.254333      1225.4146728516
802.571106      1330.8990478516
802.887817      1357.8312988281
803.204346      1364.5643310547
803.520935      1245.6137695313
803.837463      1245.6137695313
804.153992      1290.5008544922
804.470337      1400.4738769531
804.786743      1470.0487060547
805.103027      1252.3469238281
805.419434      1351.0982666016
805.735535      1256.8355712891
806.051758      1292.7451171875
806.367920      1324.1660156250
806.684021      1238.8807373047
807.000000      1355.5869140625
807.316040      1333.1434326172
807.632019      1301.7225341797
807.947876      1297.2338867188
808.263672      1362.3199462891
808.579529      1232.1477050781
808.895325      1272.5460205078
809.211060      1299.4782714844
809.526611      1247.8581542969
809.842224      1270.3016357422
810.157837      1312.9443359375
810.473389      1207.4598388672
810.788757      1198.4825439453
811.104187      1445.3609619141
811.419617      1330.8990478516
811.734924      1369.0529785156
812.050171      1279.2790527344
812.365417      1348.8538818359
812.680542      1328.6547851563
812.995728      1252.3469238281
813.310852      1357.8312988281
813.625854      1265.8129882813
813.940796      1281.5234375000
814.255798      1277.0346679688
814.570679      1422.9173583984
814.885498      1299.4782714844
815.200256      1301.7225341797
815.515015      1315.1885986328
815.829651      1326.4104003906
816.144287      1362.3199462891
816.458923      1369.0529785156
816.773438      1259.0799560547
817.087952      1328.6547851563
817.402344      1290.5008544922
817.716797      1301.7225341797
818.031189      1308.4555664063
818.345520      1301.7225341797
818.659668      1268.0573730469
818.973877      1362.3199462891
819.288086      1292.7451171875
819.602173      1315.1885986328
819.916199      1299.4782714844
820.230225      1301.7225341797
820.544189      1261.3242187500
820.858154      1330.8990478516
821.171997      1270.3016357422
821.485779      1308.4555664063
821.799561      1315.1885986328
822.113281      1223.1702880859
822.426880      1321.9217529297
822.740540      1299.4782714844
823.054138      1449.8496093750
823.367676      1337.6322021484
823.681152      1274.7904052734
823.994568      1277.0346679688
824.307922      1301.7225341797
824.621277      1344.3652343750
824.934509      1292.7451171875
825.247742      1290.5008544922
825.560913      1315.1885986328
825.874146      1467.8044433594
826.187134      1303.9669189453
826.500183      1234.3920898438
826.813171      1198.4825439453
827.126160      1299.4782714844
827.439026      1297.2338867188
827.751831      1371.2973632813
828.064636      1328.6547851563
828.377380      1288.2564697266
828.690063      1290.5008544922
829.002686      1286.0120849609
829.315308      1351.0982666016
829.627869      1207.4598388672
829.940308      1193.9937744141
830.252808      1254.5911865234
830.565125      1308.4555664063
830.877563      1218.6816406250
831.189880      1360.0756835938
831.502075      1319.6773681641
831.814270      1279.2790527344
832.126465      1337.6322021484
832.438599      1301.7225341797
832.750549      1216.4372558594
833.062622      1245.6137695313
833.374512      1290.5008544922
833.686462      1330.8990478516
833.998291      1310.6999511719
834.310120      1362.3199462891
834.621887      1312.9443359375
834.933594      1326.4104003906
835.245239      1357.8312988281
835.556885      1306.2113037109
835.868408      1353.3426513672
836.179932      1286.0120849609
836.491333      1263.5686035156
836.802795      1283.7678222656
837.114197      1236.6364746094
837.425537      1378.0303955078
837.736694      1254.5911865234
838.047913      1245.6137695313
838.359131      1252.3469238281
838.670227      1272.5460205078
838.981262      1422.9173583984
839.292358      1216.4372558594
839.603333      1324.1660156250
839.914246      1241.1251220703
840.225037      1265.8129882813
840.535889      1283.7678222656
840.846680      1324.1660156250
841.157410      1277.0346679688
841.468079      1301.7225341797
841.778687      1277.0346679688
842.089233      1319.6773681641
842.399780      1407.2070312500
842.710266      1274.7904052734
843.020691      1281.5234375000
843.331055      1330.8990478516
843.641418      1317.4329833984
843.951721      1299.4782714844
844.261841      1234.3920898438
844.572083      1315.1885986328
844.882202      1274.7904052734
845.192261      1317.4329833984
845.502258      1317.4329833984
845.812256      1326.4104003906
846.122192      1294.9895019531
846.432068      1191.7493896484
846.741882      1339.8764648438
847.051636      1283.7678222656
847.361389      1288.2564697266
847.671143      1277.0346679688
847.980713      1252.3469238281
848.290283      1402.7182617188
848.599792      1283.7678222656
848.909302      1330.8990478516
849.218689      1277.0346679688
849.528076      1241.1251220703
849.837463      1270.3016357422
850.146790      1232.1477050781
850.455933      1223.1702880859
850.765137      1279.2790527344
851.074280      1297.2338867188
851.383362      1277.0346679688
851.692383      1308.4555664063
852.001343      1263.5686035156
852.310303      1326.4104003906
852.619202      1265.8129882813
852.927979      1277.0346679688
853.236816      1252.3469238281
853.545532      1328.6547851563
853.854248      1357.8312988281
854.162842      1337.6322021484
854.471436      1216.4372558594
854.779968      1234.3920898438
855.088440      1261.3242187500
855.396851      1274.7904052734
855.705200      1274.7904052734
856.013611      1310.6999511719
856.321899      1357.8312988281
856.630127      1274.7904052734
856.938293      1303.9669189453
857.246399      1292.7451171875
857.554504      1317.4329833984
857.862549      1243.3695068359
858.170471      1254.5911865234
858.478394      1281.5234375000
858.786316      1250.1025390625
859.094177      1324.1660156250
859.401917      1299.4782714844
859.709656      1279.2790527344
860.017334      1330.8990478516
860.324951      1263.5686035156
860.632507      1310.6999511719
860.940063      1270.3016357422
861.247559      1198.4825439453
861.555054      1220.9260253906
861.862366      1277.0346679688
862.169739      1234.3920898438
862.476990      1315.1885986328
862.784241      1366.8087158203
863.091370      1268.0573730469
863.398499      1315.1885986328
863.705627      1223.1702880859
864.012634      1290.5008544922
864.319519      1306.2113037109
864.626526      1277.0346679688
864.933350      1333.1434326172
865.240234      1227.6590576172
865.546936      1308.4555664063
865.853699      1274.7904052734
866.160400      1310.6999511719
866.466980      1265.8129882813
866.773560      1243.3695068359
867.080078      1326.4104003906
867.386536      1308.4555664063
867.692993      1265.8129882813
867.999329      1321.9217529297
868.305664      1263.5686035156
868.611938      1220.9260253906
868.918152      1247.8581542969
869.224304      1265.8129882813
869.530457      1303.9669189453
869.836487      1277.0346679688
870.142517      1288.2564697266
870.448547      1346.6094970703
870.754395      1342.1208496094
871.060242      1286.0120849609
871.366089      1346.6094970703
871.671814      1303.9669189453
871.977539      1263.5686035156
872.283203      1283.7678222656
872.588806      1306.2113037109
872.894409      1366.8087158203
873.199890      1277.0346679688
873.505371      1312.9443359375
873.810730      1268.0573730469
874.116150      1373.5417480469
874.421387      1243.3695068359
874.726685      1254.5911865234
875.031860      1270.3016357422
875.337097      1333.1434326172
875.642090      1342.1208496094
875.947205      1265.8129882813
876.252197      1263.5686035156
876.557129      1346.6094970703
876.862000      1263.5686035156
877.166870      1214.1929931641
877.471680      1252.3469238281
877.776428      1288.2564697266
878.081116      1229.9034423828
878.385742      1227.6590576172
878.690369      1238.8807373047
878.994873      1317.4329833984
879.299316      1247.8581542969
879.603821      1274.7904052734
879.908203      1355.5869140625
880.212585      1247.8581542969
880.516846      1373.5417480469
880.821106      1277.0346679688
881.125244      1272.5460205078
881.429382      1303.9669189453
881.733459      1272.5460205078
882.037537      1294.9895019531
882.341492      1308.4555664063
882.645447      1182.7720947266
882.949280      1245.6137695313
883.253113      1259.0799560547
883.556885      1308.4555664063
883.860657      1277.0346679688
884.164307      1310.6999511719
884.467896      1393.7408447266
884.771484      1218.6816406250
885.075073      1330.8990478516
885.378540      1317.4329833984
885.681885      1256.8355712891
885.985291      1252.3469238281
886.288635      1366.8087158203
886.591858      1263.5686035156
886.895020      1299.4782714844
887.198242      1306.2113037109
887.501343      1274.7904052734
887.804443      1301.7225341797
888.107422      1312.9443359375
888.410400      1205.2155761719
888.713257      1346.6094970703
889.016174      1294.9895019531
889.318909      1380.2747802734
889.621643      1223.1702880859
889.924377      1286.0120849609
890.227051      1236.6364746094
890.529602      1315.1885986328
890.832153      1250.1025390625
891.134705      1283.7678222656
891.437134      1315.1885986328
891.739441      1382.5191650391
892.041870      1294.9895019531
892.344116      1234.3920898438
892.646362      1306.2113037109
892.948486      1256.8355712891
893.250671      1297.2338867188
893.552734      1308.4555664063
893.854797      1286.0120849609
894.156738      1234.3920898438
894.458618      1229.9034423828
894.760559      1297.2338867188
895.062378      1247.8581542969
895.364136      1297.2338867188
895.665894      1274.7904052734
895.967590      1357.8312988281
896.269165      1369.0529785156
896.570679      1339.8764648438
896.872192      1317.4329833984
897.173706      1303.9669189453
897.475159      1328.6547851563
897.776428      1324.1660156250
898.077759      1369.0529785156
