0.013300
191.033081         0.0000000000
191.409973         0.0000000000
191.786819      1352.5308837891
192.163651      1322.3197021484
192.540451      1338.5872802734
192.917221      1419.9250488281
193.293961      1350.2069091797
193.670670      1357.1787109375
194.047348      1419.9250488281
194.423981      1352.5308837891
194.800613      1338.5872802734
195.177200      1392.0378417969
195.553757      1540.7697753906
195.930283      1405.9814453125
196.306778      1445.4882812500
196.683258      1450.1362304688
197.059677      1415.2770996094
197.436081      1484.9952392578
197.812454      1380.4180908203
198.188812      1443.1644287109
198.565125      1373.4462890625
198.941406      1457.1080322266
199.317673      1394.3616943359
199.693893      1419.9250488281
200.070099      1366.4744873047
200.446259      1366.4744873047
200.822388      1454.7840576172
201.198486      1433.8686523438
201.574570      1371.1223144531
201.950607      1429.2208251953
202.326614      1389.7138671875
202.702606      1417.6010742188
203.078568      1368.7984619141
203.454483      1389.7138671875
203.830383      1354.8548583984
204.206253      1415.2770996094
204.582077      1371.1223144531
204.957870      1385.0660400391
205.333633      1345.5590820313
205.709396      1368.7984619141
206.085098      1371.1223144531
206.460785      1405.9814453125
206.836426      1368.7984619141
207.212051      1354.8548583984
207.587646      1364.1505126953
207.963196      1350.2069091797
208.338730      1373.4462890625
208.714218      1389.7138671875
209.089691      1371.1223144531
209.465134      1289.7845458984
209.840530      1313.0239257813
210.215897      1354.8548583984
210.591263      1378.0942382813
210.966583      1343.2351074219
211.341858      1317.6718750000
211.717102      1359.5026855469
212.092331      1392.0378417969
212.467529      1392.0378417969
212.842697      1345.5590820313
213.217819      1389.7138671875
213.592926      1378.0942382813
213.968002      1364.1505126953
214.343018      1382.7420654297
214.718033      1371.1223144531
215.093018      1338.5872802734
215.467972      1447.8122558594
215.842880      1424.5728759766
216.217773      1385.0660400391
216.592636      1357.1787109375
216.967453      1394.3616943359
217.342255      1368.7984619141
217.717026      1412.9532470703
218.091766      1364.1505126953
218.466446      1361.8266601563
218.841125      1371.1223144531
219.215759      1385.0660400391
219.590378      1280.4888916016
219.964966      1382.7420654297
220.339508      1410.6292724609
220.714020      1313.0239257813
221.088516      1313.0239257813
221.462967      1387.3898925781
221.837402      1378.0942382813
222.211792      1368.7984619141
222.586166      1368.7984619141
222.960510      1399.0096435547
223.334793      1429.2208251953
223.709061      1396.6856689453
224.083313      1401.3334960938
224.457520      1396.6856689453
224.831696      1484.9952392578
225.205856      1364.1505126953
225.579987      1343.2351074219
225.954056      1378.0942382813
226.328110      1343.2351074219
226.702148      1412.9532470703
227.076126      1410.6292724609
227.450104      1373.4462890625
227.824036      1333.9394531250
228.197937      1417.6010742188
228.571823      1378.0942382813
228.945648      1343.2351074219
229.319473      1296.7564697266
229.693237      1354.8548583984
230.066986      1389.7138671875
230.440704      1364.1505126953
230.814392      1401.3334960938
231.188034      1478.0234375000
231.561661      1364.1505126953
231.935257      1436.1926269531
232.308823      1371.1223144531
232.682343      1313.0239257813
233.055847      1433.8686523438
233.429321      1410.6292724609
233.802750      1306.0521240234
234.176147      1333.9394531250
234.549530      1375.7702636719
234.922882      1440.8404541016
235.296188      1380.4180908203
235.669464      1331.6154785156
236.042725      1408.3052978516
236.415924      1401.3334960938
236.789139      1331.6154785156
237.162292      1438.5164794922
237.535416      1417.6010742188
237.908508      1454.7840576172
238.281570      1338.5872802734
238.654617      1392.0378417969
239.027618      1426.8968505859
239.400574      1394.3616943359
239.773514      1361.8266601563
240.146423      1350.2069091797
240.519302      1352.5308837891
240.892136      1336.2633056641
241.264969      1396.6856689453
241.637726      1343.2351074219
242.010498      1392.0378417969
242.383209      1412.9532470703
242.755905      1347.8830566406
243.128555      1345.5590820313
243.501190      1415.2770996094
243.873779      1405.9814453125
244.246353      1466.4038085938
244.618866      1410.6292724609
244.991379      1401.3334960938
245.363861      1394.3616943359
245.736282      1417.6010742188
246.108688      1468.7276611328
246.481079      1319.9957275391
246.853409      1415.2770996094
247.225723      1403.6574707031
247.598007      1331.6154785156
247.970261      1415.2770996094
248.342468      1389.7138671875
248.714645      1419.9250488281
249.086823      1357.1787109375
249.458954      1429.2208251953
249.831024      1375.7702636719
250.203094      1329.2915039063
250.575134      1340.9112548828
250.947113      1350.2069091797
251.319092      1324.6436767578
251.691025      1336.2633056641
252.062912      1350.2069091797
252.434784      1401.3334960938
252.806641      1371.1223144531
253.178452      1394.3616943359
253.550232      1431.5446777344
253.921967      1401.3334960938
254.293686      1394.3616943359
254.665359      1378.0942382813
255.037003      1333.9394531250
255.408630      1392.0378417969
255.780228      1366.4744873047
256.151764      1338.5872802734
256.523285      1333.9394531250
256.894806      1326.9675292969
257.266235      1399.0096435547
257.637695      1415.2770996094
258.009064      1387.3898925781
258.380432      1329.2915039063
258.751770      1343.2351074219
259.123077      1343.2351074219
259.494385      1340.9112548828
259.865601      1396.6856689453
260.236816      1357.1787109375
260.607941      1357.1787109375
260.979126      1315.3479003906
261.350220      1336.2633056641
261.721344      1371.1223144531
262.092346      1301.4042968750
262.463379      1401.3334960938
262.834351      1408.3052978516
263.205292      1357.1787109375
263.576233      1326.9675292969
263.947144      1396.6856689453
264.317993      1401.3334960938
264.688812      1394.3616943359
265.059631      1429.2208251953
265.430359      1336.2633056641
265.801117      1366.4744873047
266.171783      1385.0660400391
266.542450      1299.0803222656
266.913086      1371.1223144531
267.283691      1299.0803222656
267.654266      1343.2351074219
268.024811      1359.5026855469
268.395325      1401.3334960938
268.765778      1438.5164794922
269.136230      1438.5164794922
269.506653      1419.9250488281
269.877045      1399.0096435547
270.247375      1378.0942382813
270.617676      1352.5308837891
270.987946      1354.8548583984
271.358246      1343.2351074219
271.728424      1366.4744873047
272.098633      1340.9112548828
272.468781      1338.5872802734
272.838867      1396.6856689453
273.209015      1403.6574707031
273.579041      1429.2208251953
273.949066      1385.0660400391
274.319061      1405.9814453125
274.689056      1394.3616943359
275.058960      1354.8548583984
275.428864      1345.5590820313
275.798737      1315.3479003906
276.168579      1345.5590820313
276.538361      1412.9532470703
276.908142      1382.7420654297
277.277832      1431.5446777344
277.647583      1392.0378417969
278.017242      1385.0660400391
278.386902      1387.3898925781
278.756500      1371.1223144531
279.126038      1387.3898925781
279.495636      1361.8266601563
279.865143      1336.2633056641
280.234619      1359.5026855469
280.604065      1419.9250488281
280.973450      1357.1787109375
281.342834      1359.5026855469
281.712189      1445.4882812500
282.081512      1378.0942382813
282.450836      1345.5590820313
282.820038      1410.6292724609
283.189270      1387.3898925781
283.558502      1368.7984619141
283.927612      1385.0660400391
284.296722      1396.6856689453
284.665863      1373.4462890625
285.034912      1389.7138671875
285.403931      1378.0942382813
285.772919      1408.3052978516
286.141876      1352.5308837891
286.510834      1433.8686523438
286.879730      1422.2490234375
287.248596      1410.6292724609
287.617401      1366.4744873047
287.986206      1354.8548583984
288.354950      1378.0942382813
288.723724      1324.6436767578
289.092407      1408.3052978516
289.461060      1410.6292724609
289.829742      1354.8548583984
290.198334      1392.0378417969
290.566925      1373.4462890625
290.935455      1436.1926269531
291.303925      1436.1926269531
291.672394      1308.3760986328
292.040894      1396.6856689453
292.409271      1396.6856689453
292.777679      1366.4744873047
293.145996      1354.8548583984
293.514313      1354.8548583984
293.882599      1317.6718750000
294.250824      1340.9112548828
294.619049      1412.9532470703
294.987244      1373.4462890625
295.355377      1389.7138671875
295.723480      1392.0378417969
296.091614      1389.7138671875
296.459625      1399.0096435547
296.827667      1336.2633056641
297.195648      1357.1787109375
297.563599      1317.6718750000
297.931488      1366.4744873047
298.299408      1366.4744873047
298.667267      1368.7984619141
299.035095      1324.6436767578
299.402893      1331.6154785156
299.770599      1331.6154785156
300.138367      1324.6436767578
300.506042      1359.5026855469
300.873718      1447.8122558594
301.241333      1392.0378417969
301.608917      1408.3052978516
301.976471      1350.2069091797
302.344025      1412.9532470703
302.711487      1412.9532470703
303.078979      1357.1787109375
303.446411      1410.6292724609
303.813782      1380.4180908203
304.181183      1461.7558593750
304.548492      1329.2915039063
304.915771      1366.4744873047
305.283051      1394.3616943359
305.650299      1412.9532470703
306.017456      1378.0942382813
306.384644      1387.3898925781
306.751770      1401.3334960938
307.118896      1371.1223144531
307.485962      1394.3616943359
307.852966      1364.1505126953
308.219971      1333.9394531250
308.586945      1340.9112548828
308.953888      1394.3616943359
309.320801      1354.8548583984
309.687653      1389.7138671875
310.054504      1345.5590820313
310.421326      1382.7420654297
310.788086      1338.5872802734
311.154846      1387.3898925781
311.521515      1405.9814453125
311.888184      1417.6010742188
312.254822      1350.2069091797
312.621429      1415.2770996094
312.988007      1331.6154785156
313.354553      1375.7702636719
313.721039      1459.4320068359
314.087494      1443.1644287109
314.453949      1354.8548583984
314.820343      1445.4882812500
315.186737      1375.7702636719
315.553101      1368.7984619141
315.919373      1364.1505126953
316.285645      1401.3334960938
316.651886      1347.8830566406
317.018066      1359.5026855469
317.384308      1343.2351074219
317.750427      1310.7000732422
318.116516      1412.9532470703
318.482574      1375.7702636719
318.848633      1415.2770996094
319.214661      1392.0378417969
319.580627      1424.5728759766
319.946564      1426.8968505859
320.312439      1299.0803222656
320.678314      1331.6154785156
321.044159      1322.3197021484
321.410004      1308.3760986328
321.775757      1329.2915039063
322.141510      1354.8548583984
322.507202      1347.8830566406
322.872894      1336.2633056641
323.238525      1396.6856689453
323.604156      1452.4600830078
323.969696      1440.8404541016
324.335266      1415.2770996094
324.700745      1447.8122558594
325.066223      1403.6574707031
325.431702      1429.2208251953
325.797089      1466.4038085938
326.162445      1357.1787109375
326.527802      1412.9532470703
326.893097      1405.9814453125
327.258362      1375.7702636719
327.623657      1361.8266601563
327.988861      1408.3052978516
328.353973      1354.8548583984
328.719116      1350.2069091797
329.084259      1326.9675292969
329.449341      1375.7702636719
329.814392      1326.9675292969
330.179352      1410.6292724609
330.544312      1468.7276611328
330.909241      1408.3052978516
331.274170      1361.8266601563
331.639069      1422.2490234375
332.003906      1457.1080322266
332.368713      1399.0096435547
332.733459      1385.0660400391
333.098206      1380.4180908203
333.462921      1289.7845458984
333.827606      1424.5728759766
334.192230      1403.6574707031
334.556824      1382.7420654297
334.921356      1419.9250488281
335.285919      1347.8830566406
335.650452      1387.3898925781
336.014893      1361.8266601563
336.379333      1387.3898925781
336.743744      1361.8266601563
337.108124      1392.0378417969
337.472443      1364.1505126953
337.836731      1336.2633056641
338.201019      1422.2490234375
338.565247      1440.8404541016
338.929413      1352.5308837891
339.293579      1408.3052978516
339.657776      1387.3898925781
340.021851      1412.9532470703
340.385895      1357.1787109375
340.749908      1306.0521240234
341.113922      1352.5308837891
341.477875      1373.4462890625
341.841827      1338.5872802734
342.205688      1336.2633056641
342.569580      1352.5308837891
342.933380      1459.4320068359
343.297211      1382.7420654297
343.660950      1359.5026855469
344.024658      1345.5590820313
344.388367      1389.7138671875
344.752014      1385.0660400391
345.115601      1401.3334960938
345.479218      1359.5026855469
345.842804      1394.3616943359
346.206299      1450.1362304688
346.569763      1361.8266601563
346.933228      1333.9394531250
347.296661      1399.0096435547
347.660034      1354.8548583984
348.023407      1340.9112548828
348.386719      1389.7138671875
348.750000      1385.0660400391
349.113220      1394.3616943359
349.476471      1419.9250488281
349.839661      1405.9814453125
350.202820      1329.2915039063
350.565887      1338.5872802734
350.928955      1308.3760986328
351.292023      1345.5590820313
351.655029      1385.0660400391
352.018036      1387.3898925781
352.380981      1375.7702636719
352.743866      1375.7702636719
353.106720      1405.9814453125
353.469574      1371.1223144531
353.832397      1433.8686523438
354.195160      1396.6856689453
354.557892      1424.5728759766
354.920593      1426.8968505859
355.283234      1380.4180908203
355.645905      1368.7984619141
356.008514      1424.5728759766
356.371094      1296.7564697266
356.733612      1466.4038085938
357.096100      1378.0942382813
357.458588      1375.7702636719
357.820984      1399.0096435547
358.183411      1336.2633056641
358.545746      1443.1644287109
358.908081      1350.2069091797
359.270355      1333.9394531250
359.632629      1326.9675292969
359.994873      1315.3479003906
360.357056      1378.0942382813
360.719208      1405.9814453125
361.081329      1292.1085205078
361.443420      1366.4744873047
361.805481      1324.6436767578
362.167511      1387.3898925781
362.529480      1350.2069091797
362.891418      1429.2208251953
363.253326      1364.1505126953
363.615234      1368.7984619141
363.977081      1405.9814453125
364.338867      1340.9112548828
364.700653      1322.3197021484
365.062378      1382.7420654297
365.424103      1405.9814453125
365.785767      1443.1644287109
366.147430      1366.4744873047
366.509033      1422.2490234375
366.870605      1399.0096435547
367.232117      1387.3898925781
367.593628      1385.0660400391
367.955109      1385.0660400391
368.316559      1336.2633056641
368.677917      1326.9675292969
369.039307      1366.4744873047
369.400635      1313.0239257813
369.761902      1359.5026855469
370.123199      1357.1787109375
370.484436      1343.2351074219
370.845581      1350.2069091797
371.206726      1350.2069091797
371.567871      1394.3616943359
371.928955      1368.7984619141
372.290039      1394.3616943359
372.651062      1331.6154785156
373.011993      1317.6718750000
373.372955      1338.5872802734
373.733887      1343.2351074219
374.094788      1366.4744873047
374.455627      1306.0521240234
374.816406      1382.7420654297
375.177185      1347.8830566406
375.537903      1340.9112548828
375.898651      1345.5590820313
376.259338      1329.2915039063
376.619965      1389.7138671875
376.980530      1352.5308837891
377.341095      1417.6010742188
377.701660      1426.8968505859
378.062134      1338.5872802734
378.422607      1366.4744873047
378.783020      1412.9532470703
379.143402      1438.5164794922
379.503784      1347.8830566406
379.864105      1364.1505126953
380.224396      1436.1926269531
380.584656      1296.7564697266
380.944855      1354.8548583984
381.305054      1415.2770996094
381.665192      1382.7420654297
382.025299      1380.4180908203
382.385406      1405.9814453125
382.745453      1382.7420654297
383.105438      1375.7702636719
383.465424      1364.1505126953
383.825348      1419.9250488281
384.185272      1436.1926269531
384.545135      1431.5446777344
384.904968      1387.3898925781
385.264771      1368.7984619141
385.624512      1368.7984619141
385.984253      1408.3052978516
386.343964      1368.7984619141
386.703613      1340.9112548828
387.063232      1422.2490234375
387.422821      1459.4320068359
387.782379      1364.1505126953
388.141907      1408.3052978516
388.501404      1410.6292724609
388.860840      1378.0942382813
389.220215      1454.7840576172
389.579620      1361.8266601563
389.938995      1419.9250488281
390.298279      1378.0942382813
390.657562      1359.5026855469
391.016785      1405.9814453125
391.376007      1357.1787109375
391.735168      1331.6154785156
392.094299      1368.7984619141
392.453430      1401.3334960938
392.812469      1347.8830566406
393.171478      1389.7138671875
393.530457      1313.0239257813
393.889435      1343.2351074219
394.248383      1331.6154785156
394.607269      1306.0521240234
394.966125      1340.9112548828
395.324921      1296.7564697266
395.683655      1401.3334960938
396.042419      1385.0660400391
396.401154      1394.3616943359
396.759827      1345.5590820313
397.118469      1338.5872802734
397.477051      1359.5026855469
397.835632      1368.7984619141
398.194153      1368.7984619141
398.552673      1482.6712646484
398.911163      1415.2770996094
399.269592      1380.4180908203
399.627960      1313.0239257813
399.986328      1385.0660400391
400.344666      1364.1505126953
400.702942      1313.0239257813
401.061188      1368.7984619141
401.419403      1331.6154785156
401.777588      1392.0378417969
402.135712      1392.0378417969
402.493835      1368.7984619141
402.851929      1331.6154785156
403.209961      1361.8266601563
403.567932      1361.8266601563
403.925903      1368.7984619141
404.283905      1422.2490234375
404.641754      1371.1223144531
404.999634      1382.7420654297
405.357452      1361.8266601563
405.715210      1399.0096435547
406.072998      1424.5728759766
406.430725      1343.2351074219
406.788422      1319.9957275391
407.146027      1359.5026855469
407.503662      1459.4320068359
407.861237      1366.4744873047
408.218781      1333.9394531250
408.576294      1329.2915039063
408.933777      1296.7564697266
409.291168      1498.9388427734
409.648590      1371.1223144531
410.005951      1452.4600830078
410.363312      1350.2069091797
410.720612      1392.0378417969
411.077820      1354.8548583984
411.435059      1364.1505126953
411.792267      1373.4462890625
412.149384      1324.6436767578
412.506531      1429.2208251953
412.863586      1359.5026855469
413.220642      1338.5872802734
413.577606      1340.9112548828
413.934601      1340.9112548828
414.291565      1306.0521240234
414.648468      1359.5026855469
415.005310      1368.7984619141
415.362122      1394.3616943359
415.718903      1405.9814453125
416.075684      1401.3334960938
416.432434      1405.9814453125
416.789093      1394.3616943359
417.145752      1412.9532470703
417.502350      1389.7138671875
417.858948      1408.3052978516
418.215485      1373.4462890625
418.571991      1326.9675292969
418.928467      1396.6856689453
419.284882      1366.4744873047
419.641266      1340.9112548828
419.997650      1378.0942382813
420.354004      1399.0096435547
420.710266      1352.5308837891
421.066528      1326.9675292969
421.422760      1264.2213134766
421.778931      1401.3334960938
422.135071      1382.7420654297
422.491211      1433.8686523438
422.847260      1354.8548583984
423.203308      1347.8830566406
423.559296      1387.3898925781
423.915283      1438.5164794922
424.271210      1385.0660400391
424.627136      1419.9250488281
424.982971      1324.6436767578
425.338776      1415.2770996094
425.694611      1403.6574707031
426.050323      1336.2633056641
426.406036      1380.4180908203
426.761749      1352.5308837891
427.117371      1387.3898925781
427.472961      1410.6292724609
427.828552      1417.6010742188
428.184113      1338.5872802734
428.539581      1368.7984619141
428.895050      1357.1787109375
429.250458      1410.6292724609
429.605865      1354.8548583984
429.961212      1408.3052978516
430.316559      1405.9814453125
430.671814      1380.4180908203
431.027069      1352.5308837891
431.382263      1378.0942382813
431.737457      1394.3616943359
432.092590      1373.4462890625
432.447723      1405.9814453125
432.802734      1408.3052978516
433.157776      1333.9394531250
433.512756      1289.7845458984
433.867706      1403.6574707031
434.222656      1350.2069091797
434.577545      1347.8830566406
434.932373      1403.6574707031
435.287201      1422.2490234375
435.641968      1408.3052978516
435.996704      1392.0378417969
436.351410      1454.7840576172
436.706085      1387.3898925781
437.060699      1408.3052978516
437.415283      1396.6856689453
437.769867      1357.1787109375
438.124420      1412.9532470703
438.478882      1350.2069091797
438.833313      1340.9112548828
439.187714      1405.9814453125
439.542084      1431.5446777344
439.896454      1401.3334960938
440.250732      1373.4462890625
440.605011      1368.7984619141
440.959229      1357.1787109375
441.313416      1329.2915039063
441.667572      1410.6292724609
442.021698      1310.7000732422
442.375793      1361.8266601563
442.729858      1417.6010742188
443.083832      1408.3052978516
443.437836      1394.3616943359
443.791748      1426.8968505859
444.145630      1459.4320068359
444.499542      1336.2633056641
444.853363      1368.7984619141
445.207123      1357.1787109375
445.560883      1387.3898925781
445.914612      1396.6856689453
446.268280      1387.3898925781
446.621918      1338.5872802734
446.975555      1375.7702636719
447.329132      1336.2633056641
447.682678      1387.3898925781
448.036133      1457.1080322266
448.389618      1405.9814453125
448.743042      1394.3616943359
449.096405      1389.7138671875
449.449799      1392.0378417969
449.803101      1352.5308837891
450.156372      1436.1926269531
450.509613      1371.1223144531
450.862823      1322.3197021484
451.216003      1419.9250488281
451.569122      1410.6292724609
451.922211      1343.2351074219
452.275269      1329.2915039063
452.628296      1426.8968505859
452.981293      1408.3052978516
453.334229      1338.5872802734
453.687134      1319.9957275391
454.040009      1350.2069091797
454.392853      1345.5590820313
454.745636      1331.6154785156
455.098419      1361.8266601563
455.451172      1359.5026855469
455.803864      1366.4744873047
456.156464      1401.3334960938
456.509125      1368.7984619141
456.861694      1396.6856689453
457.214264      1359.5026855469
457.566742      1380.4180908203
457.919220      1292.1085205078
458.271667      1396.6856689453
458.624023      1315.3479003906
458.976379      1343.2351074219
459.328705      1387.3898925781
459.681000      1443.1644287109
460.033234      1399.0096435547
460.385468      1426.8968505859
460.737610      1431.5446777344
461.089752      1306.0521240234
461.441864      1394.3616943359
461.793945      1361.8266601563
462.145996      1415.2770996094
462.497955      1385.0660400391
462.849884      1354.8548583984
463.201813      1415.2770996094
463.553680      1496.6148681641
463.905518      1371.1223144531
464.257355      1315.3479003906
464.609100      1459.4320068359
464.960815      1333.9394531250
465.312531      1410.6292724609
465.664185      1433.8686523438
466.015778      1412.9532470703
466.367371      1389.7138671875
466.718903      1405.9814453125
467.070435      1324.6436767578
467.421906      1380.4180908203
467.773346      1408.3052978516
468.124725      1338.5872802734
468.476074      1443.1644287109
468.827393      1324.6436767578
469.178680      1371.1223144531
469.529938      1368.7984619141
469.881134      1392.0378417969
470.232330      1378.0942382813
470.583435      1336.2633056641
470.934540      1380.4180908203
471.285614      1319.9957275391
471.636627      1308.3760986328
471.987610      1431.5446777344
472.338562      1394.3616943359
472.689453      1403.6574707031
473.040375      1378.0942382813
473.391205      1366.4744873047
473.741974      1394.3616943359
474.092773      1394.3616943359
474.443481      1403.6574707031
474.794159      1368.7984619141
475.144806      1399.0096435547
475.495422      1401.3334960938
475.846039      1424.5728759766
476.196533      1359.5026855469
476.547028      1436.1926269531
476.897522      1392.0378417969
477.247925      1382.7420654297
477.598328      1319.9957275391
477.948700      1333.9394531250
478.299011      1424.5728759766
478.649231      1447.8122558594
478.999481      1447.8122558594
479.349701      1403.6574707031
479.699829      1389.7138671875
480.049988      1429.2208251953
480.400055      1357.1787109375
480.750153      1299.0803222656
481.100128      1417.6010742188
481.450104      1426.8968505859
481.800049      1447.8122558594
482.149963      1364.1505126953
482.499786      1345.5590820313
482.849670      1436.1926269531
483.199432      1364.1505126953
483.549194      1419.9250488281
483.898926      1387.3898925781
484.248566      1399.0096435547
484.598206      1368.7984619141
484.947815      1350.2069091797
485.297394      1431.5446777344
485.646912      1461.7558593750
485.996399      1415.2770996094
486.345825      1347.8830566406
486.695282      1385.0660400391
487.044617      1364.1505126953
487.393951      1405.9814453125
487.743286      1410.6292724609
488.092529      1375.7702636719
488.441711      1433.8686523438
488.790955      1394.3616943359
489.140076      1338.5872802734
489.489197      1389.7138671875
489.838257      1429.2208251953
490.187286      1405.9814453125
490.536316      1380.4180908203
490.885254      1389.7138671875
491.234161      1371.1223144531
491.583069      1429.2208251953
491.931915      1347.8830566406
492.280731      1405.9814453125
492.629486      1336.2633056641
492.978210      1426.8968505859
493.326874      1478.0234375000
493.675568      1401.3334960938
494.024200      1394.3616943359
494.372742      1338.5872802734
494.721313      1371.1223144531
495.069824      1359.5026855469
495.418274      1403.6574707031
495.766724      1403.6574707031
496.115112      1354.8548583984
496.463470      1333.9394531250
496.811768      1326.9675292969
497.160034      1352.5308837891
497.508301      1461.7558593750
497.856506      1373.4462890625
498.204651      1350.2069091797
498.552765      1417.6010742188
498.900848      1436.1926269531
499.248901      1338.5872802734
499.596924      1326.9675292969
499.944885      1412.9532470703
500.292816      1389.7138671875
500.640778      1394.3616943359
500.988556      1373.4462890625
501.336426      1422.2490234375
501.684204      1357.1787109375
502.031952      1438.5164794922
502.379700      1394.3616943359
502.727295      1394.3616943359
503.074982      1375.7702636719
503.422546      1364.1505126953
503.770081      1392.0378417969
504.117615      1410.6292724609
504.465088      1364.1505126953
504.812561      1387.3898925781
505.159943      1405.9814453125
505.507294      1394.3616943359
505.854645      1345.5590820313
506.201904      1380.4180908203
506.549194      1433.8686523438
506.896332      1333.9394531250
507.243591      1399.0096435547
507.590698      1424.5728759766
507.937775      1396.6856689453
508.284912      1338.5872802734
508.631836      1389.7138671875
508.978851      1389.7138671875
509.325806      1373.4462890625
509.672699      1422.2490234375
510.019592      1394.3616943359
510.366364      1368.7984619141
510.713196      1405.9814453125
511.059937      1292.1085205078
511.406677      1378.0942382813
511.753326      1410.6292724609
512.099976      1357.1787109375
512.446594      1352.5308837891
512.793091      1352.5308837891
513.139648      1319.9957275391
513.486145      1385.0660400391
513.832520      1389.7138671875
514.179016      1315.3479003906
514.525269      1357.1787109375
514.871704      1308.3760986328
515.217957      1440.8404541016
515.564209      1396.6856689453
515.910522      1405.9814453125
516.256531      1333.9394531250
516.602783      1322.3197021484
516.948853      1371.1223144531
517.294922      1450.1362304688
517.640930      1378.0942382813
517.986877      1422.2490234375
518.332886      1347.8830566406
518.678711      1371.1223144531
519.024658      1454.7840576172
519.370422      1373.4462890625
519.716248      1385.0660400391
520.062073      1426.8968505859
520.407715      1396.6856689453
520.753418      1417.6010742188
521.099060      1426.8968505859
521.444580      1382.7420654297
521.790222      1429.2208251953
522.135681      1338.5872802734
522.481201      1329.2915039063
522.826660      1419.9250488281
523.172058      1417.6010742188
523.517395      1433.8686523438
523.862671      1371.1223144531
524.208069      1359.5026855469
524.553284      1303.7282714844
524.898438      1452.4600830078
525.243591      1401.3334960938
525.588745      1399.0096435547
525.933899      1396.6856689453
526.278931      1399.0096435547
526.623962      1306.0521240234
526.968872      1373.4462890625
527.313904      1415.2770996094
527.658813      1382.7420654297
528.003601      1394.3616943359
528.348450      1368.7984619141
528.693237      1471.0516357422
529.037964      1331.6154785156
529.382751      1364.1505126953
529.727356      1417.6010742188
530.072021      1399.0096435547
530.416626      1436.1926269531
530.761169      1410.6292724609
531.105652      1371.1223144531
531.450134      1394.3616943359
531.794617      1331.6154785156
532.138916      1359.5026855469
532.483337      1336.2633056641
532.827637      1422.2490234375
533.171936      1380.4180908203
533.516174      1385.0660400391
533.860352      1310.7000732422
534.204529      1373.4462890625
534.548645      1350.2069091797
534.892700      1366.4744873047
535.236816      1364.1505126953
535.580750      1368.7984619141
535.924744      1378.0942382813
536.268738      1350.2069091797
536.612549      1347.8830566406
536.956421      1340.9112548828
537.300232      1385.0660400391
537.644043      1487.3192138672
537.987671      1408.3052978516
538.331421      1382.7420654297
538.675049      1399.0096435547
539.018677      1392.0378417969
539.362305      1392.0378417969
539.705750      1343.2351074219
540.049316      1375.7702636719
540.392822      1354.8548583984
540.736145      1438.5164794922
541.079590      1368.7984619141
541.422913      1354.8548583984
541.766235      1459.4320068359
542.109436      1392.0378417969
542.452698      1392.0378417969
542.795898      1405.9814453125
543.138977      1405.9814453125
543.482178      1375.7702636719
543.825195      1364.1505126953
544.168213      1403.6574707031
544.511230      1350.2069091797
544.854187      1308.3760986328
545.197083      1375.7702636719
545.539917      1329.2915039063
545.882813      1275.8409423828
546.225586      1454.7840576172
546.568359      1438.5164794922
546.911133      1387.3898925781
547.253662      1394.3616943359
547.596436      1359.5026855469
547.938965      1382.7420654297
548.281494      1366.4744873047
548.624084      1424.5728759766
548.966492      1419.9250488281
549.308960      1375.7702636719
549.651367      1340.9112548828
549.993713      1361.8266601563
550.336060      1350.2069091797
550.678345      1452.4600830078
551.020630      1329.2915039063
551.362732      1329.2915039063
551.704956      1426.8968505859
552.047058      1389.7138671875
552.389160      1389.7138671875
552.731262      1373.4462890625
553.073181      1373.4462890625
553.415161      1375.7702636719
553.757080      1436.1926269531
554.098999      1324.6436767578
554.440857      1313.0239257813
554.782593      1371.1223144531
555.124390      1385.0660400391
555.466125      1347.8830566406
555.807800      1417.6010742188
556.149414      1417.6010742188
556.491089      1419.9250488281
556.832642      1403.6574707031
557.174133      1408.3052978516
557.515686      1385.0660400391
557.857117      1419.9250488281
558.198486      1389.7138671875
558.539917      1340.9112548828
558.881165      1408.3052978516
559.222534      1352.5308837891
559.563782      1345.5590820313
559.904968      1382.7420654297
560.246216      1401.3334960938
560.587280      1373.4462890625
560.928406      1350.2069091797
561.269470      1331.6154785156
561.610474      1350.2069091797
561.951477      1375.7702636719
562.292297      1373.4462890625
562.633301      1417.6010742188
562.974121      1357.1787109375
563.315002      1405.9814453125
563.655762      1440.8404541016
563.996460      1394.3616943359
564.337158      1387.3898925781
564.677795      1431.5446777344
565.018433      1405.9814453125
565.359009      1436.1926269531
565.699524      1326.9675292969
566.040100      1422.2490234375
566.380493      1387.3898925781
566.720947      1385.0660400391
567.061340      1410.6292724609
567.401611      1357.1787109375
567.742004      1385.0660400391
568.082153      1447.8122558594
568.422424      1382.7420654297
568.762634      1382.7420654297
569.102722      1343.2351074219
569.442810      1354.8548583984
569.782898      1378.0942382813
570.122986      1371.1223144531
570.462830      1399.0096435547
570.802856      1368.7984619141
571.142761      1343.2351074219
571.482605      1408.3052978516
571.822449      1394.3616943359
572.162170      1392.0378417969
572.501953      1338.5872802734
572.841675      1378.0942382813
573.181274      1322.3197021484
573.520996      1338.5872802734
573.860474      1350.2069091797
574.200073      1364.1505126953
574.539551      1354.8548583984
574.878967      1401.3334960938
575.218384      1350.2069091797
575.557739      1359.5026855469
575.897156      1403.6574707031
576.236450      1419.9250488281
576.575684      1408.3052978516
576.914856      1426.8968505859
577.254089      1445.4882812500
577.593262      1419.9250488281
577.932251      1354.8548583984
578.271362      1357.1787109375
578.610352      1371.1223144531
578.949341      1382.7420654297
579.288330      1387.3898925781
579.627197      1415.2770996094
579.966064      1440.8404541016
580.304871      1359.5026855469
580.643677      1359.5026855469
580.982483      1354.8548583984
581.321045      1422.2490234375
581.659790      1347.8830566406
581.998413      1429.2208251953
582.336914      1380.4180908203
582.675476      1389.7138671875
583.013916      1385.0660400391
583.352478      1338.5872802734
583.690796      1338.5872802734
584.029175      1352.5308837891
584.367493      1313.0239257813
584.705811      1366.4744873047
585.044128      1371.1223144531
585.382202      1392.0378417969
585.720459      1322.3197021484
586.058594      1424.5728759766
586.396667      1380.4180908203
586.734802      1399.0096435547
587.072693      1415.2770996094
587.410767      1357.1787109375
587.748657      1329.2915039063
588.086487      1405.9814453125
588.424316      1394.3616943359
588.762146      1431.5446777344
589.099976      1419.9250488281
589.437622      1412.9532470703
589.775391      1350.2069091797
590.113037      1366.4744873047
590.450623      1364.1505126953
590.788208      1340.9112548828
591.125671      1336.2633056641
591.463196      1347.8830566406
591.800659      1375.7702636719
592.138062      1385.0660400391
592.475464      1338.5872802734
592.812683      1336.2633056641
593.150024      1375.7702636719
593.487244      1385.0660400391
593.824402      1415.2770996094
594.161621      1394.3616943359
594.498657      1424.5728759766
594.835815      1426.8968505859
595.172852      1424.5728759766
595.509827      1417.6010742188
595.846741      1403.6574707031
596.183655      1382.7420654297
596.520630      1371.1223144531
596.857422      1429.2208251953
597.194214      1340.9112548828
597.530945      1347.8830566406
597.867615      1352.5308837891
598.204346      1394.3616943359
598.540955      1385.0660400391
598.877563      1368.7984619141
599.214111      1308.3760986328
599.550598      1445.4882812500
599.887085      1357.1787109375
600.223450      1387.3898925781
600.559937      1426.8968505859
600.896240      1352.5308837891
601.232544      1368.7984619141
601.568787      1313.0239257813
601.905029      1359.5026855469
602.241272      1378.0942382813
602.577271      1454.7840576172
602.913452      1389.7138671875
603.249512      1405.9814453125
603.585510      1313.0239257813
603.921509      1387.3898925781
604.257385      1401.3334960938
604.593323      1419.9250488281
604.929199      1357.1787109375
605.264954      1340.9112548828
605.600830      1343.2351074219
605.936462      1359.5026855469
606.272217      1357.1787109375
606.607849      1415.2770996094
606.943420      1380.4180908203
607.278992      1415.2770996094
607.614502      1361.8266601563
607.950012      1336.2633056641
608.285461      1440.8404541016
608.620850      1340.9112548828
608.956177      1352.5308837891
609.291504      1380.4180908203
609.626831      1296.7564697266
609.962036      1373.4462890625
610.297302      1371.1223144531
610.632446      1394.3616943359
610.967529      1310.7000732422
611.302673      1405.9814453125
611.637634      1401.3334960938
611.972656      1382.7420654297
612.307617      1359.5026855469
612.642517      1389.7138671875
612.977356      1394.3616943359
613.312195      1385.0660400391
613.646973      1401.3334960938
613.981750      1461.7558593750
614.316406      1394.3616943359
614.651062      1410.6292724609
614.985657      1352.5308837891
615.320313      1399.0096435547
615.654846      1415.2770996094
615.989319      1392.0378417969
616.323792      1352.5308837891
616.658203      1419.9250488281
616.992615      1431.5446777344
617.326904      1429.2208251953
617.661194      1385.0660400391
617.995483      1285.1367187500
618.329712      1415.2770996094
618.663940      1419.9250488281
618.997925      1322.3197021484
619.332092      1371.1223144531
619.666077      1359.5026855469
620.000061      1361.8266601563
620.334045      1392.0378417969
620.667969      1364.1505126953
621.001892      1424.5728759766
621.335632      1343.2351074219
621.669495      1405.9814453125
622.003296      1436.1926269531
622.336914      1357.1787109375
622.670654      1380.4180908203
623.004272      1410.6292724609
623.337891      1396.6856689453
623.671387      1375.7702636719
624.004883      1368.7984619141
624.338440      1366.4744873047
624.671753      1331.6154785156
625.005249      1359.5026855469
625.338562      1424.5728759766
625.671814      1401.3334960938
626.005066      1354.8548583984
626.338257      1373.4462890625
626.671509      1310.7000732422
627.004578      1350.2069091797
627.337708      1364.1505126953
627.670776      1354.8548583984
628.003723      1408.3052978516
628.336731      1478.0234375000
628.669556      1371.1223144531
629.002502      1354.8548583984
629.335327      1352.5308837891
629.668152      1405.9814453125
630.000916      1380.4180908203
630.333618      1440.8404541016
630.666321      1464.0798339844
630.998962      1361.8266601563
631.331482      1382.7420654297
631.664063      1422.2490234375
631.996521      1340.9112548828
632.329102      1364.1505126953
632.661499      1415.2770996094
632.993835      1403.6574707031
633.326172      1399.0096435547
633.658447      1396.6856689453
633.990784      1433.8686523438
634.322937      1352.5308837891
634.655212      1429.2208251953
634.987244      1366.4744873047
635.319397      1329.2915039063
635.651489      1392.0378417969
635.983398      1394.3616943359
636.315430      1399.0096435547
636.647278      1375.7702636719
636.979187      1317.6718750000
637.311035      1350.2069091797
637.642761      1338.5872802734
637.974609      1357.1787109375
638.306335      1375.7702636719
638.637939      1429.2208251953
638.969604      1375.7702636719
639.301147      1378.0942382813
639.632751      1378.0942382813
639.964233      1422.2490234375
640.295715      1382.7420654297
640.627075      1387.3898925781
640.958496      1378.0942382813
641.289917      1408.3052978516
641.621094      1380.4180908203
641.952393      1387.3898925781
642.283569      1357.1787109375
642.614746      1415.2770996094
642.945923      1354.8548583984
643.276917      1303.7282714844
643.608093      1352.5308837891
643.939026      1354.8548583984
644.269958      1403.6574707031
644.600891      1385.0660400391
644.931763      1333.9394531250
645.262634      1380.4180908203
645.593384      1394.3616943359
645.924133      1340.9112548828
646.254822      1333.9394531250
646.585510      1371.1223144531
646.916199      1366.4744873047
647.246704      1380.4180908203
647.577271      1361.8266601563
647.907715      1319.9957275391
648.238220      1405.9814453125
648.568665      1368.7984619141
648.898987      1382.7420654297
649.229309      1424.5728759766
649.559570      1331.6154785156
649.889832      1387.3898925781
650.220093      1382.7420654297
650.550171      1447.8122558594
650.880310      1336.2633056641
651.210388      1410.6292724609
651.540405      1438.5164794922
651.870422      1399.0096435547
652.200317      1338.5872802734
652.530273      1424.5728759766
652.860046      1419.9250488281
653.189941      1394.3616943359
653.519775      1401.3334960938
653.849426      1382.7420654297
654.179199      1396.6856689453
654.508789      1340.9112548828
654.838440      1357.1787109375
655.168030      1340.9112548828
655.497498      1417.6010742188
655.827026      1447.8122558594
656.156372      1401.3334960938
656.485840      1324.6436767578
656.815247      1364.1505126953
657.144470      1389.7138671875
657.473755      1382.7420654297
657.802979      1296.7564697266
658.132202      1389.7138671875
658.461243      1378.0942382813
658.790466      1364.1505126953
659.119507      1345.5590820313
659.448486      1417.6010742188
659.777527      1378.0942382813
660.106384      1403.6574707031
660.435242      1331.6154785156
660.764160      1394.3616943359
661.092896      1419.9250488281
661.421692      1366.4744873047
661.750427      1338.5872802734
662.079102      1403.6574707031
662.407715      1366.4744873047
662.736328      1405.9814453125
663.064880      1408.3052978516
663.393311      1319.9957275391
663.721802      1410.6292724609
664.050232      1373.4462890625
664.378601      1289.7845458984
664.706970      1333.9394531250
665.035217      1445.4882812500
665.363525      1329.2915039063
665.691650      1368.7984619141
666.019897      1361.8266601563
666.347961      1422.2490234375
666.676086      1322.3197021484
667.004150      1433.8686523438
667.332092      1359.5026855469
667.660095      1361.8266601563
667.987915      1296.7564697266
668.315796      1403.6574707031
668.643677      1315.3479003906
668.971436      1382.7420654297
669.299133      1373.4462890625
669.626892      1359.5026855469
669.954468      1364.1505126953
670.282104      1347.8830566406
670.609619      1338.5872802734
670.937256      1371.1223144531
671.264587      1415.2770996094
671.592163      1429.2208251953
671.919495      1345.5590820313
672.246887      1347.8830566406
672.574097      1382.7420654297
672.901489      1350.2069091797
673.228699      1405.9814453125
673.555847      1326.9675292969
673.882996      1419.9250488281
674.210022      1412.9532470703
674.537109      1343.2351074219
674.864136      1401.3334960938
675.191101      1380.4180908203
675.518005      1315.3479003906
675.844849      1324.6436767578
676.171692      1401.3334960938
676.498535      1354.8548583984
676.825256      1389.7138671875
677.151978      1399.0096435547
677.478577      1361.8266601563
677.805237      1352.5308837891
678.131836      1296.7564697266
678.458435      1389.7138671875
678.784851      1394.3616943359
679.111328      1352.5308837891
679.437744      1392.0378417969
679.764099      1336.2633056641
680.090454      1313.0239257813
680.416687      1392.0378417969
680.742920      1364.1505126953
681.069153      1340.9112548828
681.395203      1368.7984619141
681.721313      1331.6154785156
682.047485      1357.1787109375
682.373474      1412.9532470703
682.699402      1382.7420654297
683.025391      1399.0096435547
683.351196      1340.9112548828
683.677063      1352.5308837891
684.002930      1382.7420654297
684.328674      1385.0660400391
684.654358      1317.6718750000
684.980042      1366.4744873047
685.305603      1357.1787109375
685.631287      1433.8686523438
685.956787      1405.9814453125
686.282288      1373.4462890625
686.607788      1403.6574707031
686.933167      1401.3334960938
687.258545      1354.8548583984
687.583923      1417.6010742188
687.909180      1392.0378417969
688.234375      1354.8548583984
688.559631      1433.8686523438
688.884766      1329.2915039063
689.209839      1375.7702636719
689.534973      1396.6856689453
689.859924      1364.1505126953
690.184937      1354.8548583984
690.509827      1361.8266601563
690.834717      1350.2069091797
691.159668      1396.6856689453
691.484436      1352.5308837891
691.809204      1338.5872802734
692.133911      1331.6154785156
692.458557      1426.8968505859
692.783142      1401.3334960938
693.107849      1345.5590820313
693.432312      1313.0239257813
693.756836      1315.3479003906
694.081238      1410.6292724609
694.405701      1401.3334960938
694.730164      1319.9957275391
695.054443      1399.0096435547
695.378723      1359.5026855469
695.702942      1417.6010742188
696.027100      1410.6292724609
696.351257      1352.5308837891
696.675476      1296.7564697266
696.999512      1389.7138671875
697.323486      1366.4744873047
697.647461      1394.3616943359
697.971375      1368.7984619141
698.295349      1361.8266601563
698.619202      1340.9112548828
698.942993      1436.1926269531
699.266724      1403.6574707031
699.590393      1412.9532470703
699.914124      1396.6856689453
700.237793      1387.3898925781
700.561340      1438.5164794922
700.884949      1371.1223144531
701.208374      1389.7138671875
701.531860      1408.3052978516
701.855286      1375.7702636719
702.178650      1382.7420654297
702.501953      1415.2770996094
702.825195      1382.7420654297
703.148499      1354.8548583984
703.471680      1396.6856689453
703.794861      1415.2770996094
704.117981      1438.5164794922
704.440979      1424.5728759766
704.764038      1438.5164794922
705.086975      1424.5728759766
705.409851      1422.2490234375
705.732849      1364.1505126953
706.055664      1410.6292724609
706.378479      1380.4180908203
706.701233      1366.4744873047
707.023926      1333.9394531250
707.346619      1399.0096435547
707.669250      1329.2915039063
707.991821      1357.1787109375
708.314392      1329.2915039063
708.636841      1352.5308837891
708.959290      1405.9814453125
709.281738      1380.4180908203
709.604065      1380.4180908203
709.926392      1405.9814453125
710.248657      1352.5308837891
710.570862      1422.2490234375
710.893066      1301.4042968750
711.215210      1396.6856689453
711.537292      1399.0096435547
711.859314      1338.5872802734
712.181335      1401.3334960938
712.503357      1299.0803222656
712.825256      1426.8968505859
713.147156      1396.6856689453
713.468994      1333.9394531250
713.790771      1366.4744873047
714.112488      1357.1787109375
714.434143      1422.2490234375
714.755859      1385.0660400391
715.077515      1310.7000732422
715.399109      1364.1505126953
715.720581      1373.4462890625
716.042053      1333.9394531250
716.363525      1415.2770996094
716.684875      1396.6856689453
717.006287      1394.3616943359
717.327576      1389.7138671875
717.648804      1387.3898925781
717.969971      1396.6856689453
718.291260      1387.3898925781
718.612366      1345.5590820313
718.933411      1322.3197021484
719.254395      1347.8830566406
719.575439      1361.8266601563
719.896362      1375.7702636719
720.217285      1396.6856689453
720.538147      1380.4180908203
720.859009      1394.3616943359
721.179749      1403.6574707031
721.500488      1368.7984619141
721.821228      1326.9675292969
722.141785      1401.3334960938
722.462402      1429.2208251953
722.782959      1364.1505126953
723.103455      1403.6574707031
723.423950      1368.7984619141
723.744385      1464.0798339844
724.064758      1415.2770996094
724.385071      1396.6856689453
724.705322      1357.1787109375
725.025574      1375.7702636719
725.345825      1415.2770996094
725.665955      1357.1787109375
725.986023      1399.0096435547
726.306091      1364.1505126953
726.626099      1382.7420654297
726.946045      1422.2490234375
727.266052      1382.7420654297
727.585938      1424.5728759766
727.905762      1331.6154785156
728.225525      1371.1223144531
728.545288      1396.6856689453
728.864990      1340.9112548828
729.184692      1350.2069091797
729.504333      1387.3898925781
729.823853      1352.5308837891
730.143372      1359.5026855469
730.462891      1426.8968505859
730.782410      1382.7420654297
731.101746      1415.2770996094
731.421143      1331.6154785156
731.740417      1440.8404541016
732.059631      1380.4180908203
732.378845      1361.8266601563
732.698059      1347.8830566406
733.017212      1405.9814453125
733.336304      1433.8686523438
733.655273      1389.7138671875
733.974304      1326.9675292969
734.293335      1385.0660400391
734.612183      1415.2770996094
734.931030      1373.4462890625
735.249878      1394.3616943359
735.568665      1401.3334960938
735.887329      1308.3760986328
736.206055      1331.6154785156
736.524658      1392.0378417969
736.843262      1387.3898925781
737.161804      1387.3898925781
737.480286      1368.7984619141
737.798828      1385.0660400391
738.117249      1385.0660400391
738.435608      1387.3898925781
738.753906      1399.0096435547
739.072205      1403.6574707031
739.390442      1410.6292724609
739.708618      1401.3334960938
740.026733      1343.2351074219
740.344849      1422.2490234375
740.662903      1319.9957275391
740.980957      1357.1787109375
741.298889      1457.1080322266
741.616821      1447.8122558594
741.934692      1412.9532470703
742.252502      1399.0096435547
742.570313      1366.4744873047
742.888062      1331.6154785156
743.205750      1352.5308837891
743.523438      1389.7138671875
743.841003      1340.9112548828
744.158569      1443.1644287109
744.476074      1364.1505126953
744.793518      1329.2915039063
745.111023      1324.6436767578
745.428345      1354.8548583984
745.745728      1292.1085205078
746.062988      1385.0660400391
746.380249      1385.0660400391
746.697449      1343.2351074219
747.014648      1426.8968505859
747.331726      1415.2770996094
747.648804      1396.6856689453
747.965759      1373.4462890625
748.282776      1357.1787109375
748.599731      1422.2490234375
748.916626      1343.2351074219
749.233459      1378.0942382813
749.550232      1429.2208251953
749.867004      1347.8830566406
750.183655      1368.7984619141
750.500366      1333.9394531250
750.816956      1336.2633056641
751.133545      1431.5446777344
751.450073      1433.8686523438
751.766479      1310.7000732422
752.083008      1380.4180908203
752.399414      1371.1223144531
752.715698      1350.2069091797
753.032043      1364.1505126953
753.348328      1347.8830566406
753.664429      1385.0660400391
753.980713      1387.3898925781
754.296814      1371.1223144531
754.612854      1338.5872802734
754.928833      1399.0096435547
755.244873      1364.1505126953
755.560852      1350.2069091797
755.876709      1394.3616943359
756.192505      1343.2351074219
756.508362      1417.6010742188
756.824097      1389.7138671875
757.139771      1343.2351074219
757.455505      1385.0660400391
757.771118      1378.0942382813
758.086670      1399.0096435547
758.402222      1399.0096435547
758.717712      1394.3616943359
759.033081      1359.5026855469
759.348511      1333.9394531250
759.663879      1408.3052978516
759.979187      1336.2633056641
760.294434      1422.2490234375
760.609619      1378.0942382813
760.924805      1380.4180908203
761.239929      1361.8266601563
761.554993      1417.6010742188
761.869995      1338.5872802734
762.184998      1378.0942382813
762.499939      1389.7138671875
762.814880      1375.7702636719
763.129700      1354.8548583984
763.444519      1354.8548583984
763.759277      1373.4462890625
764.073975      1415.2770996094
764.388672      1340.9112548828
764.703308      1389.7138671875
765.017883      1378.0942382813
765.332397      1338.5872802734
765.646851      1419.9250488281
765.961304      1403.6574707031
766.275696      1419.9250488281
766.590088      1403.6574707031
766.904358      1373.4462890625
767.218628      1436.1926269531
767.532776      1394.3616943359
767.846924      1473.3756103516
768.161072      1401.3334960938
768.475159      1403.6574707031
768.789185      1352.5308837891
769.103149      1412.9532470703
769.417114      1443.1644287109
769.731079      1387.3898925781
770.044861      1389.7138671875
770.358643      1347.8830566406
770.672363      1422.2490234375
770.986084      1292.1085205078
771.299683      1359.5026855469
771.613403      1359.5026855469
771.927002      1366.4744873047
772.240479      1364.1505126953
772.553955      1364.1505126953
772.867371      1399.0096435547
773.180847      1440.8404541016
773.494141      1396.6856689453
773.807434      1378.0942382813
774.120667      1333.9394531250
774.433899      1422.2490234375
774.747009      1385.0660400391
775.060181      1399.0096435547
775.373230      1419.9250488281
775.686218      1440.8404541016
775.999207      1466.4038085938
776.312073      1403.6574707031
776.624939      1466.4038085938
776.937866      1431.5446777344
777.250671      1403.6574707031
777.563416      1378.0942382813
777.876099      1399.0096435547
778.188721      1422.2490234375
778.501343      1459.4320068359
778.813904      1354.8548583984
779.126404      1359.5026855469
779.438904      1366.4744873047
779.751282      1399.0096435547
780.063660      1350.2069091797
780.376038      1401.3334960938
780.688293      1347.8830566406
781.000549      1375.7702636719
781.312683      1405.9814453125
781.624817      1408.3052978516
781.937012      1364.1505126953
782.249023      1422.2490234375
782.561035      1350.2069091797
782.872986      1354.8548583984
783.184937      1350.2069091797
783.496765      1426.8968505859
783.808655      1396.6856689453
784.120422      1385.0660400391
784.432129      1347.8830566406
784.743774      1429.2208251953
785.055420      1447.8122558594
785.367004      1378.0942382813
785.678589      1403.6574707031
785.990051      1361.8266601563
786.301514      1366.4744873047
786.612976      1410.6292724609
786.924316      1387.3898925781
787.235657      1399.0096435547
787.546936      1371.1223144531
787.858154      1426.8968505859
788.169312      1375.7702636719
788.480408      1310.7000732422
788.791504      1378.0942382813
789.102600      1385.0660400391
789.413513      1431.5446777344
789.724487      1429.2208251953
790.035400      1350.2069091797
790.346191      1408.3052978516
790.657043      1308.3760986328
790.967834      1385.0660400391
791.278564      1412.9532470703
791.589172      1394.3616943359
791.899780      1378.0942382813
792.210327      1412.9532470703
792.520935      1378.0942382813
792.831421      1315.3479003906
793.141846      1385.0660400391
793.452209      1313.0239257813
793.762573      1392.0378417969
794.072815      1361.8266601563
794.383118      1392.0378417969
794.693359      1417.6010742188
795.003479      1389.7138671875
795.313538      1380.4180908203
795.623596      1412.9532470703
795.933716      1368.7984619141
796.243652      1361.8266601563
796.553589      1343.2351074219
796.863464      1359.5026855469
797.173218      1412.9532470703
797.483032      1380.4180908203
797.792786      1373.4462890625
798.102478      1408.3052978516
798.412109      1322.3197021484
798.721741      1396.6856689453
799.031250      1308.3760986328
799.340820      1338.5872802734
799.650269      1364.1505126953
799.959656      1396.6856689453
800.269043      1426.8968505859
800.578369      1326.9675292969
800.887573      1373.4462890625
801.196899      1326.9675292969
801.505981      1382.7420654297
801.815186      1359.5026855469
802.124207      1340.9112548828
802.433289      1401.3334960938
802.742188      1426.8968505859
803.051270      1357.1787109375
803.360168      1338.5872802734
803.668945      1399.0096435547
803.977783      1408.3052978516
804.286499      1396.6856689453
804.595276      1412.9532470703
804.903931      1373.4462890625
805.212524      1392.0378417969
805.521057      1319.9957275391
805.829590      1373.4462890625
806.138062      1338.5872802734
806.446533      1380.4180908203
806.754944      1385.0660400391
807.063293      1408.3052978516
807.371521      1445.4882812500
807.679749      1306.0521240234
807.987976      1410.6292724609
808.296143      1322.3197021484
808.604248      1387.3898925781
808.912292      1426.8968505859
809.220276      1440.8404541016
809.528198      1433.8686523438
809.836182      1408.3052978516
810.144043      1303.7282714844
810.451843      1375.7702636719
810.759644      1322.3197021484
811.067322      1329.2915039063
811.375061      1382.7420654297
811.682678      1368.7984619141
811.990295      1347.8830566406
812.297791      1347.8830566406
812.605286      1373.4462890625
812.912720      1429.2208251953
813.220154      1389.7138671875
813.527527      1412.9532470703
813.834839      1380.4180908203
814.142029      1438.5164794922
814.449219      1410.6292724609
814.756409      1378.0942382813
815.063538      1368.7984619141
815.370605      1352.5308837891
815.677612      1359.5026855469
815.984619      1396.6856689453
816.291504      1385.0660400391
816.598389      1387.3898925781
816.905273      1352.5308837891
817.212036      1361.8266601563
817.518738      1354.8548583984
817.825439      1380.4180908203
818.132080      1417.6010742188
818.438721      1299.0803222656
818.745239      1417.6010742188
819.051758      1317.6718750000
819.358215      1378.0942382813
819.664612      1357.1787109375
819.971008      1352.5308837891
820.277344      1380.4180908203
820.583557      1410.6292724609
820.889771      1345.5590820313
821.195923      1380.4180908203
821.502075      1433.8686523438
821.808167      1389.7138671875
822.114197      1345.5590820313
822.420166      1296.7564697266
822.726074      1359.5026855469
823.031921      1380.4180908203
823.337769      1405.9814453125
823.643677      1399.0096435547
823.949402      1401.3334960938
824.255066      1336.2633056641
824.560730      1494.2910156250
824.866272      1366.4744873047
825.171936      1433.8686523438
825.477356      1396.6856689453
825.782837      1336.2633056641
826.088257      1410.6292724609
826.393616      1371.1223144531
826.698914      1394.3616943359
827.004272      1373.4462890625
827.309448      1366.4744873047
827.614624      1368.7984619141
827.919739      1319.9957275391
828.224854      1375.7702636719
828.529907      1389.7138671875
828.834839      1340.9112548828
829.139832      1394.3616943359
829.444702      1378.0942382813
829.749512      1466.4038085938
830.054260      1415.2770996094
830.359131      1366.4744873047
830.663818      1333.9394531250
830.968506      1361.8266601563
831.273071      1338.5872802734
831.577576      1387.3898925781
831.882080      1373.4462890625
832.186646      1408.3052978516
832.491028      1373.4462890625
832.795410      1294.4324951172
833.099731      1338.5872802734
833.403931      1394.3616943359
833.708191      1340.9112548828
834.012390      1361.8266601563
834.316467      1382.7420654297
834.620605      1368.7984619141
834.924622      1417.6010742188
835.228577      1396.6856689453
835.532593      1326.9675292969
835.836426      1322.3197021484
836.140320      1415.2770996094
836.444031      1422.2490234375
836.747803      1366.4744873047
837.051514      1361.8266601563
837.355225      1401.3334960938
837.658752      1387.3898925781
837.962341      1368.7984619141
838.265808      1378.0942382813
838.569336      1380.4180908203
838.872742      1322.3197021484
839.176147      1359.5026855469
839.479370      1405.9814453125
839.782715      1347.8830566406
840.085876      1440.8404541016
840.389038      1359.5026855469
840.692261      1399.0096435547
840.995300      1368.7984619141
841.298340      1417.6010742188
841.601257      1454.7840576172
841.904236      1396.6856689453
842.207153      1387.3898925781
842.509949      1415.2770996094
842.812805      1324.6436767578
843.115540      1436.1926269531
843.418152      1403.6574707031
843.720825      1371.1223144531
844.023438      1343.2351074219
844.325989      1396.6856689453
844.628540      1389.7138671875
844.930969      1366.4744873047
845.233337      1378.0942382813
845.535767      1450.1362304688
845.838013      1433.8686523438
846.140259      1357.1787109375
846.442505      1366.4744873047
846.744690      1350.2069091797
847.046753      1378.0942382813
847.348877      1301.4042968750
847.650879      1338.5872802734
847.952881      1350.2069091797
848.254761      1315.3479003906
848.556641      1359.5026855469
848.858459      1294.4324951172
849.160278      1415.2770996094
849.462036      1399.0096435547
849.763733      1371.1223144531
850.065308      1354.8548583984
850.366882      1371.1223144531
850.668518      1340.9112548828
850.969971      1438.5164794922
851.271423      1352.5308837891
851.572815      1329.2915039063
851.874084      1340.9112548828
852.175476      1378.0942382813
852.476685      1466.4038085938
852.777893      1461.7558593750
853.079041      1403.6574707031
853.380127      1401.3334960938
853.681213      1380.4180908203
853.982239      1324.6436767578
854.283203      1392.0378417969
854.584106      1368.7984619141
854.885010      1278.1649169922
855.185791      1417.6010742188
855.486572      1378.0942382813
855.787292      1387.3898925781
856.088013      1415.2770996094
856.388611      1371.1223144531
856.689148      1361.8266601563
856.989685      1403.6574707031
857.290161      1336.2633056641
857.590637      1382.7420654297
857.890991      1394.3616943359
858.191284      1452.4600830078
858.491577      1396.6856689453
858.791809      1429.2208251953
859.092041      1343.2351074219
859.392212      1336.2633056641
859.692261      1480.3474121094
859.992310      1450.1362304688
860.292297      1324.6436767578
860.592224      1357.1787109375
860.892151      1361.8266601563
861.191956      1373.4462890625
861.491760      1366.4744873047
861.791565      1415.2770996094
862.091248      1371.1223144531
862.390930      1338.5872802734
862.690552      1352.5308837891
862.990051      1394.3616943359
863.289551      1415.2770996094
863.589050      1317.6718750000
863.888428      1392.0378417969
864.187805      1389.7138671875
864.487122      1382.7420654297
864.786377      1371.1223144531
865.085632      1387.3898925781
865.384705      1396.6856689453
865.683838      1461.7558593750
865.982971      1380.4180908203
866.281982      1417.6010742188
866.580933      1338.5872802734
866.879883      1345.5590820313
867.178711      1368.7984619141
867.477600      1371.1223144531
867.776367      1299.0803222656
868.075134      1352.5308837891
868.373718      1364.1505126953
868.672424      1350.2069091797
868.970947      1361.8266601563
869.269531      1380.4180908203
869.568054      1405.9814453125
869.866455      1343.2351074219
870.164856      1364.1505126953
870.463196      1359.5026855469
870.761536      1333.9394531250
871.059753      1380.4180908203
871.357971      1331.6154785156
871.656067      1361.8266601563
871.954102      1345.5590820313
872.252197      1373.4462890625
872.550232      1352.5308837891
872.848206      1394.3616943359
873.146057      1364.1505126953
873.443848      1306.0521240234
873.741638      1399.0096435547
874.039429      1359.5026855469
874.337158      1387.3898925781
874.634827      1440.8404541016
874.932373      1361.8266601563
875.229980      1359.5026855469
875.527466      1401.3334960938
875.825012      1429.2208251953
876.122375      1322.3197021484
876.419739      1417.6010742188
876.717041      1385.0660400391
877.014282      1440.8404541016
877.311462      1396.6856689453
877.608704      1417.6010742188
877.905762      1333.9394531250
878.202881      1336.2633056641
878.499817      1405.9814453125
878.796814      1350.2069091797
879.093811      1380.4180908203
879.390625      1347.8830566406
879.687439      1361.8266601563
879.984253      1285.1367187500
880.280884      1382.7420654297
880.577637      1373.4462890625
880.874268      1303.7282714844
881.170837      1405.9814453125
881.467346      1401.3334960938
881.763855      1366.4744873047
882.060242      1368.7984619141
882.356567      1336.2633056641
882.652954      1373.4462890625
882.949280      1359.5026855469
883.245483      1373.4462890625
883.541626      1366.4744873047
883.837830      1431.5446777344
884.133911      1415.2770996094
884.429932      1354.8548583984
884.725952      1350.2069091797
885.021851      1364.1505126953
885.317688      1438.5164794922
885.613525      1417.6010742188
885.909363      1396.6856689453
886.205078      1375.7702636719
