0.012300
191.033081         0.0000000000
191.409973         0.0000000000
191.786819      1378.0942382813
192.163651      1361.8266601563
192.540451      1306.0521240234
192.917221      1329.2915039063
193.293961      1436.1926269531
193.670670      1368.7984619141
194.047348      1424.5728759766
194.423981      1392.0378417969
194.800613      1466.4038085938
195.177200      1454.7840576172
195.553757      1392.0378417969
195.930283      1452.4600830078
196.306778      1457.1080322266
196.683258      1336.2633056641
197.059677      1403.6574707031
197.436081      1405.9814453125
197.812454      1447.8122558594
198.188812      1378.0942382813
198.565125      1436.1926269531
198.941406      1373.4462890625
199.317673      1433.8686523438
199.693893      1361.8266601563
200.070099      1436.1926269531
200.446259      1380.4180908203
200.822388      1366.4744873047
201.198486      1440.8404541016
201.574570      1389.7138671875
201.950607      1317.6718750000
202.326614      1333.9394531250
202.702606      1387.3898925781
203.078568      1324.6436767578
203.454483      1338.5872802734
203.830383      1289.7845458984
204.206253      1405.9814453125
204.582077      1343.2351074219
204.957870      1410.6292724609
205.333633      1345.5590820313
205.709396      1324.6436767578
206.085098      1326.9675292969
206.460785      1385.0660400391
206.836426      1336.2633056641
207.212051      1319.9957275391
207.587646      1361.8266601563
207.963196      1364.1505126953
208.338730      1364.1505126953
208.714218      1380.4180908203
209.089691      1347.8830566406
209.465134      1352.5308837891
209.840530      1345.5590820313
210.215897      1357.1787109375
210.591263      1373.4462890625
210.966583      1371.1223144531
211.341858      1359.5026855469
211.717102      1394.3616943359
212.092331      1303.7282714844
212.467529      1285.1367187500
212.842697      1354.8548583984
213.217819      1333.9394531250
213.592926      1285.1367187500
213.968002      1340.9112548828
214.343018      1306.0521240234
214.718033      1401.3334960938
215.093018      1403.6574707031
215.467972      1394.3616943359
215.842880      1357.1787109375
216.217773      1361.8266601563
216.592636      1347.8830566406
216.967453      1310.7000732422
217.342255      1408.3052978516
217.717026      1401.3334960938
218.091766      1443.1644287109
218.466446      1408.3052978516
218.841125      1331.6154785156
219.215759      1313.0239257813
219.590378      1359.5026855469
219.964966      1315.3479003906
220.339508      1357.1787109375
220.714020      1340.9112548828
221.088516      1385.0660400391
221.462967      1338.5872802734
221.837402      1371.1223144531
222.211792      1317.6718750000
222.586166      1382.7420654297
222.960510      1338.5872802734
223.334793      1354.8548583984
223.709061      1357.1787109375
224.083313      1350.2069091797
224.457520      1371.1223144531
224.831696      1338.5872802734
225.205856      1382.7420654297
225.579987      1389.7138671875
225.954056      1345.5590820313
226.328110      1324.6436767578
226.702148      1308.3760986328
227.076126      1405.9814453125
227.450104      1380.4180908203
227.824036      1361.8266601563
228.197937      1433.8686523438
228.571823      1375.7702636719
228.945648      1336.2633056641
229.319473      1417.6010742188
229.693237      1412.9532470703
230.066986      1378.0942382813
230.440704      1392.0378417969
230.814392      1415.2770996094
231.188034      1403.6574707031
231.561661      1338.5872802734
231.935257      1366.4744873047
232.308823      1399.0096435547
232.682343      1292.1085205078
233.055847      1431.5446777344
233.429321      1396.6856689453
233.802750      1385.0660400391
234.176147      1317.6718750000
234.549530      1373.4462890625
234.922882      1373.4462890625
235.296188      1399.0096435547
235.669464      1389.7138671875
236.042725      1331.6154785156
236.415924      1343.2351074219
236.789139      1361.8266601563
237.162292      1352.5308837891
237.535416      1378.0942382813
237.908508      1347.8830566406
238.281570      1354.8548583984
238.654617      1380.4180908203
239.027618      1389.7138671875
239.400574      1338.5872802734
239.773514      1315.3479003906
240.146423      1385.0660400391
240.519302      1340.9112548828
240.892136      1368.7984619141
241.264969      1378.0942382813
241.637726      1333.9394531250
242.010498      1354.8548583984
242.383209      1403.6574707031
242.755905      1326.9675292969
243.128555      1319.9957275391
243.501190      1340.9112548828
243.873779      1373.4462890625
244.246353      1396.6856689453
244.618866      1375.7702636719
244.991379      1373.4462890625
245.363861      1438.5164794922
245.736282      1417.6010742188
246.108688      1361.8266601563
246.481079      1403.6574707031
246.853409      1361.8266601563
247.225723      1359.5026855469
247.598007      1345.5590820313
247.970261      1331.6154785156
248.342468      1352.5308837891
248.714645      1373.4462890625
249.086823      1452.4600830078
249.458954      1405.9814453125
249.831024      1401.3334960938
250.203094      1426.8968505859
250.575134      1405.9814453125
250.947113      1333.9394531250
251.319092      1401.3334960938
251.691025      1394.3616943359
252.062912      1375.7702636719
252.434784      1389.7138671875
252.806641      1389.7138671875
253.178452      1368.7984619141
253.550232      1347.8830566406
253.921967      1343.2351074219
254.293686      1378.0942382813
254.665359      1354.8548583984
255.037003      1336.2633056641
255.408630      1324.6436767578
255.780228      1385.0660400391
256.151764      1366.4744873047
256.523285      1373.4462890625
256.894806      1419.9250488281
257.266235      1340.9112548828
257.637695      1324.6436767578
258.009064      1389.7138671875
258.380432      1271.1931152344
258.751770      1364.1505126953
259.123077      1333.9394531250
259.494385      1326.9675292969
259.865601      1375.7702636719
260.236816      1317.6718750000
260.607941      1361.8266601563
260.979126      1389.7138671875
261.350220      1415.2770996094
261.721344      1329.2915039063
262.092346      1385.0660400391
262.463379      1347.8830566406
262.834351      1338.5872802734
263.205292      1382.7420654297
263.576233      1412.9532470703
263.947144      1361.8266601563
264.317993      1329.2915039063
264.688812      1331.6154785156
265.059631      1299.0803222656
265.430359      1359.5026855469
265.801117      1303.7282714844
266.171783      1357.1787109375
266.542450      1394.3616943359
266.913086      1382.7420654297
267.283691      1345.5590820313
267.654266      1324.6436767578
268.024811      1324.6436767578
268.395325      1426.8968505859
268.765778      1389.7138671875
269.136230      1364.1505126953
269.506653      1436.1926269531
269.877045      1352.5308837891
270.247375      1338.5872802734
270.617676      1375.7702636719
270.987946      1417.6010742188
271.358246      1375.7702636719
271.728424      1373.4462890625
272.098633      1368.7984619141
272.468781      1412.9532470703
272.838867      1368.7984619141
273.209015      1357.1787109375
273.579041      1354.8548583984
273.949066      1336.2633056641
274.319061      1417.6010742188
274.689056      1378.0942382813
275.058960      1350.2069091797
275.428864      1282.8127441406
275.798737      1350.2069091797
276.168579      1317.6718750000
276.538361      1340.9112548828
276.908142      1373.4462890625
277.277832      1410.6292724609
277.647583      1419.9250488281
278.017242      1424.5728759766
278.386902      1431.5446777344
278.756500      1310.7000732422
279.126038      1403.6574707031
279.495636      1315.3479003906
279.865143      1364.1505126953
280.234619      1340.9112548828
280.604065      1359.5026855469
280.973450      1324.6436767578
281.342834      1294.4324951172
281.712189      1422.2490234375
282.081512      1336.2633056641
282.450836      1408.3052978516
282.820038      1326.9675292969
283.189270      1368.7984619141
283.558502      1354.8548583984
283.927612      1350.2069091797
284.296722      1340.9112548828
284.665863      1354.8548583984
285.034912      1380.4180908203
285.403931      1347.8830566406
285.772919      1336.2633056641
286.141876      1352.5308837891
286.510834      1401.3334960938
286.879730      1373.4462890625
287.248596      1322.3197021484
287.617401      1315.3479003906
287.986206      1308.3760986328
288.354950      1382.7420654297
288.723724      1354.8548583984
289.092407      1429.2208251953
289.461060      1399.0096435547
289.829742      1385.0660400391
290.198334      1340.9112548828
290.566925      1410.6292724609
290.935455      1345.5590820313
291.303925      1382.7420654297
291.672394      1415.2770996094
292.040894      1331.6154785156
292.409271      1382.7420654297
292.777679      1373.4462890625
293.145996      1415.2770996094
293.514313      1373.4462890625
293.882599      1350.2069091797
294.250824      1366.4744873047
294.619049      1296.7564697266
294.987244      1359.5026855469
295.355377      1359.5026855469
295.723480      1431.5446777344
296.091614      1375.7702636719
296.459625      1322.3197021484
296.827667      1387.3898925781
297.195648      1396.6856689453
297.563599      1394.3616943359
297.931488      1403.6574707031
298.299408      1359.5026855469
298.667267      1359.5026855469
299.035095      1331.6154785156
299.402893      1380.4180908203
299.770599      1343.2351074219
300.138367      1303.7282714844
300.506042      1338.5872802734
300.873718      1361.8266601563
301.241333      1354.8548583984
301.608917      1426.8968505859
301.976471      1431.5446777344
302.344025      1371.1223144531
302.711487      1436.1926269531
303.078979      1417.6010742188
303.446411      1371.1223144531
303.813782      1354.8548583984
304.181183      1436.1926269531
304.548492      1366.4744873047
304.915771      1450.1362304688
305.283051      1336.2633056641
305.650299      1317.6718750000
306.017456      1371.1223144531
306.384644      1394.3616943359
306.751770      1401.3334960938
307.118896      1324.6436767578
307.485962      1357.1787109375
307.852966      1394.3616943359
308.219971      1359.5026855469
308.586945      1392.0378417969
308.953888      1282.8127441406
309.320801      1366.4744873047
309.687653      1306.0521240234
310.054504      1373.4462890625
310.421326      1352.5308837891
310.788086      1389.7138671875
311.154846      1412.9532470703
311.521515      1412.9532470703
311.888184      1366.4744873047
312.254822      1412.9532470703
312.621429      1329.2915039063
312.988007      1368.7984619141
313.354553      1387.3898925781
313.721039      1317.6718750000
314.087494      1354.8548583984
314.453949      1336.2633056641
314.820343      1329.2915039063
315.186737      1373.4462890625
315.553101      1310.7000732422
315.919373      1389.7138671875
316.285645      1401.3334960938
316.651886      1380.4180908203
317.018066      1380.4180908203
317.384308      1359.5026855469
317.750427      1412.9532470703
318.116516      1366.4744873047
318.482574      1345.5590820313
318.848633      1429.2208251953
319.214661      1343.2351074219
319.580627      1394.3616943359
319.946564      1364.1505126953
320.312439      1317.6718750000
320.678314      1322.3197021484
321.044159      1378.0942382813
321.410004      1401.3334960938
321.775757      1319.9957275391
322.141510      1324.6436767578
322.507202      1366.4744873047
322.872894      1319.9957275391
323.238525      1361.8266601563
323.604156      1359.5026855469
323.969696      1417.6010742188
324.335266      1324.6436767578
324.700745      1280.4888916016
325.066223      1371.1223144531
325.431702      1424.5728759766
325.797089      1405.9814453125
326.162445      1403.6574707031
326.527802      1396.6856689453
326.893097      1343.2351074219
327.258362      1378.0942382813
327.623657      1373.4462890625
327.988861      1408.3052978516
328.353973      1299.0803222656
328.719116      1326.9675292969
329.084259      1399.0096435547
329.449341      1387.3898925781
329.814392      1338.5872802734
330.179352      1380.4180908203
330.544312      1454.7840576172
330.909241      1378.0942382813
331.274170      1408.3052978516
331.639069      1371.1223144531
332.003906      1361.8266601563
332.368713      1378.0942382813
332.733459      1378.0942382813
333.098206      1410.6292724609
333.462921      1329.2915039063
333.827606      1345.5590820313
334.192230      1352.5308837891
334.556824      1389.7138671875
334.921356      1240.9819335938
335.285919      1208.4467773438
335.650452      1366.4744873047
336.014893      1396.6856689453
336.379333      1431.5446777344
336.743744      1354.8548583984
337.108124      1410.6292724609
337.472443      1275.8409423828
337.836731      1359.5026855469
338.201019      1378.0942382813
338.565247      1373.4462890625
338.929413      1375.7702636719
339.293579      1375.7702636719
339.657776      1359.5026855469
340.021851      1345.5590820313
340.385895      1338.5872802734
340.749908      1345.5590820313
341.113922      1354.8548583984
341.477875      1340.9112548828
341.841827      1405.9814453125
342.205688      1324.6436767578
342.569580      1326.9675292969
342.933380      1317.6718750000
343.297211      1352.5308837891
343.660950      1396.6856689453
344.024658      1405.9814453125
344.388367      1426.8968505859
344.752014      1366.4744873047
345.115601      1345.5590820313
345.479218      1387.3898925781
345.842804      1315.3479003906
346.206299      1412.9532470703
346.569763      1354.8548583984
346.933228      1382.7420654297
347.296661      1352.5308837891
347.660034      1278.1649169922
348.023407      1338.5872802734
348.386719      1319.9957275391
348.750000      1322.3197021484
349.113220      1408.3052978516
349.476471      1378.0942382813
349.839661      1417.6010742188
350.202820      1387.3898925781
350.565887      1396.6856689453
350.928955      1359.5026855469
351.292023      1340.9112548828
351.655029      1285.1367187500
352.018036      1385.0660400391
352.380981      1357.1787109375
352.743866      1373.4462890625
353.106720      1345.5590820313
353.469574      1373.4462890625
353.832397      1443.1644287109
354.195160      1399.0096435547
354.557892      1319.9957275391
354.920593      1403.6574707031
355.283234      1326.9675292969
355.645905      1387.3898925781
356.008514      1475.6994628906
356.371094      1408.3052978516
356.733612      1375.7702636719
357.096100      1347.8830566406
357.458588      1306.0521240234
357.820984      1357.1787109375
358.183411      1319.9957275391
358.545746      1303.7282714844
358.908081      1345.5590820313
359.270355      1405.9814453125
359.632629      1354.8548583984
359.994873      1313.0239257813
360.357056      1361.8266601563
360.719208      1373.4462890625
361.081329      1364.1505126953
361.443420      1352.5308837891
361.805481      1357.1787109375
362.167511      1438.5164794922
362.529480      1373.4462890625
362.891418      1331.6154785156
363.253326      1385.0660400391
363.615234      1329.2915039063
363.977081      1354.8548583984
364.338867      1387.3898925781
364.700653      1392.0378417969
365.062378      1310.7000732422
365.424103      1345.5590820313
365.785767      1415.2770996094
366.147430      1380.4180908203
366.509033      1373.4462890625
366.870605      1417.6010742188
367.232117      1324.6436767578
367.593628      1292.1085205078
367.955109      1340.9112548828
368.316559      1359.5026855469
368.677917      1350.2069091797
369.039307      1385.0660400391
369.400635      1415.2770996094
369.761902      1447.8122558594
370.123199      1359.5026855469
370.484436      1352.5308837891
370.845581      1431.5446777344
371.206726      1394.3616943359
371.567871      1373.4462890625
371.928955      1343.2351074219
372.290039      1389.7138671875
372.651062      1426.8968505859
373.011993      1382.7420654297
373.372955      1457.1080322266
373.733887      1350.2069091797
374.094788      1399.0096435547
374.455627      1401.3334960938
374.816406      1338.5872802734
375.177185      1371.1223144531
375.537903      1380.4180908203
375.898651      1366.4744873047
376.259338      1336.2633056641
376.619965      1247.9537353516
376.980530      1368.7984619141
377.341095      1359.5026855469
377.701660      1338.5872802734
378.062134      1343.2351074219
378.422607      1399.0096435547
378.783020      1340.9112548828
379.143402      1373.4462890625
379.503784      1333.9394531250
379.864105      1371.1223144531
380.224396      1385.0660400391
380.584656      1394.3616943359
380.944855      1380.4180908203
381.305054      1380.4180908203
381.665192      1336.2633056641
382.025299      1361.8266601563
382.385406      1401.3334960938
382.745453      1464.0798339844
383.105438      1336.2633056641
383.465424      1322.3197021484
383.825348      1385.0660400391
384.185272      1359.5026855469
384.545135      1380.4180908203
384.904968      1373.4462890625
385.264771      1352.5308837891
385.624512      1324.6436767578
385.984253      1331.6154785156
386.343964      1301.4042968750
386.703613      1317.6718750000
387.063232      1357.1787109375
387.422821      1366.4744873047
387.782379      1392.0378417969
388.141907      1333.9394531250
388.501404      1417.6010742188
388.860840      1454.7840576172
389.220215      1371.1223144531
389.579620      1422.2490234375
389.938995      1317.6718750000
390.298279      1368.7984619141
390.657562      1352.5308837891
391.016785      1431.5446777344
391.376007      1331.6154785156
391.735168      1401.3334960938
392.094299      1429.2208251953
392.453430      1373.4462890625
392.812469      1350.2069091797
393.171478      1454.7840576172
393.530457      1405.9814453125
393.889435      1368.7984619141
394.248383      1373.4462890625
394.607269      1347.8830566406
394.966125      1331.6154785156
395.324921      1359.5026855469
395.683655      1331.6154785156
396.042419      1310.7000732422
396.401154      1271.1931152344
396.759827      1368.7984619141
397.118469      1306.0521240234
397.477051      1336.2633056641
397.835632      1361.8266601563
398.194153      1380.4180908203
398.552673      1399.0096435547
398.911163      1371.1223144531
399.269592      1415.2770996094
399.627960      1408.3052978516
399.986328      1392.0378417969
400.344666      1375.7702636719
400.702942      1364.1505126953
401.061188      1385.0660400391
401.419403      1350.2069091797
401.777588      1380.4180908203
402.135712      1399.0096435547
402.493835      1385.0660400391
402.851929      1382.7420654297
403.209961      1440.8404541016
403.567932      1392.0378417969
403.925903      1338.5872802734
404.283905      1359.5026855469
404.641754      1396.6856689453
404.999634      1375.7702636719
405.357452      1366.4744873047
405.715210      1322.3197021484
406.072998      1319.9957275391
406.430725      1326.9675292969
406.788422      1336.2633056641
407.146027      1371.1223144531
407.503662      1380.4180908203
407.861237      1343.2351074219
408.218781      1350.2069091797
408.576294      1412.9532470703
408.933777      1343.2351074219
409.291168      1403.6574707031
409.648590      1399.0096435547
410.005951      1424.5728759766
410.363312      1375.7702636719
410.720612      1324.6436767578
411.077820      1419.9250488281
411.435059      1394.3616943359
411.792267      1378.0942382813
412.149384      1405.9814453125
412.506531      1359.5026855469
412.863586      1445.4882812500
413.220642      1385.0660400391
413.577606      1394.3616943359
413.934601      1385.0660400391
414.291565      1373.4462890625
414.648468      1361.8266601563
415.005310      1350.2069091797
415.362122      1375.7702636719
415.718903      1387.3898925781
416.075684      1412.9532470703
416.432434      1331.6154785156
416.789093      1329.2915039063
417.145752      1329.2915039063
417.502350      1387.3898925781
417.858948      1387.3898925781
418.215485      1345.5590820313
418.571991      1343.2351074219
418.928467      1392.0378417969
419.284882      1296.7564697266
419.641266      1343.2351074219
419.997650      1389.7138671875
420.354004      1399.0096435547
420.710266      1431.5446777344
421.066528      1373.4462890625
421.422760      1396.6856689453
421.778931      1380.4180908203
422.135071      1350.2069091797
422.491211      1387.3898925781
422.847260      1426.8968505859
423.203308      1466.4038085938
423.559296      1364.1505126953
423.915283      1357.1787109375
424.271210      1387.3898925781
424.627136      1343.2351074219
424.982971      1361.8266601563
425.338776      1340.9112548828
425.694611      1371.1223144531
426.050323      1289.7845458984
426.406036      1364.1505126953
426.761749      1408.3052978516
427.117371      1366.4744873047
427.472961      1345.5590820313
427.828552      1426.8968505859
428.184113      1378.0942382813
428.539581      1399.0096435547
428.895050      1345.5590820313
429.250458      1436.1926269531
429.605865      1405.9814453125
429.961212      1357.1787109375
430.316559      1410.6292724609
430.671814      1412.9532470703
431.027069      1366.4744873047
431.382263      1403.6574707031
431.737457      1331.6154785156
432.092590      1401.3334960938
432.447723      1392.0378417969
432.802734      1424.5728759766
433.157776      1399.0096435547
433.512756      1336.2633056641
433.867706      1336.2633056641
434.222656      1399.0096435547
434.577545      1378.0942382813
434.932373      1359.5026855469
435.287201      1380.4180908203
435.641968      1289.7845458984
435.996704      1394.3616943359
436.351410      1329.2915039063
436.706085      1429.2208251953
437.060699      1354.8548583984
437.415283      1345.5590820313
437.769867      1310.7000732422
438.124420      1350.2069091797
438.478882      1364.1505126953
438.833313      1338.5872802734
439.187714      1405.9814453125
439.542084      1292.1085205078
439.896454      1375.7702636719
440.250732      1310.7000732422
440.605011      1371.1223144531
440.959229      1333.9394531250
441.313416      1364.1505126953
441.667572      1403.6574707031
442.021698      1387.3898925781
442.375793      1352.5308837891
442.729858      1368.7984619141
443.083832      1368.7984619141
443.437836      1399.0096435547
443.791748      1385.0660400391
444.145630      1319.9957275391
444.499542      1315.3479003906
444.853363      1315.3479003906
445.207123      1338.5872802734
445.560883      1292.1085205078
445.914612      1333.9394531250
446.268280      1347.8830566406
446.621918      1352.5308837891
446.975555      1347.8830566406
447.329132      1405.9814453125
447.682678      1336.2633056641
448.036133      1343.2351074219
448.389618      1426.8968505859
448.743042      1422.2490234375
449.096405      1373.4462890625
449.449799      1403.6574707031
449.803101      1403.6574707031
450.156372      1299.0803222656
450.509613      1419.9250488281
450.862823      1378.0942382813
451.216003      1380.4180908203
451.569122      1317.6718750000
451.922211      1361.8266601563
452.275269      1396.6856689453
452.628296      1308.3760986328
452.981293      1289.7845458984
453.334229      1343.2351074219
453.687134      1343.2351074219
454.040009      1433.8686523438
454.392853      1399.0096435547
454.745636      1371.1223144531
455.098419      1368.7984619141
455.451172      1364.1505126953
455.803864      1396.6856689453
456.156464      1380.4180908203
456.509125      1378.0942382813
456.861694      1336.2633056641
457.214264      1399.0096435547
457.566742      1313.0239257813
457.919220      1343.2351074219
458.271667      1324.6436767578
458.624023      1380.4180908203
458.976379      1322.3197021484
459.328705      1317.6718750000
459.681000      1329.2915039063
460.033234      1394.3616943359
460.385468      1417.6010742188
460.737610      1354.8548583984
461.089752      1340.9112548828
461.441864      1282.8127441406
461.793945      1378.0942382813
462.145996      1324.6436767578
462.497955      1387.3898925781
462.849884      1354.8548583984
463.201813      1375.7702636719
463.553680      1310.7000732422
463.905518      1296.7564697266
464.257355      1285.1367187500
464.609100      1385.0660400391
464.960815      1361.8266601563
465.312531      1366.4744873047
465.664185      1366.4744873047
466.015778      1408.3052978516
466.367371      1387.3898925781
466.718903      1350.2069091797
467.070435      1405.9814453125
467.421906      1368.7984619141
467.773346      1387.3898925781
468.124725      1340.9112548828
468.476074      1415.2770996094
468.827393      1380.4180908203
469.178680      1375.7702636719
469.529938      1315.3479003906
469.881134      1343.2351074219
470.232330      1410.6292724609
470.583435      1350.2069091797
470.934540      1415.2770996094
471.285614      1352.5308837891
471.636627      1394.3616943359
471.987610      1338.5872802734
472.338562      1329.2915039063
472.689453      1380.4180908203
473.040375      1315.3479003906
473.391205      1394.3616943359
473.741974      1405.9814453125
474.092773      1317.6718750000
474.443481      1368.7984619141
474.794159      1392.0378417969
475.144806      1275.8409423828
475.495422      1368.7984619141
475.846039      1343.2351074219
476.196533      1378.0942382813
476.547028      1419.9250488281
476.897522      1340.9112548828
477.247925      1322.3197021484
477.598328      1366.4744873047
477.948700      1340.9112548828
478.299011      1371.1223144531
478.649231      1433.8686523438
478.999481      1422.2490234375
479.349701      1433.8686523438
479.699829      1424.5728759766
480.049988      1392.0378417969
480.400055      1433.8686523438
480.750153      1396.6856689453
481.100128      1336.2633056641
481.450104      1322.3197021484
481.800049      1373.4462890625
482.149963      1415.2770996094
482.499786      1338.5872802734
482.849670      1408.3052978516
483.199432      1313.0239257813
483.549194      1415.2770996094
483.898926      1403.6574707031
484.248566      1405.9814453125
484.598206      1452.4600830078
484.947815      1333.9394531250
485.297394      1354.8548583984
485.646912      1399.0096435547
485.996399      1338.5872802734
486.345825      1364.1505126953
486.695282      1424.5728759766
487.044617      1380.4180908203
487.393951      1301.4042968750
487.743286      1333.9394531250
488.092529      1394.3616943359
488.441711      1401.3334960938
488.790955      1368.7984619141
489.140076      1371.1223144531
489.489197      1410.6292724609
489.838257      1306.0521240234
490.187286      1394.3616943359
490.536316      1382.7420654297
490.885254      1347.8830566406
491.234161      1354.8548583984
491.583069      1359.5026855469
491.931915      1375.7702636719
492.280731      1345.5590820313
492.629486      1301.4042968750
492.978210      1343.2351074219
493.326874      1273.5170898438
493.675568      1373.4462890625
494.024200      1350.2069091797
494.372742      1375.7702636719
494.721313      1373.4462890625
495.069824      1389.7138671875
495.418274      1378.0942382813
495.766724      1410.6292724609
496.115112      1336.2633056641
496.463470      1389.7138671875
496.811768      1408.3052978516
497.160034      1415.2770996094
497.508301      1371.1223144531
497.856506      1385.0660400391
498.204651      1382.7420654297
498.552765      1345.5590820313
498.900848      1364.1505126953
499.248901      1396.6856689453
499.596924      1454.7840576172
499.944885      1385.0660400391
500.292816      1368.7984619141
500.640778      1359.5026855469
500.988556      1322.3197021484
501.336426      1306.0521240234
501.684204      1431.5446777344
502.031952      1352.5308837891
502.379700      1373.4462890625
502.727295      1415.2770996094
503.074982      1329.2915039063
503.422546      1417.6010742188
503.770081      1405.9814453125
504.117615      1375.7702636719
504.465088      1417.6010742188
504.812561      1389.7138671875
505.159943      1392.0378417969
505.507294      1331.6154785156
505.854645      1389.7138671875
506.201904      1415.2770996094
506.549194      1364.1505126953
506.896332      1380.4180908203
507.243591      1438.5164794922
507.590698      1405.9814453125
507.937775      1424.5728759766
508.284912      1389.7138671875
508.631836      1396.6856689453
508.978851      1464.0798339844
509.325806      1401.3334960938
509.672699      1282.8127441406
510.019592      1394.3616943359
510.366364      1354.8548583984
510.713196      1347.8830566406
511.059937      1366.4744873047
511.406677      1373.4462890625
511.753326      1361.8266601563
512.099976      1422.2490234375
512.446594      1419.9250488281
512.793091      1373.4462890625
513.139648      1410.6292724609
513.486145      1343.2351074219
513.832520      1340.9112548828
514.179016      1419.9250488281
514.525269      1378.0942382813
514.871704      1340.9112548828
515.217957      1294.4324951172
515.564209      1352.5308837891
515.910522      1315.3479003906
516.256531      1359.5026855469
516.602783      1408.3052978516
516.948853      1310.7000732422
517.294922      1347.8830566406
517.640930      1394.3616943359
517.986877      1466.4038085938
518.332886      1385.0660400391
518.678711      1387.3898925781
519.024658      1354.8548583984
519.370422      1317.6718750000
519.716248      1345.5590820313
520.062073      1371.1223144531
520.407715      1378.0942382813
520.753418      1329.2915039063
521.099060      1331.6154785156
521.444580      1382.7420654297
521.790222      1375.7702636719
522.135681      1333.9394531250
522.481201      1301.4042968750
522.826660      1359.5026855469
523.172058      1364.1505126953
523.517395      1366.4744873047
523.862671      1401.3334960938
524.208069      1412.9532470703
524.553284      1313.0239257813
524.898438      1410.6292724609
525.243591      1354.8548583984
525.588745      1354.8548583984
525.933899      1357.1787109375
526.278931      1464.0798339844
526.623962      1415.2770996094
526.968872      1364.1505126953
527.313904      1438.5164794922
527.658813      1301.4042968750
528.003601      1343.2351074219
528.348450      1303.7282714844
528.693237      1401.3334960938
529.037964      1359.5026855469
529.382751      1403.6574707031
529.727356      1387.3898925781
530.072021      1392.0378417969
530.416626      1347.8830566406
530.761169      1347.8830566406
531.105652      1336.2633056641
531.450134      1343.2351074219
531.794617      1361.8266601563
532.138916      1401.3334960938
532.483337      1313.0239257813
532.827637      1366.4744873047
533.171936      1322.3197021484
533.516174      1340.9112548828
533.860352      1345.5590820313
534.204529      1385.0660400391
534.548645      1310.7000732422
534.892700      1424.5728759766
535.236816      1308.3760986328
535.580750      1331.6154785156
535.924744      1347.8830566406
536.268738      1412.9532470703
536.612549      1357.1787109375
536.956421      1324.6436767578
537.300232      1440.8404541016
537.644043      1361.8266601563
537.987671      1350.2069091797
538.331421      1401.3334960938
538.675049      1371.1223144531
539.018677      1401.3334960938
539.362305      1382.7420654297
539.705750      1371.1223144531
540.049316      1331.6154785156
540.392822      1394.3616943359
540.736145      1359.5026855469
541.079590      1306.0521240234
541.422913      1368.7984619141
541.766235      1354.8548583984
542.109436      1340.9112548828
542.452698      1366.4744873047
542.795898      1359.5026855469
543.138977      1310.7000732422
543.482178      1273.5170898438
543.825195      1405.9814453125
544.168213      1412.9532470703
544.511230      1378.0942382813
544.854187      1373.4462890625
545.197083      1354.8548583984
545.539917      1464.0798339844
545.882813      1329.2915039063
546.225586      1338.5872802734
546.568359      1306.0521240234
546.911133      1336.2633056641
547.253662      1352.5308837891
547.596436      1375.7702636719
547.938965      1396.6856689453
548.281494      1403.6574707031
548.624084      1364.1505126953
548.966492      1366.4744873047
549.308960      1415.2770996094
549.651367      1354.8548583984
549.993713      1299.0803222656
550.336060      1313.0239257813
550.678345      1380.4180908203
551.020630      1329.2915039063
551.362732      1285.1367187500
551.704956      1306.0521240234
552.047058      1352.5308837891
552.389160      1347.8830566406
552.731262      1378.0942382813
553.073181      1366.4744873047
553.415161      1375.7702636719
553.757080      1364.1505126953
554.098999      1347.8830566406
554.440857      1396.6856689453
554.782593      1410.6292724609
555.124390      1359.5026855469
555.466125      1343.2351074219
555.807800      1389.7138671875
556.149414      1361.8266601563
556.491089      1466.4038085938
556.832642      1394.3616943359
557.174133      1405.9814453125
557.515686      1352.5308837891
557.857117      1375.7702636719
558.198486      1364.1505126953
558.539917      1389.7138671875
558.881165      1338.5872802734
559.222534      1394.3616943359
559.563782      1396.6856689453
559.904968      1359.5026855469
560.246216      1308.3760986328
560.587280      1359.5026855469
560.928406      1368.7984619141
561.269470      1422.2490234375
561.610474      1347.8830566406
561.951477      1382.7420654297
562.292297      1382.7420654297
562.633301      1364.1505126953
562.974121      1412.9532470703
563.315002      1378.0942382813
563.655762      1382.7420654297
563.996460      1371.1223144531
564.337158      1352.5308837891
564.677795      1436.1926269531
565.018433      1361.8266601563
565.359009      1382.7420654297
565.699524      1366.4744873047
566.040100      1375.7702636719
566.380493      1378.0942382813
566.720947      1394.3616943359
567.061340      1345.5590820313
567.401611      1317.6718750000
567.742004      1436.1926269531
568.082153      1331.6154785156
568.422424      1324.6436767578
568.762634      1275.8409423828
569.102722      1359.5026855469
569.442810      1359.5026855469
569.782898      1275.8409423828
570.122986      1352.5308837891
570.462830      1426.8968505859
570.802856      1394.3616943359
571.142761      1350.2069091797
571.482605      1405.9814453125
571.822449      1415.2770996094
572.162170      1424.5728759766
572.501953      1445.4882812500
572.841675      1382.7420654297
573.181274      1380.4180908203
573.520996      1324.6436767578
573.860474      1408.3052978516
574.200073      1368.7984619141
574.539551      1336.2633056641
574.878967      1401.3334960938
575.218384      1338.5872802734
575.557739      1378.0942382813
575.897156      1424.5728759766
576.236450      1359.5026855469
576.575684      1315.3479003906
576.914856      1394.3616943359
577.254089      1454.7840576172
577.593262      1352.5308837891
577.932251      1399.0096435547
578.271362      1364.1505126953
578.610352      1399.0096435547
578.949341      1347.8830566406
579.288330      1399.0096435547
579.627197      1324.6436767578
579.966064      1343.2351074219
580.304871      1382.7420654297
580.643677      1345.5590820313
580.982483      1380.4180908203
581.321045      1389.7138671875
581.659790      1412.9532470703
581.998413      1340.9112548828
582.336914      1405.9814453125
582.675476      1347.8830566406
583.013916      1417.6010742188
583.352478      1433.8686523438
583.690796      1392.0378417969
584.029175      1368.7984619141
584.367493      1424.5728759766
584.705811      1375.7702636719
585.044128      1403.6574707031
585.382202      1443.1644287109
585.720459      1345.5590820313
586.058594      1399.0096435547
586.396667      1350.2069091797
586.734802      1410.6292724609
587.072693      1366.4744873047
587.410767      1392.0378417969
587.748657      1410.6292724609
588.086487      1422.2490234375
588.424316      1289.7845458984
588.762146      1396.6856689453
589.099976      1317.6718750000
589.437622      1340.9112548828
589.775391      1403.6574707031
590.113037      1392.0378417969
590.450623      1387.3898925781
590.788208      1394.3616943359
591.125671      1371.1223144531
591.463196      1399.0096435547
591.800659      1415.2770996094
592.138062      1338.5872802734
592.475464      1347.8830566406
592.812683      1357.1787109375
593.150024      1394.3616943359
593.487244      1408.3052978516
593.824402      1333.9394531250
594.161621      1373.4462890625
594.498657      1333.9394531250
594.835815      1368.7984619141
595.172852      1364.1505126953
595.509827      1261.8973388672
595.846741      1387.3898925781
596.183655      1271.1931152344
596.520630      1259.5734863281
596.857422      1306.0521240234
597.194214      1378.0942382813
597.530945      1347.8830566406
597.867615      1350.2069091797
598.204346      1326.9675292969
598.540955      1271.1931152344
598.877563      1364.1505126953
599.214111      1354.8548583984
599.550598      1324.6436767578
599.887085      1359.5026855469
600.223450      1422.2490234375
600.559937      1326.9675292969
600.896240      1436.1926269531
601.232544      1419.9250488281
601.568787      1417.6010742188
601.905029      1375.7702636719
602.241272      1378.0942382813
602.577271      1410.6292724609
602.913452      1357.1787109375
603.249512      1387.3898925781
603.585510      1322.3197021484
603.921509      1405.9814453125
604.257385      1387.3898925781
604.593323      1380.4180908203
604.929199      1385.0660400391
605.264954      1387.3898925781
605.600830      1473.3756103516
605.936462      1352.5308837891
606.272217      1294.4324951172
606.607849      1438.5164794922
606.943420      1326.9675292969
607.278992      1401.3334960938
607.614502      1354.8548583984
607.950012      1419.9250488281
608.285461      1380.4180908203
608.620850      1417.6010742188
608.956177      1259.5734863281
609.291504      1329.2915039063
609.626831      1292.1085205078
609.962036      1340.9112548828
610.297302      1310.7000732422
610.632446      1385.0660400391
610.967529      1359.5026855469
611.302673      1436.1926269531
611.637634      1359.5026855469
611.972656      1361.8266601563
612.307617      1338.5872802734
612.642517      1371.1223144531
612.977356      1440.8404541016
613.312195      1359.5026855469
613.646973      1380.4180908203
613.981750      1359.5026855469
614.316406      1389.7138671875
614.651062      1280.4888916016
614.985657      1347.8830566406
615.320313      1317.6718750000
615.654846      1306.0521240234
615.989319      1310.7000732422
616.323792      1333.9394531250
616.658203      1424.5728759766
616.992615      1415.2770996094
617.326904      1380.4180908203
617.661194      1350.2069091797
617.995483      1364.1505126953
618.329712      1326.9675292969
618.663940      1306.0521240234
618.997925      1445.4882812500
619.332092      1354.8548583984
619.666077      1310.7000732422
620.000061      1364.1505126953
620.334045      1368.7984619141
620.667969      1375.7702636719
621.001892      1478.0234375000
621.335632      1396.6856689453
621.669495      1392.0378417969
622.003296      1357.1787109375
622.336914      1380.4180908203
622.670654      1389.7138671875
623.004272      1336.2633056641
623.337891      1345.5590820313
623.671387      1366.4744873047
624.004883      1350.2069091797
624.338440      1392.0378417969
624.671753      1336.2633056641
625.005249      1375.7702636719
625.338562      1399.0096435547
625.671814      1350.2069091797
626.005066      1350.2069091797
626.338257      1424.5728759766
626.671509      1322.3197021484
627.004578      1359.5026855469
627.337708      1359.5026855469
627.670776      1366.4744873047
628.003723      1373.4462890625
628.336731      1306.0521240234
628.669556      1340.9112548828
629.002502      1336.2633056641
629.335327      1408.3052978516
629.668152      1378.0942382813
630.000916      1380.4180908203
630.333618      1373.4462890625
630.666321      1401.3334960938
630.998962      1380.4180908203
631.331482      1331.6154785156
631.664063      1371.1223144531
631.996521      1313.0239257813
632.329102      1326.9675292969
632.661499      1419.9250488281
632.993835      1445.4882812500
633.326172      1326.9675292969
633.658447      1331.6154785156
633.990784      1336.2633056641
634.322937      1287.4606933594
634.655212      1294.4324951172
634.987244      1440.8404541016
635.319397      1417.6010742188
635.651489      1336.2633056641
635.983398      1378.0942382813
636.315430      1361.8266601563
636.647278      1380.4180908203
636.979187      1350.2069091797
637.311035      1333.9394531250
637.642761      1389.7138671875
637.974609      1361.8266601563
638.306335      1322.3197021484
638.637939      1345.5590820313
638.969604      1408.3052978516
639.301147      1368.7984619141
639.632751      1331.6154785156
639.964233      1387.3898925781
640.295715      1340.9112548828
640.627075      1361.8266601563
640.958496      1350.2069091797
641.289917      1338.5872802734
641.621094      1345.5590820313
641.952393      1303.7282714844
642.283569      1431.5446777344
642.614746      1364.1505126953
642.945923      1387.3898925781
643.276917      1389.7138671875
643.608093      1375.7702636719
643.939026      1359.5026855469
644.269958      1392.0378417969
644.600891      1347.8830566406
644.931763      1333.9394531250
645.262634      1333.9394531250
645.593384      1364.1505126953
645.924133      1405.9814453125
646.254822      1338.5872802734
646.585510      1317.6718750000
646.916199      1368.7984619141
647.246704      1375.7702636719
647.577271      1429.2208251953
647.907715      1282.8127441406
648.238220      1317.6718750000
648.568665      1385.0660400391
648.898987      1375.7702636719
649.229309      1319.9957275391
649.559570      1333.9394531250
649.889832      1338.5872802734
650.220093      1368.7984619141
650.550171      1345.5590820313
650.880310      1310.7000732422
651.210388      1338.5872802734
651.540405      1399.0096435547
651.870422      1326.9675292969
652.200317      1380.4180908203
652.530273      1324.6436767578
652.860046      1340.9112548828
653.189941      1326.9675292969
653.519775      1387.3898925781
653.849426      1392.0378417969
654.179199      1361.8266601563
654.508789      1410.6292724609
654.838440      1387.3898925781
655.168030      1333.9394531250
655.497498      1440.8404541016
655.827026      1401.3334960938
656.156372      1371.1223144531
656.485840      1443.1644287109
656.815247      1371.1223144531
657.144470      1301.4042968750
657.473755      1329.2915039063
657.802979      1350.2069091797
658.132202      1361.8266601563
658.461243      1345.5590820313
658.790466      1352.5308837891
659.119507      1331.6154785156
659.448486      1350.2069091797
659.777527      1373.4462890625
660.106384      1308.3760986328
660.435242      1371.1223144531
660.764160      1394.3616943359
661.092896      1440.8404541016
661.421692      1378.0942382813
661.750427      1399.0096435547
662.079102      1310.7000732422
662.407715      1405.9814453125
662.736328      1364.1505126953
663.064880      1345.5590820313
663.393311      1326.9675292969
663.721802      1385.0660400391
664.050232      1387.3898925781
664.378601      1375.7702636719
664.706970      1399.0096435547
665.035217      1380.4180908203
665.363525      1380.4180908203
665.691650      1280.4888916016
666.019897      1352.5308837891
666.347961      1403.6574707031
666.676086      1371.1223144531
667.004150      1331.6154785156
667.332092      1331.6154785156
667.660095      1338.5872802734
667.987915      1422.2490234375
668.315796      1326.9675292969
668.643677      1359.5026855469
668.971436      1408.3052978516
669.299133      1429.2208251953
669.626892      1394.3616943359
669.954468      1322.3197021484
670.282104      1366.4744873047
670.609619      1336.2633056641
670.937256      1352.5308837891
671.264587      1319.9957275391
671.592163      1464.0798339844
671.919495      1392.0378417969
672.246887      1375.7702636719
672.574097      1394.3616943359
672.901489      1289.7845458984
673.228699      1366.4744873047
673.555847      1415.2770996094
673.882996      1419.9250488281
674.210022      1354.8548583984
674.537109      1301.4042968750
674.864136      1419.9250488281
675.191101      1396.6856689453
675.518005      1306.0521240234
675.844849      1336.2633056641
676.171692      1368.7984619141
676.498535      1389.7138671875
676.825256      1336.2633056641
677.151978      1343.2351074219
677.478577      1417.6010742188
677.805237      1387.3898925781
678.131836      1382.7420654297
678.458435      1385.0660400391
678.784851      1359.5026855469
679.111328      1373.4462890625
679.437744      1345.5590820313
679.764099      1357.1787109375
680.090454      1340.9112548828
680.416687      1385.0660400391
680.742920      1392.0378417969
681.069153      1371.1223144531
681.395203      1368.7984619141
681.721313      1333.9394531250
682.047485      1343.2351074219
682.373474      1326.9675292969
682.699402      1333.9394531250
683.025391      1375.7702636719
683.351196      1347.8830566406
683.677063      1375.7702636719
684.002930      1352.5308837891
684.328674      1387.3898925781
684.654358      1333.9394531250
684.980042      1405.9814453125
685.305603      1338.5872802734
685.631287      1378.0942382813
685.956787      1366.4744873047
686.282288      1366.4744873047
686.607788      1392.0378417969
686.933167      1343.2351074219
687.258545      1389.7138671875
687.583923      1394.3616943359
687.909180      1382.7420654297
688.234375      1378.0942382813
688.559631      1336.2633056641
688.884766      1331.6154785156
689.209839      1375.7702636719
689.534973      1361.8266601563
689.859924      1387.3898925781
690.184937      1222.3905029297
690.509827      1392.0378417969
690.834717      1417.6010742188
691.159668      1403.6574707031
691.484436      1373.4462890625
691.809204      1350.2069091797
692.133911      1354.8548583984
692.458557      1401.3334960938
692.783142      1394.3616943359
693.107849      1385.0660400391
693.432312      1410.6292724609
693.756836      1445.4882812500
694.081238      1315.3479003906
694.405701      1340.9112548828
694.730164      1401.3334960938
695.054443      1354.8548583984
695.378723      1375.7702636719
695.702942      1447.8122558594
696.027100      1352.5308837891
696.351257      1350.2069091797
696.675476      1368.7984619141
696.999512      1394.3616943359
697.323486      1385.0660400391
697.647461      1324.6436767578
697.971375      1392.0378417969
698.295349      1401.3334960938
698.619202      1371.1223144531
698.942993      1352.5308837891
699.266724      1347.8830566406
699.590393      1392.0378417969
699.914124      1399.0096435547
700.237793      1345.5590820313
700.561340      1426.8968505859
700.884949      1315.3479003906
701.208374      1352.5308837891
701.531860      1408.3052978516
701.855286      1412.9532470703
702.178650      1378.0942382813
702.501953      1389.7138671875
702.825195      1389.7138671875
703.148499      1385.0660400391
703.471680      1350.2069091797
703.794861      1373.4462890625
704.117981      1296.7564697266
704.440979      1408.3052978516
704.764038      1475.6994628906
705.086975      1329.2915039063
705.409851      1382.7420654297
705.732849      1385.0660400391
706.055664      1322.3197021484
706.378479      1424.5728759766
706.701233      1385.0660400391
707.023926      1368.7984619141
707.346619      1306.0521240234
707.669250      1354.8548583984
707.991821      1408.3052978516
708.314392      1438.5164794922
708.636841      1401.3334960938
708.959290      1387.3898925781
709.281738      1366.4744873047
709.604065      1415.2770996094
709.926392      1387.3898925781
710.248657      1392.0378417969
710.570862      1359.5026855469
710.893066      1368.7984619141
711.215210      1373.4462890625
711.537292      1364.1505126953
711.859314      1306.0521240234
712.181335      1259.5734863281
712.503357      1357.1787109375
712.825256      1399.0096435547
713.147156      1436.1926269531
713.468994      1385.0660400391
713.790771      1340.9112548828
714.112488      1357.1787109375
714.434143      1412.9532470703
714.755859      1294.4324951172
715.077515      1292.1085205078
715.399109      1368.7984619141
715.720581      1315.3479003906
716.042053      1329.2915039063
716.363525      1403.6574707031
716.684875      1415.2770996094
717.006287      1345.5590820313
717.327576      1382.7420654297
717.648804      1426.8968505859
717.969971      1322.3197021484
718.291260      1378.0942382813
718.612366      1352.5308837891
718.933411      1364.1505126953
719.254395      1333.9394531250
719.575439      1306.0521240234
719.896362      1399.0096435547
720.217285      1373.4462890625
720.538147      1345.5590820313
720.859009      1338.5872802734
721.179749      1343.2351074219
721.500488      1322.3197021484
721.821228      1329.2915039063
722.141785      1396.6856689453
722.462402      1315.3479003906
722.782959      1306.0521240234
723.103455      1399.0096435547
723.423950      1401.3334960938
723.744385      1410.6292724609
724.064758      1375.7702636719
724.385071      1357.1787109375
724.705322      1401.3334960938
725.025574      1333.9394531250
725.345825      1443.1644287109
725.665955      1399.0096435547
725.986023      1340.9112548828
726.306091      1403.6574707031
726.626099      1371.1223144531
726.946045      1329.2915039063
727.266052      1357.1787109375
727.585938      1396.6856689453
727.905762      1375.7702636719
728.225525      1350.2069091797
728.545288      1308.3760986328
728.864990      1394.3616943359
729.184692      1422.2490234375
729.504333      1387.3898925781
729.823853      1408.3052978516
730.143372      1329.2915039063
730.462891      1329.2915039063
730.782410      1382.7420654297
731.101746      1389.7138671875
731.421143      1373.4462890625
731.740417      1380.4180908203
732.059631      1415.2770996094
732.378845      1296.7564697266
732.698059      1368.7984619141
733.017212      1296.7564697266
733.336304      1385.0660400391
733.655273      1394.3616943359
733.974304      1373.4462890625
734.293335      1394.3616943359
734.612183      1364.1505126953
734.931030      1403.6574707031
735.249878      1347.8830566406
735.568665      1343.2351074219
735.887329      1361.8266601563
736.206055      1368.7984619141
736.524658      1292.1085205078
736.843262      1385.0660400391
737.161804      1347.8830566406
737.480286      1299.0803222656
737.798828      1392.0378417969
738.117249      1415.2770996094
738.435608      1382.7420654297
738.753906      1331.6154785156
739.072205      1431.5446777344
739.390442      1340.9112548828
739.708618      1315.3479003906
740.026733      1345.5590820313
740.344849      1343.2351074219
740.662903      1357.1787109375
740.980957      1359.5026855469
741.298889      1331.6154785156
741.616821      1359.5026855469
741.934692      1352.5308837891
742.252502      1375.7702636719
742.570313      1410.6292724609
742.888062      1392.0378417969
743.205750      1389.7138671875
743.523438      1378.0942382813
743.841003      1429.2208251953
744.158569      1371.1223144531
744.476074      1331.6154785156
744.793518      1468.7276611328
745.111023      1368.7984619141
745.428345      1408.3052978516
745.745728      1373.4462890625
746.062988      1373.4462890625
746.380249      1447.8122558594
746.697449      1471.0516357422
747.014648      1410.6292724609
747.331726      1299.0803222656
747.648804      1410.6292724609
747.965759      1366.4744873047
748.282776      1396.6856689453
748.599731      1436.1926269531
748.916626      1431.5446777344
749.233459      1389.7138671875
749.550232      1359.5026855469
749.867004      1378.0942382813
750.183655      1343.2351074219
750.500366      1403.6574707031
750.816956      1345.5590820313
751.133545      1326.9675292969
751.450073      1399.0096435547
751.766479      1354.8548583984
752.083008      1317.6718750000
752.399414      1375.7702636719
752.715698      1396.6856689453
753.032043      1399.0096435547
753.348328      1350.2069091797
753.664429      1452.4600830078
753.980713      1315.3479003906
754.296814      1371.1223144531
754.612854      1352.5308837891
754.928833      1340.9112548828
755.244873      1347.8830566406
755.560852      1350.2069091797
755.876709      1324.6436767578
756.192505      1333.9394531250
756.508362      1380.4180908203
756.824097      1371.1223144531
757.139771      1357.1787109375
757.455505      1368.7984619141
757.771118      1378.0942382813
758.086670      1336.2633056641
758.402222      1299.0803222656
758.717712      1389.7138671875
759.033081      1352.5308837891
759.348511      1354.8548583984
759.663879      1315.3479003906
759.979187      1287.4606933594
760.294434      1359.5026855469
760.609619      1345.5590820313
760.924805      1354.8548583984
761.239929      1340.9112548828
761.554993      1352.5308837891
761.869995      1410.6292724609
762.184998      1340.9112548828
762.499939      1366.4744873047
762.814880      1385.0660400391
763.129700      1375.7702636719
763.444519      1389.7138671875
763.759277      1422.2490234375
764.073975      1359.5026855469
764.388672      1403.6574707031
764.703308      1375.7702636719
765.017883      1354.8548583984
765.332397      1322.3197021484
765.646851      1394.3616943359
765.961304      1306.0521240234
766.275696      1387.3898925781
766.590088      1366.4744873047
766.904358      1331.6154785156
767.218628      1329.2915039063
767.532776      1408.3052978516
767.846924      1399.0096435547
768.161072      1389.7138671875
768.475159      1410.6292724609
768.789185      1410.6292724609
769.103149      1361.8266601563
769.417114      1350.2069091797
769.731079      1354.8548583984
770.044861      1378.0942382813
770.358643      1408.3052978516
770.672363      1364.1505126953
770.986084      1347.8830566406
771.299683      1405.9814453125
771.613403      1378.0942382813
771.927002      1440.8404541016
772.240479      1347.8830566406
772.553955      1352.5308837891
772.867371      1380.4180908203
773.180847      1333.9394531250
773.494141      1308.3760986328
773.807434      1399.0096435547
774.120667      1368.7984619141
774.433899      1380.4180908203
774.747009      1331.6154785156
775.060181      1333.9394531250
775.373230      1303.7282714844
775.686218      1403.6574707031
775.999207      1389.7138671875
776.312073      1371.1223144531
776.624939      1368.7984619141
776.937866      1299.0803222656
777.250671      1322.3197021484
777.563416      1396.6856689453
777.876099      1315.3479003906
778.188721      1408.3052978516
778.501343      1331.6154785156
778.813904      1399.0096435547
779.126404      1350.2069091797
779.438904      1494.2910156250
779.751282      1392.0378417969
780.063660      1412.9532470703
780.376038      1285.1367187500
780.688293      1364.1505126953
781.000549      1336.2633056641
781.312683      1399.0096435547
781.624817      1333.9394531250
781.937012      1394.3616943359
782.249023      1373.4462890625
782.561035      1405.9814453125
782.872986      1387.3898925781
783.184937      1306.0521240234
783.496765      1385.0660400391
783.808655      1389.7138671875
784.120422      1338.5872802734
784.432129      1399.0096435547
784.743774      1392.0378417969
785.055420      1338.5872802734
785.367004      1352.5308837891
785.678589      1336.2633056641
785.990051      1387.3898925781
786.301514      1345.5590820313
786.612976      1350.2069091797
786.924316      1422.2490234375
787.235657      1357.1787109375
787.546936      1415.2770996094
787.858154      1401.3334960938
788.169312      1322.3197021484
788.480408      1359.5026855469
788.791504      1336.2633056641
789.102600      1408.3052978516
789.413513      1403.6574707031
789.724487      1438.5164794922
790.035400      1399.0096435547
790.346191      1378.0942382813
790.657043      1354.8548583984
790.967834      1410.6292724609
791.278564      1408.3052978516
791.589172      1459.4320068359
791.899780      1345.5590820313
792.210327      1338.5872802734
792.520935      1343.2351074219
792.831421      1308.3760986328
793.141846      1401.3334960938
793.452209      1412.9532470703
793.762573      1403.6574707031
794.072815      1354.8548583984
794.383118      1392.0378417969
794.693359      1357.1787109375
795.003479      1333.9394531250
795.313538      1375.7702636719
795.623596      1459.4320068359
795.933716      1380.4180908203
796.243652      1394.3616943359
796.553589      1380.4180908203
796.863464      1299.0803222656
797.173218      1459.4320068359
797.483032      1399.0096435547
797.792786      1424.5728759766
798.102478      1340.9112548828
798.412109      1331.6154785156
798.721741      1403.6574707031
799.031250      1364.1505126953
799.340820      1261.8973388672
799.650269      1382.7420654297
799.959656      1371.1223144531
800.269043      1433.8686523438
800.578369      1380.4180908203
800.887573      1417.6010742188
801.196899      1357.1787109375
801.505981      1399.0096435547
801.815186      1429.2208251953
802.124207      1394.3616943359
802.433289      1405.9814453125
802.742188      1359.5026855469
803.051270      1357.1787109375
803.360168      1322.3197021484
803.668945      1373.4462890625
803.977783      1375.7702636719
804.286499      1368.7984619141
804.595276      1380.4180908203
804.903931      1315.3479003906
805.212524      1424.5728759766
805.521057      1426.8968505859
805.829590      1389.7138671875
806.138062      1396.6856689453
806.446533      1419.9250488281
806.754944      1364.1505126953
807.063293      1345.5590820313
807.371521      1329.2915039063
807.679749      1326.9675292969
807.987976      1347.8830566406
808.296143      1331.6154785156
808.604248      1405.9814453125
808.912292      1326.9675292969
809.220276      1368.7984619141
809.528198      1357.1787109375
809.836182      1387.3898925781
810.144043      1329.2915039063
810.451843      1380.4180908203
810.759644      1343.2351074219
811.067322      1350.2069091797
811.375061      1401.3334960938
811.682678      1403.6574707031
811.990295      1378.0942382813
812.297791      1368.7984619141
812.605286      1378.0942382813
812.912720      1399.0096435547
813.220154      1403.6574707031
813.527527      1340.9112548828
813.834839      1294.4324951172
814.142029      1364.1505126953
814.449219      1378.0942382813
814.756409      1424.5728759766
815.063538      1392.0378417969
815.370605      1352.5308837891
815.677612      1389.7138671875
815.984619      1415.2770996094
816.291504      1389.7138671875
816.598389      1373.4462890625
816.905273      1354.8548583984
817.212036      1385.0660400391
817.518738      1410.6292724609
817.825439      1361.8266601563
818.132080      1359.5026855469
818.438721      1333.9394531250
818.745239      1382.7420654297
819.051758      1403.6574707031
819.358215      1322.3197021484
819.664612      1319.9957275391
819.971008      1322.3197021484
820.277344      1394.3616943359
820.583557      1412.9532470703
820.889771      1403.6574707031
821.195923      1371.1223144531
821.502075      1366.4744873047
821.808167      1338.5872802734
822.114197      1319.9957275391
822.420166      1296.7564697266
822.726074      1410.6292724609
823.031921      1387.3898925781
823.337769      1371.1223144531
823.643677      1403.6574707031
823.949402      1380.4180908203
824.255066      1306.0521240234
824.560730      1299.0803222656
824.866272      1405.9814453125
825.171936      1354.8548583984
825.477356      1333.9394531250
825.782837      1324.6436767578
826.088257      1359.5026855469
826.393616      1371.1223144531
826.698914      1329.2915039063
827.004272      1322.3197021484
827.309448      1375.7702636719
827.614624      1366.4744873047
827.919739      1368.7984619141
828.224854      1324.6436767578
828.529907      1443.1644287109
828.834839      1336.2633056641
829.139832      1359.5026855469
829.444702      1345.5590820313
829.749512      1378.0942382813
830.054260      1371.1223144531
830.359131      1350.2069091797
830.663818      1357.1787109375
830.968506      1422.2490234375
831.273071      1338.5872802734
831.577576      1394.3616943359
831.882080      1361.8266601563
832.186646      1457.1080322266
832.491028      1375.7702636719
832.795410      1408.3052978516
833.099731      1345.5590820313
833.403931      1405.9814453125
833.708191      1368.7984619141
834.012390      1336.2633056641
834.316467      1326.9675292969
834.620605      1412.9532470703
834.924622      1405.9814453125
835.228577      1373.4462890625
835.532593      1322.3197021484
835.836426      1373.4462890625
836.140320      1385.0660400391
836.444031      1405.9814453125
836.747803      1326.9675292969
837.051514      1357.1787109375
837.355225      1378.0942382813
837.658752      1338.5872802734
837.962341      1324.6436767578
838.265808      1380.4180908203
838.569336      1331.6154785156
838.872742      1354.8548583984
839.176147      1333.9394531250
839.479370      1347.8830566406
839.782715      1352.5308837891
840.085876      1399.0096435547
840.389038      1336.2633056641
840.692261      1373.4462890625
840.995300      1375.7702636719
841.298340      1357.1787109375
841.601257      1322.3197021484
841.904236      1361.8266601563
842.207153      1324.6436767578
842.509949      1343.2351074219
842.812805      1375.7702636719
843.115540      1338.5872802734
843.418152      1375.7702636719
843.720825      1319.9957275391
844.023438      1371.1223144531
844.325989      1368.7984619141
844.628540      1347.8830566406
844.930969      1352.5308837891
845.233337      1368.7984619141
845.535767      1350.2069091797
845.838013      1366.4744873047
846.140259      1382.7420654297
846.442505      1343.2351074219
846.744690      1373.4462890625
847.046753      1392.0378417969
847.348877      1345.5590820313
847.650879      1347.8830566406
847.952881      1378.0942382813
848.254761      1347.8830566406
848.556641      1357.1787109375
848.858459      1326.9675292969
849.160278      1378.0942382813
849.462036      1371.1223144531
849.763733      1345.5590820313
850.065308      1399.0096435547
850.366882      1412.9532470703
850.668518      1380.4180908203
850.969971      1354.8548583984
851.271423      1412.9532470703
851.572815      1331.6154785156
851.874084      1375.7702636719
852.175476      1443.1644287109
852.476685      1389.7138671875
852.777893      1422.2490234375
853.079041      1396.6856689453
853.380127      1368.7984619141
853.681213      1371.1223144531
853.982239      1364.1505126953
854.283203      1310.7000732422
854.584106      1296.7564697266
854.885010      1396.6856689453
855.185791      1396.6856689453
855.486572      1319.9957275391
855.787292      1303.7282714844
856.088013      1392.0378417969
856.388611      1357.1787109375
856.689148      1364.1505126953
856.989685      1387.3898925781
857.290161      1403.6574707031
857.590637      1387.3898925781
857.890991      1392.0378417969
858.191284      1378.0942382813
858.491577      1382.7420654297
858.791809      1375.7702636719
859.092041      1347.8830566406
859.392212      1401.3334960938
859.692261      1410.6292724609
859.992310      1373.4462890625
860.292297      1415.2770996094
860.592224      1371.1223144531
860.892151      1380.4180908203
861.191956      1408.3052978516
861.491760      1347.8830566406
861.791565      1392.0378417969
862.091248      1378.0942382813
862.390930      1399.0096435547
862.690552      1378.0942382813
862.990051      1387.3898925781
863.289551      1410.6292724609
863.589050      1399.0096435547
863.888428      1310.7000732422
864.187805      1343.2351074219
864.487122      1401.3334960938
864.786377      1378.0942382813
865.085632      1373.4462890625
865.384705      1343.2351074219
865.683838      1412.9532470703
865.982971      1443.1644287109
866.281982      1385.0660400391
866.580933      1389.7138671875
866.879883      1350.2069091797
867.178711      1315.3479003906
867.477600      1394.3616943359
867.776367      1357.1787109375
868.075134      1364.1505126953
868.373718      1357.1787109375
868.672424      1308.3760986328
868.970947      1385.0660400391
869.269531      1422.2490234375
869.568054      1408.3052978516
869.866455      1317.6718750000
870.164856      1403.6574707031
870.463196      1436.1926269531
870.761536      1396.6856689453
871.059753      1380.4180908203
871.357971      1373.4462890625
871.656067      1361.8266601563
871.954102      1408.3052978516
872.252197      1361.8266601563
872.550232      1415.2770996094
872.848206      1329.2915039063
873.146057      1350.2069091797
873.443848      1366.4744873047
873.741638      1331.6154785156
874.039429      1319.9957275391
874.337158      1352.5308837891
874.634827      1357.1787109375
874.932373      1401.3334960938
875.229980      1340.9112548828
875.527466      1313.0239257813
875.825012      1431.5446777344
876.122375      1357.1787109375
876.419739      1354.8548583984
876.717041      1359.5026855469
877.014282      1371.1223144531
877.311462      1436.1926269531
877.608704      1392.0378417969
877.905762      1371.1223144531
878.202881      1373.4462890625
878.499817      1352.5308837891
878.796814      1399.0096435547
879.093811      1343.2351074219
879.390625      1357.1787109375
879.687439      1385.0660400391
879.984253      1392.0378417969
880.280884      1412.9532470703
880.577637      1366.4744873047
880.874268      1373.4462890625
881.170837      1331.6154785156
881.467346      1366.4744873047
881.763855      1385.0660400391
882.060242      1375.7702636719
882.356567      1366.4744873047
882.652954      1389.7138671875
882.949280      1403.6574707031
883.245483      1338.5872802734
883.541626      1419.9250488281
883.837830      1313.0239257813
884.133911      1368.7984619141
884.429932      1424.5728759766
884.725952      1357.1787109375
885.021851      1354.8548583984
885.317688      1340.9112548828
885.613525      1382.7420654297
885.909363      1347.8830566406
886.205078      1345.5590820313
