0.010700
190.260635         0.0000000000
190.642441         0.0000000000
191.024216      1158.0842285156
191.405975      1164.8172607422
191.787704      1171.5502929688
192.169403      1198.4825439453
192.551071      1180.5277099609
192.932724      1155.8398437500
193.314331      1084.0206298828
193.695923      1294.9895019531
194.077499      1146.8624267578
194.459030      1178.2833251953
194.840546      1227.6590576172
195.222031      1200.7268066406
195.603485      1207.4598388672
195.984909      1207.4598388672
196.366302      1225.4146728516
196.747681      1252.3469238281
197.129028      1211.9486083984
197.510345      1288.2564697266
197.891647      1202.9711914063
198.272919      1250.1025390625
198.654175      1209.7042236328
199.035355      1234.3920898438
199.416550      1238.8807373047
199.797714      1281.5234375000
200.178848      1238.8807373047
200.559937      1225.4146728516
200.941025      1274.7904052734
201.322083      1189.5051269531
201.703079      1227.6590576172
202.084091      1220.9260253906
202.465057      1193.9937744141
202.845993      1245.6137695313
203.226898      1178.2833251953
203.607788      1234.3920898438
203.988647      1164.8172607422
204.369461      1173.7946777344
204.750275      1216.4372558594
205.131042      1182.7720947266
205.511795      1178.2833251953
205.892517      1232.1477050781
206.273209      1155.8398437500
206.653870      1124.4189453125
207.034515      1182.7720947266
207.415115      1149.1068115234
207.795700      1256.8355712891
208.176254      1223.1702880859
208.556778      1164.8172607422
208.937271      1169.3059082031
209.317749      1164.8172607422
209.698196      1191.7493896484
210.078613      1158.0842285156
210.459000      1185.0163574219
210.839371      1171.5502929688
211.219696      1164.8172607422
211.600006      1176.0390625000
211.980286      1158.0842285156
212.360535      1211.9486083984
212.740768      1200.7268066406
213.120956      1140.1293945313
213.501129      1205.2155761719
213.881256      1303.9669189453
214.261383      1133.3963623047
214.641464      1232.1477050781
215.021530      1205.2155761719
215.401550      1160.3286132813
215.781570      1122.1745605469
216.161530      1236.6364746094
216.541504      1209.7042236328
216.921402      1171.5502929688
217.301315      1178.2833251953
217.681152      1185.0163574219
218.061005      1241.1251220703
218.440811      1164.8172607422
218.820587      1189.5051269531
219.200348      1092.9980468750
219.580078      1216.4372558594
219.959763      1196.2381591797
220.339432      1198.4825439453
220.719070      1207.4598388672
221.098694      1191.7493896484
221.478271      1270.3016357422
221.857819      1254.5911865234
222.237366      1207.4598388672
222.616867      1171.5502929688
222.996338      1211.9486083984
223.375778      1223.1702880859
223.755188      1256.8355712891
224.134583      1185.0163574219
224.513947      1229.9034423828
224.893265      1185.0163574219
225.272583      1160.3286132813
225.651855      1252.3469238281
226.031097      1198.4825439453
226.410339      1207.4598388672
226.789520      1187.2607421875
227.168686      1135.6407470703
227.547806      1205.2155761719
227.926926      1268.0573730469
228.306015      1218.6816406250
228.685059      1211.9486083984
229.064087      1292.7451171875
229.443069      1234.3920898438
229.822037      1214.1929931641
230.200989      1205.2155761719
230.579895      1140.1293945313
230.958786      1277.0346679688
231.337631      1158.0842285156
231.716461      1241.1251220703
232.095261      1218.6816406250
232.474030      1265.8129882813
232.852783      1220.9260253906
233.231476      1178.2833251953
233.610184      1218.6816406250
233.988831      1171.5502929688
234.367462      1182.7720947266
234.746048      1189.5051269531
235.124649      1164.8172607422
235.503159      1247.8581542969
235.881683      1135.6407470703
236.260162      1227.6590576172
236.638641      1137.8850097656
237.017075      1155.8398437500
237.395477      1205.2155761719
237.773834      1187.2607421875
238.152176      1241.1251220703
238.530502      1223.1702880859
238.908783      1216.4372558594
239.287048      1160.3286132813
239.665268      1229.9034423828
240.043472      1274.7904052734
240.421661      1196.2381591797
240.799805      1189.5051269531
241.177902      1182.7720947266
241.556000      1281.5234375000
241.934052      1209.7042236328
242.312088      1193.9937744141
242.690094      1142.3737792969
243.068054      1187.2607421875
243.446014      1164.8172607422
243.823929      1176.0390625000
244.201813      1202.9711914063
244.579666      1223.1702880859
244.957504      1254.5911865234
245.335297      1227.6590576172
245.713074      1211.9486083984
246.090820      1218.6816406250
246.468536      1234.3920898438
246.846207      1209.7042236328
247.223862      1128.9077148438
247.601501      1153.5954589844
247.979095      1146.8624267578
248.356674      1169.3059082031
248.734222      1252.3469238281
249.111725      1198.4825439453
249.489212      1259.0799560547
249.866669      1205.2155761719
250.244095      1171.5502929688
250.621506      1158.0842285156
250.998871      1277.0346679688
251.376221      1202.9711914063
251.753510      1086.2650146484
252.130814      1245.6137695313
252.508057      1211.9486083984
252.885284      1198.4825439453
253.262466      1247.8581542969
253.639648      1297.2338867188
254.016769      1243.3695068359
254.393906      1216.4372558594
254.770966      1193.9937744141
255.148026      1238.8807373047
255.525040      1182.7720947266
255.902054      1207.4598388672
256.278992      1214.1929931641
256.655945      1256.8355712891
257.032837      1254.5911865234
257.409729      1243.3695068359
257.786591      1193.9937744141
258.163391      1234.3920898438
258.540161      1207.4598388672
258.916962      1272.5460205078
259.293701      1196.2381591797
259.670380      1220.9260253906
260.047058      1180.5277099609
260.423706      1286.0120849609
260.800323      1279.2790527344
261.176880      1191.7493896484
261.553436      1151.3511962891
261.929962      1232.1477050781
262.306488      1196.2381591797
262.682953      1220.9260253906
263.059387      1169.3059082031
263.435791      1115.4415283203
263.812195      1225.4146728516
264.188507      1106.4642333984
264.564850      1238.8807373047
264.941132      1283.7678222656
265.317413      1151.3511962891
265.693634      1191.7493896484
266.069885      1225.4146728516
266.446045      1158.0842285156
266.822174      1250.1025390625
267.198273      1238.8807373047
267.574371      1238.8807373047
267.950439      1211.9486083984
268.326447      1202.9711914063
268.702454      1227.6590576172
269.078430      1205.2155761719
269.454376      1196.2381591797
269.830292      1277.0346679688
270.206146      1223.1702880859
270.582001      1160.3286132813
270.957825      1299.4782714844
271.333618      1265.8129882813
271.709381      1259.0799560547
272.085144      1229.9034423828
272.460815      1180.5277099609
272.836487      1288.2564697266
273.212128      1214.1929931641
273.587769      1173.7946777344
273.963348      1173.7946777344
274.338898      1104.2198486328
274.714447      1214.1929931641
275.089935      1256.8355712891
275.465393      1144.6181640625
275.840820      1281.5234375000
276.216278      1247.8581542969
276.591644      1256.8355712891
276.966949      1158.0842285156
277.342285      1193.9937744141
277.717590      1216.4372558594
278.092834      1256.8355712891
278.468048      1207.4598388672
278.843262      1189.5051269531
279.218445      1196.2381591797
279.593567      1220.9260253906
279.968658      1234.3920898438
280.343781      1283.7678222656
280.718811      1218.6816406250
281.093842      1310.6999511719
281.468811      1247.8581542969
281.843781      1229.9034423828
282.218719      1250.1025390625
282.593628      1250.1025390625
282.968506      1216.4372558594
283.343353      1259.0799560547
283.718170      1193.9937744141
284.092896      1193.9937744141
284.467682      1290.5008544922
284.842407      1200.7268066406
285.217102      1229.9034423828
285.591766      1234.3920898438
285.966400      1241.1251220703
286.340973      1196.2381591797
286.715576      1223.1702880859
287.090118      1182.7720947266
287.464630      1214.1929931641
287.839081      1173.7946777344
288.213562      1200.7268066406
288.587982      1178.2833251953
288.962372      1209.7042236328
289.336731      1243.3695068359
289.711060      1247.8581542969
290.085327      1268.0573730469
290.459625      1137.8850097656
290.833862      1252.3469238281
291.208069      1245.6137695313
291.582275      1227.6590576172
291.956421      1153.5954589844
292.330505      1218.6816406250
292.704620      1236.6364746094
293.078705      1268.0573730469
293.452698      1243.3695068359
293.826691      1193.9937744141
294.200684      1250.1025390625
294.574615      1241.1251220703
294.948517      1225.4146728516
295.322388      1185.0163574219
295.696259      1277.0346679688
296.070068      1319.6773681641
296.443848      1214.1929931641
296.817596      1286.0120849609
297.191345      1187.2607421875
297.565063      1225.4146728516
297.938690      1216.4372558594
298.312317      1198.4825439453
298.685913      1205.2155761719
299.059540      1232.1477050781
299.433044      1115.4415283203
299.806549      1256.8355712891
300.180054      1238.8807373047
300.553528      1193.9937744141
300.926910      1243.3695068359
301.300323      1241.1251220703
301.673676      1209.7042236328
302.046997      1232.1477050781
302.420319      1232.1477050781
302.793579      1238.8807373047
303.166809      1326.4104003906
303.540039      1265.8129882813
303.913208      1128.9077148438
304.286377      1180.5277099609
304.659454      1245.6137695313
305.032593      1306.2113037109
305.405609      1308.4555664063
305.778656      1283.7678222656
306.151611      1306.2113037109
306.524597      1306.2113037109
306.897522      1281.5234375000
307.270416      1344.3652343750
307.643280      1418.4287109375
308.016144      1277.0346679688
308.388916      1315.1885986328
308.761749      1259.0799560547
309.134460      1378.0303955078
309.507202      1344.3652343750
309.879913      1425.1617431641
310.252563      1402.7182617188
310.625153      1467.8044433594
310.997742      1445.3609619141
311.370361      1454.3382568359
311.742859      1514.9357910156
312.115356      1470.0487060547
312.487823      1544.1123046875
312.860291      1514.9357910156
313.232697      1528.4018554688
313.605042      1550.8453369141
313.977386      1523.9130859375
314.349731      1499.2253417969
314.721985      1541.8679199219
315.094269      1470.0487060547
315.466492      1568.8001708984
315.838684      1627.1531982422
316.210846      1613.6871337891
316.582977      1622.6645507813
316.955048      1748.3480224609
317.327148      1773.0358886719
317.699158      1815.6785888672
318.071167      1732.6375732422
318.443176      1795.4793701172
318.815125      1755.0810546875
319.187012      1804.4567871094
319.558868      1820.1672363281
319.930756      1786.5019531250
320.302582      1847.0993652344
320.674347      1905.4525146484
321.046112      1900.9638671875
321.417847      1835.8776855469
321.789581      1876.2760009766
322.161224      1869.5429687500
322.532867      1923.4073486328
322.904419      1871.7872314453
323.276031      1950.3394775391
323.647583      2010.9368896484
324.019073      2080.5117187500
324.390533      2141.1091308594
324.762024      2168.0412597656
325.133423      2168.0412597656
325.504791      2286.9919433594
325.876129      2304.9467773438
326.247467      2390.2319335938
326.618774      2545.0920410156
326.990021      2558.5581054688
327.361237      2585.4902343750
327.732452      2560.8024902344
328.103607      2511.4267578125
328.474731      2554.0693359375
328.845825      2673.0200195313
329.216919      2760.5495605469
329.587952      2771.7712402344
329.958954      2794.2148437500
330.329926      2839.1018066406
330.700867      2677.5085449219
331.071808      2715.6625976563
331.442688      2634.8659667969
331.813507      2715.6625976563
332.184357      2704.4409179688
332.555115      2868.2783203125
332.925873      2796.4592285156
333.296570      2735.8618164063
333.667267      2807.6809082031
334.037994      2852.5678710938
334.408600      2818.9025878906
334.779144      2976.0070800781
335.149750      2866.0339355469
335.520294      2872.7670898438
335.890778      2886.2331542969
336.261230      2744.8391113281
336.631683      2704.4409179688
337.002106      2623.6442871094
337.372498      2800.9477539063
337.742798      2922.1428222656
338.113129      3009.6723632813
338.483429      3043.3376464844
338.853668      2998.4506835938
339.223907      3083.7358398438
339.594086      3092.7131347656
339.964233      3211.6638183594
340.334381      3305.9265136719
340.704437      3305.9265136719
341.074493      3299.1933593750
341.444519      3319.3925781250
341.814545      3218.3967285156
342.184509      3207.1750488281
342.554413      3368.7683105469
342.924347      3440.5874023438
343.294220      3431.6101074219
343.664032      3308.1708984375
344.033813      3099.4462890625
344.403595      3137.6003417969
344.773346      3175.7541503906
345.143036      3413.6552734375
345.512695      3534.8500976563
345.882385      3676.2441406250
346.251984      3546.0717773438
346.621552      3624.6240234375
346.991089      3691.9545898438
347.360626      3700.9318847656
347.730103      3519.1396484375
348.099548      3631.3571777344
348.468964      3723.3754882813
348.838379      3714.3979492188
349.207764      3712.1535644531
349.577057      3763.7736816406
349.946320      3759.2849121094
350.315582      3952.2990722656
350.684845      4181.2226562500
351.054047      4062.2722167969
351.423157      3974.7424316406
351.792328      4021.8737792969
352.161438      4021.8737792969
352.530487      3972.4980468750
352.899506      4057.7834472656
353.268524      4149.8017578125
353.637512      4461.7661132813
354.006409      4470.7436523438
354.375336      4538.0742187500
354.744232      4621.1152343750
355.113068      4607.6489257813
355.481873      4571.7392578125
355.850616      4279.9741210938
356.219391      4143.0688476563
356.588135      4192.4443359375
356.956818      3882.7241210938
357.325470      3929.8554687500
357.694031      3945.5659179688
358.062653      3768.2624511719
358.431213      3757.0405273438
358.799713      3862.5251464844
359.168182      4295.6845703125
359.536652      4553.7846679688
359.905090      4724.3549804688
360.273438      4856.7719726563
360.641785      4425.8569335938
361.010132      4547.0517578125
361.378448      4437.0786132813
361.746704      4672.7353515625
362.114899      4688.4458007813
362.483124      4915.1250000000
362.851288      5038.5639648438
363.219421      5240.5556640625
363.587463      5076.7177734375
363.955566      5247.2885742188
364.323608      5294.4199218750
364.691589      5444.7910156250
365.059540      5476.2119140625
365.427490      5759.0000000000
365.795410      6189.9150390625
366.163269      6414.3500976563
366.531067      6443.5268554688
366.898895      6441.2822265625
367.266693      6228.0693359375
367.634430      6358.2412109375
368.002106      6057.4985351563
368.369812      6136.0507812500
368.737457      5965.4804687500
369.105042      6331.3090820313
369.472595      6546.7666015625
369.840149      6784.6679687500
370.207672      6481.6806640625
370.575134      6515.3457031250
370.942566      6219.0917968750
371.309998      6342.5307617188
371.677399      6358.2412109375
372.044708      6295.3994140625
372.411987      5983.4350585938
372.779297      6109.1186523438
373.146576      5880.1948242188
373.513794      5617.6059570313
373.880951      5613.1176757813
374.248077      5631.0722656250
374.615204      5680.4477539063
374.982300      5714.1132812500
375.349365      6059.7431640625
375.716339      6418.8388671875
376.083374      6600.6313476563
376.450317      6679.1831054688
376.817230      6831.7993164063
377.184082      7049.5009765625
377.550964      7581.4116210938
377.917786      8023.5483398438
378.284576      8023.5483398438
378.651306      7893.3764648438
379.018036      7422.0629882813
379.384735      7262.7143554688
379.751373      7181.9174804688
380.117981      7020.3242187500
380.484589      7383.9091796875
380.851166      7751.9824218750
381.217651      7529.7915039063
381.584137      7318.8227539063
381.950623      6508.6127929688
382.317017      6145.0283203125
382.683411      5783.6879882813
383.049774      5462.7460937500
383.416107      5379.7050781250
383.782410      5595.1625976563
384.148651      6048.5209960938
384.514832      6771.2016601563
384.881042      7148.2524414063
385.247223      7424.3071289063
385.613342      7078.6777343750
385.979401      7080.9218750000
386.345459      7204.3608398438
386.711517      7365.9541015625
387.077484      7377.1757812500
387.443420      7417.5742187500
387.809357      7341.2666015625
388.175262      7370.4428710938
388.541107      7413.0854492188
388.906891      7713.8281250000
389.272705      8088.6347656250
389.638489      8418.5537109375
390.004211      8831.5146484375
390.369873      9154.7001953125
390.735535      9132.2568359375
391.101196      9473.3984375000
391.466766      9554.1943359375
391.832336      9352.2031250000
392.197815      8562.1923828125
392.563324      7720.5615234375
392.928802      6683.6718750000
393.294189      5902.6386718750
393.659607      5628.8281250000
394.024963      6261.7343750000
394.390289      7316.5786132813
394.755554      8274.9160156250
395.120789      9186.1210937500
395.486023      9549.7060546875
395.851227      9044.7275390625
396.216370      8485.8847656250
396.581482      7368.1987304688
396.946564      6737.5366210938
397.311646      7197.6279296875
397.676636      8308.5810546875
398.041626      9872.8925781250
398.406586     11324.9863281250
398.771515     12040.9335937500
399.136383     12325.9658203125
399.501221     12961.1171875000
399.866058     13142.9091796875
400.230865     13282.0585937500
400.595581     13270.8369140625
400.960297     13439.1630859375
401.324982     13809.4804687500
401.689636     14173.0654296875
402.054230     14525.4287109375
402.418793     14523.1835937500
402.783356     14397.5000000000
403.147919     14054.1152343750
403.512360     14370.5683593750
403.876770     14305.4824218750
404.241211     14494.0078125000
404.605621     14404.2333984375
404.969910     14336.9033203125
405.334229     14379.5458984375
405.698517     14231.4189453125
406.062775     14143.8886718750
406.426971     14211.2197265625
406.791107     14195.5087890625
407.155273     14352.6132812500
407.519379     14662.3339843750
407.883484     14536.6503906250
408.247498     15162.8232421875
408.611481     15427.6562500000
408.975464     15674.5351562500
409.339417     15912.4365234375
409.703308     15223.4208984375
410.067169     14662.3339843750
410.431030     14516.4511718750
410.794800     14832.9042968750
411.158569     16103.2060546875
411.522278     16161.5585937500
411.885986     16587.9843750000
412.249664     16870.7734375000
412.613312     16837.1074218750
412.976868     16855.0625000000
413.340454     16350.0839843750
413.703979     16924.6367187500
414.067474     16917.9042968750
414.430908     16688.9804687500
414.794342     16751.8222656250
415.157745     16778.7558593750
415.521088     16819.1523437500
415.884369     17391.4628906250
416.247711     17429.6152343750
416.610931     17095.2089843750
416.974152     17508.1679687500
417.337341     17126.6289062500
417.700500     16695.7148437500
418.063629     16522.8984375000
418.426697     16812.4199218750
418.789703     16989.7246093750
419.152740     16996.4570312500
419.515717     16803.4433593750
419.878662     17191.7148437500
420.241577     16715.9140625000
420.604431     17382.4843750000
420.967285     17645.0742187500
421.330109     17981.7265625000
421.692841     17604.6757812500
422.055603     17752.8027343750
422.418335     17083.9863281250
422.780975     17032.3671875000
423.143585     16565.5410156250
423.506226     17180.4941406250
423.868774     17290.4667968750
424.231293     17757.2910156250
424.593811     17750.5585937500
424.956238     17510.4121093750
425.318665     17494.7031250000
425.681091     17586.7207031250
426.043427     17445.3261718750
426.405731     17389.2187500000
426.768036     17391.4628906250
427.130310     17108.6738281250
427.492493     16906.6835937500
427.854675     17173.7597656250
428.216858     17012.1679687500
428.578979     17000.9453125000
428.941040     16493.7226562500
429.303040     16085.2509765625
429.665070     15636.3808593750
430.027069     14687.0214843750
430.389008     14047.3818359375
430.750885     14024.9384765625
431.112762     14397.5000000000
431.474640     15966.3007812500
431.836395     17485.7246093750
432.198181     17871.7539062500
432.559937     18358.7773437500
432.921600     18230.8496093750
433.283264     18580.9667968750
433.644867     18455.2832031250
434.006500     17959.2832031250
434.368073     17966.0156250000
434.729553     18401.4199218750
435.091034     18603.4101562500
435.452515     19397.9101562500
435.813934     20055.5039062500
436.175293     20623.3242187500
436.536621     20903.8691406250
436.897949     20919.5800781250
437.259277     20490.9082031250
437.620483     20093.6582031250
437.981659     19402.3984375000
438.342865     18540.5683593750
438.704010     18888.4433593750
439.065125     19593.1679687500
439.426178     19804.1386718750
439.787201     20499.8867187500
440.148224     20277.6953125000
440.509186     20479.6875000000
440.870087     20870.2031250000
441.230988     21684.9023437500
441.591858     22068.6855468750
441.952667     21767.9433593750
442.313416     22367.1835937500
442.674194     22813.8105468750
443.034912     22654.4609375000
443.395630     22346.9863281250
443.756226     22836.2539062500
444.116852     23114.5527343750
444.477417     22654.4609375000
444.837982     22661.1933593750
445.198456     22717.3027343750
445.558960     22681.3925781250
445.919403     22409.8281250000
446.279816     22293.1210937500
446.640106     22679.1484375000
447.000458     23193.1054687500
447.360779     23850.6992187500
447.721039     23828.2558593750
448.081207     23891.0976562500
448.441406     23608.3105468750
448.801575     24703.5527343750
449.161713     24411.7871093750
449.521759     24436.4746093750
449.881805     24636.2207031250
450.241852     25154.6660156250
450.601837     25129.9785156250
450.961792     25845.9257812500
451.321655     25587.8261718750
451.681549     25376.8574218750
452.041382     24972.8730468750
452.401184     24512.7832031250
452.760895     23774.3906250000
453.120636     23498.3359375000
453.480347     23751.9472656250
453.840027     24012.2929687500
454.199585     23769.9023437500
454.559174     24162.6640625000
454.918762     24380.3652343750
455.278290     24277.1250000000
455.637726     24725.9960937500
455.997162     24802.3027343750
456.356598     25177.1093750000
456.715973     24912.2773437500
457.075287     25042.4492187500
457.434570     25257.9062500000
457.793854     24732.7285156250
458.153107     24685.5976562500
458.512268     24499.3164062500
458.871429     24950.4296875000
459.230560     25033.4707031250
459.589661     24775.3710937500
459.948639     24472.3847656250
460.307678     24824.7460937500
460.666687     25459.8984375000
461.025635     26110.7597656250
461.384491     25985.0761718750
461.743378     25810.0156250000
462.102264     26947.9003906250
462.461060     26323.9726562500
462.819794     26481.0761718750
463.178497     26712.2441406250
463.537231     26651.6464843750
463.895905     26521.4746093750
464.254456     26270.1074218750
464.613068     26218.4882812500
464.971649     25825.7265625000
465.330170     26200.5332031250
465.688568     27012.9882812500
466.047028     27493.2773437500
466.405457     26810.9960937500
466.763855     26844.6621093750
467.122192     26723.4667968750
467.480438     27903.9941406250
467.838715     27870.3281250000
468.196960     28191.2714843750
468.555176     28588.5214843750
468.913269     28420.1953125000
469.271393     28474.0585937500
469.629486     28819.6894531250
469.987549     29122.6757812500
470.345520     28572.8105468750
470.703491     29203.4726562500
471.061462     29580.5234375000
471.419342     30226.8964843750
471.777191     30974.2636718750
472.135040     31784.4746093750
472.492828     32190.7011718750
472.850586     32657.5253906250
473.208282     32565.5078125000
473.565979     33126.5937500000
473.923615     33407.1367187500
474.281281     33319.6093750000
474.638794     34084.9335937500
474.996338     35193.6406250000
475.353851     35310.3476562500
475.711334     35159.9765625000
476.068726     35541.5156250000
476.426117     35765.9492187500
476.783478     36143.0000000000
477.140808     37040.7382812500
477.498077     38153.9375000000
477.855316     38400.8164062500
478.212555     38993.3242187500
478.569763     39078.6093750000
478.926819     39662.1406250000
479.283936     40153.6523437500
479.641022     40555.3906250000
479.998077     40936.9296875000
480.355011     41809.9804687500
480.711975     42059.1054687500
481.068939     41758.3632812500
481.425842     42665.0781250000
481.782623     43095.9921875000
482.139435     43210.4570312500
482.496216     43643.6171875000
482.852966     43827.6523437500
483.209717     43641.3710937500
483.566315     43870.2929687500
483.922943     44206.9453125000
484.279572     44658.0625000000
484.636139     44197.9687500000
484.992615     43598.7265625000
485.349121     42992.7539062500
485.705566     41215.2304687500
486.062012     39464.6367187500
486.418304     39399.5507812500
486.774689     39976.3476562500
487.130981     41549.6367187500
487.487274     42539.3945312500
487.843445     43722.1679687500
488.199615     44413.4257812500
488.555786     45131.6171875000
488.911957     44732.1250000000
489.267975     45421.1406250000
489.624023     46550.0468750000
489.980042     47730.5742187500
490.336029     47241.3085937500
490.691925     47497.1640625000
491.047821     47647.5351562500
491.403687     46989.9414062500
491.759521     46886.6992187500
492.115265     46175.2421875000
492.471008     46547.8046875000
492.826752     47306.3945312500
493.182434     48154.7578125000
493.538025     48455.5000000000
493.893646     47925.8320312500
494.249207     48298.3945312500
494.604736     49070.4531250000
494.960205     49633.7851562500
495.315674     49400.3710937500
495.671082     49169.2031250000
496.026489     49622.5625000000
496.381775     49559.7187500000
496.737091     49752.7343750000
497.092377     50051.2343750000
497.447632     49651.7382812500
497.802795     49701.1132812500
498.157959     49016.5859375000
498.513062     48989.6562500000
498.868195     49153.4921875000
499.223175     49651.7382812500
499.578217     49499.1210937500
499.933167     49303.8632812500
500.288116     48670.9570312500
500.643036     48659.7343750000
500.997833     48536.2968750000
501.352692     48228.8203125000
501.707489     48177.1992187500
502.062225     48531.8085937500
502.416901     48807.8632812500
502.771606     49182.6679687500
503.126221     49638.2734375000
503.480865     49207.3554687500
503.835358     48895.3906250000
504.189941     48913.3476562500
504.544434     49528.3007812500
504.898865     50028.7890625000
505.253265     50363.1953125000
505.607635     50780.6445312500
505.961975     50839.0000000000
506.316315     50865.9296875000
506.670532     50621.2968750000
507.024750     50897.3515625000
507.378967     50511.3242187500
507.733154     50235.2695312500
508.087189     50057.9648437500
508.441315     49851.4843750000
508.795349     50870.4179687500
509.149353     51076.8984375000
509.503265     51016.3007812500
509.857208     50690.8710937500
510.211121     50717.8046875000
510.565002     50769.4257812500
510.918762     50800.8437500000
511.272583     50847.9765625000
511.626312     51534.7460937500
511.980042     51512.3046875000
512.333618     51128.5195312500
512.687256     50702.0937500000
513.040894     50405.8398437500
513.394470     50336.2656250000
513.747925     49754.9765625000
514.101440     50015.3242187500
514.454895     49851.4843750000
514.808289     50057.9648437500
515.161621     50369.9296875000
515.514893     50091.6289062500
515.868225     50255.4687500000
516.221497     49276.9335937500
516.574707     47988.6757812500
516.927856     46388.4531250000
517.281006     46006.9140625000
517.634155     46835.0781250000
517.987183     46967.4960937500
518.340210     47205.3984375000
518.693237     47609.3789062500
519.046204     47831.5703125000
519.399048     48866.2148437500
519.751892     49460.9687500000
520.104736     50329.5312500000
520.457520     50147.7382812500
520.810364     50271.1796875000
521.163025     50917.5507812500
521.515686     50906.3281250000
521.868408     51469.6601562500
522.221008     51067.9218750000
522.573547     50464.1914062500
522.926086     50821.0429687500
523.278625     50702.0937500000
523.631042     51234.0039062500
523.983459     51918.5312500000
524.335815     52006.0625000000
524.688171     52129.5000000000
525.040527     52174.3867187500
525.392761     52068.9023437500
525.744934     51884.8671875000
526.097168     51326.0234375000
526.449341     49889.6406250000
526.801453     49153.4921875000
527.153503     49007.6093750000
527.505554     49728.0468750000
527.857544     50524.7890625000
528.209534     50973.6601562500
528.561462     51357.4453125000
528.913330     51929.7539062500
529.265198     52564.9023437500
529.617004     52136.2343750000
529.968750     51721.0273437500
530.320496     52217.0312500000
530.672180     52681.6093750000
531.023804     52847.6914062500
531.375488     52558.1718750000
531.727051     52142.9648437500
532.078613     51474.1484375000
532.430115     51561.6796875000
532.781555     51023.0351562500
533.132996     50650.4726562500
533.484375     51072.4101562500
533.835815     51249.7148437500
534.187073     51195.8515625000
534.538330     51400.0859375000
534.889587     51557.1914062500
535.240784     51905.0664062500
535.591919     52035.2382812500
535.942993     52192.3398437500
536.294128     51808.5585937500
536.645203     51525.7695312500
536.996155     50697.6054687500
537.347107     50924.2851562500
537.698120     51085.8789062500
538.049011     51359.6875000000
538.399841     51294.6015625000
538.750610     51191.3632812500
539.101440     50937.7500000000
539.452209     50524.7890625000
539.802856     50578.6562500000
540.153503     50100.6093750000
540.504150     50105.0976562500
540.854736     49784.1562500000
541.205261     50304.8437500000
541.555786     50078.1640625000
541.906250     50538.2578125000
542.256714     50455.2148437500
542.607056     50437.2617187500
542.957458     50782.8906250000
543.307739     50531.5234375000
543.658020     50711.0703125000
544.008240     51195.8515625000
544.358398     50796.3554687500
544.708618     51121.7851562500
545.058777     50569.6757812500
545.408813     50948.9726562500
545.758850     50998.3476562500
546.108887     50946.7265625000
546.458862     50843.4882812500
546.808716     51092.6093750000
547.158691     50886.1289062500
547.508545     50399.1054687500
547.858337     50681.8945312500
548.208069     50475.4140625000
548.557800     50690.8710937500
548.907532     51117.2968750000
549.257202     50856.9531250000
549.606812     50771.6679687500
549.956360     51278.8906250000
550.305908     50863.6875000000
550.655457     50872.6640625000
551.004883     50789.6250000000
551.354309     50571.9218750000
551.703674     51016.3007812500
552.053040     50991.6132812500
552.402405     51005.0820312500
552.751587     50614.5625000000
553.100830     50349.7304687500
553.450012     50637.0078125000
553.799255     50383.3945312500
554.148254     50594.3632812500
554.497375     50841.2421875000
554.846436     50798.6015625000
555.195435     50753.7148437500
555.544373     50421.5507812500
555.893250     50383.3945312500
556.242188     50259.9570312500
556.591003     49900.8593750000
556.939758     49362.2187500000
557.288574     49728.0468750000
557.637268     49315.0859375000
557.985962     49238.7773437500
558.334595     49319.5742187500
558.683228     48872.9492187500
559.031799     48228.8203125000
559.380310     48174.9570312500
559.728760     48334.3046875000
560.077209     48760.7304687500
560.425659     48516.0976562500
560.774048     48985.1679687500
561.122314     49499.1210937500
561.470581     48915.5898437500
561.818909     48462.2343750000
562.167114     48511.6093750000
562.515259     48502.6328125000
562.863342     48453.2539062500
563.211487     48951.5000000000
563.559570     48661.9804687500
563.907532     48684.4218750000
564.255554     48183.9335937500
564.603455     48219.8437500000
564.951355     48630.5585937500
565.299255     47928.0781250000
565.647095     47524.0937500000
565.994812     47214.3750000000
566.342590     47288.4375000000
566.690308     47562.2500000000
567.037903     47270.4843750000
567.385620     47418.6093750000
567.733154     47429.8320312500
568.080750     47656.5117187500
568.428162     46967.4960937500
568.775696     46799.1718750000
569.123108     46469.2500000000
569.470520     46561.2695312500
569.817810     46664.5078125000
570.165161     45890.2070312500
570.512451     45659.0390625000
570.859680     45535.6015625000
571.206787     45165.2851562500
571.554016     44990.2265625000
571.901062     45688.2187500000
572.248169     45937.3398437500
572.595154     46155.0429687500
572.942200     46105.6679687500
573.289124     46224.6171875000
573.636047     46300.9257812500
573.982849     46273.9921875000
574.329712     45849.8125000000
574.676514     45290.9687500000
575.023315     45324.6328125000
575.369995     45454.8046875000
575.716675     45255.0585937500
576.063293     44698.4609375000
576.409912     44846.5859375000
576.756409     45243.8359375000
577.102966     44572.7773437500
577.449402     44810.6757812500
577.795898     44644.5937500000
578.142273     44339.3632812500
578.488647     44047.5976562500
578.834961     43760.3203125000
579.181213     43767.0546875000
579.527405     44388.7382812500
579.873596     43798.4765625000
580.219788     44431.3828125000
580.565918     44456.0703125000
580.911926     44350.5859375000
581.258057     44386.4960937500
581.604065     44651.3281250000
581.949951     44287.7421875000
582.295898     44610.9296875000
582.641724     44702.9492187500
582.987610     44855.5625000000
583.333435     44530.1328125000
583.679199     44552.5781250000
584.024902     44830.8750000000
584.370544     44085.7539062500
584.716187     44545.8437500000
585.061829     44202.4570312500
585.407349     43591.9960937500
585.752869     43098.2382812500
586.098328     43607.7070312500
586.443787     43282.2734375000
586.789124     43385.5156250000
587.134521     42878.2929687500
587.479858     43066.8164062500
587.825134     42649.3671875000
588.170288     42245.3867187500
588.515564     40636.1875000000
588.860657     39718.2500000000
589.205872     38367.1484375000
589.550842     38322.2617187500
589.895935     38741.9570312500
590.240906     39132.4726562500
590.585876     39767.6250000000
590.930786     40018.9921875000
591.275635     40434.1953125000
591.620483     40431.9531250000
591.965271     40205.2734375000
592.310059     40737.1835937500
592.654724     40577.8359375000
592.999451     40835.9335937500
593.344055     40465.6171875000
593.688660     40701.2734375000
594.033203     40216.4921875000
594.377686     39888.8203125000
594.722229     39686.8281250000
595.066528     39805.7773437500
595.411011     39738.4492187500
595.755371     39913.5078125000
596.099670     40411.7539062500
596.443848     40546.4140625000
596.788147     40021.2343750000
597.132324     39902.2851562500
597.476501     39639.6953125000
597.820618     39794.5546875000
598.164612     39704.7812500000
598.508667     39388.3281250000
598.852661     39763.1367187500
599.196655     39983.0820312500
599.540466     39700.2929687500
599.884338     39565.6328125000
600.228210     39601.5429687500
600.571960     39421.9960937500
600.915710     39592.5664062500
601.259460     39379.3515625000
601.603088     39365.8867187500
601.946716     39069.6328125000
602.290283     38611.7851562500
602.633850     38878.8632812500
602.977295     38943.9492187500
603.320801     39435.4609375000
603.664124     39336.7109375000
604.007568     39359.1523437500
604.350952     39231.2265625000
604.694214     39446.6835937500
605.037415     39347.9296875000
605.380676     39781.0898437500
605.723816     39224.4921875000
606.066956     39197.5585937500
606.410034     39206.5351562500
606.753052     39175.1171875000
607.096130     39343.4414062500
607.439087     39264.8906250000
607.781921     38860.9062500000
608.124878     38699.3125000000
608.467712     38584.8515625000
608.810547     38149.4492187500
609.153259     38111.2929687500
609.495972     38320.0195312500
609.838684     38167.4023437500
610.181335     37711.8007812500
610.523865     37639.9804687500
610.866516     37702.8242187500
611.209045     38034.9882812500
611.551453     37990.0976562500
611.893921     37646.7148437500
612.236267     37429.0117187500
612.578674     37170.9140625000
612.920959     37458.1875000000
613.263306     36944.2343750000
613.605469     36805.0820312500
613.947632     36374.1679687500
614.289795     36322.5468750000
614.631958     36650.2226562500
614.973938     36261.9492187500
615.315979     36293.3710937500
615.657959     35896.1210937500
615.999939     35379.9218750000
616.341858     35891.6328125000
616.683716     34780.6796875000
617.025513     34823.3242187500
617.367310     35249.7500000000
617.708984     35716.5742187500
618.050720     35458.4726562500
618.392395     35451.7421875000
618.734070     35492.1406250000
619.075500     35016.3359375000
619.417114     35240.7734375000
619.758606     35117.3320312500
620.100098     35402.3632812500
620.441467     35323.8125000000
620.782776     34991.6484375000
621.124146     34830.0546875000
621.465393     34843.5234375000
621.806641     34661.7304687500
622.147888     34262.2343750000
622.489014     34174.7070312500
622.830139     34300.3906250000
623.171204     34134.3085937500
623.512207     33402.6484375000
623.853271     33719.1015625000
624.194214     33133.3281250000
624.535095     33232.0781250000
624.875916     32890.9375000000
625.216797     32846.0507812500
625.557617     32821.3632812500
625.898315     32486.9550781250
626.239075     32361.2714843750
626.579712     32650.7929687500
626.920349     32536.3300781250
627.260864     32026.8632812500
627.601440     31988.7089843750
627.941895     31694.6992187500
628.282410     31346.8261718750
628.622803     31555.5507812500
628.963135     31445.5781250000
629.303528     31441.0878906250
629.643799     31418.6445312500
629.984070     31470.2656250000
630.324219     31088.7265625000
630.664429     31037.1054687500
631.004517     31043.8378906250
631.344604     30612.9238281250
631.684631     30752.0742187500
632.024597     30718.4082031250
632.364624     30779.0058593750
632.704529     30787.9824218750
633.044373     30603.9453125000
633.384155     30639.8554687500
633.723999     30334.6250000000
634.063782     30446.8417968750
634.403442     30763.2949218750
634.743042     30796.9609375000
635.082764     30446.8417968750
635.422302     30646.5898437500
635.761841     30031.6367187500
636.101318     30139.3652343750
636.440796     30381.7558593750
636.780212     29885.7539062500
637.119507     29941.8632812500
637.458862     30262.8046875000
637.798157     30392.9765625000
638.137451     29948.5957031250
638.476563     30150.5878906250
638.815735     30105.7011718750
639.154907     29829.6464843750
639.494019     29663.5644531250
639.833008     29540.1250000000
640.171997     29656.8300781250
640.510925     29374.0429687500
640.849854     29564.8125000000
641.188660     28958.8378906250
641.527527     28900.4843750000
641.866333     28887.0195312500
642.205078     28862.3320312500
642.543762     28720.9375000000
642.882446     29068.8105468750
643.221008     28808.4667968750
643.559570     28536.9003906250
643.898071     29026.1679687500
644.236572     28245.1347656250
644.575073     28707.4707031250
644.913452     28361.8417968750
645.251831     28368.5742187500
645.590149     27919.7050781250
645.928406     27565.0976562500
646.266602     27627.9394531250
646.604858     27807.4863281250
646.942932     27616.7167968750
647.281128     27416.9707031250
647.619141     27226.2011718750
647.957214     27163.3593750000
648.295166     27062.3632812500
648.633057     26772.8417968750
648.970947     26525.9628906250
649.308838     26447.4121093750
649.646606     26357.6367187500
649.984436     26676.3359375000
650.322144     26364.3710937500
650.659851     26741.4218750000
650.997498     26819.9726562500
651.335022     26402.5253906250
651.672607     26281.3300781250
652.010132     26440.6777343750
652.347595     26267.8632812500
652.684998     26335.1933593750
653.022461     26449.6562500000
653.359802     26499.0312500000
653.697021     26407.0136718750
654.034302     26247.6640625000
654.371521     26249.9082031250
654.708740     25962.6328125000
655.045837     25760.6406250000
655.382935     24950.4296875000
655.719971     23960.6718750000
656.057007     22690.3710937500
656.393921     22241.5019531250
656.730835     22385.1386718750
657.067749     22753.2128906250
657.404602     23298.5898437500
657.741333     23965.1621093750
658.078064     24297.3242187500
658.414795     24490.3398437500
658.751465     24694.5742187500
659.088074     24676.6191406250
659.424683     24791.0820312500
659.761230     24925.7421875000
660.097717     24734.9726562500
660.434143     25215.2636718750
660.770569     25058.1601562500
661.106934     24739.4609375000
661.443298     24907.7871093750
661.779541     24692.3300781250
662.115784     24849.4355468750
662.451965     24694.5742187500
662.788086     24746.1953125000
663.124268     24865.1445312500
663.460266     24564.4023437500
663.796265     24629.4882812500
664.132324     24268.1484375000
664.468201     24492.5839843750
664.804077     24456.6738281250
665.139954     24474.6289062500
665.475769     24483.6054687500
665.811523     24440.9628906250
666.147278     24117.7773437500
666.482971     23841.7226562500
666.818542     23888.8535156250
667.154236     23870.8984375000
667.489685     23567.9121093750
667.825195     23484.8710937500
668.160706     23704.8164062500
668.496094     23518.5351562500
668.831421     23826.0117187500
669.166809     23341.2324218750
669.502136     23552.2011718750
669.837402     23386.1191406250
670.172546     23161.6835937500
670.507751     23123.5292968750
670.842834     22939.4941406250
671.177917     22573.6640625000
671.512878     22706.0820312500
671.847961     22665.6835937500
672.182861     22257.2109375000
672.517761     22295.3652343750
672.852600     22546.7324218750
673.187439     22427.7812500000
673.522217     22228.0351562500
673.856934     21873.4277343750
674.191650     21803.8535156250
674.526306     21920.5585937500
674.860901     22234.7675781250
675.195435     22061.9531250000
675.529968     21763.4550781250
675.864441     21595.1289062500
676.198853     21812.8300781250
676.533264     21523.3085937500
676.867554     21754.4765625000
677.201843     21758.9667968750
677.536133     21521.0644531250
677.870361     21316.8281250000
678.204529     21386.4042968750
678.538635     21206.8554687500
678.872742     21092.3945312500
679.206787     21085.6601562500
679.540710     21011.5976562500
679.874695     20948.7558593750
680.208618     20825.3164062500
680.542480     20221.5859375000
680.876282     20598.6367187500
681.210083     20486.4199218750
681.543823     20547.0175781250
681.877502     20688.4121093750
682.211121     20441.5332031250
682.544739     20488.6640625000
682.878357     20237.2968750000
683.211853     20295.6503906250
683.545227     20084.6816406250
683.878723     19851.2695312500
684.212097     19696.4082031250
684.545471     19543.7929687500
684.878723     19593.1679687500
685.212036     19454.0195312500
685.545227     19173.4746093750
685.878418     19065.7460937500
686.211487     18621.3652343750
686.544556     17584.4765625000
686.877625     16709.1796875000
687.210632     15762.0644531250
687.543518     15407.4580078125
687.876465     15645.3583984375
688.209290     15728.3994140625
688.542114     16033.6308593750
688.874878     15811.4404296875
689.207642     16017.9208984375
689.540344     15957.3232421875
689.872986     15887.7480468750
690.205566     16320.9072265625
690.538147     16442.1035156250
690.870667     16662.0488281250
691.203125     16682.2480468750
691.535461     16469.0351562500
691.867920     16592.4746093750
692.200256     17104.1855468750
692.532593     16792.2207031250
692.864807     16819.1523437500
693.196960     16482.5000000000
693.529114     16471.2792968750
693.861267     16424.1484375000
694.193420     16143.6044921875
694.525391     16276.0205078125
694.857361     16141.3593750000
695.189270     16392.7265625000
695.521240     16341.1064453125
695.853027     16406.1933593750
696.184814     16397.2148437500
696.516663     16403.9492187500
696.848389     16841.5976562500
697.179993     16991.9687500000
697.511658     16453.3242187500
697.843262     16538.6093750000
698.174805     16724.8906250000
698.506287     16525.1425781250
698.837708     16471.2792968750
699.169189     16547.5878906250
699.500549     15984.2548828125
699.831787     16197.4687500000
700.163147     15679.0234375000
700.494385     15714.9335937500
700.825562     15609.4492187500
701.156677     15486.0097656250
701.487793     15582.5166015625
701.818848     15481.5214843750
702.149902     15301.9726562500
702.480774     15486.0097656250
702.811768     15313.1953125000
703.142639     15382.7695312500
703.473511     15578.0283203125
703.804199     15580.2724609375
704.135010     15358.0820312500
704.465759     15434.3896484375
704.796387     15548.8515625000
705.126953     15566.8066406250
705.457520     15416.4345703125
705.788086     15299.7285156250
706.118591     15521.9189453125
706.448975     15411.9462890625
706.779419     15490.4980468750
707.109741     15477.0322265625
707.440063     15445.6113281250
707.770325     15560.0732421875
708.100525     15183.0224609375
708.430725     15214.4433593750
708.760864     15225.6650390625
709.090942     15171.8007812500
709.420959     15007.9628906250
709.750916     15279.5292968750
710.080933     14855.3476562500
710.410828     15113.4482421875
710.740662     14918.1894531250
711.070496     14972.0537109375
711.400269     14922.6777343750
711.729980     14835.1484375000
712.059631     14727.4199218750
712.389282     14496.2519531250
712.718872     14839.6367187500
713.048462     14689.2656250000
713.377930     14538.8945312500
713.707397     14577.0478515625
714.036865     14473.8085937500
714.366211     14336.9033203125
714.695435     14381.7900390625
715.024780     14186.5312500000
715.354004     14303.2373046875
715.683228     13721.9511718750
716.012329     13661.3535156250
716.341431     13546.8916015625
716.670532     13466.0957031250
716.999573     12312.5000000000
717.328430     12092.5537109375
717.657349     11966.8701171875
717.986267     11374.3623046875
718.315125     10941.2021484375
718.643860     10853.6728515625
718.972656     10635.9707031250
719.301331     10362.1601562500
719.630005     10198.3232421875
719.958557     10380.1152343750
720.287170     10258.9199218750
720.615662     10438.4687500000
720.944214     10815.5185546875
721.272583     11298.0537109375
721.600952     11677.3486328125
721.929321     11733.4580078125
722.257629     12153.1513671875
722.585876     12110.5087890625
722.914063     11899.5400390625
723.242188     11441.6923828125
723.570313     11248.6787109375
723.898376     11037.7099609375
724.226440     10828.9853515625
724.554382     10896.3154296875
724.882324     10658.4140625000
725.210266     10638.2158203125
725.538025     10487.8437500000
725.865784     10519.2646484375
726.193604     10710.0341796875
726.521301     10732.4785156250
726.848938     10710.0341796875
727.176514     10508.0429687500
727.504150     10609.0390625000
727.831726     10642.7041015625
728.159119     10743.7001953125
728.486572     10494.5771484375
728.813965     10411.5361328125
729.141357     10299.3183593750
729.468567     10454.1787109375
729.795837     10543.9531250000
730.123108     10550.6855468750
730.450317     10642.7041015625
730.777344     10514.7763671875
731.104431     10548.4414062500
731.431519     10501.3105468750
731.758484     10741.4550781250
732.085388     10541.7080078125
732.412292     10784.0976562500
732.739136     10831.2294921875
733.065979     11197.0585937500
733.392639     11262.1445312500
733.719421     11262.1445312500
734.046082     11154.4160156250
734.372681     11291.3212890625
734.699219     11293.5654296875
735.025757     11291.3212890625
735.352234     11491.0683593750
735.678711     11246.4335937500
736.005127     11226.2353515625
736.331482     11318.2529296875
736.657715     11149.9267578125
736.984009     11215.0126953125
737.310181     11129.7275390625
737.636353     10995.0673828125
737.962524     11165.6376953125
738.288574     11107.2841796875
738.614624     10961.4013671875
738.940613     11010.7773437500
739.266541     10828.9853515625
739.592407     10864.8945312500
739.918274     11087.0849609375
740.244080     10990.5781250000
740.569824     10772.8759765625
740.895569     10687.5908203125
741.221191     10905.2929687500
741.546753     10559.6630859375
741.872375     10676.3691406250
742.197937     10573.1289062500
742.523376     10595.5732421875
742.848816     10703.3017578125
743.174194     10667.3916015625
743.499573     11015.2656250000
743.824890     10692.0800781250
744.150085     10618.0166015625
744.475342     10781.8535156250
744.800476     10568.6406250000
745.125610     10395.8261718750
745.450623     10707.7900390625
745.775696     10418.2695312500
746.100708     10689.8349609375
746.425598     10649.4375000000
746.750427     10348.6943359375
747.075256     10602.3056640625
747.400085     10429.4912109375
747.724915     10395.8261718750
748.049561     10454.1787109375
748.374207     10321.7617187500
748.698853     10315.0292968750
749.023438     10175.8798828125
749.347900     10193.8339843750
749.672363     10041.2187500000
749.996765     10218.5224609375
750.321167     10148.9472656250
750.645508     10196.0781250000
750.969788      9953.6884765625
751.294067     10014.2861328125
751.618286      9922.2675781250
751.942383      9897.5800781250
752.266479      9789.8515625000
752.590576      9614.7919921875
752.914551      9785.3623046875
753.238525      9641.7246093750
753.562439      9495.8417968750
753.886292      9684.3671875000
754.210144      9691.0996093750
754.533936      9565.4160156250
754.857666      9729.2539062500
755.181335      9527.2626953125
755.505005      9394.8457031250
755.828613      9581.1269531250
756.152100      9255.6962890625
756.475586      9417.2890625000
756.799133      9208.5644531250
757.122498      9343.2255859375
757.445862      9248.9628906250
757.769165      9233.2529296875
758.092468      8928.0214843750
758.415710      9121.0351562500
758.738831      8912.3105468750
759.061951      8568.9257812500
759.385071      7682.4072265625
759.708130      6549.0112304688
760.031067      5628.8281250000
760.354004      4789.4414062500
760.676941      4131.8471679688
760.999817      3777.2397460938
761.322632      4006.1633300781
761.645386      4066.7607421875
761.968079      4466.2548828125
762.290771      4499.9204101563
762.613342      4284.4628906250
762.935974      4291.1958007813
763.258484      4486.4541015625
763.580994      4423.6123046875
763.903381      4349.5488281250
764.225830      4697.4228515625
764.548157      4807.3959960938
764.870422      5029.5864257813
765.192688      5274.2207031250
765.514832      5539.0537109375
765.837036      5655.7602539063
766.159119      5902.6386718750
766.481140      6035.0551757813
766.803223      6562.4770507813
767.125183      6771.2016601563
767.447144      6993.3920898438
767.768982      6986.6591796875
768.090820      7141.5190429688
768.412659      7287.4018554688
768.734314      7482.6601562500
769.056091      7462.4614257813
769.377686      7576.9228515625
769.699280      7491.6376953125
770.020813      7570.1899414063
770.342346      7684.6518554688
770.663757      7626.2988281250
770.985229      7855.2221679688
771.306580      7794.6250000000
771.627869      7567.9458007813
771.949158      7457.9726562500
772.270386      7554.4794921875
772.591553      7650.9863281250
772.912659      7684.6518554688
773.233765      7579.1674804688
773.554810      7442.2622070313
773.875793      7460.2167968750
774.196716      7579.1674804688
774.517578      7673.4301757813
774.838440      7469.1943359375
775.159302      7343.5107421875
775.480042      7462.4614257813
775.800659      7413.0854492188
776.121399      7455.7280273438
776.441956      7442.2622070313
776.762573      7431.0405273438
777.083008      7558.9682617188
777.403503      7563.4570312500
777.723999      7363.7099609375
778.044373      7359.2211914063
778.364624      7453.4838867188
778.684937      7422.0629882813
779.005188      7534.2802734375
779.325378      7350.2436523438
779.645447      7298.6235351563
779.965637      7298.6235351563
780.285706      7282.9130859375
780.605652      7321.0673828125
780.925598      7397.3750000000
781.245483      7217.8271484375
781.565369      7267.2026367188
781.885193      7370.4428710938
782.204895      7422.0629882813
782.524658      7460.2167968750
782.844299      7260.4697265625
783.163940      7181.9174804688
783.483582      7107.8540039063
783.803040      7262.7143554688
784.122559      7197.6279296875
784.442017      7341.2666015625
784.761414      7226.8046875000
785.080688      7273.9360351563
785.400024      7168.4516601563
785.719238      7161.7182617188
786.038452      7271.6914062500
786.357544      7083.1660156250
786.676697      7096.6323242188
786.995789      7114.5869140625
787.314758      7047.2568359375
787.633728      7058.4785156250
787.952637      6979.9262695313
788.271484      6825.0659179688
788.590271      6955.2382812500
788.908997      6858.7314453125
789.227783      6860.9755859375
789.546448      6773.4458007813
789.865112      6737.5366210938
790.183655      6692.6494140625
790.502197      6703.8710937500
790.820679      6638.7851562500
791.139099      6557.9882812500
791.457520      6575.9433593750
791.775879      6674.6948242188
792.094116      6492.9023437500
792.412415      6477.1918945313
792.730530      6562.4770507813
793.048767      6506.3686523438
793.366821      6427.8164062500
793.684937      6477.1918945313
794.002869      6382.9291992188
794.320862      6398.6396484375
794.638733      6445.7709960938
794.956665      6263.9785156250
795.274414      6304.3769531250
795.592224      6234.8022460938
795.909912      6349.2641601563
796.227661      6151.7612304688
796.545227      6210.1142578125
796.862854      6324.5761718750
797.180359      6293.1552734375
797.497864      6176.4492187500
797.815308      6032.8105468750
798.132629      6109.1186523438
798.450012      6187.6708984375
798.767273      6203.3813476563
799.084595      6106.8745117188
799.401733      6133.8066406250
799.718933      5996.9013671875
800.036011      5994.6567382813
800.353027      5969.9687500000
800.670044      5996.9013671875
800.987000      5792.6655273438
801.303894      6010.3671875000
801.620850      5862.2402343750
801.937561      5808.3759765625
802.254333      5846.5297851563
802.571106      5741.0454101563
802.887817      5716.3574218750
803.204346      5799.3984375000
803.520935      5741.0454101563
803.837463      5756.7558593750
804.153992      5851.0185546875
804.470337      5527.8320312500
804.786743      5680.4477539063
805.103027      5765.7333984375
805.419434      5752.2670898438
805.735535      5678.2036132813
806.051758      5803.8872070313
806.367920      5588.4296875000
806.684021      5449.2797851563
807.000000      5592.9184570313
807.316040      5518.8549804688
807.632019      5673.7148437500
807.947876      5512.1215820313
808.263672      5509.8774414063
808.579529      5608.6289062500
808.895325      5554.7641601563
809.211060      5283.1982421875
809.526611      5307.8857421875
809.842224      5159.7587890625
810.157837      5294.4199218750
810.473389      5269.7319335938
810.788757      5168.7363281250
811.104187      5175.4692382813
811.419617      5139.5595703125
811.734924      5099.1616210938
812.050171      5090.1840820313
812.365417      4973.4780273438
812.680542      4876.9707031250
812.995728      4933.0795898438
813.310852      4809.6406250000
813.625854      4699.6674804688
813.940796      4657.0249023438
814.255798      4522.3637695313
814.570679      4457.2778320313
814.885498      4320.3720703125
815.200256      4322.6166992188
815.515015      4315.8837890625
815.829651      4232.8427734375
816.144287      4104.9145507813
816.458923      4190.2001953125
816.773438      4033.0957031250
817.087952      4051.0502929688
817.402344      4122.8696289063
817.716797      4026.3625488281
818.031189      4046.5617675781
818.345520      3963.5207519531
818.659668      3963.5207519531
818.973877      3968.0095214844
819.288086      3952.2990722656
819.602173      3932.0998535156
819.916199      4008.4077148438
820.230225      4071.2495117188
820.544189      4111.6479492188
820.858154      4187.9555664063
821.171997      4226.1098632813
821.485779      4293.4399414063
821.799561      4250.7973632813
822.113281      4219.3764648438
822.426880      4109.4033203125
822.740540      3920.8781738281
823.054138      3833.3483886719
823.367676      3691.9545898438
823.681152      3653.8005371094
823.994568      3734.5971679688
824.307922      3792.9501953125
824.621277      3884.9685058594
824.934509      3983.7199707031
825.247742      4086.9599609375
825.560913      4075.7382812500
825.874146      4116.1367187500
826.187134      4017.3852539063
826.500183      4134.0913085938
826.813171      4226.1098632813
827.126160      4035.3398437500
827.439026      4030.8513183594
827.751831      3954.5434570313
828.064636      3833.3483886719
828.377380      3905.1677246094
828.690063      3801.9277343750
829.002686      3819.8823242188
829.315308      3792.9501953125
829.627869      3781.7285156250
829.940308      3768.2624511719
830.252808      3779.4841308594
830.565125      3842.3259277344
830.877563      3849.0588378906
831.189880      3871.5024414063
831.502075      3889.4572753906
831.814270      3725.6196289063
832.126465      3837.8371582031
832.438599      3806.4162597656
832.750549      3790.7058105469
833.062622      3844.5703125000
833.374512      3696.4431152344
833.686462      3709.9091796875
833.998291      3712.1535644531
834.310120      3667.2666015625
834.621887      3736.8415527344
834.933594      3754.7963867188
835.245239      3734.5971679688
835.556885      3673.9997558594
835.868408      3748.0632324219
836.179932      3808.6606445313
836.491333      3786.2172851563
836.802795      3786.2172851563
837.114197      3759.2849121094
837.425537      3741.3300781250
837.736694      3810.9050292969
838.047913      3629.1127929688
838.359131      3813.1494140625
838.670227      3712.1535644531
838.981262      3651.5561523438
839.292358      3779.4841308594
839.603333      3685.2214355469
839.914246      3712.1535644531
840.225037      3638.0900878906
840.535889      3586.4699707031
840.846680      3718.8867187500
841.157410      3700.9318847656
841.468079      3617.8908691406
841.778687      3599.9362792969
842.089233      3649.3117675781
842.399780      3590.9587402344
842.710266      3667.2666015625
843.020691      3629.1127929688
843.331055      3595.4475097656
843.641418      3611.1579589844
843.951721      3420.3881835938
844.261841      3590.9587402344
844.572083      3546.0717773438
844.882202      3483.2299804688
845.192261      3557.2934570313
845.502258      3463.0307617188
845.812256      3568.5153808594
846.122192      3489.9631347656
846.432068      3512.4064941406
846.741882      3525.8725585938
847.051636      3456.2978515625
847.361389      3537.0944824219
847.671143      3413.6552734375
847.980713      3447.3203125000
848.290283      3496.6960449219
848.599792      3494.4516601563
848.909302      3359.7907714844
849.218689      3388.9672851563
849.528076      3395.7004394531
849.837463      3310.4150390625
850.146790      3200.4421386719
850.455933      3155.5549316406
850.765137      3247.5732421875
851.074280      3133.1115722656
851.383362      3142.0888671875
851.692383      3294.7045898438
852.001343      3166.7768554688
852.310303      3211.6638183594
852.619202      3238.5959472656
852.927979      3337.3474121094
853.236816      3177.9985351563
853.545532      3274.5056152344
853.854248      3108.4235839844
854.162842      3056.8037109375
854.471436      2946.8305664063
854.779968      2850.3234863281
855.088440      2870.5227050781
855.396851      2984.9843750000
855.705200      3047.8261718750
856.013611      3054.5593261719
856.321899      3023.1384277344
856.630127      3032.1157226563
856.938293      3077.0029296875
857.246399      2993.9619140625
857.554504      2971.5183105469
857.862549      3041.0932617188
858.170471      3020.8940429688
858.478394      2933.3645019531
858.786316      3063.5366210938
859.094177      2971.5183105469
859.401917      3038.8488769531
859.709656      3002.9392089844
860.017334      2976.0070800781
860.324951      2935.6088867188
860.632507      2969.2739257813
860.940063      3002.9392089844
861.247559      2958.0522460938
861.555054      2976.0070800781
861.862366      2993.9619140625
862.169739      2883.9887695313
862.476990      3007.4279785156
862.784241      2890.7219238281
863.091370      2949.0749511719
863.398499      2863.7895507813
863.705627      2877.2556152344
864.012634      2926.6313476563
864.319519      2886.2331542969
864.626526      2872.7670898438
864.933350      2771.7712402344
865.240234      2836.8574218750
865.546936      2749.3278808594
865.853699      2740.3503417969
866.160400      2684.2416992188
866.466980      2657.3095703125
866.773560      2592.2233886719
867.080078      2581.0017089844
867.386536      2531.6259765625
867.692993      2578.7573242188
867.999329      2601.2006835938
868.305664      2646.0876464844
868.611938      2673.0200195313
868.918152      2589.9790039063
869.224304      2722.3955078125
869.530457      2614.6667480469
869.836487      2666.2868652344
870.142517      2666.2868652344
870.448547      2614.6667480469
870.754395      2630.3771972656
871.060242      2655.0651855469
871.366089      2706.6853027344
871.671814      2648.3320312500
871.977539      2684.2416992188
872.283203      2632.6215820313
872.588806      2625.8886718750
872.894409      2625.8886718750
873.199890      2477.7614746094
873.505371      2601.2006835938
873.810730      2542.8476562500
874.116150      2576.5129394531
874.421387      2574.2685546875
874.726685      2522.6484375000
875.031860      2488.9833984375
875.337097      2610.1782226563
875.642090      2572.0241699219
875.947205      2462.0510253906
876.252197      2518.1599121094
876.557129      2558.5581054688
876.862000      2475.5173339844
877.166870      2367.7883300781
877.471680      2605.6894531250
877.776428      2495.7163085938
878.081116      2506.9379882813
878.385742      2491.2275390625
878.690369      2430.6301269531
878.994873      2542.8476562500
879.299316      2432.8745117188
879.603821      2444.0964355469
879.908203      2506.9379882813
880.212585      2423.8972167969
880.516846      2363.2998046875
880.821106      2374.5214843750
881.125244      2387.9875488281
881.429382      2414.9196777344
881.733459      2365.5441894531
882.037537      2358.8110351563
882.341492      2370.0327148438
882.645447      2361.0554199219
882.949280      2286.9919433594
883.253113      2334.1232910156
883.556885      2358.8110351563
883.860657      2410.4311523438
884.164307      2331.8789062500
884.467896      2311.6796875000
884.771484      2237.6162109375
885.075073      2381.2546386719
885.378540      2304.9467773438
885.681885      2253.3266601563
885.985291      2203.9509277344
886.288635      2358.8110351563
886.591858      2275.7700195313
886.895020      2152.3308105469
887.198242      2168.0412597656
887.501343      2226.3945312500
887.804443      2219.6613769531
888.107422      2194.9736328125
888.410400      2174.7744140625
888.713257      2251.0822753906
889.016174      2150.0866699219
889.318909      2138.8647460938
889.621643      2132.1318359375
889.924377      2239.8605957031
890.227051      2159.0639648438
890.529602      2257.8154296875
890.832153      2172.5300292969
891.134705      2197.2180175781
891.437134      2159.0639648438
891.739441      2179.2631835938
892.041870      2197.2180175781
892.344116      2096.2221679688
892.646362      2120.9099121094
892.948486      2141.1091308594
893.250671      2049.0908203125
893.552734      2001.9594726563
893.854797      2053.5795898438
894.156738      2031.1361083984
894.458618      1997.4708251953
894.760559      1986.2490234375
895.062378      1995.2264404297
895.364136      1975.0273437500
895.665894      1970.5385742188
895.967590      1961.5612792969
896.269165      1957.0725097656
896.570679      1966.0499267578
896.872192      1889.7420654297
897.173706      1820.1672363281
897.475159      1853.8325195313
897.776428      1853.8325195313
898.077759      1817.9228515625
