0.208000
190.544205         0.0000000000
190.924866         0.0000000000
191.305481      1415.4667968750
191.686081      1397.6341552734
192.066635      1437.7576904297
192.447174      1368.6561279297
192.827667      1522.4627685547
193.208130      1531.3790283203
193.588577      1544.7535400391
193.968964      1408.7795410156
194.349350      1549.2117919922
194.729691      1435.5285644531
195.110001      1553.6699218750
195.490295      1533.6081542969
195.870529      1564.8153076172
196.250763      1524.6918945313
196.630936      1518.0046386719
197.011093      1473.4229736328
197.391220      1460.0484619141
197.771301      1480.1102294922
198.151367      1482.3392333984
198.531403      1504.6301269531
198.911407      1462.2775878906
199.291382      1448.9030761719
199.671295      1406.5505371094
200.051208      1520.2336425781
200.431076      1555.8989257813
200.810928      1466.7357177734
201.190735      1486.7974853516
201.570511      1513.5463867188
201.950272      1506.8591308594
202.329971      1486.7974853516
202.709671      1506.8591308594
203.089310      1482.3392333984
203.468933      1486.7974853516
203.848541      1473.4229736328
204.228073      1439.9866943359
204.607620      1524.6918945313
204.987106      1524.6918945313
205.366577      1540.2954101563
205.746017      1424.3831787109
206.125412      1464.5065917969
206.504776      1504.6301269531
206.884125      1551.4407958984
207.263428      1555.8989257813
207.642700      1446.6739501953
208.021942      1453.3612060547
208.401169      1553.6699218750
208.780334      1504.6301269531
209.159485      1468.9648437500
209.538605      1524.6918945313
209.917694      1437.7576904297
210.296753      1513.5463867188
210.675766      1520.2336425781
211.054764      1502.4010009766
211.433716      1538.0662841797
211.812637      1471.1938476563
212.191544      1518.0046386719
212.570404      1473.4229736328
212.949249      1520.2336425781
213.328033      1453.3612060547
213.706802      1457.8193359375
214.085556      1497.9428710938
214.464249      1437.7576904297
214.842926      1522.4627685547
215.221558      1455.5903320313
215.600174      1515.7755126953
215.978760      1475.6520996094
216.357300      1466.7357177734
216.735825      1442.2158203125
217.114288      1522.4627685547
217.492737      1464.5065917969
217.871185      1515.7755126953
218.249557      1480.1102294922
218.627914      1518.0046386719
219.006226      1515.7755126953
219.384521      1564.8153076172
219.762772      1484.5683593750
220.141006      1495.7137451172
220.519196      1497.9428710938
220.897354      1587.1060791016
221.275497      1529.1500244141
221.653580      1466.7357177734
222.031662      1471.1938476563
222.409698      1437.7576904297
222.787704      1553.6699218750
223.165680      1533.6081542969
223.543610      1448.9030761719
223.921524      1531.3790283203
224.299393      1471.1938476563
224.677231      1571.5025634766
225.055054      1435.5285644531
225.432816      1515.7755126953
225.810577      1484.5683593750
226.188278      1451.1322021484
226.565979      1457.8193359375
226.943634      1473.4229736328
227.321243      1431.0704345703
227.698837      1484.5683593750
228.076385      1531.3790283203
228.453903      1486.7974853516
228.831406      1524.6918945313
229.208847      1502.4010009766
229.586288      1489.0264892578
229.963669      1491.2556152344
230.341034      1502.4010009766
230.718369      1477.8811035156
231.095657      1531.3790283203
231.472916      1500.1719970703
231.850143      1515.7755126953
232.227356      1529.1500244141
232.604523      1453.3612060547
232.981659      1515.7755126953
233.358749      1551.4407958984
233.735825      1460.0484619141
234.112869      1540.2954101563
234.489868      1509.0882568359
234.866852      1511.3173828125
235.243790      1500.1719970703
235.620697      1502.4010009766
235.997589      1475.6520996094
236.374405      1558.1280517578
236.751221      1542.5245361328
237.128006      1480.1102294922
237.504745      1442.2158203125
237.881470      1580.4188232422
238.258133      1520.2336425781
238.634796      1506.8591308594
239.011414      1526.9208984375
239.388000      1506.8591308594
239.764557      1546.9826660156
240.141068      1493.4847412109
240.517563      1460.0484619141
240.893997      1468.9648437500
241.270432      1549.2117919922
241.646835      1515.7755126953
242.023178      1493.4847412109
242.399506      1484.5683593750
242.775787      1448.9030761719
243.152054      1471.1938476563
243.528290      1455.5903320313
243.904465      1495.7137451172
244.280640      1451.1322021484
244.656754      1466.7357177734
245.032852      1495.7137451172
245.408936      1513.5463867188
245.784943      1482.3392333984
246.160950      1491.2556152344
246.536911      1533.6081542969
246.912842      1493.4847412109
247.288757      1497.9428710938
247.664612      1480.1102294922
248.040451      1558.1280517578
248.416229      1504.6301269531
248.792023      1446.6739501953
249.167755      1448.9030761719
249.543457      1477.8811035156
249.919113      1509.0882568359
250.294754      1500.1719970703
250.670364      1460.0484619141
251.045944      1549.2117919922
251.421478      1560.3571777344
251.796982      1531.3790283203
252.172440      1491.2556152344
252.547897      1424.3831787109
252.923294      1549.2117919922
253.298676      1511.3173828125
253.673996      1520.2336425781
254.049316      1484.5683593750
254.424606      1491.2556152344
254.799850      1509.0882568359
255.175064      1569.2734375000
255.550217      1493.4847412109
255.925369      1504.6301269531
256.300476      1482.3392333984
256.675537      1489.0264892578
257.050598      1500.1719970703
257.425598      1493.4847412109
257.800598      1515.7755126953
258.175537      1522.4627685547
258.550446      1502.4010009766
258.925354      1473.4229736328
259.300171      1471.1938476563
259.674988      1484.5683593750
260.049774      1462.2775878906
260.424500      1526.9208984375
260.799225      1455.5903320313
261.173889      1497.9428710938
261.548553      1484.5683593750
261.923187      1558.1280517578
262.297760      1524.6918945313
262.672302      1504.6301269531
263.046814      1535.8372802734
263.421326      1504.6301269531
263.795776      1526.9208984375
264.170135      1471.1938476563
264.544525      1462.2775878906
264.918915      1511.3173828125
265.293243      1533.6081542969
265.667511      1504.6301269531
266.041748      1518.0046386719
266.415955      1500.1719970703
266.790161      1448.9030761719
267.164307      1531.3790283203
267.538422      1493.4847412109
267.912476      1518.0046386719
268.286530      1462.2775878906
268.660583      1495.7137451172
269.034546      1504.6301269531
269.408508      1564.8153076172
269.782440      1604.9387207031
270.156311      1567.0444335938
270.530151      1538.0662841797
270.903992      1424.3831787109
271.277710      1497.9428710938
271.651489      1475.6520996094
272.025208      1466.7357177734
272.398895      1542.5245361328
272.772552      1466.7357177734
273.146179      1549.2117919922
273.519745      1562.5861816406
273.893280      1439.9866943359
274.266815      1518.0046386719
274.640289      1493.4847412109
275.013733      1553.6699218750
275.387146      1395.4051513672
275.760529      1486.7974853516
276.133881      1535.8372802734
276.507202      1502.4010009766
276.880463      1413.2377929688
277.253723      1513.5463867188
277.626923      1482.3392333984
278.000122      1460.0484619141
278.373260      1477.8811035156
278.746338      1502.4010009766
279.119446      1511.3173828125
279.492493      1571.5025634766
279.865509      1468.9648437500
280.238495      1542.5245361328
280.611450      1475.6520996094
280.984314      1551.4407958984
281.357208      1593.7933349609
281.730072      1551.4407958984
282.102875      1538.0662841797
282.475647      1511.3173828125
282.848358      1502.4010009766
283.221069      1502.4010009766
283.593750      1502.4010009766
283.966400      1513.5463867188
284.339020      1569.2734375000
284.711548      1506.8591308594
285.084106      1535.8372802734
285.456635      1509.0882568359
285.829071      1555.8989257813
286.201508      1522.4627685547
286.573914      1475.6520996094
286.946320      1540.2954101563
287.318634      1573.7316894531
287.690948      1564.8153076172
288.063202      1562.5861816406
288.435425      1477.8811035156
288.807648      1511.3173828125
289.179810      1493.4847412109
289.551941      1522.4627685547
289.924011      1511.3173828125
290.296112      1435.5285644531
290.668121      1524.6918945313
291.040161      1515.7755126953
291.412109      1524.6918945313
291.783997      1531.3790283203
292.155914      1538.0662841797
292.527771      1513.5463867188
292.899597      1515.7755126953
293.271393      1569.2734375000
293.643127      1513.5463867188
294.014862      1538.0662841797
294.386566      1567.0444335938
294.758240      1631.6877441406
295.129852      1600.4805908203
295.501404      1582.6479492188
295.872955      1549.2117919922
296.244507      1453.3612060547
296.615997      1567.0444335938
296.987427      1560.3571777344
297.358826      1497.9428710938
297.730225      1602.7097167969
298.101593      1520.2336425781
298.472900      1502.4010009766
298.844177      1538.0662841797
299.215393      1522.4627685547
299.586609      1636.1458740234
299.957794      1582.6479492188
300.328918      1562.5861816406
300.700043      1542.5245361328
301.071136      1611.6259765625
301.442169      1587.1060791016
301.813171      1573.7316894531
302.184174      1582.6479492188
302.555115      1642.8331298828
302.925995      1600.4805908203
303.296844      1647.2913818359
303.667694      1711.9346923828
304.038483      1736.4545898438
304.409271      1682.9566650391
304.779968      1678.4984130859
305.150696      1740.9127197266
305.521362      1740.9127197266
305.891968      1890.2612304688
306.262543      1867.9704589844
306.633118      1854.5959472656
307.003632      1865.7413330078
307.374146      1912.5520019531
307.744598      2108.7111816406
308.114990      2059.6713867188
308.485413      2175.5837402344
308.855743      2260.2888183594
309.226074      2209.0197753906
309.596375      2202.3327636719
309.966614      2175.5837402344
310.336792      2284.8085937500
310.707001      2309.3286132813
311.077148      2420.7827148438
311.447235      2523.3203125000
311.817322      2828.7045898438
312.187347      2826.4755859375
312.557373      2900.0351562500
312.927368      2866.5988769531
313.297302      2946.8459472656
313.667175      2998.1147460938
314.037048      3200.9611816406
314.406891      3254.4592285156
314.776642      3265.6044921875
315.146423      3294.5827636719
315.516144      3372.6005859375
315.885864      3408.2658691406
316.255524      3506.3454589844
316.625153      3319.1025390625
316.994751      3412.7238769531
317.364288      3573.2177734375
317.733795      3820.6459960938
318.103302      4065.8449707031
318.472717      4143.8627929688
318.842133      4083.6774902344
319.211517      3929.8708496094
319.580872      4110.4267578125
319.950195      4266.4624023438
320.319489      4253.0878906250
320.688751      4438.1015625000
321.057922      4752.4018554688
321.427094      4881.6889648438
321.796234      4761.3183593750
322.165344      4718.9658203125
322.534393      4705.5913085938
322.903412      4739.0273437500
323.272430      4725.6528320313
323.641418      4616.4282226563
324.010315      4567.3881835938
324.379242      4808.1289062500
324.748077      5002.0590820313
325.116913      5436.7299804688
325.485657      5369.8574218750
325.854431      5597.2241210938
326.223145      5784.4667968750
326.591827      6221.3666992188
326.960480      6522.2929687500
327.329102      6635.9760742188
327.697693      6640.4340820313
328.066193      6647.1215820313
328.434723      6560.1870117188
328.803192      6644.8925781250
329.171600      6896.7788085938
329.540009      6711.7646484375
329.908386      7095.1669921875
330.276703      7505.3178710938
330.645050      7868.6582031250
331.013306      7971.1958007813
331.381500      7908.7817382813
331.749695      7411.6962890625
332.117859      7367.1147460938
332.485962      7347.0532226563
332.854034      7705.9350585938
333.222107      7714.8515625000
333.590118      7997.9448242188
333.958099      7939.9887695313
334.326050      7665.8115234375
334.693970      7703.7060546875
335.061859      7705.9350585938
335.429657      7757.2041015625
335.797455      7879.8037109375
336.165192      7908.7817382813
336.532959      7627.9174804688
336.900665      7364.8857421875
337.268341      7037.2109375000
337.635956      7186.5590820313
338.003571      6968.1093750000
338.371124      7228.9116210938
338.738647      7407.2382812500
339.106110      7804.0146484375
339.473572      7966.7377929688
339.840942      8069.2753906250
340.208344      8038.0683593750
340.575653      8401.4082031250
340.942993      8535.1533203125
341.310272      8659.9824218750
341.677521      8519.5498046875
342.044708      8486.1132812500
342.411865      8383.5761718750
342.778992      8396.9501953125
343.146088      8606.4843750000
343.513123      8844.9960937500
343.880157      8773.6650390625
344.247131      8624.3164062500
344.614105      8189.6459960938
344.981049      7665.8115234375
345.347900      7652.4370117188
345.714783      7895.4072265625
346.081573      8354.5976562500
346.448334      8535.1533203125
346.815094      8608.7128906250
347.181763      8639.9199218750
347.548431      8758.0615234375
347.915070      8916.3261718750
348.281677      8548.5283203125
348.648224      8470.5097656250
349.014771      8684.5019531250
349.381256      8789.2685546875
349.747711      8599.7968750000
350.114105      8532.9248046875
350.480469      8709.0214843750
350.846832      9212.7939453125
351.213135      9649.6943359375
351.579407      9738.8574218750
351.945679      9803.5009765625
352.311890      9593.9677734375
352.678040      9536.0107421875
353.044189      9308.6445312500
353.410278      9228.3984375000
353.776337      9310.8740234375
354.142303      9963.9951171875
354.508301     10284.9824218750
354.874268     10545.7851562500
355.240204     10773.1513671875
355.606079     10826.6494140625
355.971924     10884.6054687500
356.337738     10527.9521484375
356.703491     10443.2470703125
357.069244     10091.0527343750
357.434937      9480.2841796875
357.800598      8907.4101562500
358.166229      8947.5332031250
358.531830      8628.7753906250
358.897369      8310.0166015625
359.262909      8026.9228515625
359.628418      8334.5361328125
359.993866      9293.0410156250
360.359222     10338.4804687500
360.724609     10967.0820312500
361.089966     10835.5654296875
361.455261     10267.1503906250
361.820526      9816.8759765625
362.185760      9912.7255859375
362.550964      9984.0566406250
362.916138      9930.5585937500
363.281250     10641.6357421875
363.646332     10918.0419921875
364.011383     11002.7470703125
364.376404     10739.7148437500
364.741333     11109.7431640625
365.106293     11276.9238281250
365.471222     11274.6953125000
365.836090     11426.2724609375
366.200928     12391.4648437500
366.565735     12906.3828125000
366.930511     13354.4277343750
367.295227     13392.3222656250
367.659912     13267.4941406250
368.024536     13263.0361328125
368.389160     12841.7392578125
368.753723     12667.8710937500
369.118317     12467.2539062500
369.482819     12507.3769531250
369.847260     12913.0703125000
370.211731     13347.7412109375
370.576111     13626.3759765625
370.940460     13414.6132812500
371.304810     12995.5458984375
371.669098     12627.7470703125
372.033325     13107.0000000000
372.397522     13033.4404296875
372.761749     12516.2929687500
373.125885     12057.1025390625
373.489990     12173.0146484375
373.854065     11464.1669921875
374.218109     10884.6054687500
374.582092     10672.8427734375
374.946075     10733.0283203125
375.309998     10563.6181640625
375.673859     10643.8652343750
376.037720     11370.5449218750
376.401550     12074.9355468750
376.765320     12230.9707031250
377.129059     12340.1962890625
377.492798     12529.6679687500
377.856476     13158.2685546875
378.220062     13983.0292968750
378.583679     14747.6044921875
378.947205     15229.0859375000
379.310730     14970.5126953125
379.674225     14130.1484375000
380.037689     13303.1591796875
380.401093     12777.0957031250
380.764496     12919.7568359375
381.127838     13220.6835937500
381.491119     14094.4833984375
381.854370     13686.5615234375
382.217621     12881.8623046875
382.580811     11967.9394531250
382.943939     11312.5888671875
383.307068     10200.2773437500
383.670166      9573.9052734375
384.033203      9116.9443359375
384.396240      9132.5478515625
384.759216      9787.8974609375
385.122131     10753.0898437500
385.485016     11664.7841796875
385.847900     12458.3369140625
386.210724     11947.8779296875
386.573486     11827.5068359375
386.936279     12005.8339843750
387.298981     12538.5839843750
387.661652     12255.4912109375
388.024323     12277.7812500000
388.386902     12349.1123046875
388.749481     12023.6660156250
389.112000     11974.6269531250
389.474487     12344.6542968750
389.836945     12832.8232421875
390.199371     13985.2578125000
390.561737     14270.5810546875
390.924103     14682.9609375000
391.286407     14903.6396484375
391.648682     15592.4257812500
392.010925     15944.6210937500
392.373108     15674.9023437500
392.735291     15373.9755859375
393.097382     13760.1210937500
393.459473     12108.3710937500
393.821533     10091.0527343750
394.183533      9012.1767578125
394.545532      9297.4990234375
394.907471     10746.4023437500
395.269379     12306.7597656250
395.631256     13789.0986328125
395.993042     14903.6396484375
396.354828     15215.7109375000
396.716583     14361.9726562500
397.078308     12652.2675781250
397.439972     10920.2705078125
397.801636     10347.3964843750
398.163239     11626.8896484375
398.524841     14183.6464843750
398.886383     16314.6484375000
399.247833     17997.6054687500
399.609283     18996.2343750000
399.970703     19792.0156250000
400.332062     20304.7050781250
400.693420     20543.2167968750
401.054718     20783.9570312500
401.416016     21207.4824218750
401.777252     21194.1074218750
402.138458     22663.0722656250
402.499603     22551.6191406250
402.860718     22627.4082031250
403.221832     22836.9414062500
403.582855     22647.4687500000
403.943848     22268.5253906250
404.304810     22286.3574218750
404.665771     22618.4921875000
405.026642     22330.9394531250
405.387543     22058.9921875000
405.748352     22531.5566406250
406.109161     22277.4414062500
406.469849     22272.9843750000
406.830597     21758.0664062500
407.191223     21987.6621093750
407.551880     21849.4589843750
407.912476     22221.7148437500
408.273041     22313.1074218750
408.633575     22522.6406250000
408.994049     23177.9902343750
409.354492     24161.0156250000
409.714935     24609.0605468750
410.075287     24096.3730468750
410.435608     23106.6601562500
410.795868     22339.8554687500
411.156158     22163.7578125000
411.516388     22656.3847656250
411.876587     24069.6230468750
412.236725     24722.7441406250
412.596832     25346.8867187500
412.956909     25222.0585937500
413.316925     25159.6445312500
413.676910     24771.7832031250
414.036896     24702.6835937500
414.396820     25284.4726562500
414.756683     25106.1464843750
415.116547     25206.4550781250
415.476379     24976.8593750000
415.836121     25106.1464843750
416.195862     25081.6269531250
416.555542     24959.0273437500
416.915192     25389.2402343750
417.274811     25962.1132812500
417.634399     25774.8710937500
417.993927     24860.9472656250
418.353455     24551.1054687500
418.712891     24655.8710937500
419.072357     24678.1621093750
419.431763     24740.5761718750
419.791107     25284.4726562500
420.150452     24970.1718750000
420.509674     24482.0039062500
420.868927     24399.5273437500
421.228119     25208.6835937500
421.587280     25536.3593750000
421.946411     26349.9746093750
422.305542     26443.5957031250
422.664581     25458.3417968750
423.023621     24582.3125000000
423.382568     24218.9726562500
423.741516     24381.6953125000
424.100403     24232.3457031250
424.459259     24459.7128906250
424.818054     24952.3398437500
425.176880     25404.8437500000
425.535614     24667.0175781250
425.894348     24698.2246093750
426.252991     24145.4121093750
426.611633     24553.3339843750
426.970245     24718.2871093750
427.328796     24444.1093750000
427.687317     24453.0253906250
428.045807     23356.3164062500
428.404205     23666.1601562500
428.762604     24085.2265625000
429.121002     23612.6621093750
429.479340     23441.0214843750
429.837616     23173.5332031250
430.195892     22132.5507812500
430.554138     20795.1015625000
430.912292     19437.5917968750
431.270416     18525.8964843750
431.628510     18831.2812500000
431.986542     20355.9726562500
432.344574     23115.5761718750
432.702576     24247.9492187500
433.060516     24259.0957031250
433.418427     24522.1269531250
433.776306     25411.5312500000
434.134155     25750.3515625000
434.491913     24568.9375000000
434.849701     23935.8789062500
435.207397     24597.9160156250
435.565063     25411.5312500000
435.922729     26242.9785156250
436.280334     26405.7011718750
436.637909     27749.8378906250
436.995453     28024.0136718750
437.352936     28202.3398437500
437.710388     27836.7714843750
438.067780     27379.8105468750
438.425171     26994.1777343750
438.782471     26086.9414062500
439.139771     24970.1718750000
439.497040     25197.5390625000
439.854279     25919.7617187500
440.211426     26439.1367187500
440.568604     26617.4628906250
440.925720     26655.3574218750
441.282776     26604.0898437500
441.639801     27633.9257812500
441.996735     28307.1074218750
442.353699     28835.4003906250
442.710602     28650.3867187500
443.067505     29615.5781250000
443.424347     29013.7265625000
443.781128     29461.7714843750
444.137878     29390.4414062500
444.494629     28960.2285156250
444.851288     29510.8125000000
445.207916     30034.6464843750
445.564514     30056.9375000000
445.921051     29241.0937500000
446.277618     28596.8886718750
446.634094     28530.0156250000
446.990540     28645.9277343750
447.346985     29332.4843750000
447.703339     29615.5781250000
448.059692     30467.0878906250
448.416016     30525.0429687500
448.772186     30353.4042968750
449.128418     30373.4667968750
449.484589     30988.6933593750
449.840729     30549.5644531250
450.196838     30966.4023437500
450.552917     31294.0761718750
450.908966     31947.1972656250
451.264954     32332.8281250000
451.620880     32250.3535156250
451.976807     32330.5996093750
452.332611     31661.8750000000
452.688446     31967.2597656250
453.044250     31013.2128906250
453.399994     29869.6933593750
453.755707     29245.5507812500
454.111389     29796.1347656250
454.467041     30090.3730468750
454.822632     30567.3964843750
455.178192     30177.3066406250
455.533722     29791.6757812500
455.889130     29459.5429687500
456.244598     30433.6523437500
456.600006     30710.0585937500
456.955353     31006.5253906250
457.310699     31269.5566406250
457.665985     31331.9707031250
458.021240     31039.9609375000
458.376434     30932.9648437500
458.731628     30507.2109375000
459.086700     30451.4843750000
459.441772     30429.1933593750
459.796844     30783.6171875000
460.151886     30549.5644531250
460.506836     30324.4257812500
460.861786     30678.8496093750
461.216675     30930.7363281250
461.571533     31548.1914062500
461.926361     31577.1699218750
462.281158     31516.9843750000
462.635803     31719.8320312500
462.990540     32002.9257812500
463.345184     31802.3085937500
463.699829     32589.1738281250
464.054413     32123.2949218750
464.408936     32228.0625000000
464.763458     31735.4355468750
465.117920     32089.8593750000
465.472351     31929.3652343750
465.826752     31931.5937500000
466.181030     32575.7988281250
466.535339     32569.1113281250
466.889618     32292.7050781250
467.243866     32462.1152343750
467.598053     32078.7128906250
467.952209     32905.7031250000
468.306305     32959.1992187500
468.660370     33043.9062500000
469.014435     33376.0390625000
469.368439     33868.6679687500
469.722321     33855.2929687500
470.076263     33975.6640625000
470.430115     34310.0234375000
470.783966     34200.8007812500
471.137756     34031.3906250000
471.491516     34211.9453125000
471.845245     35424.5664062500
472.198944     36102.2070312500
472.552582     36900.2187500000
472.906128     37375.0117187500
473.259705     37533.2773437500
473.613220     38039.2773437500
473.966675     38092.7773437500
474.320129     38204.2304687500
474.673553     38786.0195312500
475.026917     39748.9843750000
475.380249     40368.6679687500
475.733521     40533.6210937500
476.086761     40738.6953125000
476.439911     40591.5781250000
476.793091     40745.3828125000
477.146210     40888.0429687500
477.499298     41902.2773437500
477.852356     41993.6679687500
478.205353     42789.4492187500
478.558350     44169.2539062500
478.911285     44082.3164062500
479.264160     43924.0546875000
479.617035     44245.0429687500
479.969757     45633.7578125000
480.322540     45865.5820312500
480.675262     46291.3398437500
481.027985     46416.1679687500
481.380615     46293.5664062500
481.733246     46884.2734375000
482.085815     47584.2070312500
482.438324     48255.1601562500
482.790833     48116.9570312500
483.143280     48823.5742187500
483.495667     48217.2656250000
483.848022     48778.9921875000
484.200348     48547.1679687500
484.552673     48979.6093750000
484.904907     48433.4843750000
485.257111     48718.8085937500
485.609283     48997.4414062500
485.961456     48085.7500000000
486.313538     45870.0429687500
486.665588     44104.6093750000
487.017548     43872.7851562500
487.369507     44664.1093750000
487.721466     45843.2929687500
488.073334     46759.4453125000
488.425232     48072.3750000000
488.777039     48547.1679687500
489.128815     48814.6601562500
489.480560     48683.1445312500
489.832245     49334.0351562500
490.183868     50308.1445312500
490.535461     51014.7617187500
490.887054     51173.0273437500
491.238586     51157.4218750000
491.590057     51074.9492187500
491.941528     50981.3242187500
492.292938     50363.8710937500
492.644318     50062.9453125000
492.995667     49998.3007812500
493.346954     50970.1796875000
493.698181     51170.7968750000
494.049377     51173.0273437500
494.400543     50794.0820312500
494.751678     51549.7421875000
495.102783     52040.1406250000
495.453827     52341.0664062500
495.804871     52470.3515625000
496.155853     52149.3632812500
496.506775     51944.2890625000
496.857666     52220.6953125000
497.208466     52327.6914062500
497.559265     52626.3867187500
497.910065     52617.4726562500
498.260773     52410.1679687500
498.611481     51864.0429687500
498.962128     51309.0000000000
499.312744     51311.2304687500
499.663300     51741.4414062500
500.013855     51699.0898437500
500.364349     51378.1015625000
500.714752     51175.2578125000
501.065155     50611.2968750000
501.415527     50455.2617187500
501.765869     50513.2187500000
502.116150     50136.5039062500
502.466400     50111.9843750000
502.816620     49855.6406250000
503.166779     50482.0117187500
503.516907     50776.2500000000
503.866943     51130.6757812500
504.217010     50477.5546875000
504.567017     49978.2382812500
504.916962     50163.2539062500
505.266876     50767.3359375000
505.616791     51003.6171875000
505.966644     51228.7539062500
506.316437     51986.6406250000
506.666199     52385.6484375000
507.015930     52158.2812500000
507.365570     52033.4531250000
507.715210     51736.9843750000
508.064789     51556.4296875000
508.414368     51050.4257812500
508.763885     51115.0703125000
509.113373     51407.0820312500
509.462830     51962.1210937500
509.812225     51930.9140625000
510.161591     52173.8828125000
510.510895     51817.2304687500
510.860107     51812.7734375000
511.209381     51870.7304687500
511.558563     51944.2890625000
511.907715     52581.8046875000
512.256836     53045.4570312500
512.605896     53076.6640625000
512.954956     52267.5078125000
513.303955     52374.5039062500
513.652832     52151.5937500000
514.001831     52274.1914062500
514.350647     51803.8554687500
514.699463     51710.2343750000
515.048279     51699.0898437500
515.396973     51748.1289062500
515.745728     51841.7500000000
516.094360     52218.4648437500
516.442993     52300.9414062500
516.791565     51877.4179687500
517.140137     50054.0273437500
517.488586     48270.7617187500
517.837036     47947.5468750000
518.185425     49046.4843750000
518.533875     49231.4960937500
518.882202     49037.5664062500
519.230469     48814.6601562500
519.578735     49768.7070312500
519.927002     50062.9453125000
520.275146     51148.5078125000
520.623291     51580.9492187500
520.971313     51462.8085937500
521.319336     51979.9531250000
521.667419     52280.8789062500
522.015381     52296.4843750000
522.363281     52773.5078125000
522.711182     52657.5937500000
523.059021     52421.3125000000
523.406860     51712.4648437500
523.754639     51988.8710937500
524.102356     52766.8203125000
524.449951     52889.4179687500
524.797607     53379.8164062500
525.145203     53228.2421875000
525.492798     53040.9960937500
525.840332     52947.3750000000
526.187805     53350.8398437500
526.535217     52606.3281250000
526.882629     51714.6953125000
527.230042     50140.9609375000
527.577332     50096.3789062500
527.924500     49811.0585937500
528.271729     50809.6875000000
528.618896     51092.7812500000
528.966125     51658.9648437500
529.313232     52280.8789062500
529.660278     52648.6796875000
530.007324     52572.8906250000
530.354309     52414.6250000000
530.701233     52109.2421875000
531.048096     52439.1445312500
531.394958     52947.3750000000
531.741760     52945.1484375000
532.088562     52840.3789062500
532.435303     52604.0976562500
532.781982     52093.6367187500
533.128601     51382.5625000000
533.475281     51059.3437500000
533.821838     50954.5781250000
534.168335     51346.8945312500
534.514832     51632.2187500000
534.861206     50976.8671875000
535.207703     50954.5781250000
535.554016     51286.7109375000
535.900391     51774.8789062500
536.246643     51850.6679687500
536.592896     52176.1132812500
536.939087     51786.0234375000
537.285278     50571.1757812500
537.631348     50470.8671875000
537.977417     50582.3203125000
538.323425     51199.7773437500
538.669373     51059.3437500000
539.015381     51273.3359375000
539.361267     50711.6054687500
539.707153     50847.5820312500
540.052979     50080.7773437500
540.398804     49844.4960937500
540.744507     49206.9765625000
541.090210     49327.3476562500
541.435791     49099.9804687500
541.781433     49006.3593750000
542.127014     49967.0937500000
542.472595     50051.8007812500
542.818054     50100.8398437500
543.163513     50421.8281250000
543.508911     50129.8164062500
543.854309     49753.1015625000
544.199646     50671.4843750000
544.544800     50537.7382812500
544.890076     50388.3906250000
545.235291     50515.4492187500
545.580444     50245.7304687500
545.925537     50689.3164062500
546.270630     50796.3125000000
546.615723     50138.7343750000
546.960693     50539.9687500000
547.305603     49902.4492187500
547.650574     49864.5546875000
547.995361     49507.9023437500
548.340149     48727.7226562500
548.684998     48473.6093750000
549.029724     49102.2109375000
549.374390     49066.5429687500
549.719116     49008.5898437500
550.063660     48571.6875000000
550.408264     49013.0468750000
550.752869     49059.8593750000
551.097290     48495.8984375000
551.441711     48511.5039062500
551.786133     48295.2812500000
552.130493     47940.8593750000
552.474854     48654.1640625000
552.819092     48687.6015625000
553.163330     47827.1757812500
553.507507     47911.8789062500
553.851685     47662.2226562500
554.195801     47902.9648437500
554.539917     47851.6953125000
554.883850     47706.8046875000
555.227844     47644.3906250000
555.571777     47606.4960937500
555.915710     47724.6367187500
556.259583     47423.7109375000
556.603333     47305.5703125000
556.947205     46895.4179687500
557.290894     46623.4726562500
557.634583     46400.5625000000
557.978210     45952.5195312500
558.321777     46061.7421875000
558.665405     46034.9921875000
559.008911     45384.1015625000
559.352417     44401.0781250000
559.695862     44401.0781250000
560.039185     44884.7890625000
560.382568     44418.9101562500
560.725891     44354.2656250000
561.069153     44470.1796875000
561.412354     44967.2656250000
561.755554     44880.3281250000
562.098694     44532.5937500000
562.441772     44483.5546875000
562.784851     44291.8515625000
563.127930     44902.6210937500
563.470825     44552.6562500000
563.813782     44483.5546875000
564.156738     44260.6445312500
564.499573     43794.7656250000
564.842285     44492.4687500000
565.185059     43663.2500000000
565.527771     44129.1289062500
565.870422     43859.4101562500
566.213135     42711.4335937500
566.555725     42800.5976562500
566.898254     42673.5390625000
567.240784     42838.4921875000
567.583252     42887.5312500000
567.925659     42874.1562500000
568.268005     42898.6757812500
568.610291     42325.8007812500
568.952637     41822.0312500000
569.294922     41443.0859375000
569.637146     41427.4804687500
569.979309     41316.0273437500
570.321411     41284.8203125000
570.663513     40743.1523437500
571.005554     40660.6796875000
571.347473     40281.7343750000
571.689453     39744.5273437500
572.031372     40020.9296875000
572.373230     40217.0898437500
572.715088     40515.7890625000
573.056885     40497.9531250000
573.398621     40716.4062500000
573.740295     40716.4062500000
574.082031     40513.5585937500
574.423584     40473.4335937500
574.765137     40522.4765625000
575.106689     39929.5390625000
575.448120     40163.5937500000
575.789612     39307.6250000000
576.130981     39254.1289062500
576.472351     39046.8242187500
576.813721     38879.6406250000
577.154968     39162.7343750000
577.496216     39107.0078125000
577.837402     39271.9609375000
578.178467     39040.1367187500
578.519592     38781.5625000000
578.860657     37909.9921875000
579.201660     38346.8906250000
579.542664     38424.9101562500
579.883606     38444.9726562500
580.224487     38520.7578125000
580.565308     38623.2968750000
580.906189     38355.8085937500
581.246948     38850.6640625000
581.587585     38335.7460937500
581.928223     38567.5703125000
582.268921     38322.3710937500
582.609497     38665.6484375000
582.950012     38897.4726562500
583.290527     38964.3476562500
583.630981     38823.9140625000
583.971436     38979.9492187500
584.311829     38578.7148437500
584.652100     38732.5234375000
584.992371     38670.1093750000
585.332642     38382.5546875000
585.672852     37985.7812500000
586.013000     37573.3984375000
586.353088     37415.1367187500
586.693176     37045.1093750000
587.033264     37074.0859375000
587.373230     37303.6796875000
587.713196     37366.0937500000
588.053040     36768.7031250000
588.392883     36777.6171875000
588.732727     35859.2343750000
589.072510     34466.0585937500
589.412231     33342.6015625000
589.751892     32036.3613281250
590.091553     31588.3164062500
590.431152     31751.0390625000
590.770752     32323.9121093750
591.110229     32800.9375000000
591.449707     33353.7500000000
591.789124     32994.8671875000
592.128479     32671.6503906250
592.467834     32488.8652343750
592.807129     32707.3144531250
593.146423     32943.5976562500
593.485596     33242.2929687500
593.824768     33799.5664062500
594.163879     33621.2382812500
594.502991     33282.4179687500
594.841980     32861.1210937500
595.180969     32542.3632812500
595.519897     32437.5957031250
595.858887     32535.6757812500
596.197693     32401.9296875000
596.536499     32640.4414062500
596.875305     32649.3593750000
597.214050     32814.3125000000
597.552734     33081.8007812500
597.891296     32433.1386718750
598.229980     32453.1992187500
598.568542     32678.3359375000
598.907043     32132.2109375000
599.245483     32491.0937500000
599.583984     32573.5703125000
599.922363     32551.2792968750
600.260681     32700.6269531250
600.598999     32618.1523437500
600.937256     32352.8906250000
601.275452     32673.8789062500
601.613586     31739.8925781250
601.951721     31666.3339843750
602.289856     31962.8007812500
602.627869     31695.3125000000
602.965881     31528.1308593750
603.303833     31454.5703125000
603.641724     31771.0996093750
603.979614     32056.4238281250
604.317444     31936.0527343750
604.655151     32132.2109375000
604.992859     32339.5156250000
605.330566     32085.4003906250
605.668274     31895.9296875000
606.005859     32083.1718750000
606.343445     32072.0273437500
606.680908     31829.0566406250
607.018433     31331.9707031250
607.355835     31438.9667968750
607.693237     31601.6894531250
608.030579     31131.3535156250
608.367859     30897.3007812500
608.705078     31035.5039062500
609.042297     30930.7363281250
609.379456     30837.1152343750
609.716614     30464.8593750000
610.053650     30460.4003906250
610.390686     30732.3476562500
610.727722     30420.2773437500
611.064575     30400.2148437500
611.401550     30507.2109375000
611.738403     31327.5136718750
612.075256     31378.7812500000
612.411987     30973.0898437500
612.748779     30409.1308593750
613.085449     30340.0292968750
613.422058     30190.6816406250
613.758667     29996.7519531250
614.095215     29836.2578125000
614.431702     29330.2558593750
614.768127     28966.9160156250
615.104614     29064.9960937500
615.440979     29265.6132812500
615.777283     29176.4492187500
616.113586     28512.1835937500
616.449829     28289.2753906250
616.786011     27894.7265625000
617.122192     27642.8417968750
617.458374     27446.6816406250
617.794373     27749.8378906250
618.130371     27921.4765625000
618.466370     28175.5917968750
618.802246     28287.0449218750
619.138184     27901.4140625000
619.474060     27892.4980468750
619.809875     27957.1425781250
620.145630     28115.4062500000
620.481323     27836.7714843750
620.817017     28612.4921875000
621.152588     28476.5175781250
621.488220     28102.0312500000
621.823792     28275.9003906250
622.159241     27957.1425781250
622.494690     27908.1015625000
622.830078     27665.1328125000
623.165466     27883.5820312500
623.500793     27139.0683593750
623.836060     27413.2460937500
624.171265     27502.4082031250
624.506470     26782.4160156250
624.841553     26635.2968750000
625.176697     26900.5566406250
625.511719     26390.0976562500
625.846741     26514.9257812500
626.181702     26060.1933593750
626.516663     26274.1855468750
626.851563     26131.5234375000
627.186401     26008.9238281250
627.521118     25732.5175781250
627.855896     26008.9238281250
628.190552     25415.9882812500
628.525269     25037.0449218750
628.859863     24769.5546875000
629.194458     24778.4707031250
629.528992     25041.5039062500
629.863403     24729.4316406250
630.197815     24662.5585937500
630.532288     24863.1757812500
630.866516     24564.4804687500
631.200867     24575.6250000000
631.535156     24716.0566406250
631.869324     24299.2187500000
632.203491     24129.8085937500
632.537659     24591.2285156250
632.871704     24207.8261718750
633.205750     24339.3417968750
633.539795     24292.5312500000
633.873718     24136.4960937500
634.207520     23739.7187500000
634.541443     23652.7851562500
634.875244     23786.5292968750
635.208984     24145.4121093750
635.542725     23688.4511718750
635.876404     24056.2480468750
636.210022     23788.7597656250
636.543640     23699.5957031250
636.877197     23396.4414062500
637.210571     23229.2597656250
637.544067     23581.4550781250
637.877502     23608.2031250000
638.210815     23521.2695312500
638.544189     23414.2734375000
638.877441     23568.0800781250
639.210693     23822.1953125000
639.543884     23338.4843750000
639.877014     23211.4277343750
640.210144     23229.2597656250
640.543091     23001.8925781250
640.876099     22948.3945312500
641.209106     22640.7812500000
641.541992     22776.7558593750
641.874939     22609.5742187500
642.207703     22310.8789062500
642.540527     22128.0937500000
642.873230     22598.4296875000
643.205994     22203.8828125000
643.538574     22143.6972656250
643.871155     22076.8242187500
644.203674     21923.0175781250
644.536255     22034.4726562500
644.868713     22072.3671875000
645.201172     22179.3613281250
645.533508     21624.3203125000
645.865845     21693.4218750000
646.198120     21062.5917968750
646.530396     20980.1171875000
646.862610     20812.9355468750
647.194702     20627.9218750000
647.526855     20378.2636718750
647.858887     20418.3886718750
648.190857     20199.9375000000
648.522827     19852.2011718750
648.854797     19301.6171875000
649.186707     19689.4785156250
649.518555     19348.4277343750
649.850342     18956.1093750000
650.182007     18887.0078125000
650.513733     18949.4238281250
650.845398     19138.8945312500
651.177063     19533.4414062500
651.508606     19595.8574218750
651.840088     19517.8378906250
652.171631     19105.4589843750
652.503052     18900.3828125000
652.834412     19341.7421875000
653.165771     19680.5625000000
653.497070     19306.0761718750
653.828308     19314.9921875000
654.159485     19350.6582031250
654.490662     19544.5878906250
654.821838     19330.5957031250
655.152832     19187.9355468750
655.483887     18858.0312500000
655.814880     18610.6015625000
656.145813     18396.6113281250
656.476685     17226.3437500000
656.807495     16597.7421875000
657.138306     16316.8779296875
657.469116     16504.1210937500
657.799744     16961.0820312500
658.130493     17832.6523437500
658.461121     17879.4628906250
658.791687     18360.9453125000
659.122192     17970.8554687500
659.452698     18271.7812500000
659.783142     18198.2226562500
660.113464     18162.5566406250
660.443787     18327.5097656250
660.774109     18590.5410156250
661.104370     18539.2714843750
661.434570     18548.1875000000
661.764771     18287.3847656250
662.094849     18249.4921875000
662.424988     18612.8320312500
662.755005     18630.6640625000
663.084900     18405.5273437500
663.414856     18320.8222656250
663.744751     18385.4648437500
664.074585     18314.1347656250
664.404419     17995.3769531250
664.734131     17950.7949218750
665.063904     17953.0234375000
665.393555     18187.0761718750
665.723206     17794.7578125000
666.052734     17906.2128906250
666.382202     18066.7070312500
666.711670     17215.1972656250
667.041138     17542.8730468750
667.370544     17747.9472656250
667.699829     17866.0898437500
668.029175     17710.0527343750
668.358459     17384.6074218750
668.687622     17360.0878906250
669.016846     17424.7304687500
669.345947     17333.3378906250
669.674927     16878.6054687500
670.003967     17137.1796875000
670.332947     16856.3144531250
670.661865     17204.0527343750
670.990784     16633.4062500000
671.319641     16744.8613281250
671.648438     16675.7597656250
671.977112     16657.9277343750
672.305847     16484.0585937500
672.634521     16450.6230468750
672.963135     16615.5742187500
673.291687     16437.2480468750
673.620178     16602.1992187500
673.948669     16477.3710937500
674.277100     16363.6884765625
674.605469     16223.2558593750
674.933899     16044.9296875000
675.262085     15917.8720703125
675.590332     15969.1406250000
675.918579     15964.6826171875
676.246704     16118.4892578125
676.574829     15795.2724609375
676.902893     15694.9638671875
677.230896     15900.0390625000
677.558899     15826.4794921875
677.886841     15797.5019531250
678.214661     15561.2187500000
678.542480     15538.9277343750
678.870239     15494.3466796875
679.197998     15603.5712890625
679.525696     15295.9580078125
679.853394     15271.4384765625
680.180969     15349.4560546875
680.508484     15139.9228515625
680.836060     15222.3984375000
681.163452     14912.5556640625
681.490845     14823.3925781250
681.818237     15073.0498046875
682.145569     14627.2333984375
682.472839     14687.4189453125
682.800110     14789.9570312500
683.127319     14977.1992187500
683.454468     14658.4404296875
683.781494     14437.7617187500
684.108582     14604.9423828125
684.435608     14250.5185546875
684.762451     14234.9150390625
685.089355     14165.8134765625
685.416199     14228.2285156250
685.743103     14069.9628906250
686.069824     13844.8261718750
686.396606     14221.5410156250
686.723267     13786.8701171875
687.049927     13026.7529296875
687.376465     12228.7421875000
687.703003     11339.3378906250
688.029419     10964.8525390625
688.355957     11071.8486328125
688.682312     11548.8720703125
689.008667     11586.7666015625
689.334961     11430.7304687500
689.661316     11392.8359375000
689.987427     11366.0869140625
690.313660     11377.2324218750
690.639771     11421.8144531250
690.965881     11597.9121093750
691.291809     11638.0351562500
691.617798     11834.1943359375
691.943726     11990.2304687500
692.269714     12025.8955078125
692.595459     12019.2080078125
692.921326     11972.3974609375
693.247009     12034.8115234375
693.572754     11961.2519531250
693.898438     11749.4892578125
694.223999     11669.2421875000
694.549561     11292.5273437500
694.875061     11341.5673828125
695.200562     11145.4082031250
695.526001     11506.5195312500
695.851379     11379.4619140625
696.176697     11372.7744140625
696.502014     11290.2988281250
696.827271     11236.8007812500
697.152405     11651.4101562500
697.477539     11947.8779296875
697.802612     11760.6347656250
698.127625     11945.6484375000
698.452698     11905.5253906250
698.777649     11555.5595703125
699.102539     11479.7705078125
699.427429     11486.4580078125
699.752258     11399.5234375000
700.077026     11254.6328125000
700.401733     11357.1708984375
700.726379     11174.3857421875
701.051025     11198.9062500000
701.375610     11154.3242187500
701.700134     11058.4736328125
702.024658     10998.2890625000
702.349060     11009.4345703125
702.673462     10784.2968750000
702.997864     10704.0498046875
703.322144     10902.4384765625
703.646362     10833.3369140625
703.970520     10951.4785156250
704.294739     11076.3066406250
704.618896     11292.5273437500
704.942932     11107.5136718750
705.266968     11087.4521484375
705.590942     11196.6767578125
705.914917     11352.7128906250
706.238770     10802.1298828125
706.562622     10942.5615234375
706.886292     11045.0996093750
707.210083     11178.8447265625
707.533813     11103.0556640625
707.857422     11305.9023437500
708.181030     11031.7246093750
708.504578     11118.6591796875
708.828064     10978.2265625000
709.151550     10828.8789062500
709.474976     11114.2011718750
709.798340     11091.9101562500
710.121582     10886.8349609375
710.444885     11114.2011718750
710.768127     10857.8564453125
711.091248     11018.3505859375
711.414429     10962.6230468750
711.737488     10784.2968750000
712.060547     10855.6279296875
712.383484     10817.7333984375
712.706482     10951.4785156250
713.029358     10835.5654296875
713.352112     10670.6132812500
713.674927     10534.6396484375
713.997681     10724.1113281250
714.320435     10461.0800781250
714.643066     10726.3408203125
714.965698     10507.8906250000
715.288269     10487.8291015625
715.610779     10278.2949218750
715.933289     10231.4843750000
716.255737     10169.0703125000
716.578003      9968.4531250000
716.900330      9540.4697265625
717.222595      9284.1250000000
717.544861      8682.2734375000
717.867065      8129.4609375000
718.189209      7975.6542968750
718.511292      7812.9311523438
718.833313      7587.7939453125
719.155334      7387.1767578125
719.477234      7139.7485351563
719.799133      6930.2148437500
720.120972      7059.5014648438
720.442749      6930.2148437500
720.764587      6948.0473632813
721.086304      6901.2368164063
721.407898      7182.1010742188
721.729553      7594.4809570313
722.051147      8062.5883789063
722.372681      8247.6015625000
722.694092      8425.9287109375
723.015503      8510.6337890625
723.336914      8535.1533203125
723.658264      8211.9365234375
723.979492      7977.8833007813
724.300781      7674.7280273438
724.621948      7610.0844726563
724.943115      7572.1904296875
725.264160      7371.5727539063
725.585205      7228.9116210938
725.906189      7291.3261718750
726.227173      7213.3081054688
726.548035      7204.3916015625
726.868896      7349.2822265625
727.189697      7119.6865234375
727.510498      7445.1328125000
727.831177      7233.3701171875
728.151855      7402.7802734375
728.472473      7059.5014648438
728.793091      7302.4711914063
729.113525      7373.8022460938
729.434021      7235.5991210938
729.754456      7170.9555664063
730.074829      7235.5991210938
730.395142      7260.1186523438
730.715454      7322.5332031250
731.035706      7052.8144531250
731.355896      7159.8100585938
731.676025      7141.9775390625
731.996033      7186.5590820313
732.316101      7358.1982421875
732.636108      7295.7841796875
732.956055      7672.4990234375
733.275940      7928.8432617188
733.595825      7828.5346679688
733.915649      8040.2973632813
734.235413      8305.5585937500
734.555054      8289.9541015625
734.874817      8403.6376953125
735.194336      8245.3730468750
735.513855      8205.2490234375
735.833435      8265.4345703125
736.152893      8421.4707031250
736.472290      8347.9111328125
736.791687      7955.5922851563
737.111023      7913.2397460938
737.430298      7993.4868164063
737.749512      8040.2973632813
738.068665      8298.8710937500
738.387817      8075.9628906250
738.706909      8189.6459960938
739.025879      7939.9887695313
739.344910      8169.5839843750
739.663879      8156.2094726563
739.982788      8064.8173828125
740.301636      8026.9228515625
740.620422      8236.4570312500
740.939148      8024.6938476563
741.257874      8142.8349609375
741.576477      8158.4389648438
741.895020      8051.4428710938
742.213623      8122.7734375000
742.532166      8156.2094726563
742.850586      8102.7119140625
743.169006      7962.2797851563
743.487366      8207.4785156250
743.805725      8165.1259765625
744.123962      8254.2890625000
744.442200      8080.4208984375
744.760315      8136.1479492188
745.078430      7991.2578125000
745.396484      8020.2358398438
745.714539      8129.4609375000
746.032532      7973.4248046875
746.350464      7922.1562500000
746.668335      7893.1782226563
746.986206      8051.4428710938
747.303955      7924.3852539063
747.621643      7875.3452148438
747.939331      7886.4907226563
748.257019      7926.6142578125
748.574585      7886.4907226563
748.892151      7828.5346679688
749.209656      7830.7636718750
749.527100      7699.2480468750
749.844482      7939.9887695313
750.161804      7460.7363281250
750.479126      7663.5825195313
750.796326      7598.9394531250
751.113525      7697.0190429688
751.430725      7520.9213867188
751.747803      7514.2343750000
752.064880      7311.3876953125
752.381897      7576.6484375000
752.698853      7556.5869140625
753.015747      7454.0488281250
753.332703      7384.9472656250
753.649475      7420.6127929688
753.966187      7460.7363281250
754.282898      7322.5332031250
754.599609      7487.4853515625
754.916199      7380.4892578125
755.232788      7331.4497070313
755.549316      7384.9472656250
755.865784      7382.7182617188
756.182190      7335.9077148438
756.498596      7384.9472656250
756.814941      7378.2602539063
757.131165      7271.2641601563
757.447388      7295.7841796875
757.763611      7400.5507812500
758.079712      7440.6743164063
758.395813      7130.8320312500
758.711853      7322.5332031250
759.027832      7046.1269531250
759.343811      7219.9956054688
759.659668      6736.2846679688
759.975464      6152.2651367188
760.291260      5060.0151367188
760.606995      4199.5898437500
760.922668      3490.7419433594
761.238342      2991.4274902344
761.554016      2837.6208496094
761.869507      2777.4357910156
762.185059      3299.0407714844
762.500488      3773.8352050781
762.815918      3871.9147949219
763.131165      3796.1259765625
763.446533      3842.9367675781
763.761719      3713.6499023438
764.076965      3584.3632812500
764.392151      3691.3591308594
764.707214      3822.8750000000
765.022339      3978.9106445313
765.337341      4094.8229980469
765.652283      4360.0834960938
765.967224      4614.1992187500
766.282043      4723.4238281250
766.596863      4930.7285156250
766.911621      5131.3457031250
767.226379      5465.7080078125
767.541016      5581.6206054688
767.855591      5577.1621093750
768.170227      5719.8232421875
768.484741      6022.9785156250
768.799194      6112.1416015625
769.113647      6292.6972656250
769.427979      6154.4941406250
769.742310      6364.0278320313
770.056580      6221.3666992188
770.370850      6207.9921875000
770.684998      6352.8828125000
770.999084      6361.7988281250
771.313232      6272.6357421875
771.627258      6294.9267578125
771.941223      6236.9702148438
772.255066      6203.5341796875
772.569031      6201.3051757813
772.882813      6257.0322265625
773.196594      6268.1777343750
773.510376      6172.3271484375
773.824036      6132.2036132813
774.137695      6281.5522460938
774.451294      5915.9824218750
774.764832      6127.7456054688
775.078308      6031.8950195313
775.391724      6141.1201171875
775.705078      6002.9169921875
776.018433      5878.0883789063
776.331726      6005.1459960938
776.644958      6038.5820312500
776.958130      5944.9609375000
777.271301      6047.4985351563
777.584412      5960.5644531250
777.897461      5933.8154296875
778.210510      5831.2773437500
778.523315      5791.1542968750
778.836304      5797.8413085938
779.149109      5561.5585937500
779.461914      5713.1362304688
779.774658      5708.6782226563
780.087402      5728.7397460938
780.400024      5579.3911132813
780.712585      5626.2021484375
781.025146      5568.2460937500
781.337646      5592.7656250000
781.650085      5479.0825195313
781.962463      5418.8974609375
782.274841      5474.6245117188
782.587158      5501.3735351563
782.899414      5430.0429687500
783.211609      5447.8754882813
783.523743      5427.8139648438
783.835938      5329.7343750000
784.147949      5389.9194335938
784.459900      5365.3994140625
784.771851      5102.3676757813
785.083801      5142.4912109375
785.395630      5086.7641601563
785.707397      5211.5927734375
786.019226      5300.7563476563
786.330933      5084.5351562500
786.642578      5180.3857421875
786.954224      5124.6586914063
787.265747      4899.5214843750
787.577209      4886.1469726563
787.888672      4957.4775390625
788.200073      4881.6889648438
788.511414      4810.3583984375
788.822754      4879.4594726563
789.133972      4756.8603515625
789.445190      4752.4018554688
789.756409      4647.6352539063
790.067505      4558.4721679688
790.378540      4536.1811523438
790.689514      4469.3085937500
791.000488      4558.4721679688
791.311401      4627.5732421875
791.622314      4551.7846679688
791.933105      4444.7885742188
792.243896      4562.9301757813
792.554565      4471.5375976563
792.865234      4467.0795898438
793.175842      4489.3706054688
793.486389      4460.3925781250
793.796875      4453.7050781250
794.107300      4377.9165039063
794.417786      4375.6870117188
794.728088      4422.4980468750
795.038452      4484.9121093750
795.348694      4351.1674804688
795.658936      4328.8764648438
795.969055      4183.9863281250
796.279175      4335.5639648438
796.589172      4369.0000000000
796.899231      4155.0083007813
797.209167      4277.6074218750
797.519104      4210.7353515625
797.828979      4239.7133789063
798.138794      4248.6293945313
798.448547      4152.7792968750
798.758301      4190.6733398438
799.067932      4128.2592773438
799.377563      4065.8449707031
799.687073      4224.1098632813
799.996582      4163.9243164063
800.306030      4063.6157226563
800.615479      4014.5759277344
800.924805      3947.7036132813
801.234192      4045.7832031250
801.543457      3898.6638183594
801.852600      4014.5759277344
802.161743      4061.3867187500
802.470886      4050.2412109375
802.779907      4001.2014160156
803.088867      3894.2055664063
803.397827      3787.2097167969
803.706787      3898.6638183594
804.015686      3934.3291015625
804.324463      3816.1877441406
804.633179      3762.6896972656
804.941956      3847.3947753906
805.250610      3776.0642089844
805.559204      3840.7077636719
805.867676      3834.0205078125
806.176270      3798.3549804688
806.484680      3883.0603027344
806.793091      3865.2275390625
807.101440      3836.2495117188
807.409729      3836.2495117188
807.718018      3842.9367675781
808.026184      3887.5183105469
808.334351      3753.7734375000
808.642456      3682.4428710938
808.950439      3693.5883789063
809.258484      3657.9228515625
809.566467      3599.9667968750
809.874329      3553.1560058594
810.182190      3432.7856445313
810.489990      3577.6760253906
810.797791      3602.1958007813
811.105469      3468.4509277344
811.413147      3470.6801757813
811.720642      3448.3894042969
812.028198      3399.3493652344
812.335693      3439.4729003906
812.643188      3406.0366210938
812.950562      3359.2260742188
813.257935      3316.8735351563
813.565186      3261.1464843750
813.872498      3180.8994140625
814.179626      3087.2780761719
814.486816      3020.4055175781
814.793823      3064.9873046875
815.100830      3036.0092773438
815.407837      2877.7443847656
815.714783      2795.2683105469
816.021667      2779.6647949219
816.328552      2888.8898925781
816.635315      2757.3740234375
816.942078      2848.7663574219
817.248779      2634.7744140625
817.555359      2786.3520507813
817.861938      2706.1049804688
818.168457      2737.3122558594
818.474976      2628.0871582031
818.781372      2752.9157714844
819.087769      2779.6647949219
819.394104      2788.5810546875
819.700378      2743.9995117188
820.006592      2737.3122558594
820.312744      2752.9157714844
820.618896      2826.4755859375
820.924927      2781.8937988281
821.230957      2955.7622070313
821.536926      3122.9433593750
821.842896      2953.5332031250
822.148804      2875.5153808594
822.454590      2826.4755859375
822.760376      2797.4975585938
823.066040      2741.7705078125
823.371704      2494.3422851563
823.677307      2460.9060058594
823.982910      2472.0515136719
824.288391      2570.1311035156
824.593872      2750.6867675781
824.899292      2650.3781738281
825.204651      2784.1230468750
825.509949      2817.5590820313
825.815186      2808.6428222656
826.120422      2795.2683105469
826.425598      2830.9335937500
826.730652      2826.4755859375
827.035706      2828.7045898438
827.340759      2846.5373535156
827.645630      2850.9953613281
827.950623      2688.2724609375
828.255432      2708.3342285156
828.560242      2661.5234375000
828.864990      2563.4438476563
829.169739      2643.6909179688
829.474304      2634.7744140625
829.778870      2608.0253906250
830.083435      2614.7126464844
830.387878      2717.2504882813
830.692383      2663.7524414063
830.996765      2632.5454101563
831.301086      2663.7524414063
831.605408      2596.8801269531
831.909668      2706.1049804688
832.213867      2677.1269531250
832.517883      2621.3999023438
832.821960      2581.2766113281
833.126038      2639.2326660156
833.429993      2558.9855957031
833.733948      2567.9020996094
834.037842      2590.1928710938
834.341614      2616.9418945313
834.645386      2619.1708984375
834.949158      2594.6511230469
835.252808      2641.4616699219
835.556335      2692.7307128906
835.859924      2726.1667480469
836.163513      2663.7524414063
836.466980      2592.4218750000
836.770325      2625.8581542969
837.073730      2652.6071777344
837.377075      2699.4179687500
837.680298      2674.8979492188
837.983521      2590.1928710938
838.286682      2661.5234375000
838.589722      2596.8801269531
838.892761      2523.3203125000
839.195801      2603.5673828125
839.498779      2547.8403320313
839.801636      2677.1269531250
840.104492      2608.0253906250
840.407288      2599.1091308594
840.710022      2570.1311035156
841.012695      2570.1311035156
841.315369      2632.5454101563
841.617920      2665.9816894531
841.920410      2592.4218750000
842.222961      2670.4396972656
842.525391      2583.5056152344
842.827759      2572.3601074219
843.130127      2574.5893554688
843.432373      2563.4438476563
843.734619      2532.2368164063
844.036804      2641.4616699219
844.338867      2534.4658203125
844.640930      2509.9458007813
844.942993      2554.5275878906
845.244934      2507.7167968750
845.546814      2516.6330566406
845.848755      2507.7167968750
846.150513      2525.5495605469
846.452332      2492.1132812500
846.754028      2648.1489257813
847.055664      2590.1928710938
847.357239      2534.4658203125
847.658813      2501.0295410156
847.960327      2485.4260253906
848.261780      2474.2805175781
848.563110      2514.4040527344
848.864563      2516.6330566406
849.165771      2561.2148437500
849.467041      2440.8444824219
849.768250      2445.3024902344
850.069397      2342.7648925781
850.370422      2369.5136718750
850.671448      2411.8662109375
850.972473      2351.6811523438
851.273376      2398.4919433594
851.574280      2387.3464355469
851.875122      2396.2626953125
852.175842      2398.4919433594
852.476624      2362.8264160156
852.777222      2280.3505859375
853.077881      2298.1831054688
853.378418      2369.5136718750
853.678955      2347.2229003906
853.979370      2316.0158691406
854.279785      2313.7866210938
854.580200      2217.9362792969
854.880493      2102.0239257813
855.180725      2166.6672363281
855.480957      2206.7907714844
855.781067      2262.5178222656
856.081116      2202.3327636719
856.381165      2260.2888183594
856.681152      2289.2668457031
856.981140      2362.8264160156
857.281006      2324.9321289063
857.580872      2340.5356445313
857.880676      2293.7250976563
858.180420      2329.3903808594
858.480103      2264.7468261719
858.779724      2224.6235351563
859.079224      2309.3286132813
859.378723      2222.3942871094
859.678223      2258.0595703125
859.977661      2293.7250976563
860.277039      2269.2050781250
860.576355      2255.8305664063
860.875610      2200.1035156250
861.174805      2237.9980468750
861.473999      2144.3764648438
861.773071      2220.1652832031
862.072083      2106.4821777344
862.371094      2153.2929687500
862.670044      2200.1035156250
862.968933      2215.7070312500
863.267761      2159.9799804688
863.566589      2182.2709960938
863.865356      2153.2929687500
864.164001      2186.7290039063
864.462646      2182.2709960938
864.761230      2164.4382324219
865.059692      2151.0637207031
865.358154      2162.2092285156
865.656616      2075.2749023438
865.954956      2081.9621582031
866.253357      2128.7729492188
866.551575      2117.6274414063
866.849792      2061.9003906250
867.147949      2144.3764648438
867.446106      2006.1734619141
867.744080      2061.9003906250
868.042053      2142.1474609375
868.340027      2106.4821777344
868.637878      2142.1474609375
868.935791      2052.9841308594
869.233582      2115.3984375000
869.531311      2026.2352294922
869.828979      2079.7331542969
870.126648      2102.0239257813
870.424255      2044.0678710938
870.721741      2146.6057128906
871.019165      2024.0061035156
871.316589      2088.6494140625
871.613953      2131.0019531250
871.911316      2019.5479736328
872.208557      2026.2352294922
872.505798      1999.4862060547
872.802979      2030.6933593750
873.100037      2079.7331542969
873.397156      2119.8566894531
873.694092      2146.6057128906
873.991028      1959.3627929688
874.287964      2019.5479736328
874.584778      2039.6097412109
874.881592      1977.1954345703
875.178284      2070.8168945313
875.474976      1999.4862060547
875.771606      1981.6535644531
876.068237      1881.3448486328
876.364746      2024.0061035156
876.661194      1966.0500488281
876.957581      1943.7591552734
877.253967      1977.1954345703
877.550293      2001.7153320313
877.846497      1974.9663085938
878.142761      2015.0898437500
878.438904      1963.8209228516
878.734985      1992.7989501953
879.031067      1847.9086914063
879.326965      1974.9663085938
879.622925      1948.2172851563
879.918823      1885.8031005859
880.214661      1921.4683837891
880.510498      1919.2392578125
880.806213      1939.3010253906
881.101868      1876.8867187500
881.397522      1792.1816406250
881.693115      1870.1994628906
881.988586      1870.1994628906
882.283997      1923.6973876953
882.579407      1910.3229980469
882.874817      1863.5122070313
883.170105      1888.0321044922
883.465332      1727.5382080078
883.760559      1966.0500488281
884.055725      1861.2832031250
884.350769      1917.0102539063
884.645813      1874.6575927734
884.940857      1867.9704589844
885.235718      1923.6973876953
885.530579      1830.0760498047
885.825439      1845.6795654297
886.120239      1821.1596679688
886.414917      1801.0979003906
886.709595      1836.7633056641
887.004272      1787.7235107422
887.298767      1830.0760498047
887.593323      1812.2434082031
887.887756      1785.4943847656
888.182129      1803.3270263672
888.476440      1805.5561523438
888.770752      1814.4724121094
889.065002      1859.0540771484
