2.870000
190.096298         0.0000000000
190.479492         0.0000000000
190.862656      1209.5231933594
191.245789      1278.5074462891
191.628876      1271.6090087891
192.011948      1191.1274414063
192.394958      1450.9678955078
192.777939      1524.5511474609
193.160904      1752.1989746094
193.543823      1595.8348388672
193.926697      1510.7542724609
194.309555      1531.4495849609
194.692368      1492.3585205078
195.075150      1494.6579589844
195.457886      1453.2674560547
195.840607      1400.3795166016
196.223282      1754.4985351563
196.605927      1577.4389648438
196.988541      1605.0327148438
197.371094      1788.9906005859
197.753632      1786.6911621094
198.136139      1614.2305908203
198.518600      1729.2042236328
198.901031      1651.0222167969
199.283432      1579.7385253906
199.665802      1607.3321533203
200.048126      1582.0379638672
200.430405      1515.3531494141
200.812668      1522.2515869141
201.194885      1552.1447753906
201.577072      1457.8663330078
201.959244      1524.5511474609
202.341354      1634.9259033203
202.723434      1644.1237792969
203.105499      1460.1658935547
203.487503      1414.1763916016
203.869461      1556.7437744141
204.251434      1529.1500244141
204.633331      1386.5826416016
205.015198      1485.4600830078
205.397049      1448.6684570313
205.778854      1526.8505859375
206.160614      1600.4337158203
206.542343      1404.9785156250
206.924042      1448.6684570313
207.305710      1485.4600830078
207.687332      1828.0816650391
208.068939      1416.4758300781
208.450485      1414.1763916016
208.832016      1441.7700195313
209.213501      1361.2884521484
209.594955      1657.9205322266
209.976379      1519.9521484375
210.357758      1462.4653320313
210.739105      1648.7226562500
211.120422      1605.0327148438
211.501694      1448.6684570313
211.882935      1515.3531494141
212.264145      1570.5405273438
212.645340      1439.4705810547
213.026474      1724.6053466797
213.407562      1487.7595214844
213.788620      1513.0537109375
214.169662      1473.9626464844
214.550659      1455.5668945313
214.931610      1625.7279052734
215.312561      1510.7542724609
215.693451      1692.4127197266
216.074295      1531.4495849609
216.455109      1519.9521484375
216.835922      1446.3690185547
217.216660      1554.4442138672
217.597382      1379.6842041016
217.978058      1368.1868896484
218.358704      1418.7752685547
218.739304      1641.8242187500
219.119888      1669.4179687500
219.500427      1524.5511474609
219.880920      1432.5721435547
220.261414      1400.3795166016
220.641830      1720.0063476563
221.022232      1467.0642089844
221.402603      1342.8927001953
221.782944      1450.9678955078
222.163223      1713.1079101563
222.543488      1782.0921630859
222.923706      1683.2148437500
223.303894      1561.3426513672
223.684036      1425.6737060547
224.064163      1588.9364013672
224.444244      1496.9573974609
224.824295      1434.8715820313
225.204300      1363.5878906250
225.584274      1547.5458984375
225.964203      1582.0379638672
226.344131      1628.0274658203
226.723999      1457.8663330078
227.103806      1402.6789550781
227.483627      1414.1763916016
227.863388      2021.2374267578
228.243118      1582.0379638672
228.622787      1469.3637695313
229.002472      1427.9732666016
229.382080      1607.3321533203
229.761688      1462.4653320313
230.141220      1513.0537109375
230.520721      1471.6632080078
230.900208      1471.6632080078
231.279663      1494.6579589844
231.659073      1616.5300292969
232.038452      1595.8348388672
232.417786      1614.2305908203
232.797073      1706.2094726563
233.176346      1540.6474609375
233.555573      1595.8348388672
233.934784      1430.2727050781
234.313934      1407.2779541016
234.693069      1402.6789550781
235.072144      1545.2463378906
235.451202      1411.8768310547
235.830215      1381.9837646484
236.209213      1404.9785156250
236.588165      1421.0748291016
236.967072      1404.9785156250
237.345947      1501.5563964844
237.724792      1653.3216552734
238.103577      1473.9626464844
238.482361      1517.6527099609
238.861084      1483.1605224609
239.239777      1444.0695800781
239.618454      1423.3742675781
239.997070      1731.5037841797
240.375671      1547.5458984375
240.754211      1345.1921386719
241.132751      1365.8874511719
241.511215      1644.1237792969
241.889694      1496.9573974609
242.268097      1609.6315917969
242.646469      1437.1711425781
243.024811      1651.0222167969
243.403122      1425.6737060547
243.781387      1476.2622070313
244.159622      1409.5773925781
244.537827      1388.8822021484
244.915985      1568.2410888672
245.294113      1517.6527099609
245.672195      1517.6527099609
246.050262      1421.0748291016
246.428268      1483.1605224609
246.806274      1457.8663330078
247.184219      1524.5511474609
247.562119      1398.0800781250
247.940002      1579.7385253906
248.317841      1398.0800781250
248.695648      1618.8295898438
249.073425      1508.4548339844
249.451157      1363.5878906250
249.828842      1503.8558349609
250.206512      1418.7752685547
250.584152      1547.5458984375
250.961731      2665.0900878906
251.339279      1542.9468994141
251.716812      1623.4284667969
252.094299      1733.8032226563
252.471725      1421.0748291016
252.849136      1602.7331542969
253.226517      1446.3690185547
253.603867      1556.7437744141
253.981171      1342.8927001953
254.358429      1437.1711425781
254.735672      1588.9364013672
255.112869      1501.5563964844
255.490021      1508.4548339844
255.867172      1674.0168457031
256.244263      1519.9521484375
256.621307      1418.7752685547
256.998291      1414.1763916016
257.375305      1651.0222167969
257.752228      1513.0537109375
258.129120      1340.5932617188
258.506012      1444.0695800781
258.882843      1575.1395263672
259.259644      1556.7437744141
259.636414      1628.0274658203
260.013123      1602.7331542969
260.389832      1570.5405273438
260.766479      1381.9837646484
261.143127      1317.5985107422
261.519714      1598.1342773438
261.896271      1632.6263427734
262.272736      1490.0589599609
262.649231      1457.8663330078
263.025696      1632.6263427734
263.402100      1462.4653320313
263.778473      1561.3426513672
264.154785      1524.5511474609
264.531097      1329.0958251953
264.907318      1448.6684570313
265.283569      1582.0379638672
265.659760      1510.7542724609
266.035919      1398.0800781250
266.412018      1444.0695800781
266.788086      1269.3095703125
267.164154      1662.5195312500
267.540192      1487.7595214844
267.916107      1517.6527099609
268.292084      1441.7700195313
268.667969      1393.4810791016
269.043793      1347.4915771484
269.419617      1388.8822021484
269.795410      1554.4442138672
270.171204      1492.3585205078
270.546875      1391.1816406250
270.922577      1467.0642089844
271.298248      1400.3795166016
271.673828      1404.9785156250
272.049408      1393.4810791016
272.424927      1496.9573974609
272.800446      1667.1185302734
273.175934      1478.5616455078
273.551361      1290.0047607422
273.926727      1547.5458984375
274.302063      1345.1921386719
274.677399      1395.7805175781
275.052673      1623.4284667969
275.427948      1414.1763916016
275.803131      1427.9732666016
276.178314      1368.1868896484
276.553436      1761.3968505859
276.928558      1404.9785156250
277.303650      1352.0905761719
277.678619      1450.9678955078
278.053650      1759.0974121094
278.428589      1522.2515869141
278.803528      1536.0484619141
279.178375      1395.7805175781
279.553253      1480.8610839844
279.928070      1464.7647705078
280.302826      1554.4442138672
280.677582      1462.4653320313
281.052277      1430.2727050781
281.426941      1434.8715820313
281.801544      1641.8242187500
282.176147      1542.9468994141
282.550720      1322.1973876953
282.925232      1421.0748291016
283.299683      1931.5579833984
283.674133      1503.8558349609
284.048553      1414.1763916016
284.422974      1418.7752685547
284.797241      1510.7542724609
285.171600      1386.5826416016
285.545837      1460.1658935547
285.920074      1485.4600830078
286.294250      1561.3426513672
286.668396      1430.2727050781
287.042511      1421.0748291016
287.416626      1375.0853271484
287.790649      1448.6684570313
288.164673      1519.9521484375
288.538635      1526.8505859375
288.912567      1372.7858886719
289.286438      1365.8874511719
289.660309      1430.2727050781
290.034149      1538.3479003906
290.407959      1457.8663330078
290.781677      1444.0695800781
291.155396      1462.4653320313
291.529083      1400.3795166016
291.902710      1651.0222167969
292.276337      1591.2358398438
292.649902      1772.8942871094
293.023407      1655.6210937500
293.396912      1623.4284667969
293.770386      1547.5458984375
294.143829      1421.0748291016
294.517181      1513.0537109375
294.890533      1549.8453369141
295.263824      1740.7016601563
295.637115      1586.6368408203
296.010345      1492.3585205078
296.383545      1524.5511474609
296.756744      1577.4389648438
297.129852      1563.6422119141
297.502960      1559.0432128906
297.875977      1513.0537109375
298.248993      1492.3585205078
298.621979      1536.0484619141
298.994934      1363.5878906250
299.367859      1575.1395263672
299.740723      1319.8979492188
300.113556      1303.8016357422
300.486359      2078.7243652344
300.859100      1508.4548339844
301.231842      1634.9259033203
301.604492      1411.8768310547
301.977173      1476.2622070313
302.349792      1450.9678955078
302.722351      1471.6632080078
303.094910      1384.2832031250
303.467377      1490.0589599609
303.839874      1391.1816406250
304.212311      1522.2515869141
304.584717      1418.7752685547
304.957062      1430.2727050781
305.329376      1513.0537109375
305.701630      1503.8558349609
306.073853      1441.7700195313
306.446106      1464.7647705078
306.818268      1572.8400878906
307.190399      1432.5721435547
307.562500      1393.4810791016
307.934540      1372.7858886719
308.306610      1453.2674560547
308.678558      1372.7858886719
309.050507      1759.0974121094
309.422424      1575.1395263672
309.794281      1706.2094726563
310.166138      1432.5721435547
310.537933      1386.5826416016
310.909729      1529.1500244141
311.281464      1565.9416503906
311.653107      1625.7279052734
312.024780      1526.8505859375
312.396393      1425.6737060547
312.767975      1375.0853271484
313.139496      1365.8874511719
313.511047      1480.8610839844
313.882507      1565.9416503906
314.253906      1404.9785156250
314.625305      1572.8400878906
314.996643      1375.0853271484
315.368011      1462.4653320313
315.739258      1584.3374023438
316.110504      1402.6789550781
316.481720      1375.0853271484
316.852905      1630.3269042969
317.223999      1487.7595214844
317.595123      1494.6579589844
317.966187      1480.8610839844
318.337189      1869.4721679688
318.708191      1570.5405273438
319.079163      1614.2305908203
319.450073      1434.8715820313
319.820923      1381.9837646484
320.191742      1381.9837646484
320.562561      1501.5563964844
320.933319      1404.9785156250
321.304047      1584.3374023438
321.674744      1536.0484619141
322.045380      1545.2463378906
322.416016      1667.1185302734
322.786560      1501.5563964844
323.157135      1565.9416503906
323.527618      1386.5826416016
323.898071      1526.8505859375
324.268494      1391.1816406250
324.638885      1483.1605224609
325.009277      1409.5773925781
325.379578      1425.6737060547
325.749847      1432.5721435547
326.120117      1395.7805175781
326.490295      1416.4758300781
326.860443      1416.4758300781
327.230591      1310.7000732422
327.600708      1598.1342773438
327.970703      1499.2568359375
328.340759      1434.8715820313
328.710724      1349.7911376953
329.080688      1657.9205322266
329.450592      1506.1552734375
329.820435      1434.8715820313
330.190277      1559.0432128906
330.560089      1506.1552734375
330.929810      1414.1763916016
331.299561      1377.3847656250
331.669220      1444.0695800781
332.038879      1312.9995117188
332.408447      1519.9521484375
332.778046      1421.0748291016
333.147583      1524.5511474609
333.517059      1345.1921386719
333.886505      1280.8068847656
334.255951      1499.2568359375
334.625336      1398.0800781250
334.994629      1418.7752685547
335.363983      1418.7752685547
335.733246      1379.6842041016
336.102478      1513.0537109375
336.471680      1434.8715820313
336.840820      1407.2779541016
337.209961      1676.3164062500
337.578979      1772.8942871094
337.948059      1715.4074707031
338.317078      1418.7752685547
338.686035      1455.5668945313
339.054962      1533.7490234375
339.423859      1395.7805175781
339.792725      1641.8242187500
340.161560      1407.2779541016
340.530334      1370.4863281250
340.899078      1446.3690185547
341.267761      1404.9785156250
341.636444      1425.6737060547
342.005066      1478.5616455078
342.373657      1349.7911376953
342.742218      1492.3585205078
343.110718      1595.8348388672
343.479218      1464.7647705078
343.847626      1777.4931640625
344.216064      1384.2832031250
344.584412      1467.0642089844
344.952759      1354.3900146484
345.321045      1372.7858886719
345.689270      1421.0748291016
346.057526      1494.6579589844
346.425659      1421.0748291016
346.793854      1494.6579589844
347.161957      1384.2832031250
347.529999      1503.8558349609
347.898041      1333.6948242188
348.266022      1285.4058837891
348.634003      1674.0168457031
349.001892      1473.9626464844
349.369781      1517.6527099609
349.737610      1388.8822021484
350.105408      1480.8610839844
350.473145      1391.1816406250
350.840912      1455.5668945313
351.208618      1409.5773925781
351.576233      1400.3795166016
351.943878      1743.0010986328
352.311401      1421.0748291016
352.678955      1584.3374023438
353.046478      1352.0905761719
353.413910      1565.9416503906
353.781372      1388.8822021484
354.148743      1400.3795166016
354.516083      1460.1658935547
354.883392      1485.4600830078
355.250641      1400.3795166016
355.617920      1646.4232177734
355.985077      1441.7700195313
356.352234      1329.0958251953
356.719360      1487.7595214844
357.086426      1448.6684570313
357.453491      1483.1605224609
357.820496      1471.6632080078
358.187469      1432.5721435547
358.554382      1657.9205322266
358.921295      1448.6684570313
359.288147      1338.2937011719
359.654968      1648.7226562500
360.021759      1542.9468994141
360.388489      1427.9732666016
360.755188      1510.7542724609
361.121826      1338.2937011719
361.488464      1418.7752685547
361.855072      1483.1605224609
362.221588      1476.2622070313
362.588135      1448.6684570313
362.954590      1524.5511474609
363.321075      1455.5668945313
363.687439      1375.0853271484
364.053802      1444.0695800781
364.420135      1402.6789550781
364.786407      1414.1763916016
365.152679      1347.4915771484
365.518860      1492.3585205078
365.885040      1457.8663330078
366.251190      1448.6684570313
366.617249      1427.9732666016
366.983337      1575.1395263672
367.349335      1296.9031982422
367.715332      1464.7647705078
368.081207      1506.1552734375
368.447174      1462.4653320313
368.813019      1572.8400878906
369.178833      1460.1658935547
369.544678      1450.9678955078
369.910400      1444.0695800781
370.276123      1570.5405273438
370.641785      1462.4653320313
371.007446      1607.3321533203
371.373016      1522.2515869141
371.738586      1575.1395263672
372.104126      1398.0800781250
372.469574      1296.9031982422
372.835022      1441.7700195313
373.200439      1361.2884521484
373.565796      1646.4232177734
373.931122      1526.8505859375
374.296417      1575.1395263672
374.661713      1423.3742675781
375.026886      1549.8453369141
375.392090      1402.6789550781
375.757202      1409.5773925781
376.122314      1432.5721435547
376.487396      1469.3637695313
376.852386      1379.6842041016
377.217407      1427.9732666016
377.582336      1345.1921386719
377.947235      1722.3059082031
378.312103      1496.9573974609
378.676941      1614.2305908203
379.041779      1460.1658935547
379.406494      1386.5826416016
379.771240      1372.7858886719
380.135925      1476.2622070313
380.500549      1630.3269042969
380.865143      1853.3758544922
381.229706      1522.2515869141
381.594269      1480.8610839844
381.958679      1379.6842041016
382.323181      1430.2727050781
382.687561      1499.2568359375
383.051971      1480.8610839844
383.416321      1441.7700195313
383.780579      1506.1552734375
384.144867      1450.9678955078
384.509033      1499.2568359375
384.873260      1531.4495849609
385.237366      1448.6684570313
385.601501      1761.3968505859
385.965576      1669.4179687500
386.329559      1538.3479003906
386.693573      1395.7805175781
387.057526      1296.9031982422
387.421417      1540.6474609375
387.785309      1338.2937011719
388.149109      1476.2622070313
388.512970      1545.2463378906
388.876678      1503.8558349609
389.240417      1529.1500244141
389.604065      1524.5511474609
389.967712      1381.9837646484
390.331360      1377.3847656250
390.694885      1460.1658935547
391.058411      1462.4653320313
391.421906      1540.6474609375
391.785370      1473.9626464844
392.148743      1478.5616455078
392.512115      1519.9521484375
392.875488      1446.3690185547
393.238739      1352.0905761719
393.602051      1352.0905761719
393.965240      1338.2937011719
394.328430      1363.5878906250
394.691559      1430.2727050781
395.054657      1513.0537109375
395.417725      1375.0853271484
395.780731      1347.4915771484
396.143738      1411.8768310547
396.506653      1598.1342773438
396.869568      1471.6632080078
397.232422      1496.9573974609
397.595245      1345.1921386719
397.958069      1271.6090087891
398.320770      1402.6789550781
398.683533      1476.2622070313
399.046204      1409.5773925781
399.408813      1536.0484619141
399.771454      1354.3900146484
400.133972      1618.8295898438
400.496521      1453.2674560547
400.859009      1446.3690185547
401.221436      1402.6789550781
401.583832      1437.1711425781
401.946198      1577.4389648438
402.308563      1602.7331542969
402.670807      1324.4968261719
403.033051      1432.5721435547
403.395294      1485.4600830078
403.757416      1653.3216552734
404.119568      1657.9205322266
404.481659      1446.3690185547
404.843719      1513.0537109375
405.205719      1478.5616455078
405.567719      1533.7490234375
405.929657      1421.0748291016
406.291534      1388.8822021484
406.653442      1338.2937011719
407.015228      1605.0327148438
407.377014      1676.3164062500
407.738739      1340.5932617188
408.100464      1398.0800781250
408.462128      1485.4600830078
408.823730      1368.1868896484
409.185364      1467.0642089844
409.546875      1508.4548339844
409.908386      1609.6315917969
410.269867      1379.6842041016
410.631287      1393.4810791016
410.992676      1384.2832031250
411.354034      1342.8927001953
411.715363      1487.7595214844
412.076630      1602.7331542969
412.437866      1368.1868896484
412.799072      1430.2727050781
413.160217      1388.8822021484
413.521362      1407.2779541016
413.882416      1556.7437744141
414.243469      1381.9837646484
414.604462      1607.3321533203
414.965424      1501.5563964844
415.326355      1510.7542724609
415.687225      1354.3900146484
416.048096      1515.3531494141
416.408875      1439.4705810547
416.769653      1651.0222167969
417.130402      1418.7752685547
417.491058      1462.4653320313
417.851715      1450.9678955078
418.212311      1441.7700195313
418.572906      1352.0905761719
418.933411      1478.5616455078
419.293945      1473.9626464844
419.654388      1646.4232177734
420.014801      1425.6737060547
420.375183      1480.8610839844
420.735504      1549.8453369141
421.095825      1467.0642089844
421.456055      1630.3269042969
421.816315      1473.9626464844
422.176453      1423.3742675781
422.536621      1407.2779541016
422.896729      1329.0958251953
423.256775      1377.3847656250
423.616821      1404.9785156250
423.976807      1333.6948242188
424.336731      1471.6632080078
424.696625      1356.6895751953
425.056488      1462.4653320313
425.416351      1588.9364013672
425.776093      1519.9521484375
426.135864      1414.1763916016
426.495575      1425.6737060547
426.855225      1464.7647705078
427.214874      1338.2937011719
427.574432      1471.6632080078
427.934052      1398.0800781250
428.293518      1586.6368408203
428.653015      1876.3706054688
429.012421      1455.5668945313
429.371826      1345.1921386719
429.731232      1513.0537109375
430.090485      1522.2515869141
430.449799      1533.7490234375
430.808990      1462.4653320313
431.168213      1586.6368408203
431.527374      1552.1447753906
431.886475      1391.1816406250
432.245605      1460.1658935547
432.604584      1437.1711425781
432.963623      1398.0800781250
433.322571      1345.1921386719
433.681488      1388.8822021484
434.040344      1391.1816406250
434.399200      1377.3847656250
434.758026      1402.6789550781
435.116760      1372.7858886719
435.475494      1510.7542724609
435.834198      1430.2727050781
436.192841      1326.7963867188
436.551453      1455.5668945313
436.910004      1496.9573974609
437.268555      1363.5878906250
437.627014      1398.0800781250
437.985474      1473.9626464844
438.343903      1361.2884521484
438.702240      1338.2937011719
439.060577      1457.8663330078
439.418854      1345.1921386719
439.777130      1372.7858886719
440.135315      1513.0537109375
440.493500      1494.6579589844
440.851654      1644.1237792969
441.209717      1770.5948486328
441.567810      1375.0853271484
441.925781      1485.4600830078
442.283783      1572.8400878906
442.641663      1487.7595214844
442.999573      1434.8715820313
443.357483      1455.5668945313
443.715240      1464.7647705078
444.073029      1515.3531494141
444.430725      1632.6263427734
444.788452      1450.9678955078
445.146149      1425.6737060547
445.503723      1545.2463378906
445.861359      1395.7805175781
446.218842      1464.7647705078
446.576355      1363.5878906250
446.933777      1453.2674560547
447.291199      1361.2884521484
447.648621      1409.5773925781
448.005920      1308.4005126953
448.363251      1349.7911376953
448.720459      1345.1921386719
449.077728      1579.7385253906
449.434875      1572.8400878906
449.792023      1370.4863281250
450.149170      1517.6527099609
450.506195      1533.7490234375
450.863220      1354.3900146484
451.220184      1335.9942626953
451.577118      1418.7752685547
451.933990      1540.6474609375
452.290894      1324.4968261719
452.647736      1430.2727050781
453.004456      1393.4810791016
453.361237      1609.6315917969
453.717926      1352.0905761719
454.074585      1427.9732666016
454.431244      1379.6842041016
454.787811      1450.9678955078
455.144379      1526.8505859375
455.500824      1379.6842041016
455.857300      1427.9732666016
456.213715      1501.5563964844
456.570099      1586.6368408203
456.926483      1393.4810791016
457.282745      1457.8663330078
457.639038      1678.6158447266
457.995209      1448.6684570313
458.351440      1582.0379638672
458.707550      1559.0432128906
459.063660      1487.7595214844
459.419769      1460.1658935547
459.775757      1480.8610839844
460.131744      1365.8874511719
460.487671      1487.7595214844
460.843597      1570.5405273438
461.199493      1381.9837646484
461.555267      1490.0589599609
461.911072      1427.9732666016
462.266785      1439.4705810547
462.622498      1549.8453369141
462.978119      1450.9678955078
463.333771      1425.6737060547
463.689392      1303.8016357422
464.044891      1425.6737060547
464.400421      1425.6737060547
464.755859      1561.3426513672
465.111298      1485.4600830078
465.466675      1487.7595214844
465.821991      1538.3479003906
466.177338      1354.3900146484
466.532562      1439.4705810547
466.887817      1476.2622070313
467.242981      1423.3742675781
467.598114      1462.4653320313
467.953247      1409.5773925781
468.308289      1524.5511474609
468.663330      1398.0800781250
469.018280      1676.3164062500
469.373230      1437.1711425781
469.728119      1384.2832031250
470.082977      1354.3900146484
470.437836      1798.1884765625
470.792572      1533.7490234375
471.147339      1421.0748291016
471.502014      1591.2358398438
471.856720      1441.7700195313
472.211273      1386.5826416016
472.565918      1432.5721435547
472.920471      1319.8979492188
473.274933      1467.0642089844
473.629395      1358.9890136719
473.983795      1494.6579589844
474.338165      1446.3690185547
474.692505      1444.0695800781
475.046814      1480.8610839844
475.401123      1354.3900146484
475.755280      1519.9521484375
476.109497      1485.4600830078
476.463593      1536.0484619141
476.817688      6468.4199218750
477.171783      1956.8521728516
477.525757      1503.8558349609
477.879761      1733.8032226563
478.233673      1444.0695800781
478.587585      1354.3900146484
478.941406      1363.5878906250
479.295258      1519.9521484375
479.649048      1306.1010742188
480.002747      1588.9364013672
480.356445      1453.2674560547
480.710052      1427.9732666016
481.063690      1437.1711425781
481.417236      1664.8189697266
481.770782      1372.7858886719
482.124329      1462.4653320313
482.477722      1414.1763916016
482.831177      1377.3847656250
483.184509      1335.9942626953
483.537842      1483.1605224609
483.891144      1437.1711425781
484.244385      1377.3847656250
484.597626      1404.9785156250
484.950714      1363.5878906250
485.303894      1540.6474609375
485.656921      1331.3952636719
486.010010      1552.1447753906
486.363068      1536.0484619141
486.715973      1618.8295898438
487.068909      1416.4758300781
487.421783      1375.0853271484
487.774628      1538.3479003906
488.127411      1460.1658935547
488.480194      1416.4758300781
488.832947      1381.9837646484
489.185577      1506.1552734375
489.538239      1614.2305908203
489.890839      1478.5616455078
490.243378      1529.1500244141
490.595917      1379.6842041016
490.948395      1407.2779541016
491.300842      1446.3690185547
491.653198      1393.4810791016
492.005585      1407.2779541016
492.357880      1467.0642089844
492.710144      1676.3164062500
493.062439      1294.6037597656
493.414581      1529.1500244141
493.766754      1561.3426513672
494.118835      1779.7927246094
494.470917      1423.3742675781
494.822937      1375.0853271484
495.174927      1319.8979492188
495.526917      1602.7331542969
495.878784      1540.6474609375
496.230682      1296.9031982422
496.582489      1345.1921386719
496.934296      1372.7858886719
497.285980      1308.4005126953
497.637695      1529.1500244141
497.989410      2575.4106445313
498.340973      1667.1185302734
498.692596      1501.5563964844
499.044128      1480.8610839844
499.395630      1533.7490234375
499.747101      1386.5826416016
500.098480      1402.6789550781
500.449921      1402.6789550781
500.801208      1662.5195312500
501.152527      1634.9259033203
501.503754      1473.9626464844
501.854980      1501.5563964844
502.206177      1657.9205322266
502.557281      1437.1711425781
502.908386      1287.7053222656
503.259430      1540.6474609375
503.610443      1584.3374023438
503.961365      1448.6684570313
504.312317      1354.3900146484
504.663239      1368.1868896484
505.014069      1379.6842041016
505.364899      1306.1010742188
505.715607      1365.8874511719
506.066376      1676.3164062500
506.417084      1345.1921386719
506.767670      1538.3479003906
507.118317      1708.5090332031
507.468842      1347.4915771484
507.819397      1329.0958251953
508.169830      1395.7805175781
508.520294      1393.4810791016
508.870697      1414.1763916016
509.221039      1618.8295898438
509.571381      1487.7595214844
509.921631      1549.8453369141
510.271851      1586.6368408203
510.622009      1329.0958251953
510.972198      1285.4058837891
511.322327      1917.7611083984
511.672394      1349.7911376953
512.022461      1386.5826416016
512.372375      1453.2674560547
512.722351      1416.4758300781
513.072266      1538.3479003906
513.422058      1358.9890136719
513.771912      1331.3952636719
514.121704      1430.2727050781
514.471436      1292.3041992188
514.821167      1522.2515869141
515.170776      1308.4005126953
515.520447      1467.0642089844
515.869995      1444.0695800781
516.219543      1345.1921386719
516.569031      1352.0905761719
516.918518      1577.4389648438
517.267822      1453.2674560547
517.617249      1536.0484619141
517.966614      1448.6684570313
518.315796      1492.3585205078
518.665161      1423.3742675781
519.014282      1317.5985107422
519.363464      1391.1816406250
519.712585      1358.9890136719
520.061646      1365.8874511719
520.410706      1485.4600830078
520.759705      1533.7490234375
521.108704      1375.0853271484
521.457520      1354.3900146484
521.806458      1434.8715820313
522.155334      1747.6000976563
522.504089      1457.8663330078
522.852844      1545.2463378906
523.201538      1540.6474609375
523.550232      1579.7385253906
523.898804      1457.8663330078
524.247437      1538.3479003906
524.596008      1529.1500244141
524.944458      1480.8610839844
525.292969      1434.8715820313
525.641357      1531.4495849609
525.989746      1485.4600830078
526.338074      1430.2727050781
526.686401      1526.8505859375
527.034607      1480.8610839844
527.382813      1432.5721435547
527.731018      1345.1921386719
528.079102      1510.7542724609
528.427246      1476.2622070313
528.775330      1395.7805175781
529.123291      1607.3321533203
529.471252      1416.4758300781
529.819153      1508.4548339844
530.167053      1386.5826416016
530.514832      1448.6684570313
530.862732      1582.0379638672
531.210510      1823.4826660156
531.558167      1529.1500244141
531.905884      1404.9785156250
532.253479      1418.7752685547
532.601074      1439.4705810547
532.948608      1860.2742919922
533.296143      1531.4495849609
533.643616      1414.1763916016
533.991028      1363.5878906250
534.338379      1416.4758300781
534.685730      1490.0589599609
535.033081      1708.5090332031
535.380371      1467.0642089844
535.727478      1326.7963867188
536.074707      1678.6158447266
536.421875      1467.0642089844
536.768921      1361.2884521484
537.115967      1600.4337158203
537.463013      1416.4758300781
537.809998      1434.8715820313
538.156860      1395.7805175781
538.503784      1455.5668945313
538.850647      1423.3742675781
539.197449      1333.6948242188
539.544189      1368.1868896484
539.890930      1455.5668945313
540.237610      1411.8768310547
540.584229      1453.2674560547
540.930847      1423.3742675781
541.277344      1342.8927001953
541.623901      1363.5878906250
541.970337      1375.0853271484
542.316772      1437.1711425781
542.663208      1354.3900146484
543.009521      1526.8505859375
543.355835      1381.9837646484
543.702026      1552.1447753906
544.048279      1529.1500244141
544.394470      1317.5985107422
544.740601      1450.9678955078
545.086731      1349.7911376953
545.432739      1365.8874511719
545.778809      1457.8663330078
546.124695      1536.0484619141
546.470703      1391.1816406250
546.816589      1526.8505859375
547.162415      1593.5352783203
547.508240      1510.7542724609
547.853943      1609.6315917969
548.199646      1358.9890136719
548.545349      1478.5616455078
548.890930      1547.5458984375
549.236633      1685.5142822266
549.582092      1513.0537109375
549.927673      1496.9573974609
550.273071      1676.3164062500
550.618530      1333.6948242188
550.963928      1368.1868896484
551.309204      1377.3847656250
551.654602      1409.5773925781
551.999756      1490.0589599609
552.345093      1310.7000732422
552.690186      1490.0589599609
553.035339      1407.2779541016
553.380493      1457.8663330078
553.725464      1342.8927001953
554.070496      1358.9890136719
554.415405      1384.2832031250
554.760376      1513.0537109375
555.105225      1457.8663330078
555.450073      1322.1973876953
555.794922      1361.2884521484
556.139648      1490.0589599609
556.484375      1287.7053222656
556.828979      1427.9732666016
557.173645      1467.0642089844
557.518311      1393.4810791016
557.862793      1324.4968261719
558.207275      1529.1500244141
558.551697      1427.9732666016
558.896118      1434.8715820313
559.240479      1326.7963867188
559.584839      1598.1342773438
559.929199      1940.7558593750
560.273376      1480.8610839844
560.617676      1388.8822021484
560.961792      1411.8768310547
561.305908      1301.5021972656
561.649963      1655.6210937500
561.994019      1388.8822021484
562.338074      1450.9678955078
562.682007      1319.8979492188
563.025879      1494.6579589844
563.369751      1483.1605224609
563.713623      1522.2515869141
564.057373      1384.2832031250
564.401123      1490.0589599609
564.744873      1536.0484619141
565.088501      1490.0589599609
565.432129      1384.2832031250
565.775635      1393.4810791016
566.119263      1444.0695800781
566.462769      1333.6948242188
566.806152      1637.2253417969
567.149597      1602.7331542969
567.492920      1434.8715820313
567.836243      1310.7000732422
568.179504      1358.9890136719
568.522827      1377.3847656250
568.866028      2736.3737792969
569.209106      1462.4653320313
569.552307      1492.3585205078
569.895325      1496.9573974609
570.238403      1614.2305908203
570.581299      1561.3426513672
570.924255      1303.8016357422
571.267212      1556.7437744141
571.609985      1469.3637695313
571.952881      1368.1868896484
572.295593      1450.9678955078
572.638367      1671.7174072266
572.981079      1641.8242187500
573.323730      1432.5721435547
573.666260      1434.8715820313
574.008850      1439.4705810547
574.351440      1524.5511474609
574.693848      1421.0748291016
575.036255      1630.3269042969
575.378723      1547.5458984375
575.721008      1519.9521484375
576.063354      1669.4179687500
576.405579      1471.6632080078
576.747803      1595.8348388672
577.090027      1404.9785156250
577.432129      1418.7752685547
577.774231      1795.8890380859
578.116272      1409.5773925781
578.458313      1391.1816406250
578.800232      1349.7911376953
579.142212      1483.1605224609
579.484070      1423.3742675781
579.825928      1657.9205322266
580.167725      1285.4058837891
580.509460      1322.1973876953
580.851196      1524.5511474609
581.192810      1448.6684570313
581.534485      1664.8189697266
581.876099      1398.0800781250
582.217590      1478.5616455078
582.559143      1526.8505859375
582.900574      1388.8822021484
583.242004      1363.5878906250
583.583313      1522.2515869141
583.924683      1395.7805175781
584.265991      1395.7805175781
584.607239      1462.4653320313
584.948425      1455.5668945313
585.289551      1404.9785156250
585.630737      1312.9995117188
585.971802      1386.5826416016
586.312805      1641.8242187500
586.653870      1575.1395263672
586.994751      1476.2622070313
587.335693      1494.6579589844
587.676453      1496.9573974609
588.017334      1467.0642089844
588.358154      1549.8453369141
588.698853      1418.7752685547
589.039551      1421.0748291016
589.380188      1508.4548339844
589.720825      1326.7963867188
590.061340      1308.4005126953
590.401917      1453.2674560547
590.742432      1478.5616455078
591.082825      1455.5668945313
591.423218      1414.1763916016
591.763550      1434.8715820313
592.103882      1455.5668945313
592.444092      1393.4810791016
592.784363      1358.9890136719
593.124512      1588.9364013672
593.464600      1536.0484619141
593.804749      1492.3585205078
594.144775      1400.3795166016
594.484802      1671.7174072266
594.824829      1701.6105957031
595.164734      1437.1711425781
595.504578      1400.3795166016
595.844360      1427.9732666016
596.184204      1499.2568359375
596.523926      1425.6737060547
596.863647      1450.9678955078
597.203369      1533.7490234375
597.542969      1386.5826416016
597.882507      1448.6684570313
598.222046      1531.4495849609
598.561584      1807.3863525391
598.901001      1572.8400878906
599.240417      1618.8295898438
599.579834      1501.5563964844
599.919067      1575.1395263672
600.258423      1588.9364013672
600.597595      1441.7700195313
600.936829      1416.4758300781
601.276001      1526.8505859375
601.615051      1460.1658935547
601.954163      1526.8505859375
602.293091      1381.9837646484
602.632141      1356.6895751953
602.971069      1347.4915771484
603.309998      1349.7911376953
603.648865      1685.5142822266
603.987610      1720.0063476563
604.326416      1425.6737060547
604.665100      1455.5668945313
605.003845      1549.8453369141
605.342407      1552.1447753906
605.680969      1524.5511474609
606.019592      1471.6632080078
606.358093      1529.1500244141
606.696533      1554.4442138672
607.034973      1499.2568359375
607.373291      1565.9416503906
607.711609      1439.4705810547
608.049927      1375.0853271484
608.388245      1444.0695800781
608.726379      1487.7595214844
609.064575      1331.3952636719
609.402710      1598.1342773438
609.740723      1607.3321533203
610.078796      1469.3637695313
610.416748      1418.7752685547
610.754761      1561.3426513672
611.092590      1462.4653320313
611.430481      1347.4915771484
611.768311      1664.8189697266
612.106018      1538.3479003906
612.443787      1637.2253417969
612.781494      1421.0748291016
613.119141      1400.3795166016
613.456726      1432.5721435547
613.794250      1375.0853271484
614.131775      1395.7805175781
614.469299      1356.6895751953
614.806763      1379.6842041016
615.144043      1400.3795166016
615.481384      1499.2568359375
615.818726      1467.0642089844
616.156006      1423.3742675781
616.493225      1524.5511474609
616.830322      1591.2358398438
617.167480      1513.0537109375
617.504578      1453.2674560547
617.841614      1425.6737060547
618.178528      1425.6737060547
618.515503      1529.1500244141
618.852478      1779.7927246094
619.189270      1432.5721435547
619.526184      1400.3795166016
619.862854      1515.3531494141
620.199646      1508.4548339844
620.536316      1641.8242187500
620.872986      1462.4653320313
621.209595      1446.3690185547
621.546143      1490.0589599609
621.882629      1499.2568359375
622.219116      1496.9573974609
622.555542      1416.4758300781
622.892029      1501.5563964844
623.228333      1816.5842285156
623.564636      1607.3321533203
623.900818      1303.8016357422
624.237061      1329.0958251953
624.573242      1345.1921386719
624.909363      1361.2884521484
625.245483      1517.6527099609
625.581482      1416.4758300781
625.917480      1588.9364013672
626.253418      1338.2937011719
626.589355      1632.6263427734
626.925171      1457.8663330078
627.261047      1568.2410888672
627.596863      1342.8927001953
627.932556      1915.4616699219
628.268250      1529.1500244141
628.603882      1460.1658935547
628.939514      1503.8558349609
629.275024      1522.2515869141
629.610596      1416.4758300781
629.946045      1356.6895751953
630.281494      1685.5142822266
630.616882      1609.6315917969
630.952209      1411.8768310547
631.287537      1494.6579589844
631.622803      1623.4284667969
631.958008      1319.8979492188
632.293213      1377.3847656250
632.628296      1370.4863281250
632.963379      1623.4284667969
633.298401      1614.2305908203
633.633423      1515.3531494141
633.968384      1462.4653320313
634.303284      1400.3795166016
634.638123      1625.7279052734
634.972900      1335.9942626953
635.307739      1425.6737060547
635.642456      1395.7805175781
635.977112      1492.3585205078
636.311829      1630.3269042969
636.646362      1628.0274658203
636.980957      1623.4284667969
637.315430      1409.5773925781
637.649963      1423.3742675781
637.984436      1494.6579589844
638.318726      1540.6474609375
638.653137      1432.5721435547
638.987366      1522.2515869141
639.321655      1384.2832031250
639.655823      1938.4564208984
639.990051      1577.4389648438
640.324158      1811.9853515625
640.658203      1655.6210937500
640.992249      1427.9732666016
641.326172      1409.5773925781
641.660156      1483.1605224609
641.994019      1490.0589599609
642.327942      1411.8768310547
642.661804      1418.7752685547
642.995483      1329.0958251953
643.329224      1377.3847656250
643.662964      1370.4863281250
643.996582      1400.3795166016
644.330200      1340.5932617188
644.663696      1416.4758300781
644.997253      1388.8822021484
645.330688      1487.7595214844
645.664124      1414.1763916016
645.997437      1637.2253417969
646.330811      1671.7174072266
646.664124      1616.5300292969
646.997375      1531.4495849609
647.330566      1409.5773925781
647.663696      1609.6315917969
647.996826      1418.7752685547
648.329895      1439.4705810547
648.662903      1319.8979492188
648.995911      1358.9890136719
649.328796      1503.8558349609
649.661682      1324.4968261719
649.994568      1356.6895751953
650.327393      1439.4705810547
650.660095      1335.9942626953
650.992859      1425.6737060547
651.325500      1579.7385253906
651.658142      1427.9732666016
651.990723      1427.9732666016
652.323242      1402.6789550781
652.655762      1425.6737060547
652.988220      1467.0642089844
653.320618      1361.2884521484
653.652954      1494.6579589844
653.985291      1467.0642089844
654.317566      1434.8715820313
654.649780      1621.1290283203
654.981995      1549.8453369141
655.314148      1487.7595214844
655.646240      1381.9837646484
655.978271      1628.0274658203
656.310303      1501.5563964844
656.642273      1347.4915771484
656.974182      1421.0748291016
657.306091      1402.6789550781
657.637939      1577.4389648438
657.969666      1400.3795166016
658.301453      1434.8715820313
658.633179      1513.0537109375
658.964844      1598.1342773438
659.296448      1393.4810791016
659.627991      1565.9416503906
659.959534      1388.8822021484
660.291016      1379.6842041016
660.622437      1457.8663330078
660.953796      1657.9205322266
661.285156      1524.5511474609
661.616516      1708.5090332031
661.947754      1354.3900146484
662.278931      1485.4600830078
662.610107      1542.9468994141
662.941284      1611.9311523438
663.272339      1494.6579589844
663.603394      1644.1237792969
663.934387      1303.8016357422
664.265320      1444.0695800781
664.596252      1427.9732666016
664.927063      1322.1973876953
665.257935      1540.6474609375
665.588684      1455.5668945313
665.919434      1409.5773925781
666.250061      1513.0537109375
666.580688      1568.2410888672
666.911316      1515.3531494141
667.241821      1416.4758300781
667.572327      1453.2674560547
667.902832      1485.4600830078
668.233276      1483.1605224609
668.563660      1565.9416503906
668.893982      1395.7805175781
669.224243      1402.6789550781
669.554504      1441.7700195313
669.884705      1462.4653320313
670.214844      1384.2832031250
670.544922      1467.0642089844
670.875000      1524.5511474609
671.205078      1432.5721435547
671.534973      1381.9837646484
671.864929      1450.9678955078
672.194824      1402.6789550781
672.524658      1448.6684570313
672.854431      1487.7595214844
673.184204      1662.5195312500
673.513916      1485.4600830078
673.843567      1462.4653320313
674.173218      1333.6948242188
674.502747      1388.8822021484
674.832275      1335.9942626953
675.161804      1598.1342773438
675.491211      1524.5511474609
675.820679      1506.1552734375
676.149963      1416.4758300781
676.479248      1462.4653320313
676.808533      1469.3637695313
677.137756      1370.4863281250
677.466919      1579.7385253906
677.796021      1526.8505859375
678.125122      1473.9626464844
678.454163      1402.6789550781
678.783142      1386.5826416016
679.112122      1333.6948242188
679.440979      1724.6053466797
679.769897      1409.5773925781
680.098694      1692.4127197266
680.427490      1561.3426513672
680.756165      1460.1658935547
681.084900     12858.6572265625
681.413513      1834.9801025391
681.742065      1524.5511474609
682.070679      1338.2937011719
682.399170      1352.0905761719
682.727600      1531.4495849609
683.056030      1559.0432128906
683.384399      1444.0695800781
683.712708      1697.0115966797
684.040955      1628.0274658203
684.369263      1533.7490234375
684.697388      1418.7752685547
685.025574      1501.5563964844
685.353638      1416.4758300781
685.681702      1501.5563964844
686.009766      1575.1395263672
686.337708      1526.8505859375
686.665588      1335.9942626953
686.993469      1494.6579589844
687.321289      1697.0115966797
687.649048      1483.1605224609
687.976807      1506.1552734375
688.304565      1358.9890136719
688.632141      1338.2937011719
688.959839      1306.1010742188
689.287354      1464.7647705078
689.614868      1430.2727050781
689.942383      1490.0589599609
690.269775      1391.1816406250
690.597168      1478.5616455078
690.924500      1457.8663330078
691.251770      1503.8558349609
691.578979      1600.4337158203
691.906250      1437.1711425781
692.233398      1354.3900146484
692.560486      1416.4758300781
692.887573      1706.2094726563
693.214539      1444.0695800781
693.541565      1356.6895751953
693.868469      1421.0748291016
694.195374      1473.9626464844
694.522217      1632.6263427734
694.849060      1432.5721435547
695.175781      1409.5773925781
695.502441      1329.0958251953
695.829163      1717.7069091797
696.155823      1352.0905761719
696.482300      1464.7647705078
696.808899      1381.9837646484
697.135315      1538.3479003906
697.461792      1476.2622070313
697.788147      1457.8663330078
698.114563      1593.5352783203
698.440857      1563.6422119141
698.767029      1595.8348388672
699.093323      1464.7647705078
699.419495      1427.9732666016
699.745605      1515.3531494141
700.071655      1680.9152832031
700.397705      1625.7279052734
700.723694      1501.5563964844
701.049622      1345.1921386719
701.375549      1388.8822021484
701.701355      1582.0379638672
702.027222      1450.9678955078
702.352905      1549.8453369141
702.678711      1365.8874511719
703.004395      1733.8032226563
703.329956      1340.5932617188
703.655579      1506.1552734375
703.981018      1469.3637695313
704.306580      1476.2622070313
704.632080      1547.5458984375
704.957397      1418.7752685547
705.282776      1494.6579589844
705.608093      1370.4863281250
705.933350      1285.4058837891
706.258545      1510.7542724609
706.583740      1437.1711425781
706.908875      1402.6789550781
707.233948      1425.6737060547
707.559021      1421.0748291016
707.883972      1492.3585205078
708.208984      1480.8610839844
708.533813      1352.0905761719
708.858704      1605.0327148438
709.183533      1453.2674560547
709.508240      1526.8505859375
709.833008      1522.2515869141
710.157654      1432.5721435547
710.482300      1515.3531494141
710.806885      1494.6579589844
711.131409      1363.5878906250
711.455933      1322.1973876953
711.780334      1469.3637695313
712.104797      1616.5300292969
712.429138      1375.0853271484
712.753479      1752.1989746094
713.077759      1423.3742675781
713.401917      1499.2568359375
713.726135      1398.0800781250
714.050232      1508.4548339844
714.374329      1381.9837646484
714.698364      1391.1816406250
715.022339      1317.5985107422
715.346313      1600.4337158203
715.670166      1363.5878906250
715.994080      1575.1395263672
716.317871      1906.2637939453
716.641663      1522.2515869141
716.965393      1370.4863281250
717.289001      1460.1658935547
717.612732      1761.3968505859
717.936279      1439.4705810547
718.259827      1529.1500244141
718.583313      1356.6895751953
718.906738      1434.8715820313
719.230225      1476.2622070313
719.553528      1517.6527099609
719.876892      1582.0379638672
720.200134      1582.0379638672
720.523315      1430.2727050781
720.846497      1492.3585205078
721.169617      1340.5932617188
721.492737      1453.2674560547
721.815735      1414.1763916016
722.138733      1423.3742675781
722.461670      1513.0537109375
722.784607      1501.5563964844
723.107544      1441.7700195313
723.430298      1338.2937011719
723.753113      1579.7385253906
724.075745      1565.9416503906
724.398438      1565.9416503906
724.721008      1671.7174072266
725.043640      1552.1447753906
725.366211      1515.3531494141
725.688660      1506.1552734375
726.011169      1444.0695800781
726.333496      1388.8822021484
726.655884      1407.2779541016
726.978149      1533.7490234375
727.300476      1317.5985107422
727.622681      1586.6368408203
727.944824      1448.6684570313
728.266968      1690.1131591797
728.589050      1572.8400878906
728.911133      1563.6422119141
729.233032      1536.0484619141
729.554993      1614.2305908203
729.876953      1450.9678955078
730.198792      1450.9678955078
730.520569      1363.5878906250
730.842346      1393.4810791016
731.164063      1414.1763916016
731.485718      1411.8768310547
731.807373      1743.0010986328
732.128967      1519.9521484375
732.450439      1450.9678955078
732.771973      1446.3690185547
733.093323      1342.8927001953
733.414795      1519.9521484375
733.736145      1593.5352783203
734.057373      1381.9837646484
734.378662      1547.5458984375
734.699890      1517.6527099609
735.021057      1407.2779541016
735.342163      1446.3690185547
735.663269      1618.8295898438
735.984314      1326.7963867188
736.305237      1455.5668945313
736.626160      1692.4127197266
736.947083      1462.4653320313
737.267883      1379.6842041016
737.588745      1427.9732666016
737.909485      1407.2779541016
738.230225      1439.4705810547
738.550781      1423.3742675781
738.871460      1460.1658935547
739.192017      1565.9416503906
739.512573      1483.1605224609
739.833069      1487.7595214844
740.153442      1556.7437744141
740.473877      1310.7000732422
740.794128      1591.2358398438
741.114441      1352.0905761719
741.434692      1616.5300292969
741.754883      1398.0800781250
742.075073      1331.3952636719
742.395142      1545.2463378906
742.715210      1584.3374023438
743.035217      1503.8558349609
743.355225      1591.2358398438
743.675049      1455.5668945313
743.994995      1386.5826416016
744.314880      1533.7490234375
744.634583      1388.8822021484
744.954407      1563.6422119141
745.273987      1513.0537109375
745.593689      1416.4758300781
745.913330      1540.6474609375
746.232849      1349.7911376953
746.552368      1529.1500244141
746.871826      1421.0748291016
747.191223      1448.6684570313
747.510559      1439.4705810547
747.829956      1467.0642089844
748.149231      1423.3742675781
748.468384      1381.9837646484
748.787659      1444.0695800781
749.106750      1322.1973876953
749.425842      1496.9573974609
749.744873      1501.5563964844
750.063904      1678.6158447266
750.382874      1605.0327148438
750.701721      1572.8400878906
751.020630      1694.7121582031
751.339417      1542.9468994141
751.658203      1457.8663330078
751.976990      1549.8453369141
752.295593      1425.6737060547
752.614258      1450.9678955078
752.932800      1402.6789550781
753.251404      1363.5878906250
753.569824      1460.1658935547
753.888306      1506.1552734375
754.206726      1345.1921386719
754.525024      1549.8453369141
754.843323      1441.7700195313
755.161621      1326.7963867188
755.479797      1529.1500244141
755.797974      1425.6737060547
756.116089      1531.4495849609
756.434204      1575.1395263672
756.752197      1400.3795166016
757.070190      1616.5300292969
757.388123      1499.2568359375
757.705994      1552.1447753906
758.023865      1565.9416503906
758.341675      1384.2832031250
758.659363      1986.7453613281
758.977112      1478.5616455078
759.294739      1388.8822021484
759.612305      1570.5405273438
759.929932      1469.3637695313
760.247498      1354.3900146484
760.564880      1499.2568359375
760.882385      1616.5300292969
761.199707      1644.1237792969
761.517090      1480.8610839844
761.834290      1400.3795166016
762.151611      1494.6579589844
762.468811      1432.5721435547
762.785889      1375.0853271484
763.103027      1416.4758300781
763.420044      1444.0695800781
763.737061      1602.7331542969
764.054077      1646.4232177734
764.370972      1398.0800781250
764.687805      1687.8137207031
765.004639      1526.8505859375
765.321411      1531.4495849609
765.638123      1542.9468994141
765.954834      1457.8663330078
766.271484      1577.4389648438
766.588074      1368.1868896484
766.904602      1437.1711425781
767.221069      1457.8663330078
767.537537      1563.6422119141
767.853882      1450.9678955078
768.170288      1471.6632080078
768.486572      1623.4284667969
768.802856      1480.8610839844
769.119080      1395.7805175781
769.435181      1529.1500244141
769.751343      1448.6684570313
770.067322      1402.6789550781
770.383423      1414.1763916016
770.699402      1724.6053466797
771.015320      1453.2674560547
771.331238      1368.1868896484
771.647095      1529.1500244141
771.962891      1430.2727050781
772.278625      1540.6474609375
772.594299      1563.6422119141
772.909973      1464.7647705078
773.225586      1469.3637695313
773.541138      1432.5721435547
773.856567      1381.9837646484
774.172119      1407.2779541016
774.487549      1554.4442138672
774.802856      1379.6842041016
775.118286      1552.1447753906
775.433472      1706.2094726563
775.748718      1588.9364013672
776.063904      1386.5826416016
776.379028      1338.2937011719
776.694153      1326.7963867188
777.009155      1354.3900146484
777.324158      1331.3952636719
777.639099      1586.6368408203
777.954041      1377.3847656250
778.268921      1345.1921386719
778.583740      1487.7595214844
778.898499      1306.1010742188
779.213196      1368.1868896484
779.527832      1623.4284667969
779.842468      1542.9468994141
780.157043      1595.8348388672
780.471619      1538.3479003906
780.786072      1333.6948242188
781.100525      1290.0047607422
781.414856      1356.6895751953
781.729248      1370.4863281250
782.043457      1586.6368408203
782.357788      1519.9521484375
782.671997      1531.4495849609
782.986084      1398.0800781250
783.300293      1453.2674560547
783.614258      1400.3795166016
783.928345      1586.6368408203
784.242249      1669.4179687500
784.556213      1503.8558349609
784.870117      1584.3374023438
785.183899      1492.3585205078
785.497681      1448.6684570313
785.811340      1395.7805175781
786.125061      1572.8400878906
786.438721      1683.2148437500
786.752258      1501.5563964844
787.065857      1457.8663330078
787.379333      1605.0327148438
787.692810      1473.9626464844
788.006165      1365.8874511719
788.319519      1402.6789550781
788.632874      1393.4810791016
788.946106      1395.7805175781
789.259338      1513.0537109375
789.572449      1453.2674560547
789.885559      1637.2253417969
790.198608      1381.9837646484
790.511719      1400.3795166016
790.824707      1444.0695800781
791.137573      1414.1763916016
791.450500      1381.9837646484
791.763306      1542.9468994141
792.076111      1457.8663330078
792.388855      1556.7437744141
792.701538      1632.6263427734
793.014221      1547.5458984375
793.326782      1455.5668945313
793.639343      1485.4600830078
793.951843      1338.2937011719
794.264282      1632.6263427734
794.576721      1547.5458984375
794.889099      1515.3531494141
795.201416      1529.1500244141
795.513611      1299.2026367188
795.825867      1595.8348388672
796.138000      1545.2463378906
796.450195      1476.2622070313
796.762268      1506.1552734375
797.074280      1423.3742675781
797.386292      1496.9573974609
797.698181      1683.2148437500
798.010071      1430.2727050781
798.321960      1393.4810791016
798.633728      1720.0063476563
798.945496      1299.2026367188
799.257202      1400.3795166016
799.568787      1506.1552734375
799.880432      1480.8610839844
800.192017      1467.0642089844
800.503540      1630.3269042969
800.815002      1478.5616455078
801.126404      1446.3690185547
801.437744      1418.7752685547
801.749084      1678.6158447266
802.060364      1777.4931640625
802.371582      1485.4600830078
802.682800      1559.0432128906
802.993835      1439.4705810547
803.304993      1455.5668945313
803.615967      1524.5511474609
803.927002      1393.4810791016
804.237976      1402.6789550781
804.548828      1533.7490234375
804.859741      1395.7805175781
805.170471      1379.6842041016
805.481201      1499.2568359375
805.791931      1524.5511474609
806.102600      1480.8610839844
806.413208      1427.9732666016
806.723755      1434.8715820313
807.034241      1536.0484619141
807.344727      1561.3426513672
807.655151      1418.7752685547
807.965515      1432.5721435547
808.275879      1404.9785156250
808.586182      1471.6632080078
808.896362      1310.7000732422
809.206604      1473.9626464844
809.516663      1588.9364013672
809.826782      1356.6895751953
810.136780      1556.7437744141
810.446777      1609.6315917969
810.756775      1526.8505859375
811.066650      1444.0695800781
811.376465      1329.0958251953
811.686279      1363.5878906250
811.996033      1874.0711669922
812.305786      1393.4810791016
812.615417      1593.5352783203
812.924988      1646.4232177734
813.234558      1552.1447753906
813.544128      1356.6895751953
813.853516      1467.0642089844
814.162964      1361.2884521484
814.472351      1618.8295898438
814.781616      1388.8822021484
815.090942      1480.8610839844
815.400146      1432.5721435547
815.709351      1517.6527099609
816.018433      1570.5405273438
816.327515      1549.8453369141
816.636597      1453.2674560547
816.945557      1430.2727050781
817.254578      1487.7595214844
817.563416      1609.6315917969
817.872253      1508.4548339844
818.181091      1499.2568359375
818.489807      1377.3847656250
818.798523      1329.0958251953
819.107178      1577.4389648438
819.415833      1545.2463378906
819.724365      1358.9890136719
820.032837      1393.4810791016
820.341370      1793.5894775391
820.649719      1549.8453369141
820.958130      1490.0589599609
821.266357      1437.1711425781
821.574707      1476.2622070313
821.882874      1510.7542724609
822.191040      1469.3637695313
822.499207      1637.2253417969
822.807251      1805.0869140625
823.115356      1460.1658935547
823.423279      1586.6368408203
823.731262      1425.6737060547
824.039124      1503.8558349609
824.346985      1485.4600830078
824.654846      1545.2463378906
824.962524      1782.0921630859
825.270264      1496.9573974609
825.577820      1471.6632080078
825.885437      1913.1621093750
826.193054      1614.2305908203
826.500488      1381.9837646484
826.807983      1554.4442138672
827.115356      1485.4600830078
827.422729      1345.1921386719
827.729980      1416.4758300781
828.037292      1724.6053466797
828.344543      1455.5668945313
828.651733      1478.5616455078
828.958862      1377.3847656250
829.265869      1494.6579589844
829.572937      1510.7542724609
829.879883      1340.5932617188
830.186829      1430.2727050781
830.493713      1492.3585205078
830.800537      1568.2410888672
831.107361      1404.9785156250
831.414063      1524.5511474609
831.720764      1671.7174072266
832.027405      1432.5721435547
832.333984      1427.9732666016
832.640564      1588.9364013672
832.947021      1423.3742675781
833.253479      1340.5932617188
833.559814      1434.8715820313
833.866211      1437.1711425781
834.172546      1460.1658935547
834.478760      1628.0274658203
834.784973      1483.1605224609
835.091125      1485.4600830078
835.397278      1563.6422119141
835.703247      1361.2884521484
836.009277      1418.7752685547
836.315247      1582.0379638672
836.621155      1933.8574218750
836.927063      1503.8558349609
837.232849      1621.1290283203
837.538635      1588.9364013672
837.844421      1536.0484619141
838.150085      1375.0853271484
838.455688      1478.5616455078
838.761292      1358.9890136719
839.066833      1455.5668945313
839.372253      1857.9748535156
839.677734      1775.1937255859
839.983093      1554.4442138672
840.288391      1538.3479003906
840.593689      1561.3426513672
840.898926      1402.6789550781
841.204102      1485.4600830078
841.509277      1361.2884521484
841.814392      1503.8558349609
842.119446      1331.3952636719
842.424438      1644.1237792969
842.729370      1740.7016601563
843.034241      1749.8995361328
843.339111      1600.4337158203
843.643982      1462.4653320313
843.948669      1517.6527099609
844.253479      1386.5826416016
844.558105      1531.4495849609
844.862671      1372.7858886719
845.167236      1526.8505859375
845.471741      1393.4810791016
845.776245      1361.2884521484
846.080627      1395.7805175781
846.385071      1331.3952636719
846.689331      1600.4337158203
846.993591      1547.5458984375
847.297791      1377.3847656250
847.601990      1273.9084472656
847.906128      1467.0642089844
848.210205      1476.2622070313
848.514282      1547.5458984375
848.818237      1388.8822021484
849.122131      1363.5878906250
849.426025      1448.6684570313
849.729919      1568.2410888672
850.033691      1354.3900146484
850.337402      1529.1500244141
850.641113      1531.4495849609
850.944702      1421.0748291016
851.248352      1427.9732666016
851.551941      1588.9364013672
851.855347      1625.7279052734
852.158813      1388.8822021484
852.462219      1368.1868896484
852.765564      1467.0642089844
853.068848      1545.2463378906
853.372070      1519.9521484375
853.675354      1455.5668945313
853.978455      1379.6842041016
854.281555      1430.2727050781
854.584656      1372.7858886719
854.887634      1487.7595214844
855.190552      1437.1711425781
855.493530      1471.6632080078
855.796387      1588.9364013672
856.099182      1568.2410888672
856.401978      1324.4968261719
856.704651      1595.8348388672
857.007324      1641.8242187500
857.309998      1287.7053222656
857.612549      1312.9995117188
857.915100      1342.8927001953
858.217529      1372.7858886719
858.519958      1492.3585205078
858.822266      1674.0168457031
859.124634      1365.8874511719
859.426941      1358.9890136719
859.729187      1506.1552734375
860.031372      1630.3269042969
860.333435      1375.0853271484
860.635559      1446.3690185547
860.937622      1444.0695800781
861.239563      1506.1552734375
861.541504      1676.3164062500
861.843384      1579.7385253906
862.145264      1377.3847656250
862.446960      1322.1973876953
862.748779      1540.6474609375
863.050476      1377.3847656250
863.352051      1476.2622070313
863.653748      1565.9416503906
863.955200      1467.0642089844
864.256714      1377.3847656250
864.558167      1483.1605224609
864.859619      1621.1290283203
865.160950      1402.6789550781
865.462219      1623.4284667969
865.763489      1434.8715820313
866.064697      1448.6684570313
866.365845      1469.3637695313
866.666931      1338.2937011719
866.967957      1404.9785156250
867.269043      1430.2727050781
867.570007      1496.9573974609
867.870911      1538.3479003906
868.171692      1565.9416503906
868.472595      1414.1763916016
868.773254      1375.0853271484
869.074036      1593.5352783203
869.374695      1457.8663330078
869.675293      1738.4022216797
869.975891      1421.0748291016
870.276367      1572.8400878906
870.576843      1453.2674560547
870.877319      1437.1711425781
871.177612      1276.2078857422
871.477966      1584.3374023438
871.778198      1506.1552734375
872.078491      1529.1500244141
872.378601      1501.5563964844
872.678711      1402.6789550781
872.978882      1540.6474609375
873.278870      1483.1605224609
873.578857      1354.3900146484
873.878784      1421.0748291016
874.178650      1437.1711425781
874.478394      1446.3690185547
874.778259      1427.9732666016
875.078003      1430.2727050781
875.377625      1425.6737060547
875.677307      1444.0695800781
875.976868      1499.2568359375
876.276428      1522.2515869141
876.575928      1922.3601074219
876.875366      1478.5616455078
877.174744      1416.4758300781
877.474060      1828.0816650391
877.773376      1400.3795166016
878.072571      1641.8242187500
878.371826      1547.5458984375
878.670959      1471.6632080078
878.970032      1513.0537109375
879.269043      1510.7542724609
879.567993      1485.4600830078
879.867004      1536.0484619141
880.165894      1510.7542724609
880.464722      1379.6842041016
880.763550      1513.0537109375
881.062256      1338.2937011719
881.361023      1278.5074462891
881.659607      1450.9678955078
881.958252      1577.4389648438
882.256836      1545.2463378906
882.555298      1680.9152832031
882.853760      1457.8663330078
883.152100      1710.8084716797
883.450500      1680.9152832031
883.748779      1752.1989746094
884.047058      1706.2094726563
884.345276      1434.8715820313
884.643372      1455.5668945313
884.941528      1388.8822021484
885.239502      1641.8242187500
885.537598      1427.9732666016
885.835510      1457.8663330078
886.133423      1542.9468994141
886.431335      1467.0642089844
886.729065      1416.4758300781
887.026855      1317.5985107422
887.324524      1365.8874511719
887.622253      1375.0853271484
887.919800      1450.9678955078
888.217407      1423.3742675781
888.514954      1676.3164062500
888.812317      1540.6474609375
889.109802      1331.3952636719
889.407166      1312.9995117188
889.704407      1568.2410888672
890.001770      1563.6422119141
890.298889      1547.5458984375
890.596130      1494.6579589844
890.893188      1496.9573974609
891.190308      1448.6684570313
891.487244      1411.8768310547
