0.752000
190.544205         0.0000000000
190.924866         0.0000000000
191.305481      1090.0208740234
191.686081      1076.6464843750
192.066635      1161.3515625000
192.447174      1094.4791259766
192.827667      1288.4091796875
193.208130      1197.0168457031
193.588577      1290.6383056641
193.968964      1266.1184082031
194.349350      1299.5545654297
194.729691      1290.6383056641
195.110001      1299.5545654297
195.490295      1277.2637939453
195.870529      1221.5367431641
196.250763      1190.3295898438
196.630936      1228.2239990234
197.011093      1332.9908447266
197.391220      1205.9331054688
197.771301      1239.3693847656
198.151367      1230.4530029297
198.531403      1210.3913574219
198.911407      1232.6821289063
199.291382      1228.2239990234
199.671295      1281.7219238281
200.051208      1172.4969482422
200.431076      1159.1224365234
200.810928      1197.0168457031
201.190735      1223.7658691406
201.570511      1257.2020263672
201.950272      1223.7658691406
202.329971      1281.7219238281
202.709671      1254.9729003906
203.089310      1192.5587158203
203.468933      1185.8714599609
203.848541      1123.4571533203
204.228073      1188.1004638672
204.607620      1210.3913574219
204.987106      1181.4132080078
205.366577      1250.5147705078
205.746017      1197.0168457031
206.125412      1228.2239990234
206.504776      1214.8494873047
206.884125      1261.6601562500
207.263428      1154.6643066406
207.642700      1194.7877197266
208.021942      1230.4530029297
208.401169      1183.6423339844
208.780334      1221.5367431641
209.159485      1205.9331054688
209.538605      1241.5985107422
209.917694      1212.6203613281
210.296753      1290.6383056641
210.675766      1250.5147705078
211.054764      1257.2020263672
211.433716      1237.1402587891
211.812637      1281.7219238281
212.191544      1248.2857666016
212.570404      1214.8494873047
212.949249      1304.0126953125
213.328033      1239.3693847656
213.706802      1174.7260742188
214.085556      1152.4351806641
214.464249      1185.8714599609
214.842926      1185.8714599609
215.221558      1241.5985107422
215.600174      1114.5407714844
215.978760      1219.3076171875
216.357300      1257.2020263672
216.735825      1136.8316650391
217.114288      1203.7041015625
217.492737      1190.3295898438
217.871185      1205.9331054688
218.249557      1304.0126953125
218.627914      1259.4311523438
219.006226      1232.6821289063
219.384521      1154.6643066406
219.762772      1190.3295898438
220.141006      1159.1224365234
220.519196      1172.4969482422
220.897354      1283.9510498047
221.275497      1156.8933105469
221.653580      1205.9331054688
222.031662      1232.6821289063
222.409698      1221.5367431641
222.787704      1139.0606689453
223.165680      1190.3295898438
223.543610      1121.2280273438
223.921524      1118.9990234375
224.299393      1185.8714599609
224.677231      1275.0346679688
225.055054      1181.4132080078
225.432816      1214.8494873047
225.810577      1145.7479248047
226.188278      1230.4530029297
226.565979      1203.7041015625
226.943634      1230.4530029297
227.321243      1194.7877197266
227.698837      1288.4091796875
228.076385      1350.8234863281
228.453903      1156.8933105469
228.831406      1170.2678222656
229.208847      1234.9112548828
229.586288      1219.3076171875
229.963669      1315.1582031250
230.341034      1147.9770507813
230.718369      1263.8892822266
231.095657      1176.9550781250
231.472916      1210.3913574219
231.850143      1346.3653564453
232.227356      1221.5367431641
232.604523      1219.3076171875
232.981659      1199.2459716797
233.358749      1268.3474121094
233.735825      1217.0786132813
234.112869      1163.5805664063
234.489868      1161.3515625000
234.866852      1183.6423339844
235.243790      1118.9990234375
235.620697      1150.2061767578
235.997589      1154.6643066406
236.374405      1183.6423339844
236.751221      1172.4969482422
237.128006      1116.7698974609
237.504745      1203.7041015625
237.881470      1188.1004638672
238.258133      1219.3076171875
238.634796      1194.7877197266
239.011414      1134.6025390625
239.388000      1165.8096923828
239.764557      1212.6203613281
240.141068      1210.3913574219
240.517563      1210.3913574219
240.893997      1181.4132080078
241.270432      1270.5765380859
241.646835      1326.3035888672
242.023178      1232.6821289063
242.399506      1241.5985107422
242.775787      1221.5367431641
243.152054      1208.1622314453
243.528290      1301.7836914063
243.904465      1281.7219238281
244.280640      1243.8275146484
244.656754      1110.0826416016
245.032852      1261.6601562500
245.408936      1145.7479248047
245.784943      1230.4530029297
246.160950      1150.2061767578
246.536911      1225.9948730469
246.912842      1210.3913574219
247.288757      1150.2061767578
247.664612      1190.3295898438
248.040451      1205.9331054688
248.416229      1219.3076171875
248.792023      1257.2020263672
249.167755      1199.2459716797
249.543457      1221.5367431641
249.919113      1225.9948730469
250.294754      1159.1224365234
250.670364      1266.1184082031
251.045944      1217.0786132813
251.421478      1243.8275146484
251.796982      1212.6203613281
252.172440      1170.2678222656
252.547897      1188.1004638672
252.923294      1159.1224365234
253.298676      1304.0126953125
253.673996      1250.5147705078
254.049316      1243.8275146484
254.424606      1205.9331054688
254.799850      1252.7438964844
255.175064      1312.9290771484
255.550217      1181.4132080078
255.925369      1188.1004638672
256.300476      1257.2020263672
256.675537      1174.7260742188
257.050598      1163.5805664063
257.425598      1210.3913574219
257.800598      1290.6383056641
258.175537      1172.4969482422
258.550446      1156.8933105469
258.925354      1132.3734130859
259.300171      1201.4749755859
259.674988      1246.0566406250
260.049774      1185.8714599609
260.424500      1228.2239990234
260.799225      1156.8933105469
261.173889      1152.4351806641
261.548553      1163.5805664063
261.923187      1252.7438964844
262.297760      1326.3035888672
262.672302      1364.1979980469
263.046814      1212.6203613281
263.421326      1208.1622314453
263.795776      1234.9112548828
264.170135      1136.8316650391
264.544525      1170.2678222656
264.918915      1212.6203613281
265.293243      1304.0126953125
265.667511      1205.9331054688
266.041748      1203.7041015625
266.415955      1230.4530029297
266.790161      1208.1622314453
267.164307      1205.9331054688
267.538422      1208.1622314453
267.912476      1279.4927978516
268.286530      1234.9112548828
268.660583      1263.8892822266
269.034546      1203.7041015625
269.408508      1428.8413085938
269.782440      1268.3474121094
270.156311      1254.9729003906
270.530151      1219.3076171875
270.903992      1197.0168457031
271.277710      1337.4489746094
271.651489      1223.7658691406
272.025208      1295.0964355469
272.398895      1217.0786132813
272.772552      1168.0388183594
273.146179      1212.6203613281
273.519745      1364.1979980469
273.893280      1248.2857666016
274.266815      1163.5805664063
274.640289      1268.3474121094
275.013733      1283.9510498047
275.387146      1159.1224365234
275.760529      1221.5367431641
276.133881      1243.8275146484
276.507202      1241.5985107422
276.880463      1263.8892822266
277.253723      1243.8275146484
277.626923      1261.6601562500
278.000122      1339.6781005859
278.373260      1152.4351806641
278.746338      1194.7877197266
279.119446      1234.9112548828
279.492493      1275.0346679688
279.865509      1221.5367431641
280.238495      1225.9948730469
280.611450      1199.2459716797
280.984314      1228.2239990234
281.357208      1210.3913574219
281.730072      1250.5147705078
282.102875      1221.5367431641
282.475647      1308.4709472656
282.848358      1199.2459716797
283.221069      1163.5805664063
283.593750      1219.3076171875
283.966400      1225.9948730469
284.339020      1281.7219238281
284.711548      1239.3693847656
285.084106      1168.0388183594
285.456635      1181.4132080078
285.829071      1317.3872070313
286.201508      1201.4749755859
286.573914      1179.1842041016
286.946320      1241.5985107422
287.318634      1197.0168457031
287.690948      1332.9908447266
288.063202      1243.8275146484
288.435425      1217.0786132813
288.807648      1159.1224365234
289.179810      1283.9510498047
289.551941      1210.3913574219
289.924011      1243.8275146484
290.296112      1210.3913574219
290.668121      1270.5765380859
291.040161      1174.7260742188
291.412109      1217.0786132813
291.783997      1257.2020263672
292.155914      1170.2678222656
292.527771      1254.9729003906
292.899597      1152.4351806641
293.271393      1214.8494873047
293.643127      1203.7041015625
294.014862      1183.6423339844
294.386566      1295.0964355469
294.758240      1228.2239990234
295.129852      1297.3255615234
295.501404      1188.1004638672
295.872955      1257.2020263672
296.244507      1259.4311523438
296.615997      1208.1622314453
296.987427      1290.6383056641
297.358826      1246.0566406250
297.730225      1221.5367431641
298.101593      1243.8275146484
298.472900      1277.2637939453
298.844177      1208.1622314453
299.215393      1205.9331054688
299.586609      1165.8096923828
299.957794      1232.6821289063
300.328918      1203.7041015625
300.700043      1312.9290771484
301.071136      1205.9331054688
301.442169      1248.2857666016
301.813171      1250.5147705078
302.184174      1263.8892822266
302.555115      1277.2637939453
302.925995      1174.7260742188
303.296844      1272.8056640625
303.667694      1297.3255615234
304.038483      1261.6601562500
304.409271      1246.0566406250
304.779968      1127.9152832031
305.150696      1203.7041015625
305.521362      1219.3076171875
305.891968      1183.6423339844
306.262543      1272.8056640625
306.633118      1270.5765380859
307.003632      1194.7877197266
307.374146      1185.8714599609
307.744598      1185.8714599609
308.114990      1239.3693847656
308.485413      1228.2239990234
308.855743      1201.4749755859
309.226074      1234.9112548828
309.596375      1203.7041015625
309.966614      1192.5587158203
310.336792      1156.8933105469
310.707001      1248.2857666016
311.077148      1246.0566406250
311.447235      1112.3117675781
311.817322      1221.5367431641
312.187347      1179.1842041016
312.557373      1208.1622314453
312.927368      1310.6999511719
313.297302      1223.7658691406
313.667175      1208.1622314453
314.037048      1210.3913574219
314.406891      1181.4132080078
314.776642      1232.6821289063
315.146423      1230.4530029297
315.516144      1174.7260742188
315.885864      1217.0786132813
316.255524      1147.9770507813
316.625153      1225.9948730469
316.994751      1188.1004638672
317.364288      1194.7877197266
317.733795      1214.8494873047
318.103302      1205.9331054688
318.472717      1139.0606689453
318.842133      1288.4091796875
319.211517      1185.8714599609
319.580872      1141.2897949219
319.950195      1217.0786132813
320.319489      1292.8673095703
320.688751      1221.5367431641
321.057922      1192.5587158203
321.427094      1263.8892822266
321.796234      1301.7836914063
322.165344      1161.3515625000
322.534393      1072.1882324219
322.903412      1270.5765380859
323.272430      1281.7219238281
323.641418      1243.8275146484
324.010315      1214.8494873047
324.379242      1192.5587158203
324.748077      1179.1842041016
325.116913      1243.8275146484
325.485657      1212.6203613281
325.854431      1121.2280273438
326.223145      1250.5147705078
326.591827      1277.2637939453
326.960480      1118.9990234375
327.329102      1201.4749755859
327.697693      1183.6423339844
328.066193      1210.3913574219
328.434723      1205.9331054688
328.803192      1350.8234863281
329.171600      2454.2189941406
329.540009      1310.6999511719
329.908386      1221.5367431641
330.276703      1219.3076171875
330.645050      1170.2678222656
331.013306      1221.5367431641
331.381500      1239.3693847656
331.749695      1237.1402587891
332.117859      1221.5367431641
332.485962      1161.3515625000
332.854034      1212.6203613281
333.222107      1261.6601562500
333.590118      1228.2239990234
333.958099      1183.6423339844
334.326050      1208.1622314453
334.693970      1225.9948730469
335.061859      1150.2061767578
335.429657      1194.7877197266
335.797455      1194.7877197266
336.165192      1199.2459716797
336.532959      1219.3076171875
336.900665      1252.7438964844
337.268341      1221.5367431641
337.635956      1234.9112548828
338.003571      1123.4571533203
338.371124      1181.4132080078
338.738647      1190.3295898438
339.106110      1210.3913574219
339.473572      1201.4749755859
339.840942      1141.2897949219
340.208344      1217.0786132813
340.575653      1257.2020263672
340.942993      1203.7041015625
341.310272      1225.9948730469
341.677521      1130.1444091797
342.044708      1194.7877197266
342.411865      1252.7438964844
342.778992      1118.9990234375
343.146088      1145.7479248047
343.513123      1203.7041015625
343.880157      1197.0168457031
344.247131      1147.9770507813
344.614105      1112.3117675781
344.981049      1214.8494873047
345.347900      1147.9770507813
345.714783      1188.1004638672
346.081573      1199.2459716797
346.448334      1219.3076171875
346.815094      1132.3734130859
347.181763      1168.0388183594
347.548431      1168.0388183594
347.915070      1254.9729003906
348.281677      1219.3076171875
348.648224      1183.6423339844
349.014771      1250.5147705078
349.381256      1152.4351806641
349.747711      1205.9331054688
350.114105      1174.7260742188
350.480469      1203.7041015625
350.846832      1159.1224365234
351.213135      1197.0168457031
351.579407      1201.4749755859
351.945679      1232.6821289063
352.311890      1223.7658691406
352.678040      1188.1004638672
353.044189      1205.9331054688
353.410278      1263.8892822266
353.776337      1328.5325927734
354.142303      1210.3913574219
354.508301      1205.9331054688
354.874268      1208.1622314453
355.240204      1188.1004638672
355.606079      1130.1444091797
355.971924      1199.2459716797
356.337738      1261.6601562500
356.703491      1205.9331054688
357.069244      1335.2198486328
357.434937      1194.7877197266
357.800598      1172.4969482422
358.166229      1268.3474121094
358.531830      1194.7877197266
358.897369      1150.2061767578
359.262909      1194.7877197266
359.628418      1143.5189208984
359.993866      1163.5805664063
360.359222      1205.9331054688
360.724609      1159.1224365234
361.089966      1125.6862792969
361.455261      1210.3913574219
361.820526      1221.5367431641
362.185760      1161.3515625000
362.550964      1308.4709472656
362.916138      1248.2857666016
363.281250      1237.1402587891
363.646332      1279.4927978516
364.011383      1194.7877197266
364.376404      1263.8892822266
364.741333      1183.6423339844
365.106293      1192.5587158203
365.471222      1243.8275146484
365.836090      1163.5805664063
366.200928      1259.4311523438
366.565735      1176.9550781250
366.930511      1250.5147705078
367.295227      1163.5805664063
367.659912      1159.1224365234
368.024536      1134.6025390625
368.389160      1170.2678222656
368.753723      1208.1622314453
369.118317      1114.5407714844
369.482819      1203.7041015625
369.847260      1281.7219238281
370.211731      1228.2239990234
370.576111      1172.4969482422
370.940460      1225.9948730469
371.304810      1257.2020263672
371.669098      1163.5805664063
372.033325      1174.7260742188
372.397522      1179.1842041016
372.761749      1181.4132080078
373.125885      1176.9550781250
373.489990      1172.4969482422
373.854065      1143.5189208984
374.218109      1174.7260742188
374.582092      1223.7658691406
374.946075      1212.6203613281
375.309998      1230.4530029297
375.673859      1203.7041015625
376.037720      1210.3913574219
376.401550      1192.5587158203
376.765320      1234.9112548828
377.129059      1241.5985107422
377.492798      1254.9729003906
377.856476      1163.5805664063
378.220062      1272.8056640625
378.583679      1288.4091796875
378.947205      1212.6203613281
379.310730      1243.8275146484
379.674225      1179.1842041016
380.037689      1134.6025390625
380.401093      1292.8673095703
380.764496      1150.2061767578
381.127838      1225.9948730469
381.491119      1290.6383056641
381.854370      1163.5805664063
382.217621      1210.3913574219
382.580811      1214.8494873047
382.943939      1225.9948730469
383.307068      1183.6423339844
383.670166      1181.4132080078
384.033203      1194.7877197266
384.396240      1105.6245117188
384.759216      1217.0786132813
385.122131      1125.6862792969
385.485016      1199.2459716797
385.847900      1254.9729003906
386.210724      1203.7041015625
386.573486      1197.0168457031
386.936279      1203.7041015625
387.298981      1208.1622314453
387.661652      1147.9770507813
388.024323      1248.2857666016
388.386902      1217.0786132813
388.749481      1210.3913574219
389.112000      1163.5805664063
389.474487      1205.9331054688
389.836945      1185.8714599609
390.199371      1275.0346679688
390.561737      1181.4132080078
390.924103      1286.1800537109
391.286407      1375.3433837891
391.648682      1221.5367431641
392.010925      1134.6025390625
392.373108      1163.5805664063
392.735291      1194.7877197266
393.097382      1181.4132080078
393.459473      1241.5985107422
393.821533      1197.0168457031
394.183533      1214.8494873047
394.545532      1168.0388183594
394.907471      1165.8096923828
395.269379      1170.2678222656
395.631256      1172.4969482422
395.993042      1225.9948730469
396.354828      1161.3515625000
396.716583      1431.0704345703
397.078308      1214.8494873047
397.439972      1241.5985107422
397.801636      1176.9550781250
398.163239      1217.0786132813
398.524841      1250.5147705078
398.886383      1194.7877197266
399.247833      1205.9331054688
399.609283      1266.1184082031
399.970703      1183.6423339844
400.332062      1197.0168457031
400.693420      1217.0786132813
401.054718      1250.5147705078
401.416016      1203.7041015625
401.777252      1228.2239990234
402.138458      1225.9948730469
402.499603      1185.8714599609
402.860718      1096.7081298828
403.221832      1107.8535156250
403.582855      1203.7041015625
403.943848      1243.8275146484
404.304810      1170.2678222656
404.665771      1292.8673095703
405.026642      1263.8892822266
405.387543      1154.6643066406
405.748352      1141.2897949219
406.109161      1203.7041015625
406.469849      1165.8096923828
406.830597      1270.5765380859
407.191223      1116.7698974609
407.551880      1145.7479248047
407.912476      1234.9112548828
408.273041      1268.3474121094
408.633575      1221.5367431641
408.994049      1319.6163330078
409.354492      1179.1842041016
409.714935      1239.3693847656
410.075287      1283.9510498047
410.435608      1275.0346679688
410.795868      1248.2857666016
411.156158      1223.7658691406
411.516388      1197.0168457031
411.876587      1214.8494873047
412.236725      1185.8714599609
412.596832      1290.6383056641
412.956909      1208.1622314453
413.316925      1208.1622314453
413.676910      1185.8714599609
414.036896      1234.9112548828
414.396820      1172.4969482422
414.756683      1225.9948730469
415.116547      1199.2459716797
415.476379      1183.6423339844
415.836121      1221.5367431641
416.195862      1201.4749755859
416.555542      1188.1004638672
416.915192      1185.8714599609
417.274811      1268.3474121094
417.634399      1194.7877197266
417.993927      1141.2897949219
418.353455      1246.0566406250
418.712891      1176.9550781250
419.072357      1114.5407714844
419.431763      1183.6423339844
419.791107      1243.8275146484
420.150452      1197.0168457031
420.509674      1194.7877197266
420.868927      1188.1004638672
421.228119      1199.2459716797
421.587280      1208.1622314453
421.946411      1154.6643066406
422.305542      1188.1004638672
422.664581      1219.3076171875
423.023621      1147.9770507813
423.382568      1214.8494873047
423.741516      1159.1224365234
424.100403      1192.5587158203
424.459259      1118.9990234375
424.818054      1254.9729003906
425.176880      1288.4091796875
425.535614      1143.5189208984
425.894348      1232.6821289063
426.252991      1295.0964355469
426.611633      1234.9112548828
426.970245      1141.2897949219
427.328796      1107.8535156250
427.687317      1201.4749755859
428.045807      1223.7658691406
428.404205      1259.4311523438
428.762604      1237.1402587891
429.121002      1272.8056640625
429.479340      1132.3734130859
429.837616      1168.0388183594
430.195892      1217.0786132813
430.554138      1192.5587158203
430.912292      1170.2678222656
431.270416      1243.8275146484
431.628510      1197.0168457031
431.986542      1134.6025390625
432.344574      1290.6383056641
432.702576      1127.9152832031
433.060516      1299.5545654297
433.418427      1279.4927978516
433.776306      1199.2459716797
434.134155      1234.9112548828
434.491913      1134.6025390625
434.849701      1292.8673095703
435.207397      1165.8096923828
435.565063      1123.4571533203
435.922729      1217.0786132813
436.280334      1152.4351806641
436.637909      1161.3515625000
436.995453      1212.6203613281
437.352936      1152.4351806641
437.710388      1228.2239990234
438.067780      1272.8056640625
438.425171      1194.7877197266
438.782471      1230.4530029297
439.139771      1275.0346679688
439.497040      1219.3076171875
439.854279      1172.4969482422
440.211426      1152.4351806641
440.568604      1279.4927978516
440.925720      1232.6821289063
441.282776      1172.4969482422
441.639801      1179.1842041016
441.996735      1125.6862792969
442.353699      1125.6862792969
442.710602      1183.6423339844
443.067505      1181.4132080078
443.424347      1154.6643066406
443.781128      1210.3913574219
444.137878      1217.0786132813
444.494629      1241.5985107422
444.851288      1203.7041015625
445.207916      1283.9510498047
445.564514      1190.3295898438
445.921051      1163.5805664063
446.277618      1147.9770507813
446.634094      1228.2239990234
446.990540      1241.5985107422
447.346985      1230.4530029297
447.703339      1188.1004638672
448.059692      1154.6643066406
448.416016      1183.6423339844
448.772186      1210.3913574219
449.128418      1170.2678222656
449.484589      1321.8454589844
449.840729      1281.7219238281
450.196838      1194.7877197266
450.552917      1185.8714599609
450.908966      1270.5765380859
451.264954      1219.3076171875
451.620880      1225.9948730469
451.976807      1174.7260742188
452.332611      1234.9112548828
452.688446      1232.6821289063
453.044250      1228.2239990234
453.399994      1248.2857666016
453.755707      1154.6643066406
454.111389      1208.1622314453
454.467041      1221.5367431641
454.822632      1147.9770507813
455.178192      1203.7041015625
455.533722      1203.7041015625
455.889130      1228.2239990234
456.244598      1228.2239990234
456.600006      1357.5107421875
456.955353      1254.9729003906
457.310699      1176.9550781250
457.665985      1165.8096923828
458.021240      1219.3076171875
458.376434      1230.4530029297
458.731628      1179.1842041016
459.086700      1190.3295898438
459.441772      1225.9948730469
459.796844      1275.0346679688
460.151886      1203.7041015625
460.506836      1152.4351806641
460.861786      1165.8096923828
461.216675      1145.7479248047
461.571533      1192.5587158203
461.926361      1228.2239990234
462.281158      1130.1444091797
462.635803      1185.8714599609
462.990540      1217.0786132813
463.345184      1223.7658691406
463.699829      1261.6601562500
464.054413      1228.2239990234
464.408936      1252.7438964844
464.763458      1190.3295898438
465.117920      1170.2678222656
465.472351      1203.7041015625
465.826752      1185.8714599609
466.181030      1252.7438964844
466.535339      1052.1265869141
466.889618      1212.6203613281
467.243866      1263.8892822266
467.598053      1254.9729003906
467.952209      1241.5985107422
468.306305      1188.1004638672
468.660370      1208.1622314453
469.014435      1246.0566406250
469.368439      1147.9770507813
469.722321      1194.7877197266
470.076263      1214.8494873047
470.430115      1234.9112548828
470.783966      1192.5587158203
471.137756      1183.6423339844
471.491516      1270.5765380859
471.845245      1165.8096923828
472.198944      1192.5587158203
472.552582      1147.9770507813
472.906128      1179.1842041016
473.259705      1219.3076171875
473.613220      1181.4132080078
473.966675      1123.4571533203
474.320129      1168.0388183594
474.673553      1192.5587158203
475.026917      1154.6643066406
475.380249      1176.9550781250
475.733521      1165.8096923828
476.086761      1174.7260742188
476.439911      1252.7438964844
476.793091      1225.9948730469
477.146210      1275.0346679688
477.499298      1190.3295898438
477.852356      1181.4132080078
478.205353      1199.2459716797
478.558350      1181.4132080078
478.911285      1150.2061767578
479.264160      1168.0388183594
479.617035      1181.4132080078
479.969757      1230.4530029297
480.322540      1219.3076171875
480.675262      1217.0786132813
481.027985      1152.4351806641
481.380615      1223.7658691406
481.733246      1107.8535156250
482.085815      1250.5147705078
482.438324      1259.4311523438
482.790833      1192.5587158203
483.143280      1214.8494873047
483.495667      1145.7479248047
483.848022      1192.5587158203
484.200348      1179.1842041016
484.552673      1170.2678222656
484.904907      1225.9948730469
485.257111      1243.8275146484
485.609283      1201.4749755859
485.961456      1261.6601562500
486.313538      1101.1663818359
486.665588      1214.8494873047
487.017548      1170.2678222656
487.369507      1225.9948730469
487.721466      1234.9112548828
488.073334      1203.7041015625
488.425232      1181.4132080078
488.777039      1214.8494873047
489.128815      1179.1842041016
489.480560      1159.1224365234
489.832245      1270.5765380859
490.183868      1263.8892822266
490.535461      1154.6643066406
490.887054      1252.7438964844
491.238586      1290.6383056641
491.590057      1241.5985107422
491.941528      1230.4530029297
492.292938      1239.3693847656
492.644318      1212.6203613281
492.995667      1214.8494873047
493.346954      1176.9550781250
493.698181      1112.3117675781
494.049377      1270.5765380859
494.400543      1188.1004638672
494.751678      1161.3515625000
495.102783      1219.3076171875
495.453827      1297.3255615234
495.804871      1357.5107421875
496.155853      1223.7658691406
496.506775      1101.1663818359
496.857666      1121.2280273438
497.208466      1168.0388183594
497.559265      1263.8892822266
497.910065      1179.1842041016
498.260773      1147.9770507813
498.611481      1306.2418212891
498.962128      1201.4749755859
499.312744      1185.8714599609
499.663300      1246.0566406250
500.013855      1272.8056640625
500.364349      1281.7219238281
500.714752      1139.0606689453
501.065155      1125.6862792969
501.415527      1130.1444091797
501.765869      1232.6821289063
502.116150      1321.8454589844
502.466400      1203.7041015625
502.816620      1208.1622314453
503.166779      1208.1622314453
503.516907      1239.3693847656
503.866943      1250.5147705078
504.217010      1210.3913574219
504.567017      1168.0388183594
504.916962      1197.0168457031
505.266876      1194.7877197266
505.616791      1208.1622314453
505.966644      1205.9331054688
506.316437      1159.1224365234
506.666199      1181.4132080078
507.015930      1223.7658691406
507.365570      1183.6423339844
507.715210      1185.8714599609
508.064789      1230.4530029297
508.414368      1219.3076171875
508.763885      1228.2239990234
509.113373      1208.1622314453
509.462830      1156.8933105469
509.812225      1261.6601562500
510.161591      1197.0168457031
510.510895      1201.4749755859
510.860107      1190.3295898438
511.209381      1176.9550781250
511.558563      1266.1184082031
511.907715      1156.8933105469
512.256836      1217.0786132813
512.605896      1132.3734130859
512.954956      1163.5805664063
513.303955      1257.2020263672
513.652832      1221.5367431641
514.001831      1152.4351806641
514.350647      1230.4530029297
514.699463      1188.1004638672
515.048279      1214.8494873047
515.396973      1116.7698974609
515.745728      1197.0168457031
516.094360      1277.2637939453
516.442993      1250.5147705078
516.791565      1194.7877197266
517.140137      1121.2280273438
517.488586      1179.1842041016
517.837036      1223.7658691406
518.185425      1203.7041015625
518.533875      1225.9948730469
518.882202      1192.5587158203
519.230469      1208.1622314453
519.578735      1217.0786132813
519.927002      1199.2459716797
520.275146      1159.1224365234
520.623291      1125.6862792969
520.971313      1232.6821289063
521.319336      1250.5147705078
521.667419      1219.3076171875
522.015381      1234.9112548828
522.363281      1208.1622314453
522.711182      1168.0388183594
523.059021      1212.6203613281
523.406860      1127.9152832031
523.754639      1197.0168457031
524.102356      1219.3076171875
524.449951      1234.9112548828
524.797607      1261.6601562500
525.145203      1168.0388183594
525.492798      1257.2020263672
525.840332      1306.2418212891
526.187805      1201.4749755859
526.535217      1161.3515625000
526.882629      1181.4132080078
527.230042      1257.2020263672
527.577332      1188.1004638672
527.924500      1201.4749755859
528.271729      1219.3076171875
528.618896      1335.2198486328
528.966125      1181.4132080078
529.313232      1123.4571533203
529.660278      1087.7918701172
530.007324      1165.8096923828
530.354309      1239.3693847656
530.701233      1185.8714599609
531.048096      1219.3076171875
531.394958      1150.2061767578
531.741760      1145.7479248047
532.088562      1190.3295898438
532.435303      1234.9112548828
532.781982      1277.2637939453
533.128601      1168.0388183594
533.475281      1225.9948730469
533.821838      1275.0346679688
534.168335      1208.1622314453
534.514832      1199.2459716797
534.861206      1192.5587158203
535.207703      1143.5189208984
535.554016      1170.2678222656
535.900391      1219.3076171875
536.246643      1232.6821289063
536.592896      1156.8933105469
536.939087      1257.2020263672
537.285278      1208.1622314453
537.631348      1199.2459716797
537.977417      1254.9729003906
538.323425      1257.2020263672
538.669373      1201.4749755859
539.015381      1243.8275146484
539.361267      1212.6203613281
539.707153      1234.9112548828
540.052979      1190.3295898438
540.398804      1087.7918701172
540.744507      1203.7041015625
541.090210      1179.1842041016
541.435791      1223.7658691406
541.781433      1183.6423339844
542.127014      1197.0168457031
542.472595      1241.5985107422
542.818054      1145.7479248047
543.163513      1150.2061767578
543.508911      1116.7698974609
543.854309      1168.0388183594
544.199646      1281.7219238281
544.544800      1266.1184082031
544.890076      1190.3295898438
545.235291      1159.1224365234
545.580444      1156.8933105469
545.925537      1168.0388183594
546.270630      1168.0388183594
546.615723      1121.2280273438
546.960693      1257.2020263672
547.305603      1259.4311523438
547.650574      1197.0168457031
547.995361      1239.3693847656
548.340149      1223.7658691406
548.684998      1165.8096923828
549.029724      1188.1004638672
549.374390      1143.5189208984
549.719116      1239.3693847656
550.063660      1176.9550781250
550.408264      1174.7260742188
550.752869      1223.7658691406
551.097290      1254.9729003906
551.441711      1219.3076171875
551.786133      1261.6601562500
552.130493      1174.7260742188
552.474854      1085.5627441406
552.819092      1230.4530029297
553.163330      1132.3734130859
553.507507      1266.1184082031
553.851685      1319.6163330078
554.195801      1254.9729003906
554.539917      1203.7041015625
554.883850      1199.2459716797
555.227844      1190.3295898438
555.571777      1268.3474121094
555.915710      1230.4530029297
556.259583      1163.5805664063
556.603333      1190.3295898438
556.947205      1228.2239990234
557.290894      1185.8714599609
557.634583      1154.6643066406
557.978210      1156.8933105469
558.321777      1212.6203613281
558.665405      1168.0388183594
559.008911      1259.4311523438
559.352417      1279.4927978516
559.695862      1205.9331054688
560.039185      1214.8494873047
560.382568      1181.4132080078
560.725891      1241.5985107422
561.069153      1199.2459716797
561.412354      1301.7836914063
561.755554      1192.5587158203
562.098694      1118.9990234375
562.441772      1139.0606689453
562.784851      1208.1622314453
563.127930      1248.2857666016
563.470825      1234.9112548828
563.813782      1246.0566406250
564.156738      1221.5367431641
564.499573      1208.1622314453
564.842285      1134.6025390625
565.185059      1275.0346679688
565.527771      1192.5587158203
565.870422      1190.3295898438
566.213135      1266.1184082031
566.555725      1272.8056640625
566.898254      1210.3913574219
567.240784      1205.9331054688
567.583252      1127.9152832031
567.925659      1143.5189208984
568.268005      1239.3693847656
568.610291      1190.3295898438
568.952637      1170.2678222656
569.294922      1170.2678222656
569.637146      1246.0566406250
569.979309      1281.7219238281
570.321411      1192.5587158203
570.663513      1190.3295898438
571.005554      1185.8714599609
571.347473      1288.4091796875
571.689453      1156.8933105469
572.031372      1230.4530029297
572.373230      1174.7260742188
572.715088      1237.1402587891
573.056885      1197.0168457031
573.398621      1223.7658691406
573.740295      1261.6601562500
574.082031      1152.4351806641
574.423584      1159.1224365234
574.765137      1319.6163330078
575.106689      1308.4709472656
575.448120      1232.6821289063
575.789612      1219.3076171875
576.130981      1159.1224365234
576.472351      1199.2459716797
576.813721      1181.4132080078
577.154968      1219.3076171875
577.496216      1176.9550781250
577.837402      1161.3515625000
578.178467      1295.0964355469
578.519592      1192.5587158203
578.860657      1281.7219238281
579.201660      1219.3076171875
579.542664      1237.1402587891
579.883606      1194.7877197266
580.224487      1163.5805664063
580.565308      1208.1622314453
580.906189      1214.8494873047
581.246948      1248.2857666016
581.587585      1275.0346679688
581.928223      1261.6601562500
582.268921      1168.0388183594
582.609497      1165.8096923828
582.950012      1168.0388183594
583.290527      1208.1622314453
583.630981      1259.4311523438
583.971436      1328.5325927734
584.311829      1192.5587158203
584.652100      1254.9729003906
584.992371      1228.2239990234
585.332642      1266.1184082031
585.672852      1143.5189208984
586.013000      1241.5985107422
586.353088      1156.8933105469
586.693176      1192.5587158203
587.033264      1250.5147705078
587.373230      1170.2678222656
587.713196      1232.6821289063
588.053040      1283.9510498047
588.392883      1159.1224365234
588.732727      1210.3913574219
589.072510      1197.0168457031
589.412231      1219.3076171875
589.751892      1228.2239990234
590.091553      1237.1402587891
590.431152      1223.7658691406
590.770752      1241.5985107422
591.110229      1228.2239990234
591.449707      1353.0524902344
591.789124      1208.1622314453
592.128479      1315.1582031250
592.467834      1263.8892822266
592.807129      1301.7836914063
593.146423      1165.8096923828
593.485596      1208.1622314453
593.824768      1154.6643066406
594.163879      1183.6423339844
594.502991      1228.2239990234
594.841980      1168.0388183594
595.180969      1114.5407714844
595.519897      1243.8275146484
595.858887      1341.9071044922
596.197693      1192.5587158203
596.536499      1101.1663818359
596.875305      1192.5587158203
597.214050      1292.8673095703
597.552734      1288.4091796875
597.891296      1203.7041015625
598.229980      1263.8892822266
598.568542      1156.8933105469
598.907043      1197.0168457031
599.245483      1194.7877197266
599.583984      1161.3515625000
599.922363      1246.0566406250
600.260681      1205.9331054688
600.598999      1257.2020263672
600.937256      1156.8933105469
601.275452      1183.6423339844
601.613586      1214.8494873047
601.951721      1205.9331054688
602.289856      1268.3474121094
602.627869      1292.8673095703
602.965881      1444.4449462891
603.303833      1330.7617187500
603.641724      1223.7658691406
603.979614      1219.3076171875
604.317444      1150.2061767578
604.655151      1254.9729003906
604.992859      1141.2897949219
605.330566      1275.0346679688
605.668274      1190.3295898438
606.005859      1205.9331054688
606.343445      1181.4132080078
606.680908      1217.0786132813
607.018433      1152.4351806641
607.355835      1143.5189208984
607.693237      1272.8056640625
608.030579      1292.8673095703
608.367859      1243.8275146484
608.705078      1212.6203613281
609.042297      1237.1402587891
609.379456      1228.2239990234
609.716614      1243.8275146484
610.053650      1335.2198486328
610.390686      1234.9112548828
610.727722      1165.8096923828
611.064575      1225.9948730469
611.401550      1299.5545654297
611.738403      1234.9112548828
612.075256      1127.9152832031
612.411987      1239.3693847656
612.748779      1268.3474121094
613.085449      1319.6163330078
613.422058      1123.4571533203
613.758667      1232.6821289063
614.095215      1308.4709472656
614.431702      1299.5545654297
614.768127      1156.8933105469
615.104614      1250.5147705078
615.440979      1246.0566406250
615.777283      1217.0786132813
616.113586      1319.6163330078
616.449829      1266.1184082031
616.786011      1199.2459716797
617.122192      1174.7260742188
617.458374      1230.4530029297
617.794373      1241.5985107422
618.130371      1225.9948730469
618.466370      1277.2637939453
618.802246      1154.6643066406
619.138184      1243.8275146484
619.474060      1139.0606689453
619.809875      1225.9948730469
620.145630      1136.8316650391
620.481323      1230.4530029297
620.817017      1326.3035888672
621.152588      1159.1224365234
621.488220      1268.3474121094
621.823792      1150.2061767578
622.159241      1174.7260742188
622.494690      1237.1402587891
622.830078      1246.0566406250
623.165466      1252.7438964844
623.500793      1239.3693847656
623.836060      1141.2897949219
624.171265      1228.2239990234
624.506470      1210.3913574219
624.841553      1179.1842041016
625.176697      1228.2239990234
625.511719      1306.2418212891
625.846741      1208.1622314453
626.181702      1263.8892822266
626.516663      1228.2239990234
626.851563      1259.4311523438
627.186401      1159.1224365234
627.521118      1185.8714599609
627.855896      1299.5545654297
628.190552      1201.4749755859
628.525269      1114.5407714844
628.859863      1223.7658691406
629.194458      1246.0566406250
629.528992      1321.8454589844
629.863403      1156.8933105469
630.197815      1279.4927978516
630.532288      1185.8714599609
630.866516      1217.0786132813
631.200867      1221.5367431641
631.535156      1190.3295898438
631.869324      1201.4749755859
632.203491      1141.2897949219
632.537659      1241.5985107422
632.871704      1179.1842041016
633.205750      1081.1046142578
633.539795      1190.3295898438
633.873718      1143.5189208984
634.207520      1188.1004638672
634.541443      1159.1224365234
634.875244      1214.8494873047
635.208984      1221.5367431641
635.542725      1272.8056640625
635.876404      1232.6821289063
636.210022      1172.4969482422
636.543640      1248.2857666016
636.877197      1275.0346679688
637.210571      1197.0168457031
637.544067      1145.7479248047
637.877502      1230.4530029297
638.210815      1143.5189208984
638.544189      1170.2678222656
638.877441      1234.9112548828
639.210693      1132.3734130859
639.543884      1201.4749755859
639.877014      1243.8275146484
640.210144      1194.7877197266
640.543091      1261.6601562500
640.876099      1228.2239990234
641.209106      1147.9770507813
641.541992      1261.6601562500
641.874939      1212.6203613281
642.207703      1210.3913574219
642.540527      1217.0786132813
642.873230      1174.7260742188
643.205994      1210.3913574219
643.538574      1304.0126953125
643.871155      1286.1800537109
644.203674      1174.7260742188
644.536255      1225.9948730469
644.868713      1156.8933105469
645.201172      1297.3255615234
645.533508      1210.3913574219
645.865845      1154.6643066406
646.198120      1286.1800537109
646.530396      1212.6203613281
646.862610      1283.9510498047
647.194702      1176.9550781250
647.526855      1183.6423339844
647.858887      1252.7438964844
648.190857      1194.7877197266
648.522827      1266.1184082031
648.854797      1194.7877197266
649.186707      1179.1842041016
649.518555      1208.1622314453
649.850342      1254.9729003906
650.182007      1281.7219238281
650.513733      1141.2897949219
650.845398      1168.0388183594
651.177063      1225.9948730469
651.508606      1154.6643066406
651.840088      1230.4530029297
652.171631      1219.3076171875
652.503052      1297.3255615234
652.834412      1159.1224365234
653.165771      1312.9290771484
653.497070      1261.6601562500
653.828308      1237.1402587891
654.159485      1288.4091796875
654.490662      1150.2061767578
654.821838      1304.0126953125
655.152832      1176.9550781250
655.483887      1259.4311523438
655.814880      1208.1622314453
656.145813      1090.0208740234
656.476685      1156.8933105469
656.807495      1239.3693847656
657.138306      1214.8494873047
657.469116      1141.2897949219
657.799744      1168.0388183594
658.130493      1234.9112548828
658.461121      1252.7438964844
658.791687      1230.4530029297
659.122192      1190.3295898438
659.452698      1165.8096923828
659.783142      1339.6781005859
660.113464      1373.1142578125
660.443787      1279.4927978516
660.774109      1165.8096923828
661.104370      1170.2678222656
661.434570      1299.5545654297
661.764771      1237.1402587891
662.094849      1165.8096923828
662.424988      1241.5985107422
662.755005      1210.3913574219
663.084900      1172.4969482422
663.414856      1185.8714599609
663.744751      1159.1224365234
664.074585      1197.0168457031
664.404419      1168.0388183594
664.734131      1203.7041015625
665.063904      1161.3515625000
665.393555      1230.4530029297
665.723206      1212.6203613281
666.052734      1225.9948730469
666.382202      1152.4351806641
666.711670      1301.7836914063
667.041138      1241.5985107422
667.370544      1208.1622314453
667.699829      1194.7877197266
668.029175      1241.5985107422
668.358459      1156.8933105469
668.687622      1170.2678222656
669.016846      1208.1622314453
669.345947      1223.7658691406
669.674927      1221.5367431641
670.003967      1172.4969482422
670.332947      1098.9372558594
670.661865      1203.7041015625
670.990784      1116.7698974609
671.319641      1150.2061767578
671.648438      1210.3913574219
671.977112      1199.2459716797
672.305847      1330.7617187500
672.634521      1214.8494873047
672.963135      1275.0346679688
673.291687      1248.2857666016
673.620178      1223.7658691406
673.948669      1152.4351806641
674.277100      1319.6163330078
674.605469      1181.4132080078
674.933899      1194.7877197266
675.262085      1201.4749755859
675.590332      1188.1004638672
675.918579      1150.2061767578
676.246704      1252.7438964844
676.574829      1181.4132080078
676.902893      1132.3734130859
677.230896      1259.4311523438
677.558899      1275.0346679688
677.886841      1201.4749755859
678.214661      1145.7479248047
678.542480      1230.4530029297
678.870239      1223.7658691406
679.197998      1194.7877197266
679.525696      1239.3693847656
679.853394      1118.9990234375
680.180969      1234.9112548828
680.508484      1165.8096923828
680.836060      1159.1224365234
681.163452      1192.5587158203
681.490845      1183.6423339844
681.818237      1118.9990234375
682.145569      1268.3474121094
682.472839      1208.1622314453
682.800110      1239.3693847656
683.127319      1205.9331054688
683.454468      1219.3076171875
683.781494      1170.2678222656
684.108582      1205.9331054688
684.435608      1170.2678222656
684.762451      1154.6643066406
685.089355      1234.9112548828
685.416199      1176.9550781250
685.743103      1199.2459716797
686.069824      1250.5147705078
686.396606      1165.8096923828
686.723267      1174.7260742188
687.049927      1234.9112548828
687.376465      1221.5367431641
687.703003      1192.5587158203
688.029419      1145.7479248047
688.355957      1212.6203613281
688.682312      1208.1622314453
689.008667      1266.1184082031
689.334961      1277.2637939453
689.661316      1181.4132080078
689.987427      1270.5765380859
690.313660      1172.4969482422
690.639771      1176.9550781250
690.965881      1259.4311523438
691.291809      1194.7877197266
691.617798      1172.4969482422
691.943726      1159.1224365234
692.269714      1139.0606689453
692.595459      1212.6203613281
692.921326      1239.3693847656
693.247009      1161.3515625000
693.572754      1217.0786132813
693.898438      1263.8892822266
694.223999      1185.8714599609
694.549561      1212.6203613281
694.875061      1165.8096923828
695.200562      1270.5765380859
695.526001      1114.5407714844
695.851379      1192.5587158203
696.176697      1192.5587158203
696.502014      1185.8714599609
696.827271      1145.7479248047
697.152405      1168.0388183594
697.477539      1301.7836914063
697.802612      1203.7041015625
698.127625      1150.2061767578
698.452698      1290.6383056641
698.777649      1268.3474121094
699.102539      1223.7658691406
699.427429      1257.2020263672
699.752258      1219.3076171875
700.077026      1208.1622314453
700.401733      1252.7438964844
700.726379      1194.7877197266
701.051025      1246.0566406250
701.375610      1304.0126953125
701.700134      1248.2857666016
702.024658      1408.7795410156
702.349060      1241.5985107422
702.673462      1127.9152832031
702.997864      1188.1004638672
703.322144      1176.9550781250
703.646362      1194.7877197266
703.970520      1201.4749755859
704.294739      1217.0786132813
704.618896      1139.0606689453
704.942932      1127.9152832031
705.266968      1203.7041015625
705.590942      1281.7219238281
705.914917      1225.9948730469
706.238770      1154.6643066406
706.562622      1132.3734130859
706.886292      1243.8275146484
707.210083      1163.5805664063
707.533813      1212.6203613281
707.857422      1214.8494873047
708.181030      1212.6203613281
708.504578      1283.9510498047
708.828064      1181.4132080078
709.151550      1181.4132080078
709.474976      1136.8316650391
709.798340      1139.0606689453
710.121582      1237.1402587891
710.444885      1174.7260742188
710.768127      1183.6423339844
711.091248      1221.5367431641
711.414429      1205.9331054688
711.737488      1159.1224365234
712.060547      1199.2459716797
712.383484      1201.4749755859
712.706482      1241.5985107422
713.029358      1297.3255615234
713.352112      1199.2459716797
713.674927      1263.8892822266
713.997681      1210.3913574219
714.320435      1192.5587158203
714.643066      1295.0964355469
714.965698      1286.1800537109
715.288269      1237.1402587891
715.610779      1234.9112548828
715.933289      1188.1004638672
716.255737      1201.4749755859
716.578003      1299.5545654297
716.900330      1154.6643066406
717.222595      1261.6601562500
717.544861      1223.7658691406
717.867065      1219.3076171875
718.189209      1230.4530029297
718.511292      1183.6423339844
718.833313      1188.1004638672
719.155334      1194.7877197266
719.477234      1199.2459716797
719.799133      1163.5805664063
720.120972      1232.6821289063
720.442749      1353.0524902344
720.764587      1208.1622314453
721.086304      1132.3734130859
721.407898      1197.0168457031
721.729553      1174.7260742188
722.051147      1094.4791259766
722.372681      1170.2678222656
722.694092      1257.2020263672
723.015503      1310.6999511719
723.336914      1161.3515625000
723.658264      1295.0964355469
723.979492      1165.8096923828
724.300781      1243.8275146484
724.621948      1263.8892822266
724.943115      1225.9948730469
725.264160      1176.9550781250
725.585205      1136.8316650391
725.906189      1150.2061767578
726.227173      1219.3076171875
726.548035      1190.3295898438
726.868896      1203.7041015625
727.189697      1170.2678222656
727.510498      1359.7397460938
727.831177      1281.7219238281
728.151855      1134.6025390625
728.472473      1292.8673095703
728.793091      1239.3693847656
729.113525      1361.9688720703
729.434021      1275.0346679688
729.754456      1123.4571533203
730.074829      1257.2020263672
730.395142      1194.7877197266
730.715454      1243.8275146484
731.035706      1259.4311523438
731.355896      1266.1184082031
731.676025      1163.5805664063
731.996033      1118.9990234375
732.316101      1172.4969482422
732.636108      1279.4927978516
732.956055      1197.0168457031
733.275940      1266.1184082031
733.595825      1172.4969482422
733.915649      1292.8673095703
734.235413      1223.7658691406
734.555054      1275.0346679688
734.874817      1319.6163330078
735.194336      1266.1184082031
735.513855      1150.2061767578
735.833435      1132.3734130859
736.152893      1241.5985107422
736.472290      1297.3255615234
736.791687      1208.1622314453
737.111023      1355.2816162109
737.430298      1170.2678222656
737.749512      1243.8275146484
738.068665      1232.6821289063
738.387817      1279.4927978516
738.706909      1192.5587158203
739.025879      1234.9112548828
739.344910      1125.6862792969
739.663879      1197.0168457031
739.982788      1172.4969482422
740.301636      1172.4969482422
740.620422      1174.7260742188
740.939148      1192.5587158203
741.257874      1190.3295898438
741.576477      1156.8933105469
741.895020      1199.2459716797
742.213623      1161.3515625000
742.532166      1319.6163330078
742.850586      1197.0168457031
743.169006      1210.3913574219
743.487366      1250.5147705078
743.805725      1219.3076171875
744.123962      1219.3076171875
744.442200      1188.1004638672
744.760315      1172.4969482422
745.078430      1147.9770507813
745.396484      1214.8494873047
745.714539      1373.1142578125
746.032532      1159.1224365234
746.350464      1101.1663818359
746.668335      1232.6821289063
746.986206      1161.3515625000
747.303955      1179.1842041016
747.621643      1159.1224365234
747.939331      1254.9729003906
748.257019      1197.0168457031
748.574585      1288.4091796875
748.892151      1250.5147705078
749.209656      1159.1224365234
749.527100      1241.5985107422
749.844482      1272.8056640625
750.161804      1217.0786132813
750.479126      1154.6643066406
750.796326      1199.2459716797
751.113525      1192.5587158203
751.430725      1306.2418212891
751.747803      1250.5147705078
752.064880      1277.2637939453
752.381897      1230.4530029297
752.698853      1192.5587158203
753.015747      1243.8275146484
753.332703      1234.9112548828
753.649475      1194.7877197266
753.966187      1359.7397460938
754.282898      1257.2020263672
754.599609      1179.1842041016
754.916199      1174.7260742188
755.232788      1176.9550781250
755.549316      1190.3295898438
755.865784      1275.0346679688
756.182190      1279.4927978516
756.498596      1134.6025390625
756.814941      1225.9948730469
757.131165      1190.3295898438
757.447388      1199.2459716797
757.763611      1328.5325927734
758.079712      1208.1622314453
758.395813      1210.3913574219
758.711853      1185.8714599609
759.027832      1214.8494873047
759.343811      1217.0786132813
759.659668      1272.8056640625
759.975464      1217.0786132813
760.291260      1101.1663818359
760.606995      1165.8096923828
760.922668      1308.4709472656
761.238342      1223.7658691406
761.554016      1194.7877197266
761.869507      1221.5367431641
762.185059      1139.0606689453
762.500488      1201.4749755859
762.815918      1208.1622314453
763.131165      1259.4311523438
763.446533      1179.1842041016
763.761719      1321.8454589844
764.076965      1246.0566406250
764.392151      1297.3255615234
764.707214      1230.4530029297
765.022339      1239.3693847656
765.337341      1339.6781005859
765.652283      1237.1402587891
765.967224      1156.8933105469
766.282043      1228.2239990234
766.596863      1268.3474121094
766.911621      1266.1184082031
767.226379      1261.6601562500
767.541016      1217.0786132813
767.855591      1279.4927978516
768.170227      1192.5587158203
768.484741      1165.8096923828
768.799194      1270.5765380859
769.113647      1317.3872070313
769.427979      1214.8494873047
769.742310      1165.8096923828
770.056580      1230.4530029297
770.370850      1223.7658691406
770.684998      1261.6601562500
770.999084      1208.1622314453
771.313232      1123.4571533203
771.627258      1156.8933105469
771.941223      1208.1622314453
772.255066      1201.4749755859
772.569031      1170.2678222656
772.882813      1254.9729003906
773.196594      1248.2857666016
773.510376      1132.3734130859
773.824036      1241.5985107422
774.137695      1136.8316650391
774.451294      1243.8275146484
774.764832      1190.3295898438
775.078308      1201.4749755859
775.391724      1156.8933105469
775.705078      1183.6423339844
776.018433      1168.0388183594
776.331726      1183.6423339844
776.644958      1152.4351806641
776.958130      1132.3734130859
777.271301      1221.5367431641
777.584412      1250.5147705078
777.897461      1197.0168457031
778.210510      1154.6643066406
778.523315      1165.8096923828
778.836304      1188.1004638672
779.149109      1268.3474121094
779.461914      1190.3295898438
779.774658      1252.7438964844
780.087402      1212.6203613281
780.400024      1176.9550781250
780.712585      1192.5587158203
781.025146      1228.2239990234
781.337646      1286.1800537109
781.650085      1208.1622314453
781.962463      1241.5985107422
782.274841      1259.4311523438
782.587158      1261.6601562500
782.899414      1194.7877197266
783.211609      1185.8714599609
783.523743      1221.5367431641
783.835938      1237.1402587891
784.147949      1263.8892822266
784.459900      1310.6999511719
784.771851      1243.8275146484
785.083801      1203.7041015625
785.395630      1288.4091796875
785.707397      1254.9729003906
786.019226      1176.9550781250
786.330933      1234.9112548828
786.642578      1252.7438964844
786.954224      1266.1184082031
787.265747      1192.5587158203
787.577209      1165.8096923828
787.888672      1161.3515625000
788.200073      1163.5805664063
788.511414      1201.4749755859
788.822754      1250.5147705078
789.133972      1275.0346679688
789.445190      1179.1842041016
789.756409      1210.3913574219
790.067505      1221.5367431641
790.378540      1199.2459716797
790.689514      1239.3693847656
791.000488      1281.7219238281
791.311401      1172.4969482422
791.622314      1143.5189208984
791.933105      1183.6423339844
792.243896      1170.2678222656
792.554565      1346.3653564453
792.865234      1261.6601562500
793.175842      1248.2857666016
793.486389      1194.7877197266
793.796875      1239.3693847656
794.107300      1205.9331054688
794.417786      1170.2678222656
794.728088      1237.1402587891
795.038452      1239.3693847656
795.348694      1183.6423339844
795.658936      1199.2459716797
795.969055      1139.0606689453
796.279175      1248.2857666016
796.589172      1248.2857666016
796.899231      1170.2678222656
797.209167      1210.3913574219
797.519104      1246.0566406250
797.828979      1248.2857666016
798.138794      1181.4132080078
798.448547      1170.2678222656
798.758301      1241.5985107422
799.067932      1217.0786132813
799.377563      1208.1622314453
799.687073      1279.4927978516
799.996582      1185.8714599609
800.306030      1192.5587158203
800.615479      1234.9112548828
800.924805      1194.7877197266
801.234192      1279.4927978516
801.543457      1281.7219238281
801.852600      1250.5147705078
802.161743      1176.9550781250
802.470886      1150.2061767578
802.779907      1210.3913574219
803.088867      1159.1224365234
803.397827      1139.0606689453
803.706787      1228.2239990234
804.015686      1279.4927978516
804.324463      1199.2459716797
804.633179      1234.9112548828
804.941956      1246.0566406250
805.250610      1174.7260742188
805.559204      1261.6601562500
805.867676      1188.1004638672
806.176270      1165.8096923828
806.484680      1139.0606689453
806.793091      1335.2198486328
807.101440      1286.1800537109
807.409729      1214.8494873047
807.718018      1230.4530029297
808.026184      1232.6821289063
808.334351      1212.6203613281
808.642456      1181.4132080078
808.950439      1252.7438964844
809.258484      1172.4969482422
809.566467      1225.9948730469
809.874329      1230.4530029297
810.182190      1168.0388183594
810.489990      1332.9908447266
810.797791      1228.2239990234
811.105469      1232.6821289063
811.413147      1201.4749755859
811.720642      1179.1842041016
812.028198      1257.2020263672
812.335693      1210.3913574219
812.643188      1123.4571533203
812.950562      1143.5189208984
813.257935      1268.3474121094
813.565186      1134.6025390625
813.872498      1208.1622314453
814.179626      1101.1663818359
814.486816      1232.6821289063
814.793823      1241.5985107422
815.100830      1194.7877197266
815.407837      1179.1842041016
815.714783      1205.9331054688
816.021667      1304.0126953125
816.328552      1170.2678222656
816.635315      1321.8454589844
816.942078      1205.9331054688
817.248779      1205.9331054688
817.555359      1159.1224365234
817.861938      1272.8056640625
818.168457      1268.3474121094
818.474976      1199.2459716797
818.781372      1243.8275146484
819.087769      1214.8494873047
819.394104      1304.0126953125
819.700378      1217.0786132813
820.006592      1185.8714599609
820.312744      1306.2418212891
820.618896      1203.7041015625
820.924927      1270.5765380859
821.230957      1127.9152832031
821.536926      1217.0786132813
821.842896      1232.6821289063
822.148804      1263.8892822266
822.454590      1192.5587158203
822.760376      1143.5189208984
823.066040      1364.1979980469
823.371704      1241.5985107422
823.677307      1172.4969482422
823.982910      1188.1004638672
824.288391      1150.2061767578
824.593872      1134.6025390625
824.899292      1197.0168457031
825.204651      1205.9331054688
825.509949      1214.8494873047
825.815186      1159.1224365234
826.120422      1252.7438964844
826.425598      1259.4311523438
826.730652      1234.9112548828
827.035706      1188.1004638672
827.340759      1183.6423339844
827.645630      1203.7041015625
827.950623      1228.2239990234
828.255432      1127.9152832031
828.560242      1152.4351806641
828.864990      1219.3076171875
829.169739      1324.0744628906
829.474304      1290.6383056641
829.778870      1221.5367431641
830.083435      1268.3474121094
830.387878      1301.7836914063
830.692383      1234.9112548828
830.996765      1259.4311523438
831.301086      1295.0964355469
831.605408      1190.3295898438
831.909668      1217.0786132813
832.213867      1105.6245117188
832.517883      1181.4132080078
832.821960      1225.9948730469
833.126038      1190.3295898438
833.429993      1243.8275146484
833.733948      1246.0566406250
834.037842      1183.6423339844
834.341614      1312.9290771484
834.645386      1192.5587158203
834.949158      1139.0606689453
835.252808      1266.1184082031
835.556335      1239.3693847656
835.859924      1279.4927978516
836.163513      1212.6203613281
836.466980      1214.8494873047
836.770325      1208.1622314453
837.073730      1241.5985107422
837.377075      1174.7260742188
837.680298      1199.2459716797
837.983521      1094.4791259766
838.286682      1125.6862792969
838.589722      1299.5545654297
838.892761      1232.6821289063
839.195801      1199.2459716797
839.498779      1252.7438964844
839.801636      1223.7658691406
840.104492      1159.1224365234
840.407288      1150.2061767578
840.710022      1141.2897949219
841.012695      1234.9112548828
841.315369      1232.6821289063
841.617920      1228.2239990234
841.920410      1165.8096923828
842.222961      1139.0606689453
842.525391      1225.9948730469
842.827759      1257.2020263672
843.130127      1203.7041015625
843.432373      1232.6821289063
843.734619      1248.2857666016
844.036804      1266.1184082031
844.338867      1232.6821289063
844.640930      1172.4969482422
844.942993      1076.6464843750
845.244934      1147.9770507813
845.546814      1248.2857666016
845.848755      1243.8275146484
846.150513      1190.3295898438
846.452332      1192.5587158203
846.754028      1304.0126953125
847.055664      1263.8892822266
847.357239      1321.8454589844
847.658813      1382.0306396484
847.960327      1268.3474121094
848.261780      1212.6203613281
848.563110      1246.0566406250
848.864563      1197.0168457031
849.165771      1150.2061767578
849.467041      1185.8714599609
849.768250      1127.9152832031
850.069397      1116.7698974609
850.370422      1246.0566406250
850.671448      1210.3913574219
850.972473      1183.6423339844
851.273376      1246.0566406250
851.574280      1103.3953857422
851.875122      1437.7576904297
852.175842      1228.2239990234
852.476624      1199.2459716797
852.777222      1096.7081298828
853.077881      1225.9948730469
853.378418      1165.8096923828
853.678955      1232.6821289063
853.979370      1212.6203613281
854.279785      1210.3913574219
854.580200      1203.7041015625
854.880493      1181.4132080078
855.180725      1139.0606689453
855.480957      1147.9770507813
855.781067      1225.9948730469
856.081116      1183.6423339844
856.381165      1192.5587158203
856.681152      1150.2061767578
856.981140      1219.3076171875
857.281006      1219.3076171875
857.580872      1359.7397460938
857.880676      1317.3872070313
858.180420      1170.2678222656
858.480103      1125.6862792969
858.779724      1168.0388183594
859.079224      1194.7877197266
859.378723      1163.5805664063
859.678223      1217.0786132813
859.977661      1252.7438964844
860.277039      1308.4709472656
860.576355      1263.8892822266
860.875610      1212.6203613281
861.174805      1268.3474121094
861.473999      1261.6601562500
861.773071      1176.9550781250
862.072083      1174.7260742188
862.371094      1230.4530029297
862.670044      1243.8275146484
862.968933      1179.1842041016
863.267761      1094.4791259766
863.566589      1161.3515625000
863.865356      1237.1402587891
864.164001      1252.7438964844
864.462646      1252.7438964844
864.761230      1275.0346679688
865.059692      1230.4530029297
865.358154      1190.3295898438
865.656616      1257.2020263672
865.954956      1156.8933105469
866.253357      1254.9729003906
866.551575      1283.9510498047
866.849792      1232.6821289063
867.147949      1228.2239990234
867.446106      1143.5189208984
867.744080      1163.5805664063
868.042053      1139.0606689453
868.340027      1254.9729003906
868.637878      1194.7877197266
868.935791      1263.8892822266
869.233582      1259.4311523438
869.531311      1203.7041015625
869.828979      1139.0606689453
870.126648      1288.4091796875
870.424255      1208.1622314453
870.721741      1221.5367431641
871.019165      1203.7041015625
871.316589      1237.1402587891
871.613953      1257.2020263672
871.911316      1121.2280273438
872.208557      1208.1622314453
872.505798      1170.2678222656
872.802979      1243.8275146484
873.100037      1197.0168457031
873.397156      1139.0606689453
873.694092      1190.3295898438
873.991028      1219.3076171875
874.287964      1145.7479248047
874.584778      1228.2239990234
874.881592      1246.0566406250
875.178284      1221.5367431641
875.474976      1121.2280273438
875.771606      1143.5189208984
876.068237      1252.7438964844
876.364746      1181.4132080078
876.661194      1154.6643066406
876.957581      1283.9510498047
877.253967      1205.9331054688
877.550293      1201.4749755859
877.846497      1132.3734130859
878.142761      1279.4927978516
878.438904      1232.6821289063
878.734985      1270.5765380859
879.031067      1136.8316650391
879.326965      1201.4749755859
879.622925      1139.0606689453
879.918823      1243.8275146484
880.214661      1210.3913574219
880.510498      1181.4132080078
880.806213      1208.1622314453
881.101868      1223.7658691406
881.397522      1197.0168457031
881.693115      1243.8275146484
881.988586      1110.0826416016
882.283997      1232.6821289063
882.579407      1168.0388183594
882.874817      1254.9729003906
883.170105      1246.0566406250
883.465332      1277.2637939453
883.760559      1310.6999511719
884.055725      1232.6821289063
884.350769      1112.3117675781
884.645813      1234.9112548828
884.940857      1101.1663818359
885.235718      1384.2596435547
885.530579      1188.1004638672
885.825439      1248.2857666016
886.120239      1283.9510498047
886.414917      1223.7658691406
886.709595      1210.3913574219
887.004272      1203.7041015625
887.298767      1299.5545654297
887.593323      1232.6821289063
887.887756      1150.2061767578
888.182129      1297.3255615234
888.476440      1205.9331054688
888.770752      1292.8673095703
889.065002      1221.5367431641
