0.457000
190.489868         0.0000000000
190.870819         0.0000000000
191.251740      1081.8829345703
191.632629      1112.9842529297
192.013474      1095.2120361328
192.394302      1104.0981445313
192.775101      1179.6300048828
193.155838      1159.6362304688
193.536575      1197.4022216797
193.917267      1139.6425781250
194.297943      1224.0605468750
194.678574      1199.6237792969
195.059174      1141.8640136719
195.439743      1135.1994628906
195.820282      1146.3071289063
196.200790      1197.4022216797
196.581268      1257.3834228516
196.961700      1199.6237792969
197.342117      1168.5223388672
197.722488      1164.0793457031
198.102829      1141.8640136719
198.483154      1130.7564697266
198.863434      1157.4147949219
199.243698      1195.1806640625
199.623901      1281.8201904297
200.004089      1184.0729980469
200.384247      1184.0729980469
200.764389      1130.7564697266
201.144485      1157.4147949219
201.524536      1121.8703613281
201.904572      1175.1870117188
202.284561      1179.6300048828
202.664520      1148.5286865234
203.044449      1277.3770751953
203.424362      1170.7438964844
203.804214      1090.7690429688
204.184067      1130.7564697266
204.563858      1155.1932373047
204.943649      1170.7438964844
205.323380      1161.8577880859
205.703094      1172.9654541016
206.082764      1148.5286865234
206.462418      1148.5286865234
206.842026      1201.8452148438
207.221588      1184.0729980469
207.601166      1224.0605468750
207.980667      1157.4147949219
208.360153      1241.8327636719
208.739609      1068.5537109375
209.119034      1155.1932373047
209.498428      1124.0919189453
209.877777      1199.6237792969
210.257111      1201.8452148438
210.636398      1132.9780273438
211.015656      1112.9842529297
211.394882      1137.4210205078
211.774094      1146.3071289063
212.153244      1112.9842529297
212.532394      1101.8765869141
212.911484      1081.8829345703
213.290543      1161.8577880859
213.669571      1152.9716796875
214.048584      1150.7501220703
214.427567      1115.2058105469
214.806488      1184.0729980469
215.185410      1164.0793457031
215.564270      1137.4210205078
215.943115      1208.5098876953
216.321930      1204.0667724609
216.700714      1141.8640136719
217.079437      1135.1994628906
217.458176      1172.9654541016
217.836838      1179.6300048828
218.215485      1155.1932373047
218.594101      1135.1994628906
218.972687      1079.6613769531
219.351227      1212.9528808594
219.729752      1199.6237792969
220.108246      1128.5349121094
220.486694      1124.0919189453
220.865128      1188.5161132813
221.243515      1172.9654541016
221.621872      1157.4147949219
222.000183      1188.5161132813
222.378494      1170.7438964844
222.756744      1197.4022216797
223.134964      1090.7690429688
223.513153      1139.6425781250
223.891327      1286.2631835938
224.269455      1159.6362304688
224.647552      1168.5223388672
225.025620      1206.2883300781
225.403656      1204.0667724609
225.781647      1161.8577880859
226.159622      1144.0855712891
226.537552      1232.9466552734
226.915436      1199.6237792969
227.293335      1119.6488037109
227.671158      1144.0855712891
228.048950      1108.5411376953
228.426727      1112.9842529297
228.804459      1139.6425781250
229.182175      1208.5098876953
229.559845      1137.4210205078
229.937500      1124.0919189453
230.315094      1146.3071289063
230.692673      1106.3197021484
231.070221      1177.4084472656
231.447723      1117.4272460938
231.825180      1137.4210205078
232.202652      1117.4272460938
232.580048      1132.9780273438
232.957428      1135.1994628906
233.334778      1204.0667724609
233.712097      1208.5098876953
234.089386      1128.5349121094
234.466614      1124.0919189453
234.843842      1201.8452148438
235.221024      1124.0919189453
235.598175      1141.8640136719
235.975281      1168.5223388672
236.352386      1152.9716796875
236.729431      1155.1932373047
237.106445      1128.5349121094
237.483414      1186.2945556641
237.860382      1112.9842529297
238.237305      1126.3133544922
238.614182      1230.7250976563
238.991043      1075.2182617188
239.367859      1108.5411376953
239.744644      1141.8640136719
240.121414      1166.3009033203
240.498138      1070.7752685547
240.874817      1139.6425781250
241.251480      1190.7376708984
241.628098      1108.5411376953
242.004700      1097.4335937500
242.381241      1164.0793457031
242.757782      1112.9842529297
243.134262      1152.9716796875
243.510727      1135.1994628906
243.887146      1210.7313232422
244.263535      1117.4272460938
244.639893      1166.3009033203
245.016220      1028.5662841797
245.392517      1208.5098876953
245.768768      1115.2058105469
246.145020      1150.7501220703
246.521194      1086.3259277344
246.897354      1099.6550292969
247.273483      1121.8703613281
247.649567      1141.8640136719
248.025650      1141.8640136719
248.401672      1168.5223388672
248.777664      1128.5349121094
249.153641      1166.3009033203
249.529556      1135.1994628906
249.905457      1150.7501220703
250.281326      1081.8829345703
250.657135      1188.5161132813
251.032959      1144.0855712891
251.408707      1188.5161132813
251.784424      1132.9780273438
252.160126      1184.0729980469
252.535797      1119.6488037109
252.911423      1081.8829345703
253.287018      1177.4084472656
253.662582      1112.9842529297
254.038116      1170.7438964844
254.413605      1166.3009033203
254.789063      1181.8515625000
255.164505      1139.6425781250
255.539886      1208.5098876953
255.915268      1164.0793457031
256.290588      1141.8640136719
256.665894      1110.7626953125
257.041168      1150.7501220703
257.416351      1139.6425781250
257.791565      1070.7752685547
258.166779      1117.4272460938
258.541870      1106.3197021484
258.916962      1108.5411376953
259.292023      1159.6362304688
259.667023      1199.6237792969
260.042053      1072.9968261719
260.416992      1228.5035400391
260.791931      1101.8765869141
261.166809      1119.6488037109
261.541687      1053.0030517578
261.916504      1121.8703613281
262.291321      1161.8577880859
262.666077      1126.3133544922
263.040802      1121.8703613281
263.415497      1064.1107177734
263.790161      1212.9528808594
264.164795      1217.3959960938
264.539368      1150.7501220703
264.913910      1115.2058105469
265.288452      1208.5098876953
265.662964      1119.6488037109
266.037384      1106.3197021484
266.411865      1219.6174316406
266.786224      1121.8703613281
267.160583      1192.9591064453
267.534912      1126.3133544922
267.909210      1179.6300048828
268.283447      1168.5223388672
268.657654      1086.3259277344
269.031860      1132.9780273438
269.406006      1104.0981445313
269.780151      1186.2945556641
270.154236      1150.7501220703
270.528290      1150.7501220703
270.902283      1108.5411376953
271.276306      1150.7501220703
271.650238      1228.5035400391
272.024170      1104.0981445313
272.398041      1155.1932373047
272.771881      1124.0919189453
273.145721      1159.6362304688
273.519531      1126.3133544922
273.893219      1070.7752685547
274.266937      1181.8515625000
274.640656      1095.2120361328
275.014282      1175.1870117188
275.387909      1070.7752685547
275.761475      1104.0981445313
276.135040      1061.8891601563
276.508514      1110.7626953125
276.882019      1117.4272460938
277.255463      1195.1806640625
277.628906      1230.7250976563
278.002258      1130.7564697266
278.375549      1146.3071289063
278.748901      1137.4210205078
279.122162      1141.8640136719
279.495392      1221.8389892578
279.868622      1170.7438964844
280.241791      1159.6362304688
280.614929      1152.9716796875
280.988007      1152.9716796875
281.361084      1212.9528808594
281.734131      1201.8452148438
282.107117      1166.3009033203
282.480072      1244.0541992188
282.853027      1148.5286865234
283.225952      1212.9528808594
283.598785      1172.9654541016
283.971619      1208.5098876953
284.344452      1128.5349121094
284.717194      1104.0981445313
285.089905      1104.0981445313
285.462616      1117.4272460938
285.835297      1199.6237792969
286.207886      1117.4272460938
286.580475      1110.7626953125
286.953064      1179.6300048828
287.325592      1110.7626953125
287.698059      1137.4210205078
288.070496      1141.8640136719
288.442963      1161.8577880859
288.815308      1201.8452148438
289.187683      1104.0981445313
289.559998      1115.2058105469
289.932281      1152.9716796875
290.304504      1152.9716796875
290.676727      1188.5161132813
291.048920      1132.9780273438
291.421082      1117.4272460938
291.793182      1086.3259277344
292.165222      1106.3197021484
292.537292      1130.7564697266
292.909332      1219.6174316406
293.281281      1192.9591064453
293.653198      1186.2945556641
294.025116      1141.8640136719
294.397003      1097.4335937500
294.768860      1186.2945556641
295.140656      1166.3009033203
295.512390      1168.5223388672
295.884125      1217.3959960938
296.255829      1201.8452148438
296.627502      1155.1932373047
296.999146      1186.2945556641
297.370728      1106.3197021484
297.742249      1159.6362304688
298.113831      1172.9654541016
298.485291      1221.8389892578
298.856781      1179.6300048828
299.228149      1126.3133544922
299.599579      1139.6425781250
299.970917      1144.0855712891
300.342224      1144.0855712891
300.713531      1097.4335937500
301.084778      1144.0855712891
301.455994      1112.9842529297
301.827148      1219.6174316406
302.198334      1101.8765869141
302.569427      1215.1744384766
302.940521      1119.6488037109
303.311554      1119.6488037109
303.682556      1241.8327636719
304.053528      1144.0855712891
304.424469      1099.6550292969
304.795380      1121.8703613281
305.166260      1177.4084472656
305.537048      1217.3959960938
305.907837      1144.0855712891
306.278625      1179.6300048828
306.649384      1130.7564697266
307.020050      1177.4084472656
307.390686      1192.9591064453
307.761353      1215.1744384766
308.131897      1112.9842529297
308.502502      1095.2120361328
308.872986      1170.7438964844
309.243500      1208.5098876953
309.613922      1150.7501220703
309.984344      1157.4147949219
310.354736      1072.9968261719
310.725098      1132.9780273438
311.095398      1099.6550292969
311.465637      1101.8765869141
311.835907      1159.6362304688
312.206116      1179.6300048828
312.576294      1135.1994628906
312.946411      1108.5411376953
313.316528      1172.9654541016
313.686584      1166.3009033203
314.056610      1104.0981445313
314.426605      1155.1932373047
314.796570      1126.3133544922
315.166504      1288.4847412109
315.536377      1135.1994628906
315.906250      1135.1994628906
316.276093      1132.9780273438
316.645844      1170.7438964844
317.015594      1132.9780273438
317.385315      1195.1806640625
317.755035      1119.6488037109
318.124603      1168.5223388672
318.494263      1066.3321533203
318.863831      1150.7501220703
319.233368      1135.1994628906
319.602875      1184.0729980469
319.972351      1119.6488037109
320.341797      1079.6613769531
320.711182      1137.4210205078
321.080536      1164.0793457031
321.449890      1144.0855712891
321.819183      1197.4022216797
322.188446      1079.6613769531
322.557648      1124.0919189453
322.926880      1181.8515625000
323.295990      1144.0855712891
323.665100      1104.0981445313
324.034210      1135.1994628906
324.403259      1157.4147949219
324.772247      1028.5662841797
325.141205      1117.4272460938
325.510193      1159.6362304688
325.879120      1152.9716796875
326.247955      1033.0092773438
326.616791      1166.3009033203
326.985596      1135.1994628906
327.354340      1121.8703613281
327.723053      1192.9591064453
328.091797      1095.2120361328
328.460449      1164.0793457031
328.829071      1128.5349121094
329.197632      1139.6425781250
329.566193      1128.5349121094
329.934753      1119.6488037109
330.303192      1119.6488037109
330.671631      1124.0919189453
331.040070      1104.0981445313
331.408478      1101.8765869141
331.776794      1164.0793457031
332.145081      1137.4210205078
332.513367      1099.6550292969
332.881592      1177.4084472656
333.249756      1186.2945556641
333.617920      1199.6237792969
333.986084      1172.9654541016
334.354156      1188.5161132813
334.722229      1170.7438964844
335.090240      1166.3009033203
335.458252      1235.1680908203
335.826202      1119.6488037109
336.194092      1164.0793457031
336.561951      1128.5349121094
336.929779      1184.0729980469
337.297577      1075.2182617188
337.665375      1130.7564697266
338.033142      1079.6613769531
338.400787      1135.1994628906
338.768463      1161.8577880859
339.136108      1208.5098876953
339.503693      1066.3321533203
339.871246      1121.8703613281
340.238770      1130.7564697266
340.606262      1106.3197021484
340.973755      1166.3009033203
341.341125      1208.5098876953
341.708527      1135.1994628906
342.075867      1150.7501220703
342.443146      1097.4335937500
342.810425      1124.0919189453
343.177673      1126.3133544922
343.544861      1179.6300048828
343.912018      1161.8577880859
344.279114      1359.5736083984
344.646271      1124.0919189453
345.013336      1161.8577880859
345.380341      1155.1932373047
345.747314      1126.3133544922
346.114258      1232.9466552734
346.481171      1230.7250976563
346.848022      1124.0919189453
347.214905      1135.1994628906
347.581726      1057.4460449219
347.948456      1137.4210205078
348.315186      1159.6362304688
348.681885      1115.2058105469
349.048584      1246.2757568359
349.415161      1141.8640136719
349.781738      1190.7376708984
350.148346      1197.4022216797
350.514862      1099.6550292969
350.881287      1252.9403076172
351.247742      1195.1806640625
351.614197      1195.1806640625
351.980530      1112.9842529297
352.346863      1068.5537109375
352.713165      1132.9780273438
353.079437      1157.4147949219
353.445679      1121.8703613281
353.811859      1195.1806640625
354.178009      1170.7438964844
354.544159      1061.8891601563
354.910217      1110.7626953125
355.276276      1188.5161132813
355.642303      1110.7626953125
356.008270      1172.9654541016
356.374176      1157.4147949219
356.740112      1097.4335937500
357.105988      1126.3133544922
357.471802      1148.5286865234
357.837585      1155.1932373047
358.203339      1112.9842529297
358.569092      1130.7564697266
358.934753      1124.0919189453
359.300415      1221.8389892578
359.666016      1172.9654541016
360.031616      1141.8640136719
360.397125      1186.2945556641
360.762634      1166.3009033203
361.128143      1110.7626953125
361.493530      1239.6112060547
361.858917      1121.8703613281
362.224274      1088.5474853516
362.589630      1141.8640136719
362.954895      1108.5411376953
363.320160      1090.7690429688
363.685394      1208.5098876953
364.050568      1112.9842529297
364.415680      1172.9654541016
364.780792      1237.3896484375
365.145874      1099.6550292969
365.510895      1112.9842529297
365.875854      1155.1932373047
366.240845      1166.3009033203
366.605774      1177.4084472656
366.970642      1188.5161132813
367.335480      1159.6362304688
367.700317      1146.3071289063
368.065125      1150.7501220703
368.429840      1126.3133544922
368.794525      1172.9654541016
369.159241      1124.0919189453
369.523834      1095.2120361328
369.888397      1124.0919189453
370.252991      1075.2182617188
370.617554      1170.7438964844
370.981995      1146.3071289063
371.346436      1104.0981445313
371.710846      1090.7690429688
372.075256      1137.4210205078
372.439545      1186.2945556641
372.803864      1197.4022216797
373.168121      1244.0541992188
373.532379      1175.1870117188
373.896545      1195.1806640625
374.260681      1137.4210205078
374.624847      1152.9716796875
374.988892      1079.6613769531
375.352936      1152.9716796875
375.716949      1164.0793457031
376.080933      1132.9780273438
376.444855      1192.9591064453
376.808716      1099.6550292969
377.172638      1166.3009033203
377.536469      1137.4210205078
377.900208      1072.9968261719
378.263947      1161.8577880859
378.627686      1186.2945556641
378.991364      1177.4084472656
379.354980      1130.7564697266
379.718628      1108.5411376953
380.082214      1228.5035400391
380.445709      1148.5286865234
380.809174      1128.5349121094
381.172668      1148.5286865234
381.536072      1186.2945556641
381.899475      1144.0855712891
382.262787      1124.0919189453
382.626129      1119.6488037109
382.989380      1170.7438964844
383.352631      1206.2883300781
383.715790      1097.4335937500
384.078979      1139.6425781250
384.442078      1132.9780273438
384.805145      1195.1806640625
385.168243      1170.7438964844
385.531250      1186.2945556641
385.894226      1221.8389892578
386.257141      1150.7501220703
386.620056      1124.0919189453
386.982941      1141.8640136719
387.345734      1155.1932373047
387.708527      1139.6425781250
388.071289      1170.7438964844
388.433990      1106.3197021484
388.796661      1179.6300048828
389.159332      1081.8829345703
389.521942      1030.7878417969
389.884491      1141.8640136719
390.247040      1152.9716796875
390.609528      1146.3071289063
390.971985      1124.0919189453
391.334412      1115.2058105469
391.696747      1204.0667724609
392.059143      1186.2945556641
392.421478      1152.9716796875
392.783691      1186.2945556641
393.145935      1106.3197021484
393.508148      1179.6300048828
393.870270      1159.6362304688
394.232391      1112.9842529297
394.594482      1108.5411376953
394.956573      1146.3071289063
395.318542      1132.9780273438
395.680511      1137.4210205078
396.042450      1135.1994628906
396.404388      1135.1994628906
396.766235      1166.3009033203
397.128021      1121.8703613281
397.489838      1161.8577880859
397.851563      1157.4147949219
398.213257      1099.6550292969
398.574951      1150.7501220703
398.936615      1101.8765869141
399.298187      1092.9904785156
399.659729      1132.9780273438
400.021271      1215.1744384766
400.382751      1188.5161132813
400.744202      1155.1932373047
401.105621      1139.6425781250
401.466980      1179.6300048828
401.828339      1097.4335937500
402.189606      1046.3385009766
402.550873      1084.1043701172
402.912140      1050.7814941406
403.273285      1172.9654541016
403.634430      1121.8703613281
403.995544      1128.5349121094
404.356659      1092.9904785156
404.717651      1161.8577880859
405.078674      1152.9716796875
405.439636      1186.2945556641
405.800568      1148.5286865234
406.161438      1066.3321533203
406.522278      1124.0919189453
406.883118      1146.3071289063
407.243866      1117.4272460938
407.604584      1115.2058105469
407.965302      1150.7501220703
408.325989      1139.6425781250
408.686584      1090.7690429688
409.047150      1228.5035400391
409.407715      1035.2308349609
409.768250      1112.9842529297
410.128723      1026.3447265625
410.489136      1124.0919189453
410.849518      1108.5411376953
411.209900      1099.6550292969
411.570190      1179.6300048828
411.930511      1126.3133544922
412.290741      1117.4272460938
412.650940      1248.4973144531
413.011078      1070.7752685547
413.371246      1141.8640136719
413.731354      1141.8640136719
414.091400      1059.6676025391
414.451385      1092.9904785156
414.811401      1144.0855712891
415.171356      1088.5474853516
415.531281      1157.4147949219
415.891113      1119.6488037109
416.250946      1150.7501220703
416.610718      1119.6488037109
416.970490      1084.1043701172
417.330200      1188.5161132813
417.689911      1088.5474853516
418.049530      1157.4147949219
418.409119      1235.1680908203
418.768707      1139.6425781250
419.128235      1157.4147949219
419.487701      1150.7501220703
419.847137      1219.6174316406
420.206573      1095.2120361328
420.565948      1141.8640136719
420.925232      1084.1043701172
421.284576      1128.5349121094
421.643860      1152.9716796875
422.003052      1124.0919189453
422.362213      1157.4147949219
422.721375      1159.6362304688
423.080536      1157.4147949219
423.439575      1161.8577880859
423.798584      1201.8452148438
424.157593      1128.5349121094
424.516571      1106.3197021484
424.875458      1170.7438964844
425.234314      1164.0793457031
425.593201      1144.0855712891
425.951965      1117.4272460938
426.310699      1066.3321533203
426.669495      1135.1994628906
427.028168      1041.8953857422
427.386810      1128.5349121094
427.745392      1088.5474853516
428.103973      1108.5411376953
428.462524      1166.3009033203
428.821045      1204.0667724609
429.179504      1117.4272460938
429.537903      1141.8640136719
429.896271      1188.5161132813
430.254608      1097.4335937500
430.612915      1159.6362304688
430.971222      1097.4335937500
431.329437      1186.2945556641
431.687622      1175.1870117188
432.045776      1150.7501220703
432.403900      1155.1932373047
432.761993      1188.5161132813
433.119995      1137.4210205078
433.477997      1219.6174316406
433.835968      1155.1932373047
434.193909      1177.4084472656
434.551758      1137.4210205078
434.909637      1124.0919189453
435.267395      1148.5286865234
435.625183      1217.3959960938
435.982910      1126.3133544922
436.340607      1164.0793457031
436.698273      1135.1994628906
437.055878      1159.6362304688
437.413452      1135.1994628906
437.770996      1152.9716796875
438.128479      1184.0729980469
438.485962      1164.0793457031
438.843384      1090.7690429688
439.200775      1055.2246093750
439.558136      1161.8577880859
439.915405      1079.6613769531
440.272705      1121.8703613281
440.629883      1146.3071289063
440.987091      1192.9591064453
441.344238      1181.8515625000
441.701355      1119.6488037109
442.058441      1108.5411376953
442.415436      1124.0919189453
442.772461      1121.8703613281
443.129425      1117.4272460938
443.486359      1099.6550292969
443.843231      1044.1169433594
444.200104      1095.2120361328
444.556885      1137.4210205078
444.913635      1135.1994628906
445.270355      1013.0156250000
445.627075      1172.9654541016
445.983704      1097.4335937500
446.340302      1117.4272460938
446.696869      1117.4272460938
447.053436      1179.6300048828
447.409912      1110.7626953125
447.766357      1124.0919189453
448.122803      1106.3197021484
448.479156      1148.5286865234
448.835510      1170.7438964844
449.191772      1132.9780273438
449.548096      1144.0855712891
449.904297      1166.3009033203
450.260437      1184.0729980469
450.616608      1108.5411376953
450.972687      1028.5662841797
451.328796      1117.4272460938
451.684814      1104.0981445313
452.040833      1170.7438964844
452.396729      1141.8640136719
452.752655      1181.8515625000
453.108551      1197.4022216797
453.464355      1121.8703613281
453.820160      1097.4335937500
454.175934      1121.8703613281
454.531616      1126.3133544922
454.887299      1070.7752685547
455.242950      1128.5349121094
455.598541      1186.2945556641
455.954102      1164.0793457031
456.309601      1161.8577880859
456.665131      1128.5349121094
457.020538      1184.0729980469
457.375977      1130.7564697266
457.731323      1055.2246093750
458.086670      1119.6488037109
458.441956      1106.3197021484
458.797211      1055.2246093750
459.152405      1097.4335937500
459.507538      1141.8640136719
459.862701      1161.8577880859
460.217773      1135.1994628906
460.572845      1132.9780273438
460.927856      1195.1806640625
461.282837      1186.2945556641
461.637756      1101.8765869141
461.992645      1088.5474853516
462.347504      1150.7501220703
462.702332      1188.5161132813
463.057129      1170.7438964844
463.411835      1148.5286865234
463.766541      1144.0855712891
464.121185      1121.8703613281
464.475830      1168.5223388672
464.830383      1124.0919189453
465.184937      1126.3133544922
465.539429      1190.7376708984
465.893921      1181.8515625000
466.248322      1164.0793457031
466.602753      1168.5223388672
466.957062      1184.0729980469
467.311371      1126.3133544922
467.665619      1215.1744384766
468.019897      1104.0981445313
468.374054      1110.7626953125
468.728180      1104.0981445313
469.082306      1135.1994628906
469.436371      1135.1994628906
469.790405      1130.7564697266
470.144379      1112.9842529297
470.498352      1148.5286865234
470.852264      1130.7564697266
471.206146      1092.9904785156
471.559967      1146.3071289063
471.913788      1139.6425781250
472.267487      1075.2182617188
472.621246      1135.1994628906
472.974915      1157.4147949219
473.328522      1086.3259277344
473.682129      1135.1994628906
474.035675      1110.7626953125
474.389191      1135.1994628906
474.742676      1177.4084472656
475.096130      1161.8577880859
475.449493      1106.3197021484
475.802856      1106.3197021484
476.156189      1150.7501220703
476.509460      1179.6300048828
476.862732      1219.6174316406
477.215912      1170.7438964844
477.569061      1139.6425781250
477.922150      1201.8452148438
478.275299      1168.5223388672
478.628296      1055.2246093750
478.981323      1130.7564697266
479.334259      1084.1043701172
479.687195      1101.8765869141
480.040070      1108.5411376953
480.392914      1135.1994628906
480.745728      1188.5161132813
481.098511      1132.9780273438
481.451202      1181.8515625000
481.803925      1104.0981445313
482.156525      1215.1744384766
482.509125      1139.6425781250
482.861694      1072.9968261719
483.214233      1208.5098876953
483.566711      1148.5286865234
483.919128      1210.7313232422
484.271576      1192.9591064453
484.623901      1037.4523925781
484.976257      1115.2058105469
485.328522      1128.5349121094
485.680786      1097.4335937500
486.032959      1150.7501220703
486.385132      1170.7438964844
486.737274      1177.4084472656
487.089325      1208.5098876953
487.441376      1108.5411376953
487.793396      1112.9842529297
488.145386      1037.4523925781
488.497284      1137.4210205078
488.849182      1055.2246093750
489.201019      1186.2945556641
489.552826      1104.0981445313
489.904572      1135.1994628906
490.256317      1152.9716796875
490.608002      1137.4210205078
490.959656      1188.5161132813
491.311249      1172.9654541016
491.662811      1166.3009033203
492.014343      1170.7438964844
492.365814      1166.3009033203
492.717285      1166.3009033203
493.068665      1124.0919189453
493.420044      1172.9654541016
493.771362      1141.8640136719
494.122650      1050.7814941406
494.473877      1172.9654541016
494.825104      1215.1744384766
495.176270      1061.8891601563
495.527374      1159.6362304688
495.878479      1159.6362304688
496.229492      1068.5537109375
496.580536      1119.6488037109
496.931458      1166.3009033203
497.282379      1115.2058105469
497.633270      1108.5411376953
497.984131      1148.5286865234
498.334900      1148.5286865234
498.685669      1188.5161132813
499.036377      1146.3071289063
499.387115      1161.8577880859
499.737701      1092.9904785156
500.088318      1126.3133544922
500.438904      1092.9904785156
500.789429      1090.7690429688
501.139893      1124.0919189453
501.490295      1121.8703613281
501.840729      1135.1994628906
502.191040      1181.8515625000
502.541382      1132.9780273438
502.891663      1121.8703613281
503.241913      1148.5286865234
503.592133      1199.6237792969
503.942322      1212.9528808594
504.292358      1179.6300048828
504.642395      1068.5537109375
504.992432      1124.0919189453
505.342468      1152.9716796875
505.692413      1139.6425781250
506.042358      1112.9842529297
506.392242      1084.1043701172
506.742035      1155.1932373047
507.091858      1152.9716796875
507.441528      1146.3071289063
507.791290      1161.8577880859
508.140961      1119.6488037109
508.490601      1181.8515625000
508.840210      1108.5411376953
509.189697      1128.5349121094
509.539215      1150.7501220703
509.888641      1130.7564697266
510.238098      1124.0919189453
510.587494      1106.3197021484
510.936859      1104.0981445313
511.286194      1170.7438964844
511.635498      1132.9780273438
511.984650      1155.1932373047
512.333862      1144.0855712891
512.682922      1148.5286865234
513.032043      1137.4210205078
513.381104      1168.5223388672
513.730164      1201.8452148438
514.079163      1157.4147949219
514.428040      1130.7564697266
514.776978      1101.8765869141
515.125793      1179.6300048828
515.474609      1155.1932373047
515.823425      1184.0729980469
516.172180      1108.5411376953
516.520813      1132.9780273438
516.869568      1168.5223388672
517.218079      1152.9716796875
517.566650      1230.7250976563
517.915161      1135.1994628906
518.263672      1104.0981445313
518.612183      1079.6613769531
518.960571      1159.6362304688
519.308899      1099.6550292969
519.657227      1190.7376708984
520.005554      1230.7250976563
520.353699      1217.3959960938
520.701904      1284.0417480469
521.050110      1155.1932373047
521.398254      1095.2120361328
521.746338      1181.8515625000
522.094421      1119.6488037109
522.442383      1201.8452148438
522.790222      1186.2945556641
523.138184      1097.4335937500
523.486145      1137.4210205078
523.833984      1121.8703613281
524.181763      1137.4210205078
524.529541      1126.3133544922
524.877197      1237.3896484375
525.224915      1172.9654541016
525.572449      1090.7690429688
525.920105      1137.4210205078
526.267639      1168.5223388672
526.615173      1139.6425781250
526.962646      1084.1043701172
527.309998      1092.9904785156
527.657410      1139.6425781250
528.004700      1215.1744384766
528.351990      1152.9716796875
528.699280      1195.1806640625
529.046509      1190.7376708984
529.393677      1148.5286865234
529.740845      1135.1994628906
530.087891      1144.0855712891
530.434998      1204.0667724609
530.781921      1128.5349121094
531.128906      1121.8703613281
531.475891      1121.8703613281
531.822815      1152.9716796875
532.169617      1046.3385009766
532.516418      1090.7690429688
532.863159      1126.3133544922
533.209839      1050.7814941406
533.556580      1117.4272460938
533.903198      1084.1043701172
534.249817      1141.8640136719
534.596436      1139.6425781250
534.942932      1119.6488037109
535.289368      1170.7438964844
535.635803      1164.0793457031
535.982178      1150.7501220703
536.328552      1170.7438964844
536.674805      1068.5537109375
537.021118      1148.5286865234
537.367371      1148.5286865234
537.713501      1099.6550292969
538.059692      1141.8640136719
538.405701      1106.3197021484
538.751831      1157.4147949219
539.097839      1068.5537109375
539.443787      1150.7501220703
539.789734      1104.0981445313
540.135620      1179.6300048828
540.481506      1175.1870117188
540.827209      1092.9904785156
541.173035      1112.9842529297
541.518799      1108.5411376953
541.864502      1099.6550292969
542.210144      1212.9528808594
542.555786      1152.9716796875
542.901245      1166.3009033203
543.246826      1164.0793457031
543.592285      1144.0855712891
543.937683      1230.7250976563
544.283142      1181.8515625000
544.628479      1084.1043701172
544.973816      1152.9716796875
545.319031      1155.1932373047
545.664307      1132.9780273438
546.009399      1106.3197021484
546.354614      1155.1932373047
546.699707      1146.3071289063
547.044739      1128.5349121094
547.389832      1137.4210205078
547.734802      1201.8452148438
548.079712      1108.5411376953
548.424622      1166.3009033203
548.769409      1121.8703613281
549.114258      1077.4398193359
549.459045      1088.5474853516
549.803772      1048.5600585938
550.148499      1092.9904785156
550.493103      1144.0855712891
550.837708      1124.0919189453
551.182190      1097.4335937500
551.526733      1130.7564697266
551.871216      1146.3071289063
552.215698      1057.4460449219
552.560120      1128.5349121094
552.904480      1095.2120361328
553.248718      1148.5286865234
553.592957      1152.9716796875
553.937195      1159.6362304688
554.281372      1175.1870117188
554.625549      1166.3009033203
554.969666      1075.2182617188
555.313721      1166.3009033203
555.657654      1177.4084472656
556.001709      1201.8452148438
556.345581      1141.8640136719
556.689514      1137.4210205078
557.033325      1152.9716796875
557.377197      1166.3009033203
557.720947      1095.2120361328
558.064575      1097.4335937500
558.408264      1115.2058105469
558.751892      1146.3071289063
559.095520      1112.9842529297
559.439087      1106.3197021484
559.782654      1170.7438964844
560.126099      1175.1870117188
560.469543      1117.4272460938
560.812927      1124.0919189453
561.156250      1181.8515625000
561.499512      1115.2058105469
561.842773      1168.5223388672
562.185974      1126.3133544922
562.529175      1072.9968261719
562.872314      1137.4210205078
563.215332      1137.4210205078
563.558472      1081.8829345703
563.901367      1092.9904785156
564.244385      1137.4210205078
564.587341      1075.2182617188
564.930237      1081.8829345703
565.273071      1137.4210205078
565.615845      1117.4272460938
565.958557      1117.4272460938
566.301331      1135.1994628906
566.643860      1059.6676025391
566.986511      1128.5349121094
567.329163      1121.8703613281
567.671692      1137.4210205078
568.014221      1146.3071289063
568.356628      1179.6300048828
568.699036      1055.2246093750
569.041321      1115.2058105469
569.383728      1148.5286865234
569.726013      1108.5411376953
570.068298      1204.0667724609
570.410461      1155.1932373047
570.752686      1161.8577880859
571.094727      1101.8765869141
571.436768      1132.9780273438
571.778809      1119.6488037109
572.120850      1215.1744384766
572.462769      1128.5349121094
572.804688      1108.5411376953
573.146606      1164.0793457031
573.488342      1119.6488037109
573.830139      1132.9780273438
574.171814      1155.1932373047
574.513550      1155.1932373047
574.855164      1152.9716796875
575.196838      1204.0667724609
575.538391      1059.6676025391
575.879883      1119.6488037109
576.221375      1104.0981445313
576.562744      1175.1870117188
576.904175      1181.8515625000
577.245483      1128.5349121094
577.586792      1088.5474853516
577.928101      1117.4272460938
578.269348      1115.2058105469
578.610535      1088.5474853516
578.951660      1172.9654541016
579.292664      1217.3959960938
579.633728      1144.0855712891
579.974792      1152.9716796875
580.315796      1157.4147949219
580.656677      1181.8515625000
580.997498      1257.3834228516
581.338379      1108.5411376953
581.679138      1137.4210205078
582.019897      1104.0981445313
582.360657      1195.1806640625
582.701294      1108.5411376953
583.041931      1166.3009033203
583.382507      1152.9716796875
583.723022      1172.9654541016
584.063538      1124.0919189453
584.403931      1157.4147949219
584.744385      1135.1994628906
585.084778      1177.4084472656
585.425110      1159.6362304688
585.765381      1128.5349121094
586.105591      1146.3071289063
586.445801      1175.1870117188
586.785889      1159.6362304688
587.125977      1144.0855712891
587.466064      1152.9716796875
587.806152      1177.4084472656
588.146118      1190.7376708984
588.486023      1150.7501220703
588.825928      1130.7564697266
589.165710      1159.6362304688
589.505554      1115.2058105469
589.845337      1119.6488037109
590.185120      1086.3259277344
590.524780      1181.8515625000
590.864441      1152.9716796875
591.203918      1152.9716796875
591.543518      1039.6739501953
591.882996      1188.5161132813
592.222473      1168.5223388672
592.561890      1212.9528808594
592.901306      1132.9780273438
593.240662      1197.4022216797
593.579895      1166.3009033203
593.919128      1184.0729980469
594.258301      1086.3259277344
594.597473      1161.8577880859
594.936646      1161.8577880859
595.275696      1206.2883300781
595.614807      1168.5223388672
595.953796      1168.5223388672
596.292725      1235.1680908203
596.631592      1115.2058105469
596.970398      1090.7690429688
597.309204      1075.2182617188
597.648010      1072.9968261719
597.986755      1088.5474853516
598.325500      1097.4335937500
598.664124      1135.1994628906
599.002686      1179.6300048828
599.341187      1146.3071289063
599.679749      1070.7752685547
600.018250      1139.6425781250
600.356628      1190.7376708984
600.695068      1155.1932373047
601.033386      1164.0793457031
601.371643      1088.5474853516
601.709900      1066.3321533203
602.048035      1250.7188720703
602.386292      1170.7438964844
602.724426      1197.4022216797
603.062500      1128.5349121094
603.400574      1215.1744384766
603.738525      1115.2058105469
604.076477      1152.9716796875
604.414307      1112.9842529297
604.752197      1201.8452148438
605.090027      1166.3009033203
605.427795      1128.5349121094
605.765564      1097.4335937500
606.103210      1064.1107177734
606.440857      1155.1932373047
606.778442      1139.6425781250
607.115967      1255.1618652344
607.453552      1137.4210205078
607.791016      1157.4147949219
608.128418      1215.1744384766
608.465820      1112.9842529297
608.803162      1179.6300048828
609.140442      1195.1806640625
609.477661      1212.9528808594
609.814880      1168.5223388672
610.152100      1075.2182617188
610.489258      1164.0793457031
610.826294      1110.7626953125
611.163269      1172.9654541016
611.500305      1112.9842529297
611.837219      1199.6237792969
612.174072      1204.0667724609
612.510986      1172.9654541016
612.847839      1126.3133544922
613.184570      1130.7564697266
613.521362      1128.5349121094
613.857971      1132.9780273438
614.194641      1115.2058105469
614.531189      1110.7626953125
614.867737      1108.5411376953
615.204285      1128.5349121094
615.540771      1168.5223388672
615.877197      1135.1994628906
616.213562      1121.8703613281
616.549927      1139.6425781250
616.886169      1150.7501220703
617.222351      1055.2246093750
617.558594      1099.6550292969
617.894775      1172.9654541016
618.230896      1170.7438964844
618.566956      1246.2757568359
618.902954      1139.6425781250
619.238953      1190.7376708984
619.574890      1088.5474853516
619.910767      1212.9528808594
620.246643      1124.0919189453
620.582458      1188.5161132813
620.918213      1190.7376708984
621.253967      1144.0855712891
621.589661      1168.5223388672
621.925232      1141.8640136719
622.260803      1155.1932373047
622.596375      1130.7564697266
622.931885      1177.4084472656
623.267334      1161.8577880859
623.602722      1206.2883300781
623.938110      1128.5349121094
624.273376      1159.6362304688
624.608643      1084.1043701172
624.943848      1135.1994628906
625.279114      1124.0919189453
625.614258      1128.5349121094
625.949341      1188.5161132813
626.284424      1230.7250976563
626.619446      1130.7564697266
626.954407      1172.9654541016
627.289307      1130.7564697266
627.624207      1117.4272460938
627.959045      1235.1680908203
628.293884      1157.4147949219
628.628601      1115.2058105469
628.963257      1132.9780273438
629.297913      1135.1994628906
629.632507      1097.4335937500
629.967102      1161.8577880859
630.301697      1104.0981445313
630.636169      1121.8703613281
630.970581      1104.0981445313
631.304993      1128.5349121094
631.639282      1139.6425781250
631.973572      1110.7626953125
632.307861      1132.9780273438
632.642090      1097.4335937500
632.976257      1106.3197021484
633.310425      1072.9968261719
633.644470      1104.0981445313
633.978516      1139.6425781250
634.312439      1170.7438964844
634.646423      1077.4398193359
634.980347      1159.6362304688
635.314209      1108.5411376953
635.648071      1141.8640136719
635.981812      1119.6488037109
636.315552      1099.6550292969
636.649170      1150.7501220703
636.982849      1110.7626953125
637.316406      1157.4147949219
637.649963      1164.0793457031
637.983521      1126.3133544922
638.317017      1086.3259277344
638.650391      1146.3071289063
638.983765      1188.5161132813
639.317078      1126.3133544922
639.650391      1144.0855712891
639.983643      1106.3197021484
640.316833      1197.4022216797
640.649963      1175.1870117188
640.983032      1141.8640136719
641.316101      1137.4210205078
641.649109      1170.7438964844
641.982056      1179.6300048828
642.315002      1161.8577880859
642.647888      1121.8703613281
642.980774      1197.4022216797
643.313538      1177.4084472656
643.646301      1152.9716796875
643.979004      1137.4210205078
644.311646      1150.7501220703
644.644226      1119.6488037109
644.976868      1155.1932373047
645.309387      1144.0855712891
645.641846      1157.4147949219
645.974243      1177.4084472656
646.306702      1161.8577880859
646.638977      1212.9528808594
646.971252      1099.6550292969
647.303528      1132.9780273438
647.635803      1161.8577880859
647.967957      1232.9466552734
648.300110      1148.5286865234
648.632141      1090.7690429688
648.964111      1210.7313232422
649.296082      1152.9716796875
649.628113      1072.9968261719
649.960022      1101.8765869141
650.291870      1139.6425781250
650.623718      1159.6362304688
650.955383      1144.0855712891
651.287109      1084.1043701172
651.618774      1119.6488037109
651.950378      1088.5474853516
652.281982      1070.7752685547
652.613586      1124.0919189453
652.945068      1072.9968261719
653.276489      1132.9780273438
653.607910      1124.0919189453
653.939209      1172.9654541016
654.270569      1137.4210205078
654.601807      1192.9591064453
654.933105      1192.9591064453
655.264221      1088.5474853516
655.595398      1148.5286865234
655.926453      1124.0919189453
656.257507      1155.1932373047
656.588440      1132.9780273438
656.919434      1192.9591064453
657.250366      1144.0855712891
657.581238      1150.7501220703
657.912048      1117.4272460938
658.242798      1141.8640136719
658.573486      1146.3071289063
658.904114      1144.0855712891
659.234802      1152.9716796875
659.565430      1146.3071289063
659.895996      1139.6425781250
660.226501      1110.7626953125
660.556946      1155.1932373047
660.887329      1101.8765869141
661.217712      1170.7438964844
661.547974      1121.8703613281
661.878296      1150.7501220703
662.208557      1164.0793457031
662.538757      1130.7564697266
662.868896      1179.6300048828
663.198975      1117.4272460938
663.528992      1186.2945556641
663.859009      1148.5286865234
664.188904      1101.8765869141
664.518860      1128.5349121094
664.848755      1061.8891601563
665.178589      1141.8640136719
665.508362      1110.7626953125
665.838013      1110.7626953125
666.167725      1088.5474853516
666.497375      1092.9904785156
666.826965      1150.7501220703
667.156494      1112.9842529297
667.486084      1137.4210205078
667.815552      1177.4084472656
668.144897      1199.6237792969
668.474304      1186.2945556641
668.803528      1124.0919189453
669.132813      1126.3133544922
669.462036      1179.6300048828
669.791260      1137.4210205078
670.120422      1152.9716796875
670.449463      1184.0729980469
670.778564      1101.8765869141
671.107544      1208.5098876953
671.436523      1146.3071289063
671.765381      1172.9654541016
672.094299      1221.8389892578
672.423157      1204.0667724609
672.751831      1170.7438964844
673.080627      1092.9904785156
673.409302      1072.9968261719
673.737976      1106.3197021484
674.066528      1126.3133544922
674.395081      1099.6550292969
674.723572      1215.1744384766
675.052002      1144.0855712891
675.380432      1170.7438964844
675.708801      1164.0793457031
676.037170      1148.5286865234
676.365417      1108.5411376953
676.693665      1124.0919189453
677.021851      1112.9842529297
677.349976      1132.9780273438
677.678040      1148.5286865234
678.006042      1104.0981445313
678.334106      1166.3009033203
678.662048      1132.9780273438
678.989929      1195.1806640625
679.317810      1097.4335937500
679.645630      1228.5035400391
679.973389      1092.9904785156
680.301086      1132.9780273438
680.628845      1221.8389892578
680.956482      1159.6362304688
681.283997      1108.5411376953
681.611572      1137.4210205078
681.939087      1075.2182617188
682.266541      1130.7564697266
682.593872      1181.8515625000
682.921265      1126.3133544922
683.248596      1155.1932373047
683.575806      1170.7438964844
683.903076      1112.9842529297
684.230286      1175.1870117188
684.557373      1188.5161132813
684.884399      1121.8703613281
685.211487      1061.8891601563
685.538513      1139.6425781250
685.865417      1217.3959960938
686.192261      1101.8765869141
686.519165      1119.6488037109
686.845947      1186.2945556641
687.172729      1157.4147949219
687.499451      1130.7564697266
687.826111      1195.1806640625
688.152771      1061.8891601563
688.479248      1121.8703613281
688.805847      1184.0729980469
689.132324      1168.5223388672
689.458801      1081.8829345703
689.785095      1170.7438964844
690.111511      1095.2120361328
690.437805      1137.4210205078
690.764038      1150.7501220703
691.090210      1132.9780273438
691.416443      1175.1870117188
691.742554      1219.6174316406
692.068604      1130.7564697266
692.394592      1119.6488037109
692.720581      1086.3259277344
693.046509      1141.8640136719
693.372375      1066.3321533203
693.698242      1115.2058105469
694.023987      1150.7501220703
694.349792      1124.0919189453
694.675476      1152.9716796875
695.001099      1055.2246093750
695.326721      1192.9591064453
695.652222      1210.7313232422
695.977783      1115.2058105469
696.303284      1108.5411376953
696.628723      1119.6488037109
696.954041      1155.1932373047
697.279358      1130.7564697266
697.604675      1172.9654541016
697.929871      1146.3071289063
698.255066      1106.3197021484
698.580200      1110.7626953125
698.905334      1139.6425781250
699.230286      1126.3133544922
699.555359      1119.6488037109
699.880310      1101.8765869141
700.205261      1186.2945556641
700.530029      1179.6300048828
700.854919      1095.2120361328
701.179688      1121.8703613281
701.504456      1184.0729980469
701.829102      1179.6300048828
702.153687      1157.4147949219
702.478271      1150.7501220703
702.802856      1137.4210205078
703.127319      1175.1870117188
703.451721      1150.7501220703
703.776123      1204.0667724609
704.100464      1090.7690429688
704.424805      1128.5349121094
704.749084      1059.6676025391
705.073303      1148.5286865234
705.397461      1110.7626953125
705.721558      1106.3197021484
706.045654      1086.3259277344
706.369690      1108.5411376953
706.693604      1097.4335937500
707.017578      1075.2182617188
707.341431      1161.8577880859
707.665283      1099.6550292969
707.989075      1164.0793457031
708.312805      1177.4084472656
708.636536      1175.1870117188
708.960144      1235.1680908203
709.283752      1150.7501220703
709.607361      1148.5286865234
709.930847      1172.9654541016
710.254333      1237.3896484375
710.577759      1148.5286865234
710.901062      1197.4022216797
711.224426      1110.7626953125
711.547668      1106.3197021484
711.870911      1135.1994628906
712.194153      1132.9780273438
712.517212      1137.4210205078
712.840332      1097.4335937500
713.163391      1126.3133544922
713.486389      1192.9591064453
713.809326      1137.4210205078
714.132202      1077.4398193359
714.455078      1121.8703613281
714.777893      1101.8765869141
715.100586      1199.6237792969
715.423401      1035.2308349609
715.746094      1024.1231689453
716.068604      1132.9780273438
716.391235      1137.4210205078
716.713745      1117.4272460938
717.036255      1095.2120361328
717.358643      1144.0855712891
717.681030      1126.3133544922
718.003418      1146.3071289063
718.325745      1132.9780273438
718.647888      1124.0919189453
718.970154      1106.3197021484
719.292297      1086.3259277344
719.614380      1117.4272460938
719.936401      1099.6550292969
720.258423      1130.7564697266
720.580383      1150.7501220703
720.902283      1090.7690429688
721.224182      1135.1994628906
721.545959      1099.6550292969
721.867737      1132.9780273438
722.189453      1215.1744384766
722.511169      1181.8515625000
722.832764      1141.8640136719
723.154419      1210.7313232422
723.475952      1181.8515625000
723.797424      1164.0793457031
724.118896      1132.9780273438
724.440247      1130.7564697266
724.761597      1152.9716796875
725.082886      1104.0981445313
725.404175      1092.9904785156
725.725342      1126.3133544922
726.046509      1146.3071289063
726.367615      1086.3259277344
726.688721      1157.4147949219
727.009644      1106.3197021484
727.330688      1095.2120361328
727.651611      1121.8703613281
727.972473      1186.2945556641
728.293274      1106.3197021484
728.614075      1155.1932373047
728.934814      1186.2945556641
729.255493      1175.1870117188
729.576172      1204.0667724609
729.896729      1181.8515625000
730.217285      1152.9716796875
730.537720      1177.4084472656
730.858215      1219.6174316406
731.178650      1166.3009033203
731.498962      1166.3009033203
731.819214      1148.5286865234
732.139526      1119.6488037109
732.459778      1148.5286865234
732.779846      1112.9842529297
733.100037      1033.0092773438
733.420105      1141.8640136719
733.740112      1177.4084472656
734.060059      1141.8640136719
734.380066      1099.6550292969
734.699890      1161.8577880859
735.019775      1086.3259277344
735.339478      1232.9466552734
735.659241      1168.5223388672
735.978943      1152.9716796875
736.298584      1161.8577880859
736.618164      1119.6488037109
736.937744      1108.5411376953
737.257263      1152.9716796875
737.576599      1201.8452148438
737.896057      1135.1994628906
738.215393      1137.4210205078
738.534729      1164.0793457031
738.853943      1210.7313232422
739.173157      1126.3133544922
739.492371      1097.4335937500
739.811523      1175.1870117188
740.130493      1048.5600585938
740.449524      1099.6550292969
740.768555      1101.8765869141
741.087463      1090.7690429688
741.406311      1155.1932373047
741.725159      1275.1556396484
742.043945      1141.8640136719
742.362610      1139.6425781250
742.681396      1195.1806640625
743.000061      1137.4210205078
743.318604      1175.1870117188
743.637146      1168.5223388672
743.955627      1197.4022216797
744.274109      1070.7752685547
744.592407      1086.3259277344
744.910828      1099.6550292969
745.229126      1092.9904785156
745.547424      1188.5161132813
745.865540      1148.5286865234
746.183777      1155.1932373047
746.501892      1168.5223388672
746.819946      1224.0605468750
747.137939      1132.9780273438
747.455872      1144.0855712891
747.773865      1201.8452148438
748.091736      1181.8515625000
748.409485      1152.9716796875
748.727295      1217.3959960938
749.045044      1104.0981445313
749.362671      1155.1932373047
749.680298      1146.3071289063
749.997925      1121.8703613281
750.315491      1124.0919189453
750.632874      1159.6362304688
750.950378      1201.8452148438
751.267822      1126.3133544922
751.585083      1108.5411376953
751.902405      1044.1169433594
752.219666      1132.9780273438
752.536865      1141.8640136719
752.854004      1148.5286865234
753.171082      1128.5349121094
753.488159      1168.5223388672
753.805176      1090.7690429688
754.122070      1141.8640136719
754.439026      1086.3259277344
754.755920      1250.7188720703
755.072693      1181.8515625000
755.389465      1104.0981445313
755.706177      1130.7564697266
756.022888      1097.4335937500
756.339478      1208.5098876953
756.656006      1088.5474853516
756.972595      1150.7501220703
757.289063      1148.5286865234
757.605408      1099.6550292969
757.921814      1092.9904785156
758.238159      1128.5349121094
758.554443      1139.6425781250
758.870667      1166.3009033203
759.186890      1159.6362304688
759.503052      1206.2883300781
759.819092      1090.7690429688
760.135132      1164.0793457031
760.451172      1124.0919189453
760.767029      1164.0793457031
761.082947      1130.7564697266
761.398804      1135.1994628906
761.714600      1132.9780273438
762.030396      1086.3259277344
762.346008      1137.4210205078
762.661682      1152.9716796875
762.977295      1159.6362304688
763.292908      1190.7376708984
763.608337      1172.9654541016
763.923828      1115.2058105469
764.239258      1108.5411376953
764.554626      1124.0919189453
764.869873      1095.2120361328
765.185181      1164.0793457031
765.500427      1188.5161132813
765.815491      1130.7564697266
766.130615      1172.9654541016
766.445740      1092.9904785156
766.760803      1104.0981445313
767.075745      1204.0667724609
767.390686      1164.0793457031
767.705566      1144.0855712891
768.020386      1148.5286865234
768.335144      1101.8765869141
768.649902      1188.5161132813
768.964539      1186.2945556641
769.279175      1135.1994628906
769.593750      1084.1043701172
769.908264      1146.3071289063
770.222839      1088.5474853516
770.537170      1117.4272460938
770.851624      1097.4335937500
771.165955      1215.1744384766
771.480286      1170.7438964844
771.794495      1072.9968261719
772.108704      1104.0981445313
772.422852      1130.7564697266
772.736938      1144.0855712891
773.050964      1121.8703613281
773.364990      1159.6362304688
773.678894      1148.5286865234
773.992798      1184.0729980469
774.306641      1144.0855712891
774.620422      1097.4335937500
774.934204      1168.5223388672
775.247864      1059.6676025391
775.561584      1101.8765869141
775.875183      1224.0605468750
776.188721      1168.5223388672
776.502197      1117.4272460938
776.815735      1170.7438964844
777.129150      1166.3009033203
777.442444      1159.6362304688
777.755737      1132.9780273438
778.069092      1090.7690429688
778.382324      1121.8703613281
778.695435      1088.5474853516
779.008545      1155.1932373047
779.321594      1086.3259277344
779.634644      1061.8891601563
779.947571      1132.9780273438
780.260498      1121.8703613281
780.573364      1041.8953857422
780.886169      1150.7501220703
781.198975      1053.0030517578
781.511719      1181.8515625000
781.824402      1215.1744384766
782.136963      1128.5349121094
782.449585      1159.6362304688
782.762146      1150.7501220703
783.074646      1108.5411376953
783.387024      1141.8640136719
783.699402      1252.9403076172
784.011719      1126.3133544922
784.324097      1195.1806640625
784.636230      1141.8640136719
784.948425      1108.5411376953
785.260620      1128.5349121094
785.572632      1235.1680908203
785.884644      1144.0855712891
786.196655      1148.5286865234
786.508667      1188.5161132813
786.820496      1075.2182617188
787.132324      1137.4210205078
787.444153      1117.4272460938
787.755859      1166.3009033203
788.067566      1148.5286865234
788.379211      1112.9842529297
788.690796      1152.9716796875
789.002319      1170.7438964844
789.313782      1135.1994628906
789.625305      1055.2246093750
789.936707      1135.1994628906
790.247986      1144.0855712891
790.559326      1099.6550292969
790.870605      1184.0729980469
791.181763      1201.8452148438
791.492920      1146.3071289063
791.803955      1161.8577880859
792.115051      1144.0855712891
792.426086      1179.6300048828
792.737000      1079.6613769531
793.047913      1199.6237792969
793.358765      1132.9780273438
793.669495      1239.6112060547
793.980347      1224.0605468750
794.291016      1097.4335937500
794.601685      1144.0855712891
794.912292      1192.9591064453
795.222778      1139.6425781250
795.533325      1144.0855712891
795.843811      1144.0855712891
796.154175      1148.5286865234
796.464539      1141.8640136719
796.774902      1132.9780273438
797.085022      1119.6488037109
797.395325      1144.0855712891
797.705505      1199.6237792969
798.015625      1090.7690429688
798.325623      1070.7752685547
798.635620      1121.8703613281
798.945618      1177.4084472656
799.255554      1197.4022216797
799.565369      1128.5349121094
799.875183      1099.6550292969
800.184998      1135.1994628906
800.494690      1190.7376708984
800.804321      1135.1994628906
801.113953      1164.0793457031
801.423462      1081.8829345703
801.732910      1164.0793457031
802.042419      1161.8577880859
802.351868      1181.8515625000
802.661255      1097.4335937500
802.970520      1117.4272460938
803.279785      1137.4210205078
803.588989      1208.5098876953
803.898193      1135.1994628906
804.207275      1104.0981445313
804.516357      1141.8640136719
804.825378      1159.6362304688
805.134277      1195.1806640625
805.443176      1104.0981445313
805.752136      1139.6425781250
806.060974      1144.0855712891
806.369629      1184.0729980469
806.678406      1108.5411376953
806.987061      1141.8640136719
807.295715      1208.5098876953
807.604187      1226.2819824219
807.912720      1164.0793457031
808.221191      1172.9654541016
808.529663      1164.0793457031
808.837952      1126.3133544922
809.146301      1170.7438964844
809.454590      1090.7690429688
809.762756      1150.7501220703
810.070923      1126.3133544922
810.379028      1148.5286865234
810.687073      1108.5411376953
810.995117      1119.6488037109
811.303040      1155.1932373047
811.611023      1112.9842529297
811.918884      1124.0919189453
812.226624      1124.0919189453
812.534424      1101.8765869141
812.842163      1139.6425781250
813.149719      1159.6362304688
813.457397      1128.5349121094
813.764954      1141.8640136719
814.072510      1206.2883300781
814.379883      1219.6174316406
814.687378      1108.5411376953
814.994690      1170.7438964844
815.302063      1215.1744384766
815.609314      1090.7690429688
815.916504      1112.9842529297
816.223694      1204.0667724609
816.530762      1106.3197021484
816.837830      1148.5286865234
817.144836      1101.8765869141
817.451843      1206.2883300781
817.758667      1137.4210205078
818.065552      1110.7626953125
818.372375      1104.0981445313
818.679138      1126.3133544922
818.985779      1097.4335937500
819.292480      1119.6488037109
819.599121      1179.6300048828
819.905701      1086.3259277344
820.212158      1144.0855712891
820.518616      1079.6613769531
820.825012      1137.4210205078
821.131348      1104.0981445313
821.437683      1164.0793457031
821.743896      1146.3071289063
822.050110      1110.7626953125
822.356262      1110.7626953125
822.662415      1128.5349121094
822.968445      1088.5474853516
823.274475      1104.0981445313
823.580322      1112.9842529297
823.886292      1195.1806640625
824.192200      1139.6425781250
824.497864      1106.3197021484
824.803711      1126.3133544922
825.109375      1204.0667724609
825.415039      1157.4147949219
825.720581      1155.1932373047
826.026184      1217.3959960938
826.331665      1186.2945556641
826.637146      1126.3133544922
826.942444      1208.5098876953
827.247803      1108.5411376953
827.553162      1130.7564697266
827.858398      1226.2819824219
828.163574      1206.2883300781
828.468750      1117.4272460938
828.773804      1239.6112060547
829.078796      1146.3071289063
829.383850      1144.0855712891
829.688782      1150.7501220703
829.993713      1161.8577880859
830.298462      1141.8640136719
830.603271      1141.8640136719
830.908020      1161.8577880859
831.212708      1141.8640136719
831.517273      1201.8452148438
831.821960      1157.4147949219
832.126465      1059.6676025391
832.430908      1224.0605468750
832.735352      1137.4210205078
833.039734      1150.7501220703
833.344116      1128.5349121094
833.648315      1101.8765869141
833.952576      1130.7564697266
834.256714      1066.3321533203
834.560913      1135.1994628906
834.864929      1150.7501220703
835.169006      1161.8577880859
835.472961      1126.3133544922
835.776917      1159.6362304688
836.080750      1106.3197021484
836.384583      1110.7626953125
836.688354      1130.7564697266
836.992004      1164.0793457031
837.295654      1128.5349121094
837.599365      1119.6488037109
837.902893      1210.7313232422
838.206360      1201.8452148438
838.509827      1124.0919189453
838.813293      1159.6362304688
839.116699      1204.0667724609
839.419922      1135.1994628906
839.723206      1117.4272460938
840.026428      1030.7878417969
840.329590      1084.1043701172
840.632690      1157.4147949219
840.935730      1124.0919189453
841.238708      1106.3197021484
841.541626      1155.1932373047
841.844543      1117.4272460938
842.147461      1135.1994628906
842.450256      1092.9904785156
842.752930      1137.4210205078
843.055664      1108.5411376953
843.358337      1139.6425781250
843.660889      1195.1806640625
843.963440      1175.1870117188
844.265930      1168.5223388672
844.568420      1090.7690429688
844.870728      1124.0919189453
845.173096      1135.1994628906
845.475403      1101.8765869141
845.777649      1090.7690429688
846.079834      1152.9716796875
846.381958      1141.8640136719
846.684021      1208.5098876953
846.986145      1130.7564697266
847.288025      1164.0793457031
847.589966      1201.8452148438
847.891846      1150.7501220703
848.193665      1130.7564697266
848.495483      1119.6488037109
848.797180      1057.4460449219
849.098877      1186.2945556641
849.400452      1119.6488037109
849.702026      1117.4272460938
850.003540      1019.6801757813
850.304993      1119.6488037109
850.606445      1232.9466552734
850.907776      1137.4210205078
851.209106      1077.4398193359
851.510315      1088.5474853516
851.811584      1112.9842529297
852.112671      1075.2182617188
852.413879      1168.5223388672
852.714844      1128.5349121094
853.015869      1108.5411376953
853.316833      1053.0030517578
853.617737      1164.0793457031
853.918579      1117.4272460938
854.219360      1159.6362304688
854.520142      1121.8703613281
854.820862      1130.7564697266
855.121399      1110.7626953125
855.421997      1188.5161132813
855.722595      1179.6300048828
856.023071      1121.8703613281
856.323486      1050.7814941406
856.623901      1181.8515625000
856.924255      1255.1618652344
857.224487      1119.6488037109
857.524719      1170.7438964844
857.824890      1144.0855712891
858.125000      1126.3133544922
858.425049      1228.5035400391
858.725098      1124.0919189453
859.025085      1117.4272460938
859.325012      1070.7752685547
859.624817      1081.8829345703
859.924683      1119.6488037109
860.224487      1186.2945556641
860.524170      1101.8765869141
860.823792      1115.2058105469
861.123474      1086.3259277344
861.422974      1195.1806640625
861.722412      1148.5286865234
862.021912      1068.5537109375
862.321350      1164.0793457031
862.620728      1110.7626953125
862.919983      1159.6362304688
863.219238      1184.0729980469
863.518433      1115.2058105469
863.817505      1146.3071289063
864.116638      1115.2058105469
864.415710      1172.9654541016
864.714722      1148.5286865234
865.013550      1159.6362304688
865.312439      1208.5098876953
865.611328      1161.8577880859
865.910156      1121.8703613281
866.208801      1192.9591064453
866.507507      1144.0855712891
866.806091      1141.8640136719
867.104614      1084.1043701172
867.403137      1172.9654541016
867.701660      1135.1994628906
868.000061      1119.6488037109
868.298401      1199.6237792969
868.596741      1152.9716796875
868.894958      1117.4272460938
869.193237      1077.4398193359
869.491333      1139.6425781250
869.789429      1121.8703613281
870.087524      1170.7438964844
870.385498      1175.1870117188
870.683411      1055.2246093750
870.981323      1081.8829345703
871.279236      1144.0855712891
871.576965      1184.0729980469
871.874695      1084.1043701172
872.172363      1092.9904785156
872.470032      1141.8640136719
872.767578      1108.5411376953
873.065125      1108.5411376953
873.362549      1090.7690429688
873.660034      1177.4084472656
873.957397      1188.5161132813
874.254700      1159.6362304688
874.552002      1124.0919189453
874.849182      1137.4210205078
875.146362      1130.7564697266
875.443481      1132.9780273438
875.740540      1086.3259277344
876.037476      1135.1994628906
876.334473      1155.1932373047
876.631348      1152.9716796875
876.928223      1099.6550292969
877.224976      1104.0981445313
877.521729      1190.7376708984
877.818420      1148.5286865234
878.115112      1181.8515625000
878.411621      1170.7438964844
878.708191      1112.9842529297
879.004700      1188.5161132813
879.301086      1135.1994628906
879.597473      1172.9654541016
879.893799      1215.1744384766
880.190063      1199.6237792969
880.486267      1126.3133544922
880.782471      1112.9842529297
881.078613      1146.3071289063
881.374695      1126.3133544922
881.670654      1139.6425781250
881.966614      1132.9780273438
882.262573      1110.7626953125
882.558350      1119.6488037109
882.854126      1117.4272460938
883.149902      1172.9654541016
883.445618      1128.5349121094
883.741211      1108.5411376953
884.036865      1164.0793457031
884.332336      1195.1806640625
884.627869      1152.9716796875
884.923218      1144.0855712891
885.218689      1110.7626953125
885.513977      1119.6488037109
885.809265      1088.5474853516
886.104492      1137.4210205078
886.399658      1166.3009033203
886.694763      1137.4210205078
886.989807      1088.5474853516
887.284790      1164.0793457031
887.579773      1152.9716796875
887.874695      1152.9716796875
888.169495      1115.2058105469
888.464355      1137.4210205078
888.759094      1204.0667724609
889.053772      1146.3071289063
889.348389      1168.5223388672
