0.240000
190.260635         0.0000000000
190.642441         0.0000000000
191.024216      1106.4642333984
191.405975      1050.3554687500
191.787704      1128.9077148438
192.169403      1079.5319824219
192.551071      1169.3059082031
192.932724      1176.0390625000
193.314331      1133.3963623047
193.695923      1142.3737792969
194.077499      1187.2607421875
194.459030      1122.1745605469
194.840546      1223.1702880859
195.222031      1263.5686035156
195.603485      1182.7720947266
195.984909      1131.1519775391
196.366302      1225.4146728516
196.747681      1158.0842285156
197.129028      1205.2155761719
197.510345      1189.5051269531
197.891647      1243.3695068359
198.272919      1173.7946777344
198.654175      1189.5051269531
199.035355      1250.1025390625
199.416550      1263.5686035156
199.797714      1119.9302978516
200.178848      1092.9980468750
200.559937      1196.2381591797
200.941025      1151.3511962891
201.322083      1209.7042236328
201.703079      1144.6181640625
202.084091      1169.3059082031
202.465057      1178.2833251953
202.845993      1108.7084960938
203.226898      1214.1929931641
203.607788      1167.0616455078
203.988647      1229.9034423828
204.369461      1126.6633300781
204.750275      1140.1293945313
205.131042      1108.7084960938
205.511795      1229.9034423828
205.892517      1137.8850097656
206.273209      1110.9528808594
206.653870      1113.1972656250
207.034515      1153.5954589844
207.415115      1214.1929931641
207.795700      1110.9528808594
208.176254      1182.7720947266
208.556778      1180.5277099609
208.937271      1162.5728759766
209.317749      1151.3511962891
209.698196      1173.7946777344
210.078613      1131.1519775391
210.459000      1155.8398437500
210.839371      1128.9077148438
211.219696      1133.3963623047
211.600006      1119.9302978516
211.980286      1084.0206298828
212.360535      1173.7946777344
212.740768      1158.0842285156
213.120956      1144.6181640625
213.501129      1234.3920898438
213.881256      1106.4642333984
214.261383      1095.2424316406
214.641464      1205.2155761719
215.021530      1173.7946777344
215.401550      1144.6181640625
215.781570      1144.6181640625
216.161530      1164.8172607422
216.541504      1119.9302978516
216.921402      1191.7493896484
217.301315      1182.7720947266
217.681152      1209.7042236328
218.061005      1178.2833251953
218.440811      1131.1519775391
218.820587      1108.7084960938
219.200348      1178.2833251953
219.580078      1124.4189453125
219.959763      1146.8624267578
220.339432      1180.5277099609
220.719070      1128.9077148438
221.098694      1216.4372558594
221.478271      1140.1293945313
221.857819      1126.6633300781
222.237366      1155.8398437500
222.616867      1124.4189453125
222.996338      1133.3963623047
223.375778      1180.5277099609
223.755188      1155.8398437500
224.134583      1169.3059082031
224.513947      1153.5954589844
224.893265      1140.1293945313
225.272583      1155.8398437500
225.651855      1180.5277099609
226.031097      1140.1293945313
226.410339      1169.3059082031
226.789520      1108.7084960938
227.168686      1211.9486083984
227.547806      1191.7493896484
227.926926      1176.0390625000
228.306015      1178.2833251953
228.685059      1196.2381591797
229.064087      1185.0163574219
229.443069      1113.1972656250
229.822037      1202.9711914063
230.200989      1155.8398437500
230.579895      1178.2833251953
230.958786      1227.6590576172
231.337631      1171.5502929688
231.716461      1088.5093994141
232.095261      1158.0842285156
232.474030      1144.6181640625
232.852783      1122.1745605469
233.231476      1137.8850097656
233.610184      1158.0842285156
233.988831      1155.8398437500
234.367462      1142.3737792969
234.746048      1153.5954589844
235.124649      1205.2155761719
235.503159      1193.9937744141
235.881683      1200.7268066406
236.260162      1193.9937744141
236.638641      1202.9711914063
237.017075      1158.0842285156
237.395477      1144.6181640625
237.773834      1128.9077148438
238.152176      1180.5277099609
238.530502      1099.7310791016
238.908783      1092.9980468750
239.287048      1209.7042236328
239.665268      1158.0842285156
240.043472      1097.4868164063
240.421661      1167.0616455078
240.799805      1205.2155761719
241.177902      1081.7763671875
241.556000      1059.3328857422
241.934052      1101.9754638672
242.312088      1146.8624267578
242.690094      1171.5502929688
243.068054      1146.8624267578
243.446014      1153.5954589844
243.823929      1180.5277099609
244.201813      1180.5277099609
244.579666      1133.3963623047
244.957504      1153.5954589844
245.335297      1245.6137695313
245.713074      1153.5954589844
246.090820      1133.3963623047
246.468536      1178.2833251953
246.846207      1117.6859130859
247.223862      1169.3059082031
247.601501      1153.5954589844
247.979095      1072.7989501953
248.356674      1182.7720947266
248.734222      1162.5728759766
249.111725      1151.3511962891
249.489212      1196.2381591797
249.866669      1110.9528808594
250.244095      1182.7720947266
250.621506      1173.7946777344
250.998871      1205.2155761719
251.376221      1232.1477050781
251.753510      1144.6181640625
252.130814      1202.9711914063
252.508057      1149.1068115234
252.885284      1146.8624267578
253.262466      1164.8172607422
253.639648      1180.5277099609
254.016769      1182.7720947266
254.393906      1155.8398437500
254.770966      1101.9754638672
255.148026      1133.3963623047
255.525040      1158.0842285156
255.902054      1137.8850097656
256.278992      1151.3511962891
256.655945      1178.2833251953
257.032837      1167.0616455078
257.409729      1146.8624267578
257.786591      1162.5728759766
258.163391      1171.5502929688
258.540161      1155.8398437500
258.916962      1135.6407470703
259.293701      1151.3511962891
259.670380      1171.5502929688
260.047058      1191.7493896484
260.423706      1187.2607421875
260.800323      1176.0390625000
261.176880      1160.3286132813
261.553436      1169.3059082031
261.929962      1162.5728759766
262.306488      1144.6181640625
262.682953      1205.2155761719
263.059387      1160.3286132813
263.435791      1176.0390625000
263.812195      1176.0390625000
264.188507      1144.6181640625
264.564850      1167.0616455078
264.941132      1117.6859130859
265.317413      1142.3737792969
265.693634      1137.8850097656
266.069885      1236.6364746094
266.446045      1198.4825439453
266.822174      1115.4415283203
267.198273      1155.8398437500
267.574371      1160.3286132813
267.950439      1115.4415283203
268.326447      1214.1929931641
268.702454      1198.4825439453
269.078430      1084.0206298828
269.454376      1164.8172607422
269.830292      1169.3059082031
270.206146      1133.3963623047
270.582001      1133.3963623047
270.957825      1104.2198486328
271.333618      1173.7946777344
271.709381      1133.3963623047
272.085144      1191.7493896484
272.460815      1173.7946777344
272.836487      1142.3737792969
273.212128      1122.1745605469
273.587769      1117.6859130859
273.963348      1189.5051269531
274.338898      1153.5954589844
274.714447      1164.8172607422
275.089935      1178.2833251953
275.465393      1119.9302978516
275.840820      1142.3737792969
276.216278      1180.5277099609
276.591644      1137.8850097656
276.966949      1151.3511962891
277.342285      1189.5051269531
277.717590      1131.1519775391
278.092834      1254.5911865234
278.468048      1117.6859130859
278.843262      1171.5502929688
279.218445      1142.3737792969
279.593567      1119.9302978516
279.968658      1196.2381591797
280.343781      1110.9528808594
280.718811      1155.8398437500
281.093842      1185.0163574219
281.468811      1189.5051269531
281.843781      1146.8624267578
282.218719      1137.8850097656
282.593628      1173.7946777344
282.968506      1189.5051269531
283.343353      1198.4825439453
283.718170      1182.7720947266
284.092896      1162.5728759766
284.467682      1117.6859130859
284.842407      1167.0616455078
285.217102      1142.3737792969
285.591766      1153.5954589844
285.966400      1187.2607421875
286.340973      1119.9302978516
286.715576      1164.8172607422
287.090118      1155.8398437500
287.464630      1122.1745605469
287.839081      1176.0390625000
288.213562      1169.3059082031
288.587982      1151.3511962891
288.962372      1142.3737792969
289.336731      1108.7084960938
289.711060      1063.8215332031
290.085327      1124.4189453125
290.459625      1135.6407470703
290.833862      1140.1293945313
291.208069      1173.7946777344
291.582275      1169.3059082031
291.956421      1115.4415283203
292.330505      1146.8624267578
292.704620      1126.6633300781
293.078705      1142.3737792969
293.452698      1182.7720947266
293.826691      1137.8850097656
294.200684      1200.7268066406
294.574615      1133.3963623047
294.948517      1135.6407470703
295.322388      1149.1068115234
295.696259      1119.9302978516
296.070068      1110.9528808594
296.443848      1185.0163574219
296.817596      1135.6407470703
297.191345      1137.8850097656
297.565063      1218.6816406250
297.938690      1167.0616455078
298.312317      1128.9077148438
298.685913      1092.9980468750
299.059540      1167.0616455078
299.433044      1146.8624267578
299.806549      1185.0163574219
300.180054      1128.9077148438
300.553528      1180.5277099609
300.926910      1086.2650146484
301.300323      1162.5728759766
301.673676      1158.0842285156
302.046997      1200.7268066406
302.420319      1133.3963623047
302.793579      1142.3737792969
303.166809      1158.0842285156
303.540039      1099.7310791016
303.913208      1176.0390625000
304.286377      1202.9711914063
304.659454      1122.1745605469
305.032593      1171.5502929688
305.405609      1142.3737792969
305.778656      1110.9528808594
306.151611      1149.1068115234
306.524597      1169.3059082031
306.897522      1113.1972656250
307.270416      1209.7042236328
307.643280      1137.8850097656
308.016144      1193.9937744141
308.388916      1077.2875976563
308.761749      1214.1929931641
309.134460      1160.3286132813
309.507202      1173.7946777344
309.879913      1142.3737792969
310.252563      1207.4598388672
310.625153      1180.5277099609
310.997742      1164.8172607422
311.370361      1108.7084960938
311.742859      1155.8398437500
312.115356      1158.0842285156
312.487823      1151.3511962891
312.860291      1142.3737792969
313.232697      1220.9260253906
313.605042      1124.4189453125
313.977386      1164.8172607422
314.349731      1211.9486083984
314.721985      1149.1068115234
315.094269      1104.2198486328
315.466492      1193.9937744141
315.838684      1171.5502929688
316.210846      1167.0616455078
316.582977      1135.6407470703
316.955048      1171.5502929688
317.327148      1164.8172607422
317.699158      1137.8850097656
318.071167      1178.2833251953
318.443176      1146.8624267578
318.815125      1160.3286132813
319.187012      1153.5954589844
319.558868      1149.1068115234
319.930756      1104.2198486328
320.302582      1108.7084960938
320.674347      1072.7989501953
321.046112      1110.9528808594
321.417847      1061.5771484375
321.789581      1185.0163574219
322.161224      1124.4189453125
322.532867      1140.1293945313
322.904419      1140.1293945313
323.276031      1146.8624267578
323.647583      1187.2607421875
324.019073      1229.9034423828
324.390533      1164.8172607422
324.762024      1117.6859130859
325.133423      1140.1293945313
325.504791      1178.2833251953
325.876129      1146.8624267578
326.247467      1180.5277099609
326.618774      1101.9754638672
326.990021      1151.3511962891
327.361237      1131.1519775391
327.732452      1144.6181640625
328.103607      1169.3059082031
328.474731      1072.7989501953
328.845825      1115.4415283203
329.216919      1144.6181640625
329.587952      1122.1745605469
329.958954      1124.4189453125
330.329926      1135.6407470703
330.700867      1176.0390625000
331.071808      1234.3920898438
331.442688      1173.7946777344
331.813507      1182.7720947266
332.184357      1092.9980468750
332.555115      1144.6181640625
332.925873      1164.8172607422
333.296570      1084.0206298828
333.667267      1162.5728759766
334.037994      1220.9260253906
334.408600      1149.1068115234
334.779144      1193.9937744141
335.149750      1133.3963623047
335.520294      1180.5277099609
335.890778      1117.6859130859
336.261230      1097.4868164063
336.631683      1146.8624267578
337.002106      1099.7310791016
337.372498      1149.1068115234
337.742798      1101.9754638672
338.113129      1153.5954589844
338.483429      1198.4825439453
338.853668      1238.8807373047
339.223907      1209.7042236328
339.594086      1171.5502929688
339.964233      1187.2607421875
340.334381      1153.5954589844
340.704437      1131.1519775391
341.074493      1135.6407470703
341.444519      1205.2155761719
341.814545      1171.5502929688
342.184509      1122.1745605469
342.554413      1191.7493896484
342.924347      1164.8172607422
343.294220      1171.5502929688
343.664032      1169.3059082031
344.033813      1209.7042236328
344.403595      1189.5051269531
344.773346      1211.9486083984
345.143036      1142.3737792969
345.512695      1115.4415283203
345.882385      1124.4189453125
346.251984      1198.4825439453
346.621552      1162.5728759766
346.991089      1149.1068115234
347.360626      1126.6633300781
347.730103      1171.5502929688
348.099548      1110.9528808594
348.468964      1108.7084960938
348.838379      1173.7946777344
349.207764      1158.0842285156
349.577057      1119.9302978516
349.946320      1162.5728759766
350.315582      1113.1972656250
350.684845      1081.7763671875
351.054047      1169.3059082031
351.423157      1225.4146728516
351.792328      1151.3511962891
352.161438      1077.2875976563
352.530487      1099.7310791016
352.899506      1169.3059082031
353.268524      1149.1068115234
353.637512      1162.5728759766
354.006409      1124.4189453125
354.375336      1196.2381591797
354.744232      1151.3511962891
355.113068      1169.3059082031
355.481873      1164.8172607422
355.850616      1151.3511962891
356.219391      1162.5728759766
356.588135      1176.0390625000
356.956818      1099.7310791016
357.325470      1171.5502929688
357.694031      1142.3737792969
358.062653      1092.9980468750
358.431213      1137.8850097656
358.799713      1131.1519775391
359.168182      1142.3737792969
359.536652      1113.1972656250
359.905090      1167.0616455078
360.273438      1211.9486083984
360.641785      1090.7537841797
361.010132      1167.0616455078
361.378448      1144.6181640625
361.746704      1142.3737792969
362.114899      1066.0659179688
362.483124      1191.7493896484
362.851288      1135.6407470703
363.219421      1241.1251220703
363.587463      1137.8850097656
363.955566      1128.9077148438
364.323608      1146.8624267578
364.691589      1218.6816406250
365.059540      1164.8172607422
365.427490      1182.7720947266
365.795410      1115.4415283203
366.163269      1086.2650146484
366.531067      1054.8441162109
366.898895      1108.7084960938
367.266693      1162.5728759766
367.634430      1193.9937744141
368.002106      1167.0616455078
368.369812      1205.2155761719
368.737457      1162.5728759766
369.105042      1128.9077148438
369.472595      1117.6859130859
369.840149      1146.8624267578
370.207672      1131.1519775391
370.575134      1142.3737792969
370.942566      1182.7720947266
371.309998      1164.8172607422
371.677399      1140.1293945313
372.044708      1137.8850097656
372.411987      1137.8850097656
372.779297      1149.1068115234
373.146576      1018.9345703125
373.513794      1158.0842285156
373.880951      1126.6633300781
374.248077      1108.7084960938
374.615204      1146.8624267578
374.982300      1106.4642333984
375.349365      1068.3101806641
375.716339      1153.5954589844
376.083374      1182.7720947266
376.450317      1171.5502929688
376.817230      1137.8850097656
377.184082      1196.2381591797
377.550964      1137.8850097656
377.917786      1155.8398437500
378.284576      1128.9077148438
378.651306      1160.3286132813
379.018036      1209.7042236328
379.384735      1191.7493896484
379.751373      1247.8581542969
380.117981      1185.0163574219
380.484589      1227.6590576172
380.851166      1169.3059082031
381.217651      1122.1745605469
381.584137      1144.6181640625
381.950623      1131.1519775391
382.317017      1205.2155761719
382.683411      1135.6407470703
383.049774      1072.7989501953
383.416107      1193.9937744141
383.782410      1142.3737792969
384.148651      1180.5277099609
384.514832      1173.7946777344
384.881042      1223.1702880859
385.247223      1133.3963623047
385.613342      1119.9302978516
385.979401      1209.7042236328
386.345459      1126.6633300781
386.711517      1191.7493896484
387.077484      1142.3737792969
387.443420      1142.3737792969
387.809357      1149.1068115234
388.175262      1185.0163574219
388.541107      1167.0616455078
388.906891      1137.8850097656
389.272705      1124.4189453125
389.638489      1095.2424316406
390.004211      1162.5728759766
390.369873      1164.8172607422
390.735535      1173.7946777344
391.101196      1209.7042236328
391.466766      1189.5051269531
391.832336      1160.3286132813
392.197815      1171.5502929688
392.563324      1187.2607421875
392.928802      1140.1293945313
393.294189      1180.5277099609
393.659607      1153.5954589844
394.024963      1122.1745605469
394.390289      1180.5277099609
394.755554      1115.4415283203
395.120789      1196.2381591797
395.486023      1216.4372558594
395.851227      1153.5954589844
396.216370      1198.4825439453
396.581482      1131.1519775391
396.946564      1119.9302978516
397.311646      1126.6633300781
397.676636      1185.0163574219
398.041626      1202.9711914063
398.406586      1185.0163574219
398.771515      1158.0842285156
399.136383      1187.2607421875
399.501221      1149.1068115234
399.866058      1167.0616455078
400.230865      1176.0390625000
400.595581      1160.3286132813
400.960297      1185.0163574219
401.324982      1133.3963623047
401.689636      1187.2607421875
402.054230      1214.1929931641
402.418793      1158.0842285156
402.783356      1196.2381591797
403.147919      1119.9302978516
403.512360      1198.4825439453
403.876770      1173.7946777344
404.241211      1158.0842285156
404.605621      1158.0842285156
404.969910      1227.6590576172
405.334229      1133.3963623047
405.698517      1169.3059082031
406.062775      1158.0842285156
406.426971      1128.9077148438
406.791107      1128.9077148438
407.155273      1131.1519775391
407.519379      1180.5277099609
407.883484      1189.5051269531
408.247498      1178.2833251953
408.611481      1151.3511962891
408.975464      1187.2607421875
409.339417      1140.1293945313
409.703308      1092.9980468750
410.067169      1153.5954589844
410.431030      1081.7763671875
410.794800      1144.6181640625
411.158569      1117.6859130859
411.522278      1155.8398437500
411.885986      1171.5502929688
412.249664      1162.5728759766
412.613312      1084.0206298828
412.976868      1153.5954589844
413.340454      1173.7946777344
413.703979      1198.4825439453
414.067474      1108.7084960938
414.430908      1155.8398437500
414.794342      1162.5728759766
415.157745      1162.5728759766
415.521088      1068.3101806641
415.884369      1171.5502929688
416.247711      1124.4189453125
416.610931      1097.4868164063
416.974152      1137.8850097656
417.337341      1115.4415283203
417.700500      1135.6407470703
418.063629      1187.2607421875
418.426697      1202.9711914063
418.789703      1200.7268066406
419.152740      1146.8624267578
419.515717      1173.7946777344
419.878662      1189.5051269531
420.241577      1167.0616455078
420.604431      1144.6181640625
420.967285      1097.4868164063
421.330109      1126.6633300781
421.692841      1131.1519775391
422.055603      1178.2833251953
422.418335      1151.3511962891
422.780975      1142.3737792969
423.143585      1151.3511962891
423.506226      1081.7763671875
423.868774      1171.5502929688
424.231293      1155.8398437500
424.593811      1164.8172607422
424.956238      1176.0390625000
425.318665      1247.8581542969
425.681091      1124.4189453125
426.043427      1101.9754638672
426.405731      1149.1068115234
426.768036      1158.0842285156
427.130310      1180.5277099609
427.492493      1160.3286132813
427.854675      1162.5728759766
428.216858      1140.1293945313
428.578979      1153.5954589844
428.941040      1176.0390625000
429.303040      1135.6407470703
429.665070      1113.1972656250
430.027069      1101.9754638672
430.389008      1171.5502929688
430.750885      1164.8172607422
431.112762      1164.8172607422
431.474640      1225.4146728516
431.836395      1149.1068115234
432.198181      1180.5277099609
432.559937      1151.3511962891
432.921600      1164.8172607422
433.283264      1185.0163574219
433.644867      1095.2424316406
434.006500      1155.8398437500
434.368073      1173.7946777344
434.729553      1171.5502929688
435.091034      1135.6407470703
435.452515      1171.5502929688
435.813934      1104.2198486328
436.175293      1088.5093994141
436.536621      1227.6590576172
436.897949      1137.8850097656
437.259277      1193.9937744141
437.620483      1209.7042236328
437.981659      1223.1702880859
438.342865      1153.5954589844
438.704010      1185.0163574219
439.065125      1142.3737792969
439.426178      1176.0390625000
439.787201      1108.7084960938
440.148224      1187.2607421875
440.509186      1160.3286132813
440.870087      1124.4189453125
441.230988      1081.7763671875
441.591858      1140.1293945313
441.952667      1155.8398437500
442.313416      1171.5502929688
442.674194      1122.1745605469
443.034912      1176.0390625000
443.395630      1176.0390625000
443.756226      1187.2607421875
444.116852      1189.5051269531
444.477417      1097.4868164063
444.837982      1092.9980468750
445.198456      1153.5954589844
445.558960      1079.5319824219
445.919403      1081.7763671875
446.279816      1119.9302978516
446.640106      1133.3963623047
447.000458      1108.7084960938
447.360779      1182.7720947266
447.721039      1115.4415283203
448.081207      1133.3963623047
448.441406      1149.1068115234
448.801575      1144.6181640625
449.161713      1229.9034423828
449.521759      1128.9077148438
449.881805      1110.9528808594
450.241852      1171.5502929688
450.601837      1101.9754638672
450.961792      1066.0659179688
451.321655      1180.5277099609
451.681549      1158.0842285156
452.041382      1144.6181640625
452.401184      1149.1068115234
452.760895      1193.9937744141
453.120636      1153.5954589844
453.480347      1151.3511962891
453.840027      1113.1972656250
454.199585      1171.5502929688
454.559174      1178.2833251953
454.918762      1144.6181640625
455.278290      1124.4189453125
455.637726      1117.6859130859
455.997162      1225.4146728516
456.356598      1119.9302978516
456.715973      1180.5277099609
457.075287      1173.7946777344
457.434570      1202.9711914063
457.793854      1158.0842285156
458.153107      1173.7946777344
458.512268      1180.5277099609
458.871429      1061.5771484375
459.230560      1176.0390625000
459.589661      1117.6859130859
459.948639      1122.1745605469
460.307678      1095.2424316406
460.666687      1162.5728759766
461.025635      1193.9937744141
461.384491      1180.5277099609
461.743378      1135.6407470703
462.102264      1142.3737792969
462.461060      1202.9711914063
462.819794      1131.1519775391
463.178497      1167.0616455078
463.537231      1173.7946777344
463.895905      1133.3963623047
464.254456      1158.0842285156
464.613068      1146.8624267578
464.971649      1126.6633300781
465.330170      1124.4189453125
465.688568      1211.9486083984
466.047028      1211.9486083984
466.405457      1220.9260253906
466.763855      1119.9302978516
467.122192      1144.6181640625
467.480438      1146.8624267578
467.838715      1153.5954589844
468.196960      1104.2198486328
468.555176      1115.4415283203
468.913269      1117.6859130859
469.271393      1095.2424316406
469.629486      1185.0163574219
469.987549      1162.5728759766
470.345520      1214.1929931641
470.703491      1106.4642333984
471.061462      1178.2833251953
471.419342      1137.8850097656
471.777191      1095.2424316406
472.135040      1124.4189453125
472.492828      1140.1293945313
472.850586      1202.9711914063
473.208282      1115.4415283203
473.565979      1142.3737792969
473.923615      1113.1972656250
474.281281      1079.5319824219
474.638794      1167.0616455078
474.996338      1164.8172607422
475.353851      1185.0163574219
475.711334      1135.6407470703
476.068726      1214.1929931641
476.426117      1189.5051269531
476.783478      1214.1929931641
477.140808      1149.1068115234
477.498077      1200.7268066406
477.855316      1200.7268066406
478.212555      1115.4415283203
478.569763      1151.3511962891
478.926819      1189.5051269531
479.283936      1092.9980468750
479.641022      1223.1702880859
479.998077      1140.1293945313
480.355011      1054.8441162109
480.711975      1173.7946777344
481.068939      1149.1068115234
481.425842      1171.5502929688
481.782623      1191.7493896484
482.139435      1155.8398437500
482.496216      1092.9980468750
482.852966      1180.5277099609
483.209717      1167.0616455078
483.566315      1169.3059082031
483.922943      1137.8850097656
484.279572      1164.8172607422
484.636139      1207.4598388672
484.992615      1115.4415283203
485.349121      1135.6407470703
485.705566      1238.8807373047
486.062012      1119.9302978516
486.418304      1137.8850097656
486.774689      1137.8850097656
487.130981      1146.8624267578
487.487274      1158.0842285156
487.843445      1108.7084960938
488.199615      1173.7946777344
488.555786      1099.7310791016
488.911957      1171.5502929688
489.267975      1176.0390625000
489.624023      1140.1293945313
489.980042      1092.9980468750
490.336029      1142.3737792969
490.691925      1135.6407470703
491.047821      1128.9077148438
491.403687      1209.7042236328
491.759521      1176.0390625000
492.115265      1180.5277099609
492.471008      1160.3286132813
492.826752      1218.6816406250
493.182434      1142.3737792969
493.538025      1189.5051269531
493.893646      1133.3963623047
494.249207      1113.1972656250
494.604736      1140.1293945313
494.960205      1167.0616455078
495.315674      1196.2381591797
495.671082      1079.5319824219
496.026489      1108.7084960938
496.381775      1075.0433349609
496.737091      1117.6859130859
497.092377      1218.6816406250
497.447632      1117.6859130859
497.802795      1160.3286132813
498.157959      1106.4642333984
498.513062      1146.8624267578
498.868195      1115.4415283203
499.223175      1110.9528808594
499.578217      1133.3963623047
499.933167      1128.9077148438
500.288116      1162.5728759766
500.643036      1155.8398437500
500.997833      1182.7720947266
501.352692      1167.0616455078
501.707489      1144.6181640625
502.062225      1124.4189453125
502.416901      1084.0206298828
502.771606      1149.1068115234
503.126221      1153.5954589844
503.480865      1176.0390625000
503.835358      1095.2424316406
504.189941      1115.4415283203
504.544434      1158.0842285156
504.898865      1137.8850097656
505.253265      1140.1293945313
505.607635      1180.5277099609
505.961975      1169.3059082031
506.316315      1173.7946777344
506.670532      1140.1293945313
507.024750      1158.0842285156
507.378967      1117.6859130859
507.733154      1113.1972656250
508.087189      1193.9937744141
508.441315      1180.5277099609
508.795349      1068.3101806641
509.149353      1119.9302978516
509.503265      1176.0390625000
509.857208      1149.1068115234
510.211121      1142.3737792969
510.565002      1182.7720947266
510.918762      1149.1068115234
511.272583      1142.3737792969
511.626312      1137.8850097656
511.980042      1104.2198486328
512.333618      1063.8215332031
512.687256      1153.5954589844
513.040894      1135.6407470703
513.394470      1113.1972656250
513.747925      1158.0842285156
514.101440      1151.3511962891
514.454895      1189.5051269531
514.808289      1135.6407470703
515.161621      1119.9302978516
515.514893      1119.9302978516
515.868225      1084.0206298828
516.221497      1128.9077148438
516.574707      1101.9754638672
516.927856      1108.7084960938
517.281006      1160.3286132813
517.634155      1151.3511962891
517.987183      1126.6633300781
518.340210      1158.0842285156
518.693237      1158.0842285156
519.046204      1189.5051269531
519.399048      1151.3511962891
519.751892      1158.0842285156
520.104736      1178.2833251953
520.457520      1191.7493896484
520.810364      1164.8172607422
521.163025      1142.3737792969
521.515686      1155.8398437500
521.868408      1176.0390625000
522.221008      1133.3963623047
522.573547      1131.1519775391
522.926086      1099.7310791016
523.278625      1149.1068115234
523.631042      1151.3511962891
523.983459      1189.5051269531
524.335815      1079.5319824219
524.688171      1126.6633300781
525.040527      1117.6859130859
525.392761      1140.1293945313
525.744934      1180.5277099609
526.097168      1164.8172607422
526.449341      1176.0390625000
526.801453      1099.7310791016
527.153503      1173.7946777344
527.505554      1220.9260253906
527.857544      1135.6407470703
528.209534      1137.8850097656
528.561462      1263.5686035156
528.913330      1202.9711914063
529.265198      1151.3511962891
529.617004      1189.5051269531
529.968750      1142.3737792969
530.320496      1133.3963623047
530.672180      1162.5728759766
531.023804      1122.1745605469
531.375488      1196.2381591797
531.727051      1245.6137695313
532.078613      1193.9937744141
532.430115      1137.8850097656
532.781555      1119.9302978516
533.132996      1101.9754638672
533.484375      1162.5728759766
533.835815      1095.2424316406
534.187073      1220.9260253906
534.538330      1187.2607421875
534.889587      1122.1745605469
535.240784      1144.6181640625
535.591919      1128.9077148438
535.942993      1128.9077148438
536.294128      1169.3059082031
536.645203      1075.0433349609
536.996155      1191.7493896484
537.347107      1095.2424316406
537.698120      1137.8850097656
538.049011      1193.9937744141
538.399841      1238.8807373047
538.750610      1110.9528808594
539.101440      1171.5502929688
539.452209      1144.6181640625
539.802856      1191.7493896484
540.153503      1142.3737792969
540.504150      1075.0433349609
540.854736      1180.5277099609
541.205261      1133.3963623047
541.555786      1162.5728759766
541.906250      1153.5954589844
542.256714      1095.2424316406
542.607056      1144.6181640625
542.957458      1202.9711914063
543.307739      1113.1972656250
543.658020      1162.5728759766
544.008240      1189.5051269531
544.358398      1180.5277099609
544.708618      1153.5954589844
545.058777      1101.9754638672
545.408813      1162.5728759766
545.758850      1187.2607421875
546.108887      1086.2650146484
546.458862      1122.1745605469
546.808716      1126.6633300781
547.158691      1146.8624267578
547.508545      1173.7946777344
547.858337      1198.4825439453
548.208069      1158.0842285156
548.557800      1140.1293945313
548.907532      1220.9260253906
549.257202      1171.5502929688
549.606812      1119.9302978516
549.956360      1110.9528808594
550.305908      1196.2381591797
550.655457      1115.4415283203
551.004883      1086.2650146484
551.354309      1193.9937744141
551.703674      1167.0616455078
552.053040      1198.4825439453
552.402405      1122.1745605469
552.751587      1151.3511962891
553.100830      1223.1702880859
553.450012      1146.8624267578
553.799255      1090.7537841797
554.148254      1122.1745605469
554.497375      1173.7946777344
554.846436      1126.6633300781
555.195435      1202.9711914063
555.544373      1128.9077148438
555.893250      1128.9077148438
556.242188      1133.3963623047
556.591003      1126.6633300781
556.939758      1155.8398437500
557.288574      1155.8398437500
557.637268      1140.1293945313
557.985962      1092.9980468750
558.334595      1119.9302978516
558.683228      1068.3101806641
559.031799      1110.9528808594
559.380310      1090.7537841797
559.728760      1072.7989501953
560.077209      1220.9260253906
560.425659      1171.5502929688
560.774048      1171.5502929688
561.122314      1137.8850097656
561.470581      1128.9077148438
561.818909      1176.0390625000
562.167114      1162.5728759766
562.515259      1133.3963623047
562.863342      1160.3286132813
563.211487      1146.8624267578
563.559570      1117.6859130859
563.907532      1162.5728759766
564.255554      1149.1068115234
564.603455      1122.1745605469
564.951355      1137.8850097656
565.299255      1171.5502929688
565.647095      1214.1929931641
565.994812      1234.3920898438
566.342590      1137.8850097656
566.690308      1162.5728759766
567.037903      1142.3737792969
567.385620      1191.7493896484
567.733154      1189.5051269531
568.080750      1149.1068115234
568.428162      1124.4189453125
568.775696      1214.1929931641
569.123108      1113.1972656250
569.470520      1207.4598388672
569.817810      1149.1068115234
570.165161      1162.5728759766
570.512451      1223.1702880859
570.859680      1081.7763671875
571.206787      1106.4642333984
571.554016      1133.3963623047
571.901062      1180.5277099609
572.248169      1229.9034423828
572.595154      1173.7946777344
572.942200      1158.0842285156
573.289124      1149.1068115234
573.636047      1140.1293945313
573.982849      1146.8624267578
574.329712      1135.6407470703
574.676514      1142.3737792969
575.023315      1137.8850097656
575.369995      1119.9302978516
575.716675      1070.5545654297
576.063293      1193.9937744141
576.409912      1180.5277099609
576.756409      1158.0842285156
577.102966      1128.9077148438
577.449402      1070.5545654297
577.795898      1140.1293945313
578.142273      1117.6859130859
578.488647      1158.0842285156
578.834961      1077.2875976563
579.181213      1144.6181640625
579.527405      1081.7763671875
579.873596      1110.9528808594
580.219788      1084.0206298828
580.565918      1160.3286132813
580.911926      1088.5093994141
581.258057      1207.4598388672
581.604065      1115.4415283203
581.949951      1142.3737792969
582.295898      1119.9302978516
582.641724      1108.7084960938
582.987610      1117.6859130859
583.333435      1122.1745605469
583.679199      1216.4372558594
584.024902      1196.2381591797
584.370544      1126.6633300781
584.716187      1095.2424316406
585.061829      1142.3737792969
585.407349      1158.0842285156
585.752869      1180.5277099609
586.098328      1155.8398437500
586.443787      1110.9528808594
586.789124      1090.7537841797
587.134521      1092.9980468750
587.479858      1225.4146728516
587.825134      1162.5728759766
588.170288      1079.5319824219
588.515564      1193.9937744141
588.860657      1124.4189453125
589.205872      1153.5954589844
589.550842      1189.5051269531
589.895935      1160.3286132813
590.240906      1057.0885009766
590.585876      1155.8398437500
590.930786      1106.4642333984
591.275635      1227.6590576172
591.620483      1117.6859130859
591.965271      1144.6181640625
592.310059      1164.8172607422
592.654724      1164.8172607422
592.999451      1171.5502929688
593.344055      1160.3286132813
593.688660      1108.7084960938
594.033203      1227.6590576172
594.377686      1164.8172607422
594.722229      1066.0659179688
595.066528      1081.7763671875
595.411011      1180.5277099609
595.755371      1223.1702880859
596.099670      1128.9077148438
596.443848      1142.3737792969
596.788147      1137.8850097656
597.132324      1124.4189453125
597.476501      1176.0390625000
597.820618      1086.2650146484
598.164612      1149.1068115234
598.508667      1198.4825439453
598.852661      1140.1293945313
599.196655      1095.2424316406
599.540466      1151.3511962891
599.884338      1153.5954589844
600.228210      1027.9119873047
600.571960      1075.0433349609
600.915710      1104.2198486328
601.259460      1128.9077148438
601.603088      1144.6181640625
601.946716      1164.8172607422
602.290283      1158.0842285156
602.633850      1216.4372558594
602.977295      1068.3101806641
603.320801      1115.4415283203
603.664124      1153.5954589844
604.007568      1151.3511962891
604.350952      1247.8581542969
604.694214      1202.9711914063
605.037415      1232.1477050781
605.380676      1241.1251220703
605.723816      1142.3737792969
606.066956      1182.7720947266
606.410034      1171.5502929688
606.753052      1128.9077148438
607.096130      1137.8850097656
607.439087      1144.6181640625
607.781921      1171.5502929688
608.124878      1126.6633300781
608.467712      1158.0842285156
608.810547      1198.4825439453
609.153259      1176.0390625000
609.495972      1149.1068115234
609.838684      1191.7493896484
610.181335      1158.0842285156
610.523865      1187.2607421875
610.866516      1137.8850097656
611.209045      1126.6633300781
611.551453      1113.1972656250
611.893921      1101.9754638672
612.236267      1113.1972656250
612.578674      1209.7042236328
612.920959      1140.1293945313
613.263306      1250.1025390625
613.605469      1151.3511962891
613.947632      1108.7084960938
614.289795      1108.7084960938
614.631958      1223.1702880859
614.973938      1162.5728759766
615.315979      1144.6181640625
615.657959      1191.7493896484
615.999939      1158.0842285156
616.341858      1092.9980468750
616.683716      1151.3511962891
617.025513      1075.0433349609
617.367310      1113.1972656250
617.708984      1106.4642333984
618.050720      1153.5954589844
618.392395      1153.5954589844
618.734070      1225.4146728516
619.075500      1133.3963623047
619.417114      1171.5502929688
619.758606      1155.8398437500
620.100098      1171.5502929688
620.441467      1173.7946777344
620.782776      1241.1251220703
621.124146      1155.8398437500
621.465393      1207.4598388672
621.806641      1173.7946777344
622.147888      1110.9528808594
622.489014      1180.5277099609
622.830139      1108.7084960938
623.171204      1101.9754638672
623.512207      1104.2198486328
623.853271      1137.8850097656
624.194214      1158.0842285156
624.535095      1122.1745605469
624.875916      1113.1972656250
625.216797      1162.5728759766
625.557617      1207.4598388672
625.898315      1122.1745605469
626.239075      1135.6407470703
626.579712      1277.0346679688
626.920349      1196.2381591797
627.260864      1155.8398437500
627.601440      1117.6859130859
627.941895      1119.9302978516
628.282410      1176.0390625000
628.622803      1185.0163574219
628.963135      1119.9302978516
629.303528      1133.3963623047
629.643799      1153.5954589844
629.984070      1153.5954589844
630.324219      1140.1293945313
630.664429      1140.1293945313
631.004517      1149.1068115234
631.344604      1202.9711914063
631.684631      1126.6633300781
632.024597      1113.1972656250
632.364624      1059.3328857422
632.704529      1106.4642333984
633.044373      1160.3286132813
633.384155      1202.9711914063
633.723999      1182.7720947266
634.063782      1128.9077148438
634.403442      1086.2650146484
634.743042      1200.7268066406
635.082764      1140.1293945313
635.422302      1180.5277099609
635.761841      1207.4598388672
636.101318      1106.4642333984
636.440796      1144.6181640625
636.780212      1144.6181640625
637.119507      1108.7084960938
637.458862      1110.9528808594
637.798157      1135.6407470703
638.137451      1135.6407470703
638.476563      1198.4825439453
638.815735      1142.3737792969
639.154907      1162.5728759766
639.494019      1117.6859130859
639.833008      1185.0163574219
640.171997      1108.7084960938
640.510925      1131.1519775391
640.849854      1155.8398437500
641.188660      1180.5277099609
641.527527      1162.5728759766
641.866333      1077.2875976563
642.205078      1169.3059082031
642.543762      1180.5277099609
642.882446      1108.7084960938
643.221008      1110.9528808594
643.559570      1131.1519775391
643.898071      1110.9528808594
644.236572      1153.5954589844
644.575073      1131.1519775391
644.913452      1176.0390625000
645.251831      1110.9528808594
645.590149      1214.1929931641
645.928406      1187.2607421875
646.266602      1095.2424316406
646.604858      1140.1293945313
646.942932      1202.9711914063
647.281128      1218.6816406250
647.619141      1153.5954589844
647.957214      1180.5277099609
648.295166      1189.5051269531
648.633057      1095.2424316406
648.970947      1169.3059082031
649.308838      1185.0163574219
649.646606      1205.2155761719
649.984436      1158.0842285156
650.322144      1144.6181640625
650.659851      1119.9302978516
650.997498      1149.1068115234
651.335022      1160.3286132813
651.672607      1146.8624267578
652.010132      1164.8172607422
652.347595      1151.3511962891
652.684998      1124.4189453125
653.022461      1182.7720947266
653.359802      1193.9937744141
653.697021      1191.7493896484
654.034302      1144.6181640625
654.371521      1092.9980468750
654.708740      1196.2381591797
655.045837      1191.7493896484
655.382935      1137.8850097656
655.719971      1180.5277099609
656.057007      1225.4146728516
656.393921      1185.0163574219
656.730835      1079.5319824219
657.067749      1149.1068115234
657.404602      1180.5277099609
657.741333      1193.9937744141
658.078064      1153.5954589844
658.414795      1142.3737792969
658.751465      1216.4372558594
659.088074      1178.2833251953
659.424683      1117.6859130859
659.761230      1153.5954589844
660.097717      1193.9937744141
660.434143      1162.5728759766
660.770569      1198.4825439453
661.106934      1223.1702880859
661.443298      1104.2198486328
661.779541      1131.1519775391
662.115784      1144.6181640625
662.451965      1119.9302978516
662.788086      1142.3737792969
663.124268      1176.0390625000
663.460266      1110.9528808594
663.796265      1124.4189453125
664.132324      1095.2424316406
664.468201      1146.8624267578
664.804077      1162.5728759766
665.139954      1128.9077148438
665.475769      1097.4868164063
665.811523      1097.4868164063
666.147278      1211.9486083984
666.482971      1153.5954589844
666.818542      1205.2155761719
667.154236      1171.5502929688
667.489685      1101.9754638672
667.825195      1144.6181640625
668.160706      1101.9754638672
668.496094      1180.5277099609
668.831421      1187.2607421875
669.166809      1198.4825439453
669.502136      1211.9486083984
669.837402      1189.5051269531
670.172546      1124.4189453125
670.507751      1207.4598388672
670.842834      1171.5502929688
671.177917      1146.8624267578
671.512878      1202.9711914063
671.847961      1151.3511962891
672.182861      1164.8172607422
672.517761      1146.8624267578
672.852600      1137.8850097656
673.187439      1137.8850097656
673.522217      1151.3511962891
673.856934      1135.6407470703
674.191650      1144.6181640625
674.526306      1151.3511962891
674.860901      1135.6407470703
675.195435      1137.8850097656
675.529968      1149.1068115234
675.864441      1160.3286132813
676.198853      1189.5051269531
676.533264      1169.3059082031
676.867554      1173.7946777344
677.201843      1153.5954589844
677.536133      1097.4868164063
677.870361      1104.2198486328
678.204529      1162.5728759766
678.538635      1205.2155761719
678.872742      1151.3511962891
679.206787      1182.7720947266
679.540710      1160.3286132813
679.874695      1108.7084960938
680.208618      1189.5051269531
680.542480      1151.3511962891
680.876282      1173.7946777344
681.210083      1193.9937744141
681.543823      1151.3511962891
681.877502      1158.0842285156
682.211121      1198.4825439453
682.544739      1198.4825439453
682.878357      1126.6633300781
683.211853      1158.0842285156
683.545227      1135.6407470703
683.878723      1167.0616455078
684.212097      1158.0842285156
684.545471      1185.0163574219
684.878723      1119.9302978516
685.212036      1131.1519775391
685.545227      1180.5277099609
685.878418      1140.1293945313
686.211487      1146.8624267578
686.544556      1079.5319824219
686.877625      1202.9711914063
687.210632      1202.9711914063
687.543518      1086.2650146484
687.876465      1158.0842285156
688.209290      1146.8624267578
688.542114      1209.7042236328
688.874878      1126.6633300781
689.207642      1137.8850097656
689.540344      1158.0842285156
689.872986      1135.6407470703
690.205566      1173.7946777344
690.538147      1140.1293945313
690.870667      1169.3059082031
691.203125      1153.5954589844
691.535461      1140.1293945313
691.867920      1144.6181640625
692.200256      1243.3695068359
692.532593      1158.0842285156
692.864807      1160.3286132813
693.196960      1146.8624267578
693.529114      1193.9937744141
693.861267      1167.0616455078
694.193420      1155.8398437500
694.525391      1155.8398437500
694.857361      1131.1519775391
695.189270      1153.5954589844
695.521240      1140.1293945313
695.853027      1207.4598388672
696.184814      1146.8624267578
696.516663      1225.4146728516
696.848389      1061.5771484375
697.179993      1191.7493896484
697.511658      1070.5545654297
697.843262      1216.4372558594
698.174805      1135.6407470703
698.506287      1135.6407470703
698.837708      1133.3963623047
699.169189      1142.3737792969
699.500549      1101.9754638672
699.831787      1137.8850097656
700.163147      1133.3963623047
700.494385      1104.2198486328
700.825562      1158.0842285156
701.156677      1216.4372558594
701.487793      1191.7493896484
701.818848      1207.4598388672
702.149902      1185.0163574219
702.480774      1104.2198486328
702.811768      1113.1972656250
703.142639      1113.1972656250
703.473511      1144.6181640625
703.804199      1084.0206298828
704.135010      1160.3286132813
704.465759      1205.2155761719
704.796387      1135.6407470703
705.126953      1173.7946777344
705.457520      1133.3963623047
705.788086      1160.3286132813
706.118591      1214.1929931641
706.448975      1167.0616455078
706.779419      1193.9937744141
707.109741      1173.7946777344
707.440063      1185.0163574219
707.770325      1220.9260253906
708.100525      1115.4415283203
708.430725      1176.0390625000
708.760864      1146.8624267578
709.090942      1218.6816406250
709.420959      1140.1293945313
709.750916      1155.8398437500
710.080933      1162.5728759766
710.410828      1189.5051269531
710.740662      1092.9980468750
711.070496      1180.5277099609
711.400269      1144.6181640625
711.729980      1160.3286132813
712.059631      1075.0433349609
712.389282      1155.8398437500
712.718872      1137.8850097656
713.048462      1218.6816406250
713.377930      1178.2833251953
713.707397      1081.7763671875
714.036865      1075.0433349609
714.366211      1185.0163574219
714.695435      1140.1293945313
715.024780      1110.9528808594
715.354004      1196.2381591797
715.683228      1128.9077148438
716.012329      1185.0163574219
716.341431      1115.4415283203
716.670532      1045.8666992188
716.999573      1117.6859130859
717.328430      1077.2875976563
717.657349      1144.6181640625
717.986267      1198.4825439453
718.315125      1113.1972656250
718.643860      1142.3737792969
718.972656      1140.1293945313
719.301331      1169.3059082031
719.630005      1140.1293945313
719.958557      1122.1745605469
720.287170      1119.9302978516
720.615662      1119.9302978516
720.944214      1205.2155761719
721.272583      1124.4189453125
721.600952      1097.4868164063
721.929321      1167.0616455078
722.257629      1142.3737792969
722.585876      1084.0206298828
722.914063      1077.2875976563
723.242188      1187.2607421875
723.570313      1254.5911865234
723.898376      1205.2155761719
724.226440      1176.0390625000
724.554382      1180.5277099609
724.882324      1151.3511962891
725.210266      1097.4868164063
725.538025      1126.6633300781
725.865784      1178.2833251953
726.193604      1106.4642333984
726.521301      1135.6407470703
726.848938      1223.1702880859
727.176514      1110.9528808594
727.504150      1169.3059082031
727.831726      1162.5728759766
728.159119      1198.4825439453
728.486572      1149.1068115234
728.813965      1189.5051269531
729.141357      1106.4642333984
729.468567      1126.6633300781
729.795837      1128.9077148438
730.123108      1135.6407470703
730.450317      1180.5277099609
730.777344      1176.0390625000
731.104431      1205.2155761719
731.431519      1178.2833251953
731.758484      1180.5277099609
732.085388      1209.7042236328
732.412292      1169.3059082031
732.739136      1171.5502929688
733.065979      1131.1519775391
733.392639      1189.5051269531
733.719421      1095.2424316406
734.046082      1155.8398437500
734.372681      1153.5954589844
734.699219      1063.8215332031
735.025757      1126.6633300781
735.352234      1171.5502929688
735.678711      1164.8172607422
736.005127      1122.1745605469
736.331482      1198.4825439453
736.657715      1162.5728759766
736.984009      1167.0616455078
737.310181      1227.6590576172
737.636353      1207.4598388672
737.962524      1187.2607421875
738.288574      1173.7946777344
738.614624      1223.1702880859
738.940613      1101.9754638672
739.266541      1151.3511962891
739.592407      1117.6859130859
739.918274      1169.3059082031
740.244080      1198.4825439453
740.569824      1178.2833251953
740.895569      1158.0842285156
741.221191      1155.8398437500
741.546753      1205.2155761719
741.872375      1081.7763671875
742.197937      1218.6816406250
742.523376      1117.6859130859
742.848816      1151.3511962891
743.174194      1162.5728759766
743.499573      1220.9260253906
743.824890      1169.3059082031
744.150085      1193.9937744141
744.475342      1245.6137695313
744.800476      1169.3059082031
745.125610      1070.5545654297
745.450623      1158.0842285156
745.775696      1140.1293945313
746.100708      1108.7084960938
746.425598      1200.7268066406
746.750427      1229.9034423828
747.075256      1158.0842285156
747.400085      1135.6407470703
747.724915      1182.7720947266
748.049561      1142.3737792969
748.374207      1133.3963623047
748.698853      1164.8172607422
749.023438      1189.5051269531
749.347900      1153.5954589844
749.672363      1173.7946777344
749.996765      1169.3059082031
750.321167      1227.6590576172
750.645508      1153.5954589844
750.969788      1176.0390625000
751.294067      1151.3511962891
751.618286      1117.6859130859
751.942383      1135.6407470703
752.266479      1133.3963623047
752.590576      1110.9528808594
752.914551      1153.5954589844
753.238525      1173.7946777344
753.562439      1187.2607421875
753.886292      1169.3059082031
754.210144      1162.5728759766
754.533936      1131.1519775391
754.857666      1155.8398437500
755.181335      1173.7946777344
755.505005      1149.1068115234
755.828613      1122.1745605469
756.152100      1189.5051269531
756.475586      1140.1293945313
756.799133      1176.0390625000
757.122498      1178.2833251953
757.445862      1164.8172607422
757.769165      1223.1702880859
758.092468      1137.8850097656
758.415710      1270.3016357422
758.738831      1200.7268066406
759.061951      1108.7084960938
759.385071      1185.0163574219
759.708130      1173.7946777344
760.031067      1180.5277099609
760.354004      1131.1519775391
760.676941      1126.6633300781
760.999817      1211.9486083984
761.322632      1097.4868164063
761.645386      1176.0390625000
761.968079      1205.2155761719
762.290771      1097.4868164063
762.613342      1158.0842285156
762.935974      1169.3059082031
763.258484      1227.6590576172
763.580994      1140.1293945313
763.903381      1146.8624267578
764.225830      1117.6859130859
764.548157      1128.9077148438
764.870422      1144.6181640625
765.192688      1128.9077148438
765.514832      1155.8398437500
765.837036      1211.9486083984
766.159119      1151.3511962891
766.481140      1171.5502929688
766.803223      1144.6181640625
767.125183      1167.0616455078
767.447144      1146.8624267578
767.768982      1104.2198486328
768.090820      1117.6859130859
768.412659      1155.8398437500
768.734314      1113.1972656250
769.056091      1155.8398437500
769.377686      1090.7537841797
769.699280      1133.3963623047
770.020813      1122.1745605469
770.342346      1126.6633300781
770.663757      1171.5502929688
770.985229      1151.3511962891
771.306580      1173.7946777344
771.627869      1229.9034423828
771.949158      1180.5277099609
772.270386      1164.8172607422
772.591553      1146.8624267578
772.912659      1124.4189453125
773.233765      1131.1519775391
773.554810      1207.4598388672
773.875793      1191.7493896484
774.196716      1164.8172607422
774.517578      1216.4372558594
774.838440      1124.4189453125
775.159302      1104.2198486328
775.480042      1256.8355712891
775.800659      1122.1745605469
776.121399      1126.6633300781
776.441956      1169.3059082031
776.762573      1180.5277099609
777.083008      1189.5051269531
777.403503      1142.3737792969
777.723999      1180.5277099609
778.044373      1162.5728759766
778.364624      1117.6859130859
778.684937      1196.2381591797
779.005188      1176.0390625000
779.325378      1137.8850097656
779.645447      1171.5502929688
779.965637      1209.7042236328
780.285706      1162.5728759766
780.605652      1142.3737792969
780.925598      1176.0390625000
781.245483      1207.4598388672
781.565369      1162.5728759766
781.885193      1155.8398437500
782.204895      1137.8850097656
782.524658      1140.1293945313
782.844299      1142.3737792969
783.163940      1137.8850097656
783.483582      1245.6137695313
783.803040      1084.0206298828
784.122559      1191.7493896484
784.442017      1218.6816406250
784.761414      1185.0163574219
785.080688      1277.0346679688
785.400024      1173.7946777344
785.719238      1158.0842285156
786.038452      1193.9937744141
786.357544      1110.9528808594
786.676697      1151.3511962891
786.995789      1176.0390625000
787.314758      1135.6407470703
787.633728      1193.9937744141
787.952637      1101.9754638672
788.271484      1153.5954589844
788.590271      1234.3920898438
788.908997      1142.3737792969
789.227783      1189.5051269531
789.546448      1090.7537841797
789.865112      1149.1068115234
790.183655      1160.3286132813
790.502197      1117.6859130859
790.820679      1232.1477050781
791.139099      1137.8850097656
791.457520      1155.8398437500
791.775879      1158.0842285156
792.094116      1185.0163574219
792.412415      1182.7720947266
792.730530      1124.4189453125
793.048767      1187.2607421875
793.366821      1151.3511962891
793.684937      1104.2198486328
794.002869      1128.9077148438
794.320862      1142.3737792969
794.638733      1202.9711914063
794.956665      1189.5051269531
795.274414      1133.3963623047
795.592224      1162.5728759766
795.909912      1095.2424316406
796.227661      1158.0842285156
796.545227      1191.7493896484
796.862854      1144.6181640625
797.180359      1131.1519775391
797.497864      1187.2607421875
797.815308      1218.6816406250
798.132629      1207.4598388672
798.450012      1205.2155761719
798.767273      1227.6590576172
799.084595      1187.2607421875
799.401733      1158.0842285156
799.718933      1202.9711914063
800.036011      1137.8850097656
800.353027      1099.7310791016
800.670044      1124.4189453125
800.987000      1209.7042236328
801.303894      1084.0206298828
801.620850      1189.5051269531
801.937561      1207.4598388672
802.254333      1122.1745605469
802.571106      1196.2381591797
802.887817      1247.8581542969
803.204346      1099.7310791016
803.520935      1133.3963623047
803.837463      1133.3963623047
804.153992      1090.7537841797
804.470337      1176.0390625000
804.786743      1252.3469238281
805.103027      1144.6181640625
805.419434      1099.7310791016
805.735535      1099.7310791016
806.051758      1126.6633300781
806.367920      1137.8850097656
806.684021      1133.3963623047
807.000000      1169.3059082031
807.316040      1229.9034423828
807.632019      1135.6407470703
807.947876      1149.1068115234
808.263672      1128.9077148438
808.579529      1146.8624267578
808.895325      1162.5728759766
809.211060      1126.6633300781
809.526611      1135.6407470703
809.842224      1151.3511962891
810.157837      1202.9711914063
810.473389      1140.1293945313
810.788757      1144.6181640625
811.104187      1176.0390625000
811.419617      1214.1929931641
811.734924      1182.7720947266
812.050171      1070.5545654297
812.365417      1135.6407470703
812.680542      1128.9077148438
812.995728      1193.9937744141
813.310852      1198.4825439453
813.625854      1162.5728759766
813.940796      1146.8624267578
814.255798      1113.1972656250
814.570679      1185.0163574219
814.885498      1131.1519775391
815.200256      1155.8398437500
815.515015      1133.3963623047
815.829651      1207.4598388672
816.144287      1180.5277099609
816.458923      1160.3286132813
816.773438      1182.7720947266
817.087952      1207.4598388672
817.402344      1075.0433349609
817.716797      1117.6859130859
818.031189      1169.3059082031
818.345520      1214.1929931641
818.659668      1164.8172607422
818.973877      1160.3286132813
819.288086      1189.5051269531
819.602173      1153.5954589844
819.916199      1164.8172607422
820.230225      1167.0616455078
820.544189      1182.7720947266
820.858154      1104.2198486328
821.171997      1137.8850097656
821.485779      1171.5502929688
821.799561      1162.5728759766
822.113281      1079.5319824219
822.426880      1155.8398437500
822.740540      1193.9937744141
823.054138      1180.5277099609
823.367676      1149.1068115234
823.681152      1178.2833251953
823.994568      1095.2424316406
824.307922      1131.1519775391
824.621277      1158.0842285156
824.934509      1124.4189453125
825.247742      1169.3059082031
825.560913      1214.1929931641
825.874146      1189.5051269531
826.187134      1153.5954589844
826.500183      1149.1068115234
826.813171      1164.8172607422
827.126160      1133.3963623047
827.439026      1155.8398437500
827.751831      1191.7493896484
828.064636      1155.8398437500
828.377380      1144.6181640625
828.690063      1117.6859130859
829.002686      1108.7084960938
829.315308      1144.6181640625
829.627869      1164.8172607422
829.940308      1066.0659179688
830.252808      1211.9486083984
830.565125      1119.9302978516
830.877563      1207.4598388672
831.189880      1214.1929931641
831.502075      1090.7537841797
831.814270      1086.2650146484
832.126465      1124.4189453125
832.438599      1119.9302978516
832.750549      1146.8624267578
833.062622      1171.5502929688
833.374512      1122.1745605469
833.686462      1178.2833251953
833.998291      1142.3737792969
834.310120      1173.7946777344
834.621887      1151.3511962891
834.933594      1086.2650146484
835.245239      1086.2650146484
835.556885      1164.8172607422
835.868408      1084.0206298828
836.179932      1142.3737792969
836.491333      1131.1519775391
836.802795      1180.5277099609
837.114197      1084.0206298828
837.425537      1155.8398437500
837.736694      1122.1745605469
838.047913      1086.2650146484
838.359131      1113.1972656250
838.670227      1158.0842285156
838.981262      1113.1972656250
839.292358      1140.1293945313
839.603333      1164.8172607422
839.914246      1128.9077148438
840.225037      1169.3059082031
840.535889      1153.5954589844
840.846680      1189.5051269531
841.157410      1202.9711914063
841.468079      1135.6407470703
841.778687      1115.4415283203
842.089233      1294.9895019531
842.399780      1151.3511962891
842.710266      1198.4825439453
843.020691      1167.0616455078
843.331055      1131.1519775391
843.641418      1077.2875976563
843.951721      1110.9528808594
844.261841      1155.8398437500
844.572083      1185.0163574219
844.882202      1155.8398437500
845.192261      1144.6181640625
845.502258      1117.6859130859
845.812256      1182.7720947266
846.122192      1128.9077148438
846.432068      1158.0842285156
846.741882      1247.8581542969
847.051636      1124.4189453125
847.361389      1063.8215332031
847.671143      1180.5277099609
847.980713      1209.7042236328
848.290283      1151.3511962891
848.599792      1164.8172607422
848.909302      1097.4868164063
849.218689      1119.9302978516
849.528076      1162.5728759766
849.837463      1090.7537841797
850.146790      1142.3737792969
850.455933      1140.1293945313
850.765137      1128.9077148438
851.074280      1099.7310791016
851.383362      1153.5954589844
851.692383      1180.5277099609
852.001343      1070.5545654297
852.310303      1131.1519775391
852.619202      1063.8215332031
852.927979      1153.5954589844
853.236816      1167.0616455078
853.545532      1133.3963623047
853.854248      1072.7989501953
854.162842      1135.6407470703
854.471436      1162.5728759766
854.779968      1180.5277099609
855.088440      1158.0842285156
855.396851      1099.7310791016
855.705200      1211.9486083984
856.013611      1106.4642333984
856.321899      1173.7946777344
856.630127      1158.0842285156
856.938293      1205.2155761719
857.246399      1126.6633300781
857.554504      1173.7946777344
857.862549      1149.1068115234
858.170471      1169.3059082031
858.478394      1144.6181640625
858.786316      1128.9077148438
859.094177      1158.0842285156
859.401917      1173.7946777344
859.709656      1124.4189453125
860.017334      1140.1293945313
860.324951      1115.4415283203
860.632507      1110.9528808594
860.940063      1185.0163574219
861.247559      1122.1745605469
861.555054      1142.3737792969
861.862366      1155.8398437500
862.169739      1167.0616455078
862.476990      1099.7310791016
862.784241      1263.5686035156
863.091370      1155.8398437500
863.398499      1169.3059082031
863.705627      1178.2833251953
864.012634      1142.3737792969
864.319519      1135.6407470703
864.626526      1185.0163574219
864.933350      1202.9711914063
865.240234      1176.0390625000
865.546936      1126.6633300781
865.853699      1149.1068115234
866.160400      1171.5502929688
866.466980      1162.5728759766
866.773560      1205.2155761719
867.080078      1167.0616455078
867.386536      1135.6407470703
867.692993      1252.3469238281
867.999329      1119.9302978516
868.305664      1180.5277099609
868.611938      1119.9302978516
868.918152      1131.1519775391
869.224304      1122.1745605469
869.530457      1142.3737792969
869.836487      1088.5093994141
870.142517      1153.5954589844
870.448547      1160.3286132813
870.754395      1110.9528808594
871.060242      1072.7989501953
871.366089      1167.0616455078
871.671814      1063.8215332031
871.977539      1119.9302978516
872.283203      1185.0163574219
872.588806      1137.8850097656
872.894409      1171.5502929688
873.199890      1124.4189453125
873.505371      1176.0390625000
873.810730      1171.5502929688
874.116150      1140.1293945313
874.421387      1075.0433349609
874.726685      1117.6859130859
875.031860      1110.9528808594
875.337097      1162.5728759766
875.642090      1095.2424316406
875.947205      1140.1293945313
876.252197      1122.1745605469
876.557129      1176.0390625000
876.862000      1097.4868164063
877.166870      1097.4868164063
877.471680      1160.3286132813
877.776428      1173.7946777344
878.081116      1160.3286132813
878.385742      1198.4825439453
878.690369      1232.1477050781
878.994873      1176.0390625000
879.299316      1097.4868164063
879.603821      1137.8850097656
879.908203      1187.2607421875
880.212585      1167.0616455078
880.516846      1099.7310791016
880.821106      1128.9077148438
881.125244      1095.2424316406
881.429382      1211.9486083984
881.733459      1117.6859130859
882.037537      1178.2833251953
882.341492      1200.7268066406
882.645447      1110.9528808594
882.949280      1144.6181640625
883.253113      1135.6407470703
883.556885      1171.5502929688
883.860657      1088.5093994141
884.164307      1131.1519775391
884.467896      1193.9937744141
884.771484      1162.5728759766
885.075073      1169.3059082031
885.378540      1180.5277099609
885.681885      1140.1293945313
885.985291      1196.2381591797
886.288635      1119.9302978516
886.591858      1198.4825439453
886.895020      1207.4598388672
887.198242      1115.4415283203
887.501343      1171.5502929688
887.804443      1211.9486083984
888.107422      1117.6859130859
888.410400      1218.6816406250
888.713257      1196.2381591797
889.016174      1097.4868164063
889.318909      1149.1068115234
889.621643      1128.9077148438
889.924377      1209.7042236328
890.227051      1128.9077148438
890.529602      1171.5502929688
890.832153      1227.6590576172
891.134705      1191.7493896484
891.437134      1151.3511962891
891.739441      1198.4825439453
892.041870      1119.9302978516
892.344116      1146.8624267578
892.646362      1187.2607421875
892.948486      1144.6181640625
893.250671      1151.3511962891
893.552734      1142.3737792969
893.854797      1178.2833251953
894.156738      1153.5954589844
894.458618      1200.7268066406
894.760559      1198.4825439453
895.062378      1140.1293945313
895.364136      1149.1068115234
895.665894      1079.5319824219
895.967590      1133.3963623047
896.269165      1115.4415283203
896.570679      1092.9980468750
896.872192      1131.1519775391
897.173706      1075.0433349609
897.475159      1113.1972656250
897.776428      1128.9077148438
898.077759      1084.0206298828
