0.151000
190.260635         0.0000000000
190.642441         0.0000000000
191.024216      1292.7451171875
191.405975      1294.9895019531
191.787704      1339.8764648438
192.169403      1339.8764648438
192.551071      1398.2296142578
192.932724      1418.4287109375
193.314331      1339.8764648438
193.695923      1360.0756835938
194.077499      1391.4965820313
194.459030      1398.2296142578
194.840546      1413.9400634766
195.222031      1409.4512939453
195.603485      1317.4329833984
195.984909      1369.0529785156
196.366302      1422.9173583984
196.747681      1391.4965820313
197.129028      1413.9400634766
197.510345      1387.0078125000
197.891647      1456.5826416016
198.272919      1366.8087158203
198.654175      1382.5191650391
199.035355      1364.5643310547
199.416550      1438.6278076172
199.797714      1398.2296142578
200.178848      1310.6999511719
200.559937      1409.4512939453
200.941025      1389.2521972656
201.322083      1366.8087158203
201.703079      1409.4512939453
202.084091      1355.5869140625
202.465057      1335.3878173828
202.845993      1342.1208496094
203.226898      1411.6956787109
203.607788      1351.0982666016
203.988647      1317.4329833984
204.369461      1317.4329833984
204.750275      1387.0078125000
205.131042      1312.9443359375
205.511795      1339.8764648438
205.892517      1344.3652343750
206.273209      1319.6773681641
206.653870      1362.3199462891
207.034515      1366.8087158203
207.415115      1317.4329833984
207.795700      1360.0756835938
208.176254      1393.7408447266
208.556778      1326.4104003906
208.937271      1306.2113037109
209.317749      1389.2521972656
209.698196      1272.5460205078
210.078613      1357.8312988281
210.459000      1351.0982666016
210.839371      1402.7182617188
211.219696      1315.1885986328
211.600006      1333.1434326172
211.980286      1357.8312988281
212.360535      1353.3426513672
212.740768      1346.6094970703
213.120956      1360.0756835938
213.501129      1380.2747802734
213.881256      1364.5643310547
214.261383      1378.0303955078
214.641464      1447.6052246094
215.021530      1346.6094970703
215.401550      1404.9626464844
215.781570      1353.3426513672
216.161530      1366.8087158203
216.541504      1382.5191650391
216.921402      1303.9669189453
217.301315      1371.2973632813
217.681152      1362.3199462891
218.061005      1344.3652343750
218.440811      1306.2113037109
218.820587      1330.8990478516
219.200348      1344.3652343750
219.580078      1337.6322021484
219.959763      1395.9852294922
220.339432      1369.0529785156
220.719070      1315.1885986328
221.098694      1360.0756835938
221.478271      1346.6094970703
221.857819      1283.7678222656
222.237366      1321.9217529297
222.616867      1297.2338867188
222.996338      1315.1885986328
223.375778      1364.5643310547
223.755188      1389.2521972656
224.134583      1328.6547851563
224.513947      1351.0982666016
224.893265      1353.3426513672
225.272583      1321.9217529297
225.651855      1348.8538818359
226.031097      1303.9669189453
226.410339      1299.4782714844
226.789520      1375.7861328125
227.168686      1380.2747802734
227.547806      1355.5869140625
227.926926      1382.5191650391
228.306015      1348.8538818359
228.685059      1312.9443359375
229.064087      1330.8990478516
229.443069      1355.5869140625
229.822037      1346.6094970703
230.200989      1337.6322021484
230.579895      1353.3426513672
230.958786      1378.0303955078
231.337631      1364.5643310547
231.716461      1315.1885986328
232.095261      1303.9669189453
232.474030      1456.5826416016
232.852783      1380.2747802734
233.231476      1337.6322021484
233.610184      1357.8312988281
233.988831      1330.8990478516
234.367462      1371.2973632813
234.746048      1344.3652343750
235.124649      1319.6773681641
235.503159      1360.0756835938
235.881683      1339.8764648438
236.260162      1348.8538818359
236.638641      1369.0529785156
237.017075      1389.2521972656
237.395477      1294.9895019531
237.773834      1286.0120849609
238.152176      1380.2747802734
238.530502      1364.5643310547
238.908783      1398.2296142578
239.287048      1353.3426513672
239.665268      1373.5417480469
240.043472      1411.6956787109
240.421661      1337.6322021484
240.799805      1416.1843261719
241.177902      1328.6547851563
241.556000      1378.0303955078
241.934052      1395.9852294922
242.312088      1321.9217529297
242.690094      1364.5643310547
243.068054      1357.8312988281
243.446014      1259.0799560547
243.823929      1337.6322021484
244.201813      1321.9217529297
244.579666      1355.5869140625
244.957504      1326.4104003906
245.335297      1301.7225341797
245.713074      1330.8990478516
246.090820      1294.9895019531
246.468536      1416.1843261719
246.846207      1348.8538818359
247.223862      1416.1843261719
247.601501      1369.0529785156
247.979095      1315.1885986328
248.356674      1353.3426513672
248.734222      1369.0529785156
249.111725      1297.2338867188
249.489212      1445.3609619141
249.866669      1375.7861328125
250.244095      1324.1660156250
250.621506      1369.0529785156
250.998871      1319.6773681641
251.376221      1342.1208496094
251.753510      1348.8538818359
252.130814      1277.0346679688
252.508057      1402.7182617188
252.885284      1321.9217529297
253.262466      1306.2113037109
253.639648      1413.9400634766
254.016769      1346.6094970703
254.393906      1402.7182617188
254.770966      1351.0982666016
255.148026      1427.4061279297
255.525040      1413.9400634766
255.902054      1299.4782714844
256.278992      1344.3652343750
256.655945      1346.6094970703
257.032837      1398.2296142578
257.409729      1389.2521972656
257.786591      1348.8538818359
258.163391      1299.4782714844
258.540161      1330.8990478516
258.916962      1387.0078125000
259.293701      1375.7861328125
259.670380      1321.9217529297
260.047058      1346.6094970703
260.423706      1308.4555664063
260.800323      1355.5869140625
261.176880      1380.2747802734
261.553436      1339.8764648438
261.929962      1348.8538818359
262.306488      1369.0529785156
262.682953      1344.3652343750
263.059387      1360.0756835938
263.435791      1400.4738769531
263.812195      1360.0756835938
264.188507      1357.8312988281
264.564850      1344.3652343750
264.941132      1310.6999511719
265.317413      1384.7634277344
265.693634      1384.7634277344
266.069885      1369.0529785156
266.446045      1288.2564697266
266.822174      1366.8087158203
267.198273      1360.0756835938
267.574371      1371.2973632813
267.950439      1286.0120849609
268.326447      1333.1434326172
268.702454      1333.1434326172
269.078430      1321.9217529297
269.454376      1404.9626464844
269.830292      1393.7408447266
270.206146      1306.2113037109
270.582001      1299.4782714844
270.957825      1321.9217529297
271.333618      1355.5869140625
271.709381      1373.5417480469
272.085144      1256.8355712891
272.460815      1355.5869140625
272.836487      1306.2113037109
273.212128      1299.4782714844
273.587769      1351.0982666016
273.963348      1375.7861328125
274.338898      1335.3878173828
274.714447      1357.8312988281
275.089935      1369.0529785156
275.465393      1342.1208496094
275.840820      1339.8764648438
276.216278      1337.6322021484
276.591644      1393.7408447266
276.966949      1375.7861328125
277.342285      1366.8087158203
277.717590      1389.2521972656
278.092834      1312.9443359375
278.468048      1308.4555664063
278.843262      1297.2338867188
279.218445      1355.5869140625
279.593567      1337.6322021484
279.968658      1312.9443359375
280.343781      1362.3199462891
280.718811      1333.1434326172
281.093842      1292.7451171875
281.468811      1384.7634277344
281.843781      1319.6773681641
282.218719      1330.8990478516
282.593628      1324.1660156250
282.968506      1389.2521972656
283.343353      1373.5417480469
283.718170      1389.2521972656
284.092896      1346.6094970703
284.467682      1335.3878173828
284.842407      1297.2338867188
285.217102      1362.3199462891
285.591766      1333.1434326172
285.966400      1312.9443359375
286.340973      1355.5869140625
286.715576      1328.6547851563
287.090118      1310.6999511719
287.464630      1344.3652343750
287.839081      1351.0982666016
288.213562      1402.7182617188
288.587982      1303.9669189453
288.962372      1236.6364746094
289.336731      1328.6547851563
289.711060      1342.1208496094
290.085327      1317.4329833984
290.459625      1348.8538818359
290.833862      1357.8312988281
291.208069      1355.5869140625
291.582275      1387.0078125000
291.956421      1324.1660156250
292.330505      1328.6547851563
292.704620      1324.1660156250
293.078705      1373.5417480469
293.452698      1310.6999511719
293.826691      1371.2973632813
294.200684      1301.7225341797
294.574615      1393.7408447266
294.948517      1389.2521972656
295.322388      1330.8990478516
295.696259      1348.8538818359
296.070068      1306.2113037109
296.443848      1339.8764648438
296.817596      1416.1843261719
297.191345      1389.2521972656
297.565063      1407.2070312500
297.938690      1463.3156738281
298.312317      1373.5417480469
298.685913      1286.0120849609
299.059540      1344.3652343750
299.433044      1364.5643310547
299.806549      1398.2296142578
300.180054      1346.6094970703
300.553528      1328.6547851563
300.926910      1355.5869140625
301.300323      1297.2338867188
301.673676      1308.4555664063
302.046997      1393.7408447266
302.420319      1250.1025390625
302.793579      1339.8764648438
303.166809      1335.3878173828
303.540039      1360.0756835938
303.913208      1324.1660156250
304.286377      1407.2070312500
304.659454      1387.0078125000
305.032593      1339.8764648438
305.405609      1339.8764648438
305.778656      1324.1660156250
306.151611      1339.8764648438
306.524597      1315.1885986328
306.897522      1351.0982666016
307.270416      1355.5869140625
307.643280      1326.4104003906
308.016144      1384.7634277344
308.388916      1299.4782714844
308.761749      1351.0982666016
309.134460      1389.2521972656
309.507202      1378.0303955078
309.879913      1378.0303955078
310.252563      1360.0756835938
310.625153      1360.0756835938
310.997742      1326.4104003906
311.370361      1353.3426513672
311.742859      1384.7634277344
312.115356      1301.7225341797
312.487823      1342.1208496094
312.860291      1308.4555664063
313.232697      1355.5869140625
313.605042      1382.5191650391
313.977386      1312.9443359375
314.349731      1355.5869140625
314.721985      1324.1660156250
315.094269      1344.3652343750
315.466492      1391.4965820313
315.838684      1378.0303955078
316.210846      1378.0303955078
316.582977      1265.8129882813
316.955048      1360.0756835938
317.327148      1351.0982666016
317.699158      1342.1208496094
318.071167      1342.1208496094
318.443176      1333.1434326172
318.815125      1315.1885986328
319.187012      1337.6322021484
319.558868      1362.3199462891
319.930756      1357.8312988281
320.302582      1387.0078125000
320.674347      1362.3199462891
321.046112      1328.6547851563
321.417847      1378.0303955078
321.789581      1373.5417480469
322.161224      1317.4329833984
322.532867      1391.4965820313
322.904419      1355.5869140625
323.276031      1445.3609619141
323.647583      1337.6322021484
324.019073      1351.0982666016
324.390533      1366.8087158203
324.762024      1362.3199462891
325.133423      1310.6999511719
325.504791      1283.7678222656
325.876129      1391.4965820313
326.247467      1328.6547851563
326.618774      1470.0487060547
326.990021      1348.8538818359
327.361237      1326.4104003906
327.732452      1351.0982666016
328.103607      1315.1885986328
328.474731      1339.8764648438
328.845825      1333.1434326172
329.216919      1364.5643310547
329.587952      1328.6547851563
329.958954      1384.7634277344
330.329926      1333.1434326172
330.700867      1330.8990478516
331.071808      1366.8087158203
331.442688      1319.6773681641
331.813507      1422.9173583984
332.184357      1351.0982666016
332.555115      1317.4329833984
332.925873      1355.5869140625
333.296570      1371.2973632813
333.667267      1328.6547851563
334.037994      1344.3652343750
334.408600      1364.5643310547
334.779144      1310.6999511719
335.149750      1371.2973632813
335.520294      1353.3426513672
335.890778      1351.0982666016
336.261230      1357.8312988281
336.631683      1326.4104003906
337.002106      1319.6773681641
337.372498      1294.9895019531
337.742798      1328.6547851563
338.113129      1321.9217529297
338.483429      1315.1885986328
338.853668      1418.4287109375
339.223907      1400.4738769531
339.594086      1364.5643310547
339.964233      1373.5417480469
340.334381      1337.6322021484
340.704437      1378.0303955078
341.074493      1380.2747802734
341.444519      1328.6547851563
341.814545      1375.7861328125
342.184509      1449.8496093750
342.554413      1351.0982666016
342.924347      1355.5869140625
343.294220      1387.0078125000
343.664032      1317.4329833984
344.033813      1324.1660156250
344.403595      1434.1391601563
344.773346      1317.4329833984
345.143036      1326.4104003906
345.512695      1404.9626464844
345.882385      1326.4104003906
346.251984      1413.9400634766
346.621552      1324.1660156250
346.991089      1429.6505126953
347.360626      1301.7225341797
347.730103      1366.8087158203
348.099548      1364.5643310547
348.468964      1317.4329833984
348.838379      1360.0756835938
349.207764      1319.6773681641
349.577057      1348.8538818359
349.946320      1319.6773681641
350.315582      1328.6547851563
350.684845      1317.4329833984
351.054047      1353.3426513672
351.423157      1301.7225341797
351.792328      1346.6094970703
352.161438      1301.7225341797
352.530487      1324.1660156250
352.899506      1371.2973632813
353.268524      1355.5869140625
353.637512      1375.7861328125
354.006409      1297.2338867188
354.375336      1409.4512939453
354.744232      1351.0982666016
355.113068      1411.6956787109
355.481873      1402.7182617188
355.850616      1373.5417480469
356.219391      1344.3652343750
356.588135      1429.6505126953
356.956818      1344.3652343750
357.325470      1366.8087158203
357.694031      1348.8538818359
358.062653      1373.5417480469
358.431213      1321.9217529297
358.799713      1330.8990478516
359.168182      1346.6094970703
359.536652      1373.5417480469
359.905090      1369.0529785156
360.273438      1288.2564697266
360.641785      1366.8087158203
361.010132      1380.2747802734
361.378448      1454.3382568359
361.746704      1303.9669189453
362.114899      1315.1885986328
362.483124      1348.8538818359
362.851288      1366.8087158203
363.219421      1380.2747802734
363.587463      1303.9669189453
363.955566      1290.5008544922
364.323608      1321.9217529297
364.691589      1288.2564697266
365.059540      1272.5460205078
365.427490      1355.5869140625
365.795410      1360.0756835938
366.163269      1290.5008544922
366.531067      1317.4329833984
366.898895      1351.0982666016
367.266693      1346.6094970703
367.634430      1333.1434326172
368.002106      1371.2973632813
368.369812      1351.0982666016
368.737457      1328.6547851563
369.105042      1335.3878173828
369.472595      1337.6322021484
369.840149      1328.6547851563
370.207672      1342.1208496094
370.575134      1312.9443359375
370.942566      1312.9443359375
371.309998      1312.9443359375
371.677399      1351.0982666016
372.044708      1369.0529785156
372.411987      1364.5643310547
372.779297      1342.1208496094
373.146576      1404.9626464844
373.513794      1346.6094970703
373.880951      1303.9669189453
374.248077      1299.4782714844
374.615204      1353.3426513672
374.982300      1328.6547851563
375.349365      1393.7408447266
375.716339      1324.1660156250
376.083374      1364.5643310547
376.450317      1391.4965820313
376.817230      1362.3199462891
377.184082      1281.5234375000
377.550964      1335.3878173828
377.917786      1429.6505126953
378.284576      1317.4329833984
378.651306      1310.6999511719
379.018036      1317.4329833984
379.384735      1378.0303955078
379.751373      1344.3652343750
380.117981      1391.4965820313
380.484589      1364.5643310547
380.851166      1288.2564697266
381.217651      1369.0529785156
381.584137      1357.8312988281
381.950623      1348.8538818359
382.317017      1337.6322021484
382.683411      1387.0078125000
383.049774      1364.5643310547
383.416107      1366.8087158203
383.782410      1375.7861328125
384.148651      1241.1251220703
384.514832      1328.6547851563
384.881042      1418.4287109375
385.247223      1380.2747802734
385.613342      1310.6999511719
385.979401      1283.7678222656
386.345459      1344.3652343750
386.711517      1360.0756835938
387.077484      1351.0982666016
387.443420      1317.4329833984
387.809357      1317.4329833984
388.175262      1404.9626464844
388.541107      1398.2296142578
388.906891      1364.5643310547
389.272705      1288.2564697266
389.638489      1277.0346679688
390.004211      1303.9669189453
390.369873      1312.9443359375
390.735535      1375.7861328125
391.101196      1355.5869140625
391.466766      1337.6322021484
391.832336      1364.5643310547
392.197815      1360.0756835938
392.563324      1425.1617431641
392.928802      1342.1208496094
393.294189      1366.8087158203
393.659607      1391.4965820313
394.024963      1290.5008544922
394.390289      1310.6999511719
394.755554      1337.6322021484
395.120789      1409.4512939453
395.486023      1310.6999511719
395.851227      1360.0756835938
396.216370      1333.1434326172
396.581482      1344.3652343750
396.946564      1337.6322021484
397.311646      1366.8087158203
397.676636      1369.0529785156
398.041626      1328.6547851563
398.406586      1330.8990478516
398.771515      1418.4287109375
399.136383      1339.8764648438
399.501221      1360.0756835938
399.866058      1373.5417480469
400.230865      1355.5869140625
400.595581      1378.0303955078
400.960297      1317.4329833984
401.324982      1337.6322021484
401.689636      1342.1208496094
402.054230      1344.3652343750
402.418793      1288.2564697266
402.783356      1357.8312988281
403.147919      1337.6322021484
403.512360      1306.2113037109
403.876770      1404.9626464844
404.241211      1355.5869140625
404.605621      1351.0982666016
404.969910      1375.7861328125
405.334229      1400.4738769531
405.698517      1254.5911865234
406.062775      1391.4965820313
406.426971      1312.9443359375
406.791107      1351.0982666016
407.155273      1348.8538818359
407.519379      1373.5417480469
407.883484      1404.9626464844
408.247498      1348.8538818359
408.611481      1366.8087158203
408.975464      1366.8087158203
409.339417      1297.2338867188
409.703308      1393.7408447266
410.067169      1366.8087158203
410.431030      1333.1434326172
410.794800      1328.6547851563
411.158569      1351.0982666016
411.522278      1286.0120849609
411.885986      1364.5643310547
412.249664      1472.2930908203
412.613312      1400.4738769531
412.976868      1344.3652343750
413.340454      1328.6547851563
413.703979      1328.6547851563
414.067474      1407.2070312500
414.430908      1310.6999511719
414.794342      1387.0078125000
415.157745      1342.1208496094
415.521088      1391.4965820313
415.884369      1330.8990478516
416.247711      1344.3652343750
416.610931      1339.8764648438
416.974152      1306.2113037109
417.337341      1373.5417480469
417.700500      1312.9443359375
418.063629      1319.6773681641
418.426697      1413.9400634766
418.789703      1389.2521972656
419.152740      1348.8538818359
419.515717      1362.3199462891
419.878662      1391.4965820313
420.241577      1389.2521972656
420.604431      1407.2070312500
420.967285      1308.4555664063
421.330109      1351.0982666016
421.692841      1308.4555664063
422.055603      1328.6547851563
422.418335      1306.2113037109
422.780975      1321.9217529297
423.143585      1351.0982666016
423.506226      1344.3652343750
423.868774      1299.4782714844
424.231293      1366.8087158203
424.593811      1335.3878173828
424.956238      1326.4104003906
425.318665      1395.9852294922
425.681091      1369.0529785156
426.043427      1281.5234375000
426.405731      1357.8312988281
426.768036      1378.0303955078
427.130310      1373.5417480469
427.492493      1306.2113037109
427.854675      1393.7408447266
428.216858      1303.9669189453
428.578979      1369.0529785156
428.941040      1303.9669189453
429.303040      1286.0120849609
429.665070      1342.1208496094
430.027069      1387.0078125000
430.389008      1310.6999511719
430.750885      1277.0346679688
431.112762      1378.0303955078
431.474640      1344.3652343750
431.836395      1337.6322021484
432.198181      1355.5869140625
432.559937      1420.6730957031
432.921600      1337.6322021484
433.283264      1324.1660156250
433.644867      1375.7861328125
434.006500      1344.3652343750
434.368073      1319.6773681641
434.729553      1373.5417480469
435.091034      1339.8764648438
435.452515      1393.7408447266
435.813934      1346.6094970703
436.175293      1362.3199462891
436.536621      1425.1617431641
436.897949      1344.3652343750
437.259277      1319.6773681641
437.620483      1413.9400634766
437.981659      1353.3426513672
438.342865      1306.2113037109
438.704010      1303.9669189453
439.065125      1328.6547851563
439.426178      1348.8538818359
439.787201      1324.1660156250
440.148224      1420.6730957031
440.509186      1297.2338867188
440.870087      1337.6322021484
441.230988      1402.7182617188
441.591858      1310.6999511719
441.952667      1364.5643310547
442.313416      1348.8538818359
442.674194      1346.6094970703
443.034912      1371.2973632813
443.395630      1357.8312988281
443.756226      1321.9217529297
444.116852      1339.8764648438
444.477417      1319.6773681641
444.837982      1391.4965820313
445.198456      1438.6278076172
445.558960      1324.1660156250
445.919403      1384.7634277344
446.279816      1319.6773681641
446.640106      1371.2973632813
447.000458      1366.8087158203
447.360779      1353.3426513672
447.721039      1326.4104003906
448.081207      1360.0756835938
448.441406      1346.6094970703
448.801575      1337.6322021484
449.161713      1427.4061279297
449.521759      1355.5869140625
449.881805      1333.1434326172
450.241852      1364.5643310547
450.601837      1391.4965820313
450.961792      1330.8990478516
451.321655      1355.5869140625
451.681549      1373.5417480469
452.041382      1351.0982666016
452.401184      1355.5869140625
452.760895      1366.8087158203
453.120636      1389.2521972656
453.480347      1422.9173583984
453.840027      1353.3426513672
454.199585      1429.6505126953
454.559174      1360.0756835938
454.918762      1458.8270263672
455.278290      1330.8990478516
455.637726      1355.5869140625
455.997162      1380.2747802734
456.356598      1330.8990478516
456.715973      1261.3242187500
457.075287      1393.7408447266
457.434570      1346.6094970703
457.793854      1333.1434326172
458.153107      1286.0120849609
458.512268      1342.1208496094
458.871429      1339.8764648438
459.230560      1328.6547851563
459.589661      1443.1165771484
459.948639      1369.0529785156
460.307678      1366.8087158203
460.666687      1303.9669189453
461.025635      1360.0756835938
461.384491      1299.4782714844
461.743378      1353.3426513672
462.102264      1393.7408447266
462.461060      1364.5643310547
462.819794      1371.2973632813
463.178497      1400.4738769531
463.537231      1328.6547851563
463.895905      1362.3199462891
464.254456      1389.2521972656
464.613068      1342.1208496094
464.971649      1346.6094970703
465.330170      1409.4512939453
465.688568      1290.5008544922
466.047028      1375.7861328125
466.405457      1355.5869140625
466.763855      1301.7225341797
467.122192      1387.0078125000
467.480438      1344.3652343750
467.838715      1333.1434326172
468.196960      1389.2521972656
468.555176      1357.8312988281
468.913269      1306.2113037109
469.271393      1398.2296142578
469.629486      1333.1434326172
469.987549      1330.8990478516
470.345520      1335.3878173828
470.703491      1373.5417480469
471.061462      1378.0303955078
471.419342      1348.8538818359
471.777191      1342.1208496094
472.135040      1308.4555664063
472.492828      1362.3199462891
472.850586      1360.0756835938
473.208282      1321.9217529297
473.565979      1312.9443359375
473.923615      1308.4555664063
474.281281      1344.3652343750
474.638794      1335.3878173828
474.996338      1324.1660156250
475.353851      1387.0078125000
475.711334      1326.4104003906
476.068726      1337.6322021484
476.426117      1335.3878173828
476.783478      1268.0573730469
477.140808      1342.1208496094
477.498077      1243.3695068359
477.855316      1387.0078125000
478.212555      1355.5869140625
478.569763      1366.8087158203
478.926819      1342.1208496094
479.283936      1369.0529785156
479.641022      1355.5869140625
479.998077      1337.6322021484
480.355011      1303.9669189453
480.711975      1337.6322021484
481.068939      1324.1660156250
481.425842      1360.0756835938
481.782623      1344.3652343750
482.139435      1263.5686035156
482.496216      1330.8990478516
482.852966      1364.5643310547
483.209717      1375.7861328125
483.566315      1360.0756835938
483.922943      1355.5869140625
484.279572      1378.0303955078
484.636139      1342.1208496094
484.992615      1330.8990478516
485.349121      1342.1208496094
485.705566      1389.2521972656
486.062012      1375.7861328125
486.418304      1373.5417480469
486.774689      1317.4329833984
487.130981      1411.6956787109
487.487274      1324.1660156250
487.843445      1409.4512939453
488.199615      1326.4104003906
488.555786      1355.5869140625
488.911957      1357.8312988281
489.267975      1306.2113037109
489.624023      1360.0756835938
489.980042      1330.8990478516
490.336029      1398.2296142578
490.691925      1416.1843261719
491.047821      1409.4512939453
491.403687      1400.4738769531
491.759521      1418.4287109375
492.115265      1294.9895019531
492.471008      1306.2113037109
492.826752      1355.5869140625
493.182434      1290.5008544922
493.538025      1373.5417480469
493.893646      1348.8538818359
494.249207      1382.5191650391
494.604736      1353.3426513672
494.960205      1384.7634277344
495.315674      1357.8312988281
495.671082      1277.0346679688
496.026489      1364.5643310547
496.381775      1328.6547851563
496.737091      1348.8538818359
497.092377      1366.8087158203
497.447632      1270.3016357422
497.802795      1274.7904052734
498.157959      1292.7451171875
498.513062      1353.3426513672
498.868195      1351.0982666016
499.223175      1402.7182617188
499.578217      1328.6547851563
499.933167      1344.3652343750
500.288116      1371.2973632813
500.643036      1290.5008544922
500.997833      1362.3199462891
501.352692      1330.8990478516
501.707489      1357.8312988281
502.062225      1342.1208496094
502.416901      1319.6773681641
502.771606      1310.6999511719
503.126221      1342.1208496094
503.480865      1317.4329833984
503.835358      1357.8312988281
504.189941      1360.0756835938
504.544434      1344.3652343750
504.898865      1337.6322021484
505.253265      1371.2973632813
505.607635      1384.7634277344
505.961975      1357.8312988281
506.316315      1339.8764648438
506.670532      1328.6547851563
507.024750      1375.7861328125
507.378967      1398.2296142578
507.733154      1297.2338867188
508.087189      1362.3199462891
508.441315      1335.3878173828
508.795349      1342.1208496094
509.149353      1297.2338867188
509.503265      1324.1660156250
509.857208      1346.6094970703
510.211121      1252.3469238281
510.565002      1360.0756835938
510.918762      1339.8764648438
511.272583      1339.8764648438
511.626312      1310.6999511719
511.980042      1369.0529785156
512.333618      1333.1434326172
512.687256      1366.8087158203
513.040894      1330.8990478516
513.394470      1380.2747802734
513.747925      1378.0303955078
514.101440      1333.1434326172
514.454895      1315.1885986328
514.808289      1384.7634277344
515.161621      1373.5417480469
515.514893      1393.7408447266
515.868225      1310.6999511719
516.221497      1366.8087158203
516.574707      1310.6999511719
516.927856      1277.0346679688
517.281006      1391.4965820313
517.634155      1380.2747802734
517.987183      1308.4555664063
518.340210      1299.4782714844
518.693237      1344.3652343750
519.046204      1330.8990478516
519.399048      1328.6547851563
519.751892      1380.2747802734
520.104736      1402.7182617188
520.457520      1292.7451171875
520.810364      1346.6094970703
521.163025      1346.6094970703
521.515686      1317.4329833984
521.868408      1321.9217529297
522.221008      1303.9669189453
522.573547      1378.0303955078
522.926086      1346.6094970703
523.278625      1335.3878173828
523.631042      1434.1391601563
523.983459      1429.6505126953
524.335815      1319.6773681641
524.688171      1389.2521972656
525.040527      1366.8087158203
525.392761      1339.8764648438
525.744934      1335.3878173828
526.097168      1369.0529785156
526.449341      1333.1434326172
526.801453      1380.2747802734
527.153503      1474.5374755859
527.505554      1346.6094970703
527.857544      1375.7861328125
528.209534      1398.2296142578
528.561462      1335.3878173828
528.913330      1467.8044433594
529.265198      1344.3652343750
529.617004      1373.5417480469
529.968750      1373.5417480469
530.320496      1319.6773681641
530.672180      1364.5643310547
531.023804      1321.9217529297
531.375488      1371.2973632813
531.727051      1301.7225341797
532.078613      1324.1660156250
532.430115      1393.7408447266
532.781555      1375.7861328125
533.132996      1351.0982666016
533.484375      1335.3878173828
533.835815      1283.7678222656
534.187073      1355.5869140625
534.538330      1326.4104003906
534.889587      1337.6322021484
535.240784      1324.1660156250
535.591919      1436.3835449219
535.942993      1346.6094970703
536.294128      1366.8087158203
536.645203      1333.1434326172
536.996155      1373.5417480469
537.347107      1328.6547851563
537.698120      1369.0529785156
538.049011      1319.6773681641
538.399841      1369.0529785156
538.750610      1384.7634277344
539.101440      1335.3878173828
539.452209      1391.4965820313
539.802856      1351.0982666016
540.153503      1375.7861328125
540.504150      1319.6773681641
540.854736      1369.0529785156
541.205261      1373.5417480469
541.555786      1366.8087158203
541.906250      1342.1208496094
542.256714      1413.9400634766
542.607056      1337.6322021484
542.957458      1344.3652343750
543.307739      1400.4738769531
543.658020      1362.3199462891
544.008240      1362.3199462891
544.358398      1357.8312988281
544.708618      1294.9895019531
545.058777      1395.9852294922
545.408813      1431.8947753906
545.758850      1330.8990478516
546.108887      1297.2338867188
546.458862      1346.6094970703
546.808716      1355.5869140625
547.158691      1382.5191650391
547.508545      1342.1208496094
547.858337      1303.9669189453
548.208069      1312.9443359375
548.557800      1339.8764648438
548.907532      1351.0982666016
549.257202      1319.6773681641
549.606812      1306.2113037109
549.956360      1360.0756835938
550.305908      1333.1434326172
550.655457      1429.6505126953
551.004883      1364.5643310547
551.354309      1422.9173583984
551.703674      1306.2113037109
552.053040      1360.0756835938
552.402405      1303.9669189453
552.751587      1342.1208496094
553.100830      1409.4512939453
553.450012      1395.9852294922
553.799255      1292.7451171875
554.148254      1324.1660156250
554.497375      1319.6773681641
554.846436      1317.4329833984
555.195435      1315.1885986328
555.544373      1353.3426513672
555.893250      1360.0756835938
556.242188      1382.5191650391
556.591003      1310.6999511719
556.939758      1373.5417480469
557.288574      1342.1208496094
557.637268      1371.2973632813
557.985962      1395.9852294922
558.334595      1395.9852294922
558.683228      1330.8990478516
559.031799      1413.9400634766
559.380310      1369.0529785156
559.728760      1308.4555664063
560.077209      1335.3878173828
560.425659      1407.2070312500
560.774048      1342.1208496094
561.122314      1348.8538818359
561.470581      1369.0529785156
561.818909      1330.8990478516
562.167114      1290.5008544922
562.515259      1315.1885986328
562.863342      1375.7861328125
563.211487      1362.3199462891
563.559570      1360.0756835938
563.907532      1362.3199462891
564.255554      1346.6094970703
564.603455      1335.3878173828
564.951355      1288.2564697266
565.299255      1324.1660156250
565.647095      1310.6999511719
565.994812      1391.4965820313
566.342590      1420.6730957031
566.690308      1366.8087158203
567.037903      1346.6094970703
567.385620      1337.6322021484
567.733154      1312.9443359375
568.080750      1310.6999511719
568.428162      1366.8087158203
568.775696      1357.8312988281
569.123108      1357.8312988281
569.470520      1378.0303955078
569.817810      1398.2296142578
570.165161      1342.1208496094
570.512451      1312.9443359375
570.859680      1344.3652343750
571.206787      1319.6773681641
571.554016      1310.6999511719
571.901062      1324.1660156250
572.248169      1357.8312988281
572.595154      1288.2564697266
572.942200      1326.4104003906
573.289124      1337.6322021484
573.636047      1369.0529785156
573.982849      1333.1434326172
574.329712      1319.6773681641
574.676514      1324.1660156250
575.023315      1301.7225341797
575.369995      1306.2113037109
575.716675      1391.4965820313
576.063293      1310.6999511719
576.409912      1299.4782714844
576.756409      1306.2113037109
577.102966      1384.7634277344
577.449402      1382.5191650391
577.795898      1353.3426513672
578.142273      1299.4782714844
578.488647      1328.6547851563
578.834961      1281.5234375000
579.181213      1319.6773681641
579.527405      1378.0303955078
579.873596      1351.0982666016
580.219788      1294.9895019531
580.565918      1330.8990478516
580.911926      1279.2790527344
581.258057      1404.9626464844
581.604065      1297.2338867188
581.949951      1360.0756835938
582.295898      1384.7634277344
582.641724      1297.2338867188
582.987610      1364.5643310547
583.333435      1337.6322021484
583.679199      1395.9852294922
584.024902      1422.9173583984
584.370544      1344.3652343750
584.716187      1420.6730957031
585.061829      1416.1843261719
585.407349      1292.7451171875
585.752869      1315.1885986328
586.098328      1429.6505126953
586.443787      1389.2521972656
586.789124      1337.6322021484
587.134521      1378.0303955078
587.479858      1321.9217529297
587.825134      1346.6094970703
588.170288      1402.7182617188
588.515564      1328.6547851563
588.860657      1321.9217529297
589.205872      1389.2521972656
589.550842      1409.4512939453
589.895935      1339.8764648438
590.240906      1400.4738769531
590.585876      1369.0529785156
590.930786      1353.3426513672
591.275635      1369.0529785156
591.620483      1310.6999511719
591.965271      1389.2521972656
592.310059      1319.6773681641
592.654724      1335.3878173828
592.999451      1438.6278076172
593.344055      1277.0346679688
593.688660      1299.4782714844
594.033203      1342.1208496094
594.377686      1369.0529785156
594.722229      1355.5869140625
595.066528      1337.6322021484
595.411011      1369.0529785156
595.755371      1326.4104003906
596.099670      1310.6999511719
596.443848      1384.7634277344
596.788147      1317.4329833984
597.132324      1326.4104003906
597.476501      1344.3652343750
597.820618      1286.0120849609
598.164612      1369.0529785156
598.508667      1364.5643310547
598.852661      1277.0346679688
599.196655      1317.4329833984
599.540466      1351.0982666016
599.884338      1360.0756835938
600.228210      1301.7225341797
600.571960      1362.3199462891
600.915710      1398.2296142578
601.259460      1357.8312988281
601.603088      1362.3199462891
601.946716      1384.7634277344
602.290283      1355.5869140625
602.633850      1387.0078125000
602.977295      1384.7634277344
603.320801      1308.4555664063
603.664124      1328.6547851563
604.007568      1382.5191650391
604.350952      1321.9217529297
604.694214      1337.6322021484
605.037415      1413.9400634766
605.380676      1380.2747802734
605.723816      1429.6505126953
606.066956      1391.4965820313
606.410034      1375.7861328125
606.753052      1292.7451171875
607.096130      1294.9895019531
607.439087      1357.8312988281
607.781921      1324.1660156250
608.124878      1357.8312988281
608.467712      1330.8990478516
608.810547      1342.1208496094
609.153259      1391.4965820313
609.495972      1398.2296142578
609.838684      1335.3878173828
610.181335      1348.8538818359
610.523865      1328.6547851563
610.866516      1333.1434326172
611.209045      1362.3199462891
611.551453      1353.3426513672
611.893921      1288.2564697266
612.236267      1373.5417480469
612.578674      1360.0756835938
612.920959      1321.9217529297
613.263306      1326.4104003906
613.605469      1357.8312988281
613.947632      1366.8087158203
614.289795      1375.7861328125
614.631958      1348.8538818359
614.973938      1404.9626464844
615.315979      1330.8990478516
615.657959      1355.5869140625
615.999939      1344.3652343750
616.341858      1393.7408447266
616.683716      1366.8087158203
617.025513      1375.7861328125
617.367310      1315.1885986328
617.708984      1351.0982666016
618.050720      1326.4104003906
618.392395      1371.2973632813
618.734070      1339.8764648438
619.075500      1357.8312988281
619.417114      1324.1660156250
619.758606      1321.9217529297
620.100098      1355.5869140625
620.441467      1393.7408447266
620.782776      1389.2521972656
621.124146      1272.5460205078
621.465393      1357.8312988281
621.806641      1398.2296142578
622.147888      1351.0982666016
622.489014      1319.6773681641
622.830139      1364.5643310547
623.171204      1308.4555664063
623.512207      1342.1208496094
623.853271      1348.8538818359
624.194214      1346.6094970703
624.535095      1360.0756835938
624.875916      1366.8087158203
625.216797      1303.9669189453
625.557617      1294.9895019531
625.898315      1330.8990478516
626.239075      1391.4965820313
626.579712      1360.0756835938
626.920349      1342.1208496094
627.260864      1335.3878173828
627.601440      1373.5417480469
627.941895      1259.0799560547
628.282410      1362.3199462891
628.622803      1395.9852294922
628.963135      1357.8312988281
629.303528      1355.5869140625
629.643799      1393.7408447266
629.984070      1328.6547851563
630.324219      1375.7861328125
630.664429      1342.1208496094
631.004517      1384.7634277344
631.344604      1357.8312988281
631.684631      1395.9852294922
632.024597      1321.9217529297
632.364624      1371.2973632813
632.704529      1355.5869140625
633.044373      1342.1208496094
633.384155      1384.7634277344
633.723999      1326.4104003906
634.063782      1319.6773681641
634.403442      1306.2113037109
634.743042      1346.6094970703
635.082764      1279.2790527344
635.422302      1369.0529785156
635.761841      1407.2070312500
636.101318      1274.7904052734
636.440796      1357.8312988281
636.780212      1357.8312988281
637.119507      1413.9400634766
637.458862      1353.3426513672
637.798157      1371.2973632813
638.137451      1373.5417480469
638.476563      1375.7861328125
638.815735      1355.5869140625
639.154907      1315.1885986328
639.494019      1351.0982666016
639.833008      1351.0982666016
640.171997      1339.8764648438
640.510925      1342.1208496094
640.849854      1326.4104003906
641.188660      1310.6999511719
641.527527      1384.7634277344
641.866333      1366.8087158203
642.205078      1357.8312988281
642.543762      1353.3426513672
642.882446      1366.8087158203
643.221008      1346.6094970703
643.559570      1335.3878173828
643.898071      1355.5869140625
644.236572      1303.9669189453
644.575073      1402.7182617188
644.913452      1303.9669189453
645.251831      1306.2113037109
645.590149      1339.8764648438
645.928406      1306.2113037109
646.266602      1351.0982666016
646.604858      1335.3878173828
646.942932      1315.1885986328
647.281128      1384.7634277344
647.619141      1380.2747802734
647.957214      1308.4555664063
648.295166      1319.6773681641
648.633057      1328.6547851563
648.970947      1326.4104003906
649.308838      1413.9400634766
649.646606      1270.3016357422
649.984436      1402.7182617188
650.322144      1339.8764648438
650.659851      1346.6094970703
650.997498      1303.9669189453
651.335022      1369.0529785156
651.672607      1380.2747802734
652.010132      1389.2521972656
652.347595      1308.4555664063
652.684998      1315.1885986328
653.022461      1400.4738769531
653.359802      1330.8990478516
653.697021      1389.2521972656
654.034302      1353.3426513672
654.371521      1342.1208496094
654.708740      1317.4329833984
655.045837      1294.9895019531
655.382935      1324.1660156250
655.719971      1326.4104003906
656.057007      1344.3652343750
656.393921      1330.8990478516
656.730835      1308.4555664063
657.067749      1393.7408447266
657.404602      1420.6730957031
657.741333      1337.6322021484
658.078064      1366.8087158203
658.414795      1382.5191650391
658.751465      1353.3426513672
659.088074      1348.8538818359
659.424683      1380.2747802734
659.761230      1369.0529785156
660.097717      1330.8990478516
660.434143      1355.5869140625
660.770569      1378.0303955078
661.106934      1335.3878173828
661.443298      1355.5869140625
661.779541      1288.2564697266
662.115784      1452.0939941406
662.451965      1342.1208496094
662.788086      1315.1885986328
663.124268      1326.4104003906
663.460266      1315.1885986328
663.796265      1411.6956787109
664.132324      1380.2747802734
664.468201      1362.3199462891
664.804077      1330.8990478516
665.139954      1382.5191650391
665.475769      1404.9626464844
665.811523      1303.9669189453
666.147278      1333.1434326172
666.482971      1351.0982666016
666.818542      1297.2338867188
667.154236      1324.1660156250
667.489685      1335.3878173828
667.825195      1398.2296142578
668.160706      1355.5869140625
668.496094      1364.5643310547
668.831421      1342.1208496094
669.166809      1335.3878173828
669.502136      1344.3652343750
669.837402      1315.1885986328
670.172546      1373.5417480469
670.507751      1315.1885986328
670.842834      1342.1208496094
671.177917      1292.7451171875
671.512878      1256.8355712891
671.847961      1312.9443359375
672.182861      1346.6094970703
672.517761      1294.9895019531
672.852600      1380.2747802734
673.187439      1389.2521972656
673.522217      1292.7451171875
673.856934      1310.6999511719
674.191650      1393.7408447266
674.526306      1308.4555664063
674.860901      1297.2338867188
675.195435      1436.3835449219
675.529968      1411.6956787109
675.864441      1321.9217529297
676.198853      1344.3652343750
676.533264      1404.9626464844
676.867554      1299.4782714844
677.201843      1373.5417480469
677.536133      1362.3199462891
677.870361      1384.7634277344
678.204529      1324.1660156250
678.538635      1355.5869140625
678.872742      1366.8087158203
679.206787      1389.2521972656
679.540710      1315.1885986328
679.874695      1364.5643310547
680.208618      1380.2747802734
680.542480      1357.8312988281
680.876282      1317.4329833984
681.210083      1317.4329833984
681.543823      1351.0982666016
681.877502      1299.4782714844
682.211121      1294.9895019531
682.544739      1324.1660156250
682.878357      1342.1208496094
683.211853      1371.2973632813
683.545227      1337.6322021484
683.878723      1353.3426513672
684.212097      1344.3652343750
684.545471      1384.7634277344
684.878723      1268.0573730469
685.212036      1286.0120849609
685.545227      1375.7861328125
685.878418      1315.1885986328
686.211487      1357.8312988281
686.544556      1306.2113037109
686.877625      1321.9217529297
687.210632      1292.7451171875
687.543518      1297.2338867188
687.876465      1409.4512939453
688.209290      1355.5869140625
688.542114      1328.6547851563
688.874878      1355.5869140625
689.207642      1281.5234375000
689.540344      1362.3199462891
689.872986      1250.1025390625
690.205566      1328.6547851563
690.538147      1306.2113037109
690.870667      1321.9217529297
691.203125      1299.4782714844
691.535461      1342.1208496094
691.867920      1308.4555664063
692.200256      1366.8087158203
692.532593      1326.4104003906
692.864807      1369.0529785156
693.196960      1413.9400634766
693.529114      1337.6322021484
693.861267      1373.5417480469
694.193420      1317.4329833984
694.525391      1384.7634277344
694.857361      1330.8990478516
695.189270      1378.0303955078
695.521240      1355.5869140625
695.853027      1369.0529785156
696.184814      1348.8538818359
696.516663      1373.5417480469
696.848389      1342.1208496094
697.179993      1346.6094970703
697.511658      1333.1434326172
697.843262      1366.8087158203
698.174805      1306.2113037109
698.506287      1389.2521972656
698.837708      1389.2521972656
699.169189      1375.7861328125
699.500549      1342.1208496094
699.831787      1330.8990478516
700.163147      1342.1208496094
700.494385      1360.0756835938
700.825562      1393.7408447266
701.156677      1443.1165771484
701.487793      1391.4965820313
701.818848      1413.9400634766
702.149902      1348.8538818359
702.480774      1371.2973632813
702.811768      1366.8087158203
703.142639      1272.5460205078
703.473511      1326.4104003906
703.804199      1391.4965820313
704.135010      1355.5869140625
704.465759      1274.7904052734
704.796387      1351.0982666016
705.126953      1337.6322021484
705.457520      1299.4782714844
705.788086      1321.9217529297
706.118591      1319.6773681641
706.448975      1362.3199462891
706.779419      1400.4738769531
707.109741      1286.0120849609
707.440063      1306.2113037109
707.770325      1373.5417480469
708.100525      1364.5643310547
708.430725      1364.5643310547
708.760864      1425.1617431641
709.090942      1422.9173583984
709.420959      1294.9895019531
709.750916      1339.8764648438
710.080933      1353.3426513672
710.410828      1326.4104003906
710.740662      1268.0573730469
711.070496      1380.2747802734
711.400269      1366.8087158203
711.729980      1339.8764648438
712.059631      1315.1885986328
712.389282      1339.8764648438
712.718872      1330.8990478516
713.048462      1317.4329833984
713.377930      1321.9217529297
713.707397      1380.2747802734
714.036865      1286.0120849609
714.366211      1294.9895019531
714.695435      1330.8990478516
715.024780      1348.8538818359
715.354004      1395.9852294922
715.683228      1299.4782714844
716.012329      1330.8990478516
716.341431      1369.0529785156
716.670532      1337.6322021484
716.999573      1373.5417480469
717.328430      1339.8764648438
717.657349      1335.3878173828
717.986267      1326.4104003906
718.315125      1312.9443359375
718.643860      1330.8990478516
718.972656      1326.4104003906
719.301331      1355.5869140625
719.630005      1351.0982666016
719.958557      1333.1434326172
720.287170      1353.3426513672
720.615662      1333.1434326172
720.944214      1321.9217529297
721.272583      1351.0982666016
721.600952      1252.3469238281
721.929321      1326.4104003906
722.257629      1321.9217529297
722.585876      1294.9895019531
722.914063      1357.8312988281
723.242188      1375.7861328125
723.570313      1346.6094970703
723.898376      1375.7861328125
724.226440      1335.3878173828
724.554382      1317.4329833984
724.882324      1355.5869140625
725.210266      1330.8990478516
725.538025      1321.9217529297
725.865784      1393.7408447266
726.193604      1348.8538818359
726.521301      1319.6773681641
726.848938      1301.7225341797
727.176514      1351.0982666016
727.504150      1357.8312988281
727.831726      1382.5191650391
728.159119      1391.4965820313
728.486572      1373.5417480469
728.813965      1355.5869140625
729.141357      1429.6505126953
729.468567      1348.8538818359
729.795837      1353.3426513672
730.123108      1339.8764648438
730.450317      1337.6322021484
730.777344      1326.4104003906
731.104431      1306.2113037109
731.431519      1326.4104003906
731.758484      1306.2113037109
732.085388      1389.2521972656
732.412292      1409.4512939453
732.739136      1373.5417480469
733.065979      1344.3652343750
733.392639      1339.8764648438
733.719421      1387.0078125000
734.046082      1375.7861328125
734.372681      1353.3426513672
734.699219      1355.5869140625
735.025757      1348.8538818359
735.352234      1319.6773681641
735.678711      1366.8087158203
736.005127      1360.0756835938
736.331482      1281.5234375000
736.657715      1393.7408447266
736.984009      1387.0078125000
737.310181      1346.6094970703
737.636353      1364.5643310547
737.962524      1335.3878173828
738.288574      1413.9400634766
738.614624      1362.3199462891
738.940613      1344.3652343750
739.266541      1431.8947753906
739.592407      1378.0303955078
739.918274      1303.9669189453
740.244080      1375.7861328125
740.569824      1337.6322021484
740.895569      1395.9852294922
741.221191      1346.6094970703
741.546753      1317.4329833984
741.872375      1380.2747802734
742.197937      1353.3426513672
742.523376      1283.7678222656
742.848816      1292.7451171875
743.174194      1360.0756835938
743.499573      1348.8538818359
743.824890      1346.6094970703
744.150085      1286.0120849609
744.475342      1362.3199462891
744.800476      1342.1208496094
745.125610      1328.6547851563
745.450623      1337.6322021484
745.775696      1328.6547851563
746.100708      1427.4061279297
746.425598      1351.0982666016
746.750427      1395.9852294922
747.075256      1279.2790527344
747.400085      1306.2113037109
747.724915      1353.3426513672
748.049561      1344.3652343750
748.374207      1344.3652343750
748.698853      1391.4965820313
749.023438      1319.6773681641
749.347900      1333.1434326172
749.672363      1333.1434326172
749.996765      1355.5869140625
750.321167      1319.6773681641
750.645508      1353.3426513672
750.969788      1391.4965820313
751.294067      1373.5417480469
751.618286      1312.9443359375
751.942383      1333.1434326172
752.266479      1286.0120849609
752.590576      1335.3878173828
752.914551      1321.9217529297
753.238525      1355.5869140625
753.562439      1319.6773681641
753.886292      1303.9669189453
754.210144      1294.9895019531
754.533936      1375.7861328125
754.857666      1328.6547851563
755.181335      1353.3426513672
755.505005      1369.0529785156
755.828613      1234.3920898438
756.152100      1369.0529785156
756.475586      1395.9852294922
756.799133      1312.9443359375
757.122498      1301.7225341797
757.445862      1344.3652343750
757.769165      1378.0303955078
758.092468      1344.3652343750
758.415710      1312.9443359375
758.738831      1303.9669189453
759.061951      1382.5191650391
759.385071      1337.6322021484
759.708130      1265.8129882813
760.031067      1456.5826416016
760.354004      1411.6956787109
760.676941      1360.0756835938
760.999817      1333.1434326172
761.322632      1272.5460205078
761.645386      1321.9217529297
761.968079      1371.2973632813
762.290771      1294.9895019531
762.613342      1355.5869140625
762.935974      1355.5869140625
763.258484      1308.4555664063
763.580994      1335.3878173828
763.903381      1402.7182617188
764.225830      1382.5191650391
764.548157      1312.9443359375
764.870422      1333.1434326172
765.192688      1321.9217529297
765.514832      1326.4104003906
765.837036      1404.9626464844
766.159119      1382.5191650391
766.481140      1436.3835449219
766.803223      1308.4555664063
767.125183      1355.5869140625
767.447144      1324.1660156250
767.768982      1387.0078125000
768.090820      1375.7861328125
768.412659      1333.1434326172
768.734314      1348.8538818359
769.056091      1335.3878173828
769.377686      1328.6547851563
769.699280      1333.1434326172
770.020813      1315.1885986328
770.342346      1330.8990478516
770.663757      1274.7904052734
770.985229      1265.8129882813
771.306580      1346.6094970703
771.627869      1317.4329833984
771.949158      1391.4965820313
772.270386      1317.4329833984
772.591553      1375.7861328125
772.912659      1315.1885986328
773.233765      1360.0756835938
773.554810      1337.6322021484
773.875793      1380.2747802734
774.196716      1283.7678222656
774.517578      1324.1660156250
774.838440      1335.3878173828
775.159302      1270.3016357422
775.480042      1299.4782714844
775.800659      1357.8312988281
776.121399      1344.3652343750
776.441956      1297.2338867188
776.762573      1272.5460205078
777.083008      1348.8538818359
777.403503      1360.0756835938
777.723999      1339.8764648438
778.044373      1387.0078125000
778.364624      1346.6094970703
778.684937      1384.7634277344
779.005188      1351.0982666016
779.325378      1395.9852294922
779.645447      1400.4738769531
779.965637      1382.5191650391
780.285706      1252.3469238281
780.605652      1330.8990478516
780.925598      1261.3242187500
781.245483      1339.8764648438
781.565369      1317.4329833984
781.885193      1393.7408447266
782.204895      1425.1617431641
782.524658      1364.5643310547
782.844299      1429.6505126953
783.163940      1355.5869140625
783.483582      1373.5417480469
783.803040      1431.8947753906
784.122559      1328.6547851563
784.442017      1360.0756835938
784.761414      1335.3878173828
785.080688      1384.7634277344
785.400024      1328.6547851563
785.719238      1290.5008544922
786.038452      1378.0303955078
786.357544      1351.0982666016
786.676697      1306.2113037109
786.995789      1431.8947753906
787.314758      1348.8538818359
787.633728      1362.3199462891
787.952637      1378.0303955078
788.271484      1360.0756835938
788.590271      1315.1885986328
788.908997      1355.5869140625
789.227783      1366.8087158203
789.546448      1333.1434326172
789.865112      1281.5234375000
790.183655      1312.9443359375
790.502197      1317.4329833984
790.820679      1375.7861328125
791.139099      1348.8538818359
791.457520      1351.0982666016
791.775879      1353.3426513672
792.094116      1324.1660156250
792.412415      1353.3426513672
792.730530      1292.7451171875
793.048767      1326.4104003906
793.366821      1306.2113037109
793.684937      1378.0303955078
794.002869      1308.4555664063
794.320862      1369.0529785156
794.638733      1339.8764648438
794.956665      1380.2747802734
795.274414      1286.0120849609
795.592224      1351.0982666016
795.909912      1364.5643310547
796.227661      1382.5191650391
796.545227      1335.3878173828
796.862854      1301.7225341797
797.180359      1373.5417480469
797.497864      1416.1843261719
797.815308      1375.7861328125
798.132629      1256.8355712891
798.450012      1337.6322021484
798.767273      1337.6322021484
799.084595      1362.3199462891
799.401733      1286.0120849609
799.718933      1335.3878173828
800.036011      1321.9217529297
800.353027      1407.2070312500
800.670044      1294.9895019531
800.987000      1393.7408447266
801.303894      1303.9669189453
801.620850      1351.0982666016
801.937561      1303.9669189453
802.254333      1371.2973632813
802.571106      1369.0529785156
802.887817      1373.5417480469
803.204346      1321.9217529297
803.520935      1339.8764648438
803.837463      1375.7861328125
804.153992      1373.5417480469
804.470337      1382.5191650391
804.786743      1252.3469238281
805.103027      1310.6999511719
805.419434      1344.3652343750
805.735535      1382.5191650391
806.051758      1351.0982666016
806.367920      1333.1434326172
806.684021      1360.0756835938
807.000000      1324.1660156250
807.316040      1360.0756835938
807.632019      1292.7451171875
807.947876      1384.7634277344
808.263672      1324.1660156250
808.579529      1416.1843261719
808.895325      1393.7408447266
809.211060      1337.6322021484
809.526611      1324.1660156250
809.842224      1321.9217529297
810.157837      1375.7861328125
810.473389      1371.2973632813
810.788757      1297.2338867188
811.104187      1425.1617431641
811.419617      1250.1025390625
811.734924      1380.2747802734
812.050171      1308.4555664063
812.365417      1380.2747802734
812.680542      1357.8312988281
812.995728      1395.9852294922
813.310852      1315.1885986328
813.625854      1353.3426513672
813.940796      1380.2747802734
814.255798      1335.3878173828
814.570679      1330.8990478516
814.885498      1286.0120849609
815.200256      1402.7182617188
815.515015      1348.8538818359
815.829651      1299.4782714844
816.144287      1333.1434326172
816.458923      1328.6547851563
816.773438      1346.6094970703
817.087952      1391.4965820313
817.402344      1326.4104003906
817.716797      1378.0303955078
818.031189      1326.4104003906
818.345520      1362.3199462891
818.659668      1328.6547851563
818.973877      1362.3199462891
819.288086      1328.6547851563
819.602173      1301.7225341797
819.916199      1328.6547851563
820.230225      1364.5643310547
820.544189      1355.5869140625
820.858154      1299.4782714844
821.171997      1366.8087158203
821.485779      1384.7634277344
821.799561      1342.1208496094
822.113281      1306.2113037109
822.426880      1283.7678222656
822.740540      1366.8087158203
823.054138      1427.4061279297
823.367676      1263.5686035156
823.681152      1348.8538818359
823.994568      1342.1208496094
824.307922      1326.4104003906
824.621277      1321.9217529297
824.934509      1351.0982666016
825.247742      1360.0756835938
825.560913      1268.0573730469
825.874146      1404.9626464844
826.187134      1272.5460205078
826.500183      1337.6322021484
826.813171      1283.7678222656
827.126160      1326.4104003906
827.439026      1299.4782714844
827.751831      1337.6322021484
828.064636      1387.0078125000
828.377380      1297.2338867188
828.690063      1378.0303955078
829.002686      1373.5417480469
829.315308      1382.5191650391
829.627869      1330.8990478516
829.940308      1265.8129882813
830.252808      1277.0346679688
830.565125      1391.4965820313
830.877563      1364.5643310547
831.189880      1364.5643310547
831.502075      1362.3199462891
831.814270      1413.9400634766
832.126465      1344.3652343750
832.438599      1353.3426513672
832.750549      1328.6547851563
833.062622      1346.6094970703
833.374512      1317.4329833984
833.686462      1319.6773681641
833.998291      1299.4782714844
834.310120      1348.8538818359
834.621887      1355.5869140625
834.933594      1351.0982666016
835.245239      1339.8764648438
835.556885      1391.4965820313
835.868408      1362.3199462891
836.179932      1321.9217529297
836.491333      1355.5869140625
836.802795      1283.7678222656
837.114197      1328.6547851563
837.425537      1395.9852294922
837.736694      1312.9443359375
838.047913      1301.7225341797
838.359131      1330.8990478516
838.670227      1351.0982666016
838.981262      1294.9895019531
839.292358      1337.6322021484
839.603333      1328.6547851563
839.914246      1319.6773681641
840.225037      1308.4555664063
840.535889      1387.0078125000
840.846680      1351.0982666016
841.157410      1324.1660156250
841.468079      1375.7861328125
841.778687      1373.5417480469
842.089233      1398.2296142578
842.399780      1369.0529785156
842.710266      1375.7861328125
843.020691      1380.2747802734
843.331055      1342.1208496094
843.641418      1330.8990478516
843.951721      1346.6094970703
844.261841      1389.2521972656
844.572083      1398.2296142578
844.882202      1402.7182617188
845.192261      1283.7678222656
845.502258      1337.6322021484
845.812256      1371.2973632813
846.122192      1398.2296142578
846.432068      1321.9217529297
846.741882      1346.6094970703
847.051636      1326.4104003906
847.361389      1357.8312988281
847.671143      1337.6322021484
847.980713      1292.7451171875
848.290283      1375.7861328125
848.599792      1310.6999511719
848.909302      1382.5191650391
849.218689      1357.8312988281
849.528076      1373.5417480469
849.837463      1353.3426513672
850.146790      1351.0982666016
850.455933      1362.3199462891
850.765137      1382.5191650391
851.074280      1335.3878173828
851.383362      1306.2113037109
851.692383      1312.9443359375
852.001343      1344.3652343750
852.310303      1326.4104003906
852.619202      1321.9217529297
852.927979      1317.4329833984
853.236816      1277.0346679688
853.545532      1384.7634277344
853.854248      1360.0756835938
854.162842      1292.7451171875
854.471436      1324.1660156250
854.779968      1301.7225341797
855.088440      1384.7634277344
855.396851      1378.0303955078
855.705200      1315.1885986328
856.013611      1398.2296142578
856.321899      1312.9443359375
856.630127      1357.8312988281
856.938293      1342.1208496094
857.246399      1328.6547851563
857.554504      1330.8990478516
857.862549      1261.3242187500
858.170471      1337.6322021484
858.478394      1373.5417480469
858.786316      1360.0756835938
859.094177      1315.1885986328
859.401917      1324.1660156250
859.709656      1353.3426513672
860.017334      1330.8990478516
860.324951      1387.0078125000
860.632507      1277.0346679688
860.940063      1337.6322021484
861.247559      1339.8764648438
861.555054      1308.4555664063
861.862366      1321.9217529297
862.169739      1384.7634277344
862.476990      1355.5869140625
862.784241      1427.4061279297
863.091370      1335.3878173828
863.398499      1335.3878173828
863.705627      1321.9217529297
864.012634      1346.6094970703
864.319519      1328.6547851563
864.626526      1407.2070312500
864.933350      1355.5869140625
865.240234      1339.8764648438
865.546936      1369.0529785156
865.853699      1375.7861328125
866.160400      1351.0982666016
866.466980      1324.1660156250
866.773560      1380.2747802734
867.080078      1315.1885986328
867.386536      1402.7182617188
867.692993      1353.3426513672
867.999329      1373.5417480469
868.305664      1317.4329833984
868.611938      1342.1208496094
868.918152      1306.2113037109
869.224304      1281.5234375000
869.530457      1404.9626464844
869.836487      1324.1660156250
870.142517      1326.4104003906
870.448547      1351.0982666016
870.754395      1375.7861328125
871.060242      1371.2973632813
871.366089      1286.0120849609
871.671814      1265.8129882813
871.977539      1371.2973632813
872.283203      1272.5460205078
872.588806      1337.6322021484
872.894409      1335.3878173828
873.199890      1369.0529785156
873.505371      1306.2113037109
873.810730      1360.0756835938
874.116150      1312.9443359375
874.421387      1308.4555664063
874.726685      1299.4782714844
875.031860      1301.7225341797
875.337097      1366.8087158203
875.642090      1270.3016357422
875.947205      1348.8538818359
876.252197      1346.6094970703
876.557129      1317.4329833984
876.862000      1351.0982666016
877.166870      1238.8807373047
877.471680      1348.8538818359
877.776428      1310.6999511719
878.081116      1317.4329833984
878.385742      1317.4329833984
878.690369      1337.6322021484
878.994873      1382.5191650391
879.299316      1371.2973632813
879.603821      1387.0078125000
879.908203      1384.7634277344
880.212585      1292.7451171875
880.516846      1330.8990478516
880.821106      1380.2747802734
881.125244      1277.0346679688
881.429382      1342.1208496094
881.733459      1393.7408447266
882.037537      1364.5643310547
882.341492      1362.3199462891
882.645447      1344.3652343750
882.949280      1362.3199462891
883.253113      1387.0078125000
883.556885      1384.7634277344
883.860657      1344.3652343750
884.164307      1333.1434326172
884.467896      1369.0529785156
884.771484      1299.4782714844
885.075073      1348.8538818359
885.378540      1404.9626464844
885.681885      1357.8312988281
885.985291      1339.8764648438
886.288635      1366.8087158203
886.591858      1328.6547851563
886.895020      1357.8312988281
887.198242      1315.1885986328
887.501343      1395.9852294922
887.804443      1315.1885986328
888.107422      1339.8764648438
888.410400      1351.0982666016
888.713257      1294.9895019531
889.016174      1364.5643310547
889.318909      1321.9217529297
889.621643      1321.9217529297
889.924377      1371.2973632813
890.227051      1355.5869140625
890.529602      1353.3426513672
890.832153      1371.2973632813
891.134705      1321.9217529297
891.437134      1378.0303955078
891.739441      1351.0982666016
892.041870      1281.5234375000
892.344116      1263.5686035156
892.646362      1382.5191650391
892.948486      1281.5234375000
893.250671      1330.8990478516
893.552734      1351.0982666016
893.854797      1342.1208496094
894.156738      1326.4104003906
894.458618      1299.4782714844
894.760559      1346.6094970703
895.062378      1378.0303955078
895.364136      1355.5869140625
895.665894      1342.1208496094
895.967590      1357.8312988281
896.269165      1373.5417480469
896.570679      1369.0529785156
896.872192      1400.4738769531
897.173706      1330.8990478516
897.475159      1393.7408447266
897.776428      1353.3426513672
898.077759      1312.9443359375
