0.451000
190.096298         0.0000000000
190.479492         0.0000000000
190.862656       991.0731811523
191.245789       951.9821166992
191.628876      1062.3569335938
192.011948       938.1853027344
192.394958      1080.7526855469
192.777939      1099.1484375000
193.160904      1080.7526855469
193.543823      1161.2342529297
193.926697      1004.8700561523
194.309555      1064.6563720703
194.692368      1119.8437500000
195.075150      1076.1536865234
195.457886      1057.7579345703
195.840607      1023.2658081055
196.223282      1089.9505615234
196.605927      1083.0521240234
196.988541      1149.7369384766
197.371094      1186.5284423828
197.753632      1152.0363769531
198.136139      1135.9400634766
198.518600      1055.4584960938
198.901031      1133.6406250000
199.283432      1096.8489990234
199.665802      1119.8437500000
200.048126      1106.0468750000
200.430405      1025.5653076172
200.812668      1071.5548095703
201.194885      1124.4426269531
201.577072      1069.2552490234
201.959244      1046.2606201172
202.341354      1030.1643066406
202.723434      1062.3569335938
203.105499      1103.7474365234
203.487503       995.6721191406
203.869461      1048.5600585938
204.251434      1050.8594970703
204.633331      1055.4584960938
205.015198      1140.5389404297
205.397049      1050.8594970703
205.778854      1083.0521240234
206.160614      1050.8594970703
206.542343      1041.6616210938
206.924042      1025.5653076172
207.305710      1087.6511230469
207.687332      1158.9348144531
208.068939      1053.1589355469
208.450485      1076.1536865234
208.832016      1039.3621826172
209.213501      1057.7579345703
209.594955      1043.9610595703
209.976379      1043.9610595703
210.357758      1023.2658081055
210.739105      1023.2658081055
211.120422      1101.4478759766
211.501694      1126.7421875000
211.882935      1057.7579345703
212.264145       991.0731811523
212.645340      1057.7579345703
213.026474      1087.6511230469
213.407562      1034.7631835938
213.788620      1089.9505615234
214.169662      1007.1694946289
214.550659      1080.7526855469
214.931610      1099.1484375000
215.312561      1099.1484375000
215.693451      1135.9400634766
216.074295      1007.1694946289
216.455109      1004.8700561523
216.835922      1055.4584960938
217.216660      1089.9505615234
217.597382      1011.7684326172
217.978058      1062.3569335938
218.358704      1060.0573730469
218.739304      1057.7579345703
219.119888      1156.6352539063
219.500427      1071.5548095703
219.880920       997.9716186523
220.261414      1009.4689941406
220.641830      1055.4584960938
221.022232      1083.0521240234
221.402603       993.3726806641
221.782944      1000.2710571289
222.163223      1030.1643066406
222.543488      1096.8489990234
222.923706      1094.5495605469
223.303894      1089.9505615234
223.684036      1089.9505615234
224.064163      1071.5548095703
224.444244      1030.1643066406
224.824295      1002.5705566406
225.204300      1078.4532470703
225.584274      1064.6563720703
225.964203      1060.0573730469
226.344131      1016.3674316406
226.723999      1064.6563720703
227.103806      1043.9610595703
227.483627       991.0731811523
227.863388      1145.1379394531
228.243118      1085.3515625000
228.622787      1073.8542480469
229.002472      1055.4584960938
229.382080      1046.2606201172
229.761688      1094.5495605469
230.141220      1124.4426269531
230.520721       986.4742431641
230.900208       988.7737426758
231.279663      1078.4532470703
231.659073      1101.4478759766
232.038452      1071.5548095703
232.417786      1048.5600585938
232.797073      1057.7579345703
233.176346      1069.2552490234
233.555573      1046.2606201172
233.934784      1069.2552490234
234.313934       984.1747436523
234.693069      1060.0573730469
235.072144      1025.5653076172
235.451202      1039.3621826172
235.830215      1064.6563720703
236.209213      1025.5653076172
236.588165      1108.3463134766
236.967072      1062.3569335938
237.345947      1078.4532470703
237.724792      1023.2658081055
238.103577      1073.8542480469
238.482361      1055.4584960938
238.861084      1078.4532470703
239.239777      1099.1484375000
239.618454      1066.9558105469
239.997070      1076.1536865234
240.375671      1089.9505615234
240.754211       972.6774291992
241.132751      1080.7526855469
241.511215      1076.1536865234
241.889694      1039.3621826172
242.268097      1083.0521240234
242.646469      1025.5653076172
243.024811      1009.4689941406
243.403122      1027.8647460938
243.781387      1050.8594970703
244.159622       977.2763671875
244.537827      1025.5653076172
244.915985      1094.5495605469
245.294113      1112.9453125000
245.672195      1053.1589355469
246.050262      1039.3621826172
246.428268      1023.2658081055
246.806274      1011.7684326172
247.184219      1060.0573730469
247.562119      1030.1643066406
247.940002      1030.1643066406
248.317841      1103.7474365234
248.695648      1016.3674316406
249.073425       970.3779296875
249.451157      1002.5705566406
249.828842      1007.1694946289
250.206512      1039.3621826172
250.584152      1060.0573730469
250.961731      1260.1115722656
251.339279      1009.4689941406
251.716812      1101.4478759766
252.094299      1048.5600585938
252.471725      1039.3621826172
252.849136      1087.6511230469
253.226517      1083.0521240234
253.603867      1085.3515625000
253.981171      1103.7474365234
254.358429      1071.5548095703
254.735672      1055.4584960938
255.112869      1002.5705566406
255.490021      1073.8542480469
255.867172      1142.8385009766
256.244263      1129.0416259766
256.621307      1080.7526855469
256.998291      1055.4584960938
257.375305      1016.3674316406
257.752228      1057.7579345703
258.129120      1000.2710571289
258.506012      1014.0679321289
258.882843      1076.1536865234
259.259644      1043.9610595703
259.636414      1062.3569335938
260.013123      1126.7421875000
260.389832      1025.5653076172
260.766479      1037.0626220703
261.143127      1060.0573730469
261.519714      1094.5495605469
261.896271      1126.7421875000
262.272736      1025.5653076172
262.649231       974.9768676758
263.025696      1066.9558105469
263.402100      1149.7369384766
263.778473      1179.6300048828
264.154785      1037.0626220703
264.531097      1018.6668701172
264.907318      1011.7684326172
265.283569      1073.8542480469
265.659760      1053.1589355469
266.035919      1066.9558105469
266.412018       997.9716186523
266.788086       995.6721191406
267.164154      1099.1484375000
267.540192      1053.1589355469
267.916107      1053.1589355469
268.292084      1055.4584960938
268.667969      1020.9663696289
269.043793      1057.7579345703
269.419617      1002.5705566406
269.795410      1085.3515625000
270.171204      1078.4532470703
270.546875      1076.1536865234
270.922577      1048.5600585938
271.298248      1025.5653076172
271.673828       993.3726806641
272.049408       979.5758056641
272.424927      1043.9610595703
272.800446      1117.5441894531
273.175934      1050.8594970703
273.551361      1066.9558105469
273.926727      1119.8437500000
274.302063      1018.6668701172
274.677399      1014.0679321289
275.052673      1073.8542480469
275.427948      1101.4478759766
275.803131      1011.7684326172
276.178314      1009.4689941406
276.553436      1083.0521240234
276.928558      1007.1694946289
277.303650      1050.8594970703
277.678619      1039.3621826172
278.053650      1124.4426269531
278.428589      1092.2500000000
278.803528      1034.7631835938
279.178375      1041.6616210938
279.553253      1094.5495605469
279.928070      1101.4478759766
280.302826      1076.1536865234
280.677582      1011.7684326172
281.052277       984.1747436523
281.426941      1076.1536865234
281.801544      1087.6511230469
282.176147      1032.4637451172
282.550720      1076.1536865234
282.925232      1039.3621826172
283.299683      1221.0205078125
283.674133      1020.9663696289
284.048553      1016.3674316406
284.422974      1069.2552490234
284.797241      1064.6563720703
285.171600      1043.9610595703
285.545837      1027.8647460938
285.920074      1083.0521240234
286.294250      1129.0416259766
286.668396      1037.0626220703
287.042511       991.0731811523
287.416626      1014.0679321289
287.790649      1158.9348144531
288.164673      1078.4532470703
288.538635      1066.9558105469
288.912567      1057.7579345703
289.286438      1103.7474365234
289.660309       997.9716186523
290.034149      1161.2342529297
290.407959      1009.4689941406
290.781677      1014.0679321289
291.155396      1041.6616210938
291.529083      1030.1643066406
291.902710      1060.0573730469
292.276337      1069.2552490234
292.649902      1106.0468750000
293.023407       981.8753051758
293.396912      1034.7631835938
293.770386      1064.6563720703
294.143829      1043.9610595703
294.517181      1069.2552490234
294.890533      1085.3515625000
295.263824      1110.6458740234
295.637115      1064.6563720703
296.010345      1106.0468750000
296.383545      1032.4637451172
296.756744      1085.3515625000
297.129852      1071.5548095703
297.502960      1108.3463134766
297.875977      1064.6563720703
298.248993      1055.4584960938
298.621979      1000.2710571289
298.994934      1016.3674316406
299.367859      1062.3569335938
299.740723       968.0784301758
300.113556      1011.7684326172
300.486359      1181.9295654297
300.859100      1027.8647460938
301.231842      1071.5548095703
301.604492      1032.4637451172
301.977173      1092.2500000000
302.349792       974.9768676758
302.722351      1034.7631835938
303.094910       958.8805541992
303.467377       970.3779296875
303.839874       997.9716186523
304.212311      1156.6352539063
304.584717      1027.8647460938
304.957062      1071.5548095703
305.329376      1055.4584960938
305.701630      1110.6458740234
306.073853      1027.8647460938
306.446106      1053.1589355469
306.818268      1041.6616210938
307.190399      1034.7631835938
307.562500      1099.1484375000
307.934540      1057.7579345703
308.306610       956.5810546875
308.678558       958.8805541992
309.050507      1085.3515625000
309.422424      1064.6563720703
309.794281      1085.3515625000
310.166138      1048.5600585938
310.537933      1009.4689941406
310.909729      1046.2606201172
311.281464      1062.3569335938
311.653107      1092.2500000000
312.024780      1108.3463134766
312.396393      1025.5653076172
312.767975      1089.9505615234
313.139496      1032.4637451172
313.511047      1096.8489990234
313.882507      1071.5548095703
314.253906      1041.6616210938
314.625305      1099.1484375000
314.996643      1050.8594970703
315.368011      1053.1589355469
315.739258      1041.6616210938
316.110504      1055.4584960938
316.481720      1025.5653076172
316.852905      1094.5495605469
317.223999      1025.5653076172
317.595123      1046.2606201172
317.966187      1080.7526855469
318.337189      1078.4532470703
318.708191      1039.3621826172
319.079163      1027.8647460938
319.450073      1069.2552490234
319.820923       993.3726806641
320.191742      1064.6563720703
320.562561      1039.3621826172
320.933319      1060.0573730469
321.304047      1062.3569335938
321.674744      1057.7579345703
322.045380      1080.7526855469
322.416016      1034.7631835938
322.786560      1089.9505615234
323.157135      1085.3515625000
323.527618      1032.4637451172
323.898071      1053.1589355469
324.268494      1030.1643066406
324.638885      1057.7579345703
325.009277      1094.5495605469
325.379578      1046.2606201172
325.749847       974.9768676758
326.120117       951.9821166992
326.490295      1053.1589355469
326.860443      1027.8647460938
327.230591      1039.3621826172
327.600708      1073.8542480469
327.970703      1043.9610595703
328.340759      1069.2552490234
328.710724      1016.3674316406
329.080688      1060.0573730469
329.450592      1080.7526855469
329.820435      1096.8489990234
330.190277      1000.2710571289
330.560089      1016.3674316406
330.929810      1115.2447509766
331.299561       965.7789916992
331.669220       995.6721191406
332.038879      1037.0626220703
332.408447      1073.8542480469
332.778046      1057.7579345703
333.147583      1053.1589355469
333.517059      1030.1643066406
333.886505      1069.2552490234
334.255951      1080.7526855469
334.625336      1009.4689941406
334.994629       945.0837402344
335.363983      1030.1643066406
335.733246      1007.1694946289
336.102478      1108.3463134766
336.471680      1078.4532470703
336.840820      1057.7579345703
337.209961      1154.3358154297
337.578979      1140.5389404297
337.948059      1057.7579345703
338.317078      1050.8594970703
338.686035       991.0731811523
339.054962      1101.4478759766
339.423859      1043.9610595703
339.792725      1135.9400634766
340.161560      1039.3621826172
340.530334      1080.7526855469
340.899078       940.4847412109
341.267761       977.2763671875
341.636444      1087.6511230469
342.005066      1089.9505615234
342.373657      1027.8647460938
342.742218      1053.1589355469
343.110718      1099.1484375000
343.479218      1126.7421875000
343.847626      1108.3463134766
344.216064      1027.8647460938
344.584412       991.0731811523
344.952759       931.2868652344
345.321045      1034.7631835938
345.689270      1014.0679321289
346.057526      1083.0521240234
346.425659       954.2816162109
346.793854      1096.8489990234
347.161957      1027.8647460938
347.529999      1039.3621826172
347.898041      1007.1694946289
348.266022      1014.0679321289
348.634003      1062.3569335938
349.001892      1030.1643066406
349.369781      1085.3515625000
349.737610      1018.6668701172
350.105408      1034.7631835938
350.473145      1030.1643066406
350.840912      1025.5653076172
351.208618       984.1747436523
351.576233      1057.7579345703
351.943878      1053.1589355469
352.311401      1027.8647460938
352.678955      1053.1589355469
353.046478      1043.9610595703
353.413910      1053.1589355469
353.781372       997.9716186523
354.148743      1078.4532470703
354.516083      1073.8542480469
354.883392      1004.8700561523
355.250641       977.2763671875
355.617920      1092.2500000000
355.985077      1032.4637451172
356.352234      1016.3674316406
356.719360      1034.7631835938
357.086426      1039.3621826172
357.453491      1039.3621826172
357.820496       997.9716186523
358.187469      1016.3674316406
358.554382      1080.7526855469
358.921295       977.2763671875
359.288147      1037.0626220703
359.654968      1048.5600585938
360.021759      1071.5548095703
360.388489      1032.4637451172
360.755188      1078.4532470703
361.121826      1018.6668701172
361.488464      1046.2606201172
361.855072      1043.9610595703
362.221588      1055.4584960938
362.588135      1018.6668701172
362.954590      1009.4689941406
363.321075      1050.8594970703
363.687439      1020.9663696289
364.053802      1011.7684326172
364.420135      1018.6668701172
364.786407       991.0731811523
365.152679      1073.8542480469
365.518860      1087.6511230469
365.885040      1092.2500000000
366.251190      1046.2606201172
366.617249      1037.0626220703
366.983337      1110.6458740234
367.349335       984.1747436523
367.715332      1037.0626220703
368.081207      1101.4478759766
368.447174      1073.8542480469
368.813019      1048.5600585938
369.178833      1060.0573730469
369.544678      1087.6511230469
369.910400      1037.0626220703
370.276123      1046.2606201172
370.641785       993.3726806641
371.007446      1060.0573730469
371.373016      1023.2658081055
371.738586      1060.0573730469
372.104126       977.2763671875
372.469574      1002.5705566406
372.835022      1023.2658081055
373.200439      1080.7526855469
373.565796      1080.7526855469
373.931122      1089.9505615234
374.296417      1053.1589355469
374.661713      1048.5600585938
375.026886      1046.2606201172
375.392090      1094.5495605469
375.757202      1016.3674316406
376.122314      1050.8594970703
376.487396      1016.3674316406
376.852386      1032.4637451172
377.217407      1080.7526855469
377.582336       981.8753051758
377.947235      1124.4426269531
378.312103      1053.1589355469
378.676941      1069.2552490234
379.041779      1034.7631835938
379.406494       977.2763671875
379.771240      1000.2710571289
380.135925      1041.6616210938
380.500549      1030.1643066406
380.865143      1131.3410644531
381.229706      1039.3621826172
381.594269      1078.4532470703
381.958679      1000.2710571289
382.323181      1027.8647460938
382.687561      1000.2710571289
383.051971       993.3726806641
383.416321      1037.0626220703
383.780579      1066.9558105469
384.144867      1078.4532470703
384.509033      1069.2552490234
384.873260      1043.9610595703
385.237366      1050.8594970703
385.601501      1142.8385009766
385.965576      1135.9400634766
386.329559      1083.0521240234
386.693573      1080.7526855469
387.057526       995.6721191406
387.421417      1057.7579345703
387.785309      1034.7631835938
388.149109      1041.6616210938
388.512970      1083.0521240234
388.876678      1037.0626220703
389.240417      1050.8594970703
389.604065      1014.0679321289
389.967712      1062.3569335938
390.331360      1000.2710571289
390.694885      1039.3621826172
391.058411      1020.9663696289
391.421906       993.3726806641
391.785370      1034.7631835938
392.148743       981.8753051758
392.512115      1112.9453125000
392.875488      1048.5600585938
393.238739      1032.4637451172
393.602051       968.0784301758
393.965240       979.5758056641
394.328430      1055.4584960938
394.691559      1085.3515625000
395.054657      1112.9453125000
395.417725      1057.7579345703
395.780731      1060.0573730469
396.143738      1103.7474365234
396.506653      1046.2606201172
396.869568      1016.3674316406
397.232422       988.7737426758
397.595245      1011.7684326172
397.958069      1009.4689941406
398.320770       995.6721191406
398.683533      1018.6668701172
399.046204       984.1747436523
399.408813      1000.2710571289
399.771454      1062.3569335938
400.133972      1089.9505615234
400.496521      1064.6563720703
400.859009      1032.4637451172
401.221436      1025.5653076172
401.583832      1060.0573730469
401.946198      1030.1643066406
402.308563      1057.7579345703
402.670807      1062.3569335938
403.033051      1080.7526855469
403.395294      1057.7579345703
403.757416      1064.6563720703
404.119568      1066.9558105469
404.481659       986.4742431641
404.843719      1055.4584960938
405.205719      1071.5548095703
405.567719      1085.3515625000
405.929657      1062.3569335938
406.291534       981.8753051758
406.653442      1025.5653076172
407.015228      1092.2500000000
407.377014      1048.5600585938
407.738739      1057.7579345703
408.100464      1039.3621826172
408.462128      1055.4584960938
408.823730      1014.0679321289
409.185364       961.1800537109
409.546875      1011.7684326172
409.908386      1069.2552490234
410.269867      1002.5705566406
410.631287       984.1747436523
410.992676      1000.2710571289
411.354034      1034.7631835938
411.715363      1110.6458740234
412.076630      1131.3410644531
412.437866      1034.7631835938
412.799072      1007.1694946289
413.160217      1020.9663696289
413.521362       961.1800537109
413.882416      1025.5653076172
414.243469      1032.4637451172
414.604462      1064.6563720703
414.965424      1064.6563720703
415.326355       993.3726806641
415.687225      1016.3674316406
416.048096      1030.1643066406
416.408875      1057.7579345703
416.769653      1131.3410644531
417.130402       974.9768676758
417.491058       986.4742431641
417.851715      1043.9610595703
418.212311      1064.6563720703
418.572906       979.5758056641
418.933411      1020.9663696289
419.293945      1060.0573730469
419.654388      1087.6511230469
420.014801      1092.2500000000
420.375183       951.9821166992
420.735504      1073.8542480469
421.095825      1023.2658081055
421.456055      1030.1643066406
421.816315      1043.9610595703
422.176453      1030.1643066406
422.536621       986.4742431641
422.896729      1034.7631835938
423.256775      1027.8647460938
423.616821      1043.9610595703
423.976807      1108.3463134766
424.336731       981.8753051758
424.696625      1000.2710571289
425.056488      1039.3621826172
425.416351      1076.1536865234
425.776093      1115.2447509766
426.135864      1048.5600585938
426.495575      1053.1589355469
426.855225      1083.0521240234
427.214874      1039.3621826172
427.574432      1133.6406250000
427.934052      1055.4584960938
428.293518      1064.6563720703
428.653015      1129.0416259766
429.012421      1083.0521240234
429.371826       979.5758056641
429.731232      1039.3621826172
430.090485      1030.1643066406
430.449799      1020.9663696289
430.808990       991.0731811523
431.168213      1064.6563720703
431.527374      1057.7579345703
431.886475      1138.2395019531
432.245605      1062.3569335938
432.604584      1080.7526855469
432.963623      1041.6616210938
433.322571       993.3726806641
433.681488      1023.2658081055
434.040344      1016.3674316406
434.399200      1039.3621826172
434.758026      1020.9663696289
435.116760      1043.9610595703
435.475494      1020.9663696289
435.834198      1076.1536865234
436.192841       972.6774291992
436.551453      1085.3515625000
436.910004      1020.9663696289
437.268555       997.9716186523
437.627014      1046.2606201172
437.985474      1014.0679321289
438.343903      1055.4584960938
438.702240      1060.0573730469
439.060577      1066.9558105469
439.418854      1048.5600585938
439.777130      1000.2710571289
440.135315      1062.3569335938
440.493500      1041.6616210938
440.851654      1069.2552490234
441.209717      1034.7631835938
441.567810       984.1747436523
441.925781       965.7789916992
442.283783      1020.9663696289
442.641663      1055.4584960938
442.999573       981.8753051758
443.357483      1064.6563720703
443.715240      1011.7684326172
444.073029      1078.4532470703
444.430725      1122.1431884766
444.788452       965.7789916992
445.146149      1014.0679321289
445.503723      1053.1589355469
445.861359      1004.8700561523
446.218842      1055.4584960938
446.576355      1025.5653076172
446.933777       951.9821166992
447.291199      1007.1694946289
447.648621       972.6774291992
448.005920       928.9874267578
448.363251      1073.8542480469
448.720459      1009.4689941406
449.077728      1039.3621826172
449.434875      1060.0573730469
449.792023      1069.2552490234
450.149170      1014.0679321289
450.506195      1009.4689941406
450.863220      1018.6668701172
451.220184      1055.4584960938
451.577118       961.1800537109
451.933990      1050.8594970703
452.290894      1124.4426269531
452.647736      1092.2500000000
453.004456      1064.6563720703
453.361237      1138.2395019531
453.717926      1115.2447509766
454.074585      1055.4584960938
454.431244      1016.3674316406
454.787811      1043.9610595703
455.144379      1039.3621826172
455.500824      1027.8647460938
455.857300      1020.9663696289
456.213715      1057.7579345703
456.570099      1094.5495605469
456.926483       958.8805541992
457.282745      1129.0416259766
457.639038      1083.0521240234
457.995209      1020.9663696289
458.351440      1092.2500000000
458.707550      1032.4637451172
459.063660       997.9716186523
459.419769      1055.4584960938
459.775757      1053.1589355469
460.131744      1050.8594970703
460.487671      1048.5600585938
460.843597      1069.2552490234
461.199493      1011.7684326172
461.555267      1112.9453125000
461.911072      1076.1536865234
462.266785      1089.9505615234
462.622498      1076.1536865234
462.978119       954.2816162109
463.333771      1096.8489990234
463.689392      1060.0573730469
464.044891      1064.6563720703
464.400421      1108.3463134766
464.755859      1041.6616210938
465.111298      1073.8542480469
465.466675       997.9716186523
465.821991      1089.9505615234
466.177338      1034.7631835938
466.532562      1060.0573730469
466.887817      1149.7369384766
467.242981      1099.1484375000
467.598114      1080.7526855469
467.953247      1076.1536865234
468.308289      1071.5548095703
468.663330      1066.9558105469
469.018280      1050.8594970703
469.373230      1057.7579345703
469.728119      1007.1694946289
470.082977      1027.8647460938
470.437836      1124.4426269531
470.792572      1069.2552490234
471.147339      1062.3569335938
471.502014      1101.4478759766
471.856720      1004.8700561523
472.211273      1004.8700561523
472.565918      1050.8594970703
472.920471      1064.6563720703
473.274933      1149.7369384766
473.629395      1064.6563720703
473.983795      1037.0626220703
474.338165      1069.2552490234
474.692505      1177.3305664063
475.046814      1007.1694946289
475.401123      1037.0626220703
475.755280      1110.6458740234
476.109497      1025.5653076172
476.463593      1066.9558105469
476.817688      3037.6047363281
477.171783      1285.4058837891
477.525757      1099.1484375000
477.879761      1085.3515625000
478.233673      1023.2658081055
478.587585      1064.6563720703
478.941406      1089.9505615234
479.295258      1087.6511230469
479.649048      1106.0468750000
480.002747      1115.2447509766
480.356445      1037.0626220703
480.710052      1016.3674316406
481.063690      1046.2606201172
481.417236      1066.9558105469
481.770782      1016.3674316406
482.124329      1099.1484375000
482.477722      1046.2606201172
482.831177      1016.3674316406
483.184509      1048.5600585938
483.537842      1004.8700561523
483.891144      1030.1643066406
484.244385       984.1747436523
484.597626      1122.1431884766
484.950714      1004.8700561523
485.303894       997.9716186523
485.656921       942.7842407227
486.010010      1069.2552490234
486.363068      1083.0521240234
486.715973      1080.7526855469
487.068909      1119.8437500000
487.421783      1034.7631835938
487.774628      1053.1589355469
488.127411      1094.5495605469
488.480194      1073.8542480469
488.832947      1057.7579345703
489.185577       977.2763671875
489.538239      1092.2500000000
489.890839      1043.9610595703
490.243378      1025.5653076172
490.595917      1085.3515625000
490.948395       956.5810546875
491.300842       981.8753051758
491.653198       995.6721191406
492.005585      1032.4637451172
492.357880      1002.5705566406
492.710144      1096.8489990234
493.062439       997.9716186523
493.414581      1124.4426269531
493.766754      1041.6616210938
494.118835      1073.8542480469
494.470917      1018.6668701172
494.822937      1037.0626220703
495.174927      1055.4584960938
495.526917      1060.0573730469
495.878784      1080.7526855469
496.230682      1007.1694946289
496.582489      1071.5548095703
496.934296      1094.5495605469
497.285980      1032.4637451172
497.637695      1048.5600585938
497.989410      1069.2552490234
498.340973      1069.2552490234
498.692596      1099.1484375000
499.044128      1043.9610595703
499.395630      1071.5548095703
499.747101      1007.1694946289
500.098480      1037.0626220703
500.449921       993.3726806641
500.801208      1050.8594970703
501.152527      1071.5548095703
501.503754      1041.6616210938
501.854980       997.9716186523
502.206177      1154.3358154297
502.557281      1046.2606201172
502.908386       984.1747436523
503.259430      1094.5495605469
503.610443      1053.1589355469
503.961365      1085.3515625000
504.312317      1041.6616210938
504.663239      1046.2606201172
505.014069       997.9716186523
505.364899       979.5758056641
505.715607      1041.6616210938
506.066376      1106.0468750000
506.417084      1030.1643066406
506.767670      1101.4478759766
507.118317      1124.4426269531
507.468842      1053.1589355469
507.819397       986.4742431641
508.169830      1027.8647460938
508.520294      1083.0521240234
508.870697      1020.9663696289
509.221039      1050.8594970703
509.571381      1009.4689941406
509.921631      1108.3463134766
510.271851      1053.1589355469
510.622009      1034.7631835938
510.972198       972.6774291992
511.322327      1168.1326904297
511.672394      1004.8700561523
512.022461       995.6721191406
512.372375      1112.9453125000
512.722351      1018.6668701172
513.072266      1124.4426269531
513.422058       986.4742431641
513.771912      1009.4689941406
514.121704      1009.4689941406
514.471436       991.0731811523
514.821167      1083.0521240234
515.170776       984.1747436523
515.520447      1046.2606201172
515.869995      1011.7684326172
516.219543      1039.3621826172
516.569031      1048.5600585938
516.918518      1060.0573730469
517.267822      1025.5653076172
517.617249      1055.4584960938
517.966614      1046.2606201172
518.315796      1055.4584960938
518.665161      1004.8700561523
519.014282       972.6774291992
519.363464      1060.0573730469
519.712585      1039.3621826172
520.061646      1066.9558105469
520.410706       972.6774291992
520.759705      1076.1536865234
521.108704      1037.0626220703
521.457520      1066.9558105469
521.806458      1066.9558105469
522.155334      1115.2447509766
522.504089      1023.2658081055
522.852844      1089.9505615234
523.201538      1092.2500000000
523.550232      1043.9610595703
523.898804       970.3779296875
524.247437      1027.8647460938
524.596008      1092.2500000000
524.944458       977.2763671875
525.292969      1014.0679321289
525.641357      1020.9663696289
525.989746      1034.7631835938
526.338074      1039.3621826172
526.686401      1023.2658081055
527.034607      1122.1431884766
527.382813      1014.0679321289
527.731018      1048.5600585938
528.079102      1066.9558105469
528.427246      1062.3569335938
528.775330      1000.2710571289
529.123291      1023.2658081055
529.471252      1002.5705566406
529.819153      1076.1536865234
530.167053      1027.8647460938
530.514832       963.4794921875
530.862732      1004.8700561523
531.210510      1177.3305664063
531.558167      1060.0573730469
531.905884      1014.0679321289
532.253479      1004.8700561523
532.601074      1009.4689941406
532.948608      1142.8385009766
533.296143      1048.5600585938
533.643616      1011.7684326172
533.991028      1043.9610595703
534.338379      1110.6458740234
534.685730      1119.8437500000
535.033081      1080.7526855469
535.380371      1050.8594970703
535.727478      1050.8594970703
536.074707      1089.9505615234
536.421875      1039.3621826172
536.768921      1046.2606201172
537.115967      1062.3569335938
537.463013      1122.1431884766
537.809998      1089.9505615234
538.156860      1043.9610595703
538.503784      1071.5548095703
538.850647      1020.9663696289
539.197449      1034.7631835938
539.544189       997.9716186523
539.890930      1009.4689941406
540.237610      1009.4689941406
540.584229      1101.4478759766
540.930847      1057.7579345703
541.277344      1083.0521240234
541.623901      1076.1536865234
541.970337      1018.6668701172
542.316772      1025.5653076172
542.663208      1011.7684326172
543.009521      1046.2606201172
543.355835      1034.7631835938
543.702026      1039.3621826172
544.048279      1055.4584960938
544.394470      1050.8594970703
544.740601      1131.3410644531
545.086731      1060.0573730469
545.432739      1016.3674316406
545.778809      1060.0573730469
546.124695      1009.4689941406
546.470703      1076.1536865234
546.816589      1085.3515625000
547.162415      1119.8437500000
547.508240      1007.1694946289
547.853943      1078.4532470703
548.199646      1030.1643066406
548.545349      1048.5600585938
548.890930      1060.0573730469
549.236633      1101.4478759766
549.582092      1048.5600585938
549.927673      1027.8647460938
550.273071      1117.5441894531
550.618530       988.7737426758
550.963928      1066.9558105469
551.309204      1069.2552490234
551.654602      1027.8647460938
551.999756      1050.8594970703
552.345093       963.4794921875
552.690186      1014.0679321289
553.035339      1053.1589355469
553.380493      1112.9453125000
553.725464      1048.5600585938
554.070496      1034.7631835938
554.415405      1119.8437500000
554.760376      1131.3410644531
555.105225      1055.4584960938
555.450073      1023.2658081055
555.794922       991.0731811523
556.139648      1018.6668701172
556.484375      1018.6668701172
556.828979       979.5758056641
557.173645       988.7737426758
557.518311      1064.6563720703
557.862793      1039.3621826172
558.207275      1156.6352539063
558.551697      1018.6668701172
558.896118      1011.7684326172
559.240479      1041.6616210938
559.584839      1069.2552490234
559.929199      1080.7526855469
560.273376      1078.4532470703
560.617676       963.4794921875
560.961792      1046.2606201172
561.305908      1016.3674316406
561.649963      1124.4426269531
561.994019      1016.3674316406
562.338074      1060.0573730469
562.682007       974.9768676758
563.025879       991.0731811523
563.369751      1080.7526855469
563.713623      1043.9610595703
564.057373       970.3779296875
564.401123      1080.7526855469
564.744873      1034.7631835938
565.088501       951.9821166992
565.432129      1002.5705566406
565.775635      1039.3621826172
566.119263      1037.0626220703
566.462769      1087.6511230469
566.806152      1177.3305664063
567.149597      1122.1431884766
567.492920      1046.2606201172
567.836243      1057.7579345703
568.179504      1057.7579345703
568.522827      1048.5600585938
568.866028      1048.5600585938
569.209106      1018.6668701172
569.552307      1048.5600585938
569.895325      1034.7631835938
570.238403      1039.3621826172
570.581299      1016.3674316406
570.924255      1011.7684326172
571.267212      1060.0573730469
571.609985      1009.4689941406
571.952881      1073.8542480469
572.295593      1037.0626220703
572.638367      1149.7369384766
572.981079      1073.8542480469
573.323730      1076.1536865234
573.666260      1087.6511230469
574.008850      1041.6616210938
574.351440       988.7737426758
574.693848      1009.4689941406
575.036255      1110.6458740234
575.378723      1094.5495605469
575.721008      1046.2606201172
576.063354      1069.2552490234
576.405579      1034.7631835938
576.747803      1085.3515625000
577.090027      1046.2606201172
577.432129      1007.1694946289
577.774231      1080.7526855469
578.116272       995.6721191406
578.458313       977.2763671875
578.800232      1050.8594970703
579.142212       963.4794921875
579.484070      1025.5653076172
579.825928      1131.3410644531
580.167725      1080.7526855469
580.509460      1110.6458740234
580.851196      1062.3569335938
581.192810      1043.9610595703
581.534485      1092.2500000000
581.876099       993.3726806641
582.217590       986.4742431641
582.559143       997.9716186523
582.900574      1117.5441894531
583.242004      1043.9610595703
583.583313      1085.3515625000
583.924683      1064.6563720703
584.265991      1053.1589355469
584.607239      1016.3674316406
584.948425      1027.8647460938
585.289551      1062.3569335938
585.630737      1034.7631835938
585.971802      1066.9558105469
586.312805      1106.0468750000
586.653870      1060.0573730469
586.994751       958.8805541992
587.335693       977.2763671875
587.676453      1119.8437500000
588.017334      1007.1694946289
588.358154      1083.0521240234
588.698853      1055.4584960938
589.039551       993.3726806641
589.380188      1043.9610595703
589.720825      1057.7579345703
590.061340      1039.3621826172
590.401917       986.4742431641
590.742432      1041.6616210938
591.082825      1018.6668701172
591.423218      1080.7526855469
591.763550      1124.4426269531
592.103882      1064.6563720703
592.444092      1043.9610595703
592.784363       984.1747436523
593.124512      1094.5495605469
593.464600      1092.2500000000
593.804749      1018.6668701172
594.144775      1046.2606201172
594.484802      1080.7526855469
594.824829      1112.9453125000
595.164734      1032.4637451172
595.504578      1064.6563720703
595.844360      1055.4584960938
596.184204       981.8753051758
596.523926      1048.5600585938
596.863647      1027.8647460938
597.203369      1000.2710571289
597.542969       984.1747436523
597.882507      1096.8489990234
598.222046      1099.1484375000
598.561584      1152.0363769531
598.901001      1030.1643066406
599.240417      1103.7474365234
599.579834      1037.0626220703
599.919067      1041.6616210938
600.258423      1034.7631835938
600.597595      1092.2500000000
600.936829      1034.7631835938
601.276001      1048.5600585938
601.615051      1025.5653076172
601.954163      1055.4584960938
602.293091      1030.1643066406
602.632141      1037.0626220703
602.971069      1080.7526855469
603.309998      1092.2500000000
603.648865      1062.3569335938
603.987610      1083.0521240234
604.326416      1101.4478759766
604.665100      1048.5600585938
605.003845      1101.4478759766
605.342407      1085.3515625000
605.680969      1053.1589355469
606.019592      1053.1589355469
606.358093      1092.2500000000
606.696533      1073.8542480469
607.034973      1037.0626220703
607.373291      1069.2552490234
607.711609       997.9716186523
608.049927       997.9716186523
608.388245      1000.2710571289
608.726379      1096.8489990234
609.064575      1037.0626220703
609.402710      1089.9505615234
609.740723      1106.0468750000
610.078796      1066.9558105469
610.416748       993.3726806641
610.754761      1089.9505615234
611.092590      1043.9610595703
611.430481      1050.8594970703
611.768311      1057.7579345703
612.106018      1076.1536865234
612.443787      1030.1643066406
612.781494      1020.9663696289
613.119141      1027.8647460938
613.456726      1004.8700561523
613.794250      1053.1589355469
614.131775      1034.7631835938
614.469299       993.3726806641
614.806763      1032.4637451172
615.144043      1039.3621826172
615.481384      1096.8489990234
615.818726      1078.4532470703
616.156006      1023.2658081055
616.493225      1066.9558105469
616.830322      1083.0521240234
617.167480      1048.5600585938
617.504578      1046.2606201172
617.841614      1080.7526855469
618.178528      1094.5495605469
618.515503      1020.9663696289
618.852478      1101.4478759766
619.189270      1053.1589355469
619.526184      1020.9663696289
619.862854      1103.7474365234
620.199646      1011.7684326172
620.536316       981.8753051758
620.872986      1064.6563720703
621.209595      1069.2552490234
621.546143      1060.0573730469
621.882629      1055.4584960938
622.219116      1073.8542480469
622.555542       984.1747436523
622.892029      1020.9663696289
623.228333      1117.5441894531
623.564636      1046.2606201172
623.900818       977.2763671875
624.237061      1064.6563720703
624.573242      1048.5600585938
624.909363      1085.3515625000
625.245483      1080.7526855469
625.581482      1064.6563720703
625.917480      1112.9453125000
626.253418      1027.8647460938
626.589355      1122.1431884766
626.925171      1060.0573730469
627.261047      1110.6458740234
627.596863      1055.4584960938
627.932556      1193.4268798828
628.268250      1152.0363769531
628.603882      1027.8647460938
628.939514      1025.5653076172
629.275024      1046.2606201172
629.610596       988.7737426758
629.946045       993.3726806641
630.281494      1046.2606201172
630.616882      1073.8542480469
630.952209      1016.3674316406
631.287537      1053.1589355469
631.622803      1110.6458740234
631.958008       963.4794921875
632.293213      1009.4689941406
632.628296       988.7737426758
632.963379      1062.3569335938
633.298401      1041.6616210938
633.633423      1048.5600585938
633.968384      1069.2552490234
634.303284      1009.4689941406
634.638123      1076.1536865234
634.972900      1007.1694946289
635.307739      1014.0679321289
635.642456      1014.0679321289
635.977112      1066.9558105469
636.311829      1154.3358154297
636.646362      1046.2606201172
636.980957      1057.7579345703
637.315430      1071.5548095703
637.649963      1053.1589355469
637.984436      1053.1589355469
638.318726      1066.9558105469
638.653137      1055.4584960938
638.987366      1071.5548095703
639.321655      1004.8700561523
639.655823      1122.1431884766
639.990051      1119.8437500000
640.324158      1152.0363769531
640.658203      1025.5653076172
640.992249       988.7737426758
641.326172      1055.4584960938
641.660156      1080.7526855469
641.994019      1032.4637451172
642.327942      1110.6458740234
642.661804      1000.2710571289
642.995483       995.6721191406
643.329224      1018.6668701172
643.662964      1073.8542480469
643.996582       933.5863647461
644.330200      1030.1643066406
644.663696      1110.6458740234
644.997253      1034.7631835938
645.330688      1083.0521240234
645.664124      1087.6511230469
645.997437      1048.5600585938
646.330811      1094.5495605469
646.664124      1043.9610595703
646.997375      1062.3569335938
647.330566      1048.5600585938
647.663696      1117.5441894531
647.996826      1108.3463134766
648.329895      1043.9610595703
648.662903       993.3726806641
648.995911      1037.0626220703
649.328796      1096.8489990234
649.661682      1041.6616210938
649.994568      1071.5548095703
650.327393      1083.0521240234
650.660095      1055.4584960938
650.992859      1041.6616210938
651.325500      1062.3569335938
651.658142       965.7789916992
651.990723      1062.3569335938
652.323242      1062.3569335938
652.655762       997.9716186523
652.988220      1053.1589355469
653.320618      1069.2552490234
653.652954      1007.1694946289
653.985291      1184.2290039063
654.317566      1103.7474365234
654.649780      1085.3515625000
654.981995      1060.0573730469
655.314148      1073.8542480469
655.646240      1078.4532470703
655.978271      1046.2606201172
656.310303      1023.2658081055
656.642273       984.1747436523
656.974182      1043.9610595703
657.306091      1020.9663696289
657.637939      1023.2658081055
657.969666      1018.6668701172
658.301453      1023.2658081055
658.633179      1050.8594970703
658.964844      1073.8542480469
659.296448       986.4742431641
659.627991      1039.3621826172
659.959534      1071.5548095703
660.291016      1020.9663696289
660.622437      1002.5705566406
660.953796      1041.6616210938
661.285156      1048.5600585938
661.616516      1117.5441894531
661.947754      1030.1643066406
662.278931      1057.7579345703
662.610107      1080.7526855469
662.941284      1101.4478759766
663.272339      1069.2552490234
663.603394      1062.3569335938
663.934387      1076.1536865234
664.265320      1039.3621826172
664.596252      1014.0679321289
664.927063      1018.6668701172
665.257935      1004.8700561523
665.588684      1057.7579345703
665.919434      1064.6563720703
666.250061      1011.7684326172
666.580688      1071.5548095703
666.911316      1073.8542480469
667.241821      1055.4584960938
667.572327       995.6721191406
667.902832      1016.3674316406
668.233276      1002.5705566406
668.563660      1073.8542480469
668.893982      1020.9663696289
669.224243       963.4794921875
669.554504      1046.2606201172
669.884705      1043.9610595703
670.214844       986.4742431641
670.544922      1087.6511230469
670.875000      1087.6511230469
671.205078      1034.7631835938
671.534973      1080.7526855469
671.864929      1020.9663696289
672.194824      1020.9663696289
672.524658      1085.3515625000
672.854431      1069.2552490234
673.184204      1069.2552490234
673.513916      1007.1694946289
673.843567       997.9716186523
674.173218      1078.4532470703
674.502747      1064.6563720703
674.832275      1055.4584960938
675.161804      1016.3674316406
675.491211       997.9716186523
675.820679      1025.5653076172
676.149963      1027.8647460938
676.479248      1071.5548095703
676.808533      1007.1694946289
677.137756      1018.6668701172
677.466919      1085.3515625000
677.796021      1020.9663696289
678.125122       993.3726806641
678.454163      1032.4637451172
678.783142      1000.2710571289
679.112122       954.2816162109
679.440979      1135.9400634766
679.769897      1066.9558105469
680.098694      1110.6458740234
680.427490      1016.3674316406
680.756165      1083.0521240234
681.084900      2731.7749023438
681.413513      1129.0416259766
681.742065      1041.6616210938
682.070679      1023.2658081055
682.399170       991.0731811523
682.727600      1089.9505615234
683.056030      1112.9453125000
683.384399      1053.1589355469
683.712708      1060.0573730469
684.040955      1039.3621826172
684.369263      1092.2500000000
684.697388      1027.8647460938
685.025574      1089.9505615234
685.353638      1011.7684326172
685.681702      1004.8700561523
686.009766       974.9768676758
686.337708       981.8753051758
686.665588       993.3726806641
686.993469      1030.1643066406
687.321289      1106.0468750000
687.649048      1034.7631835938
687.976807      1062.3569335938
688.304565      1129.0416259766
688.632141      1057.7579345703
688.959839       997.9716186523
689.287354      1078.4532470703
689.614868      1016.3674316406
689.942383      1025.5653076172
690.269775       995.6721191406
690.597168      1057.7579345703
690.924500      1073.8542480469
691.251770      1025.5653076172
691.578979      1046.2606201172
691.906250      1037.0626220703
692.233398      1078.4532470703
692.560486      1046.2606201172
692.887573      1087.6511230469
693.214539      1062.3569335938
693.541565      1018.6668701172
693.868469      1014.0679321289
694.195374      1078.4532470703
694.522217      1037.0626220703
694.849060      1039.3621826172
695.175781      1011.7684326172
695.502441      1030.1643066406
695.829163      1043.9610595703
696.155823       954.2816162109
696.482300      1094.5495605469
696.808899       972.6774291992
697.135315      1034.7631835938
697.461792      1032.4637451172
697.788147      1041.6616210938
698.114563       986.4742431641
698.440857      1092.2500000000
698.767029      1062.3569335938
699.093323      1014.0679321289
699.419495      1016.3674316406
699.745605      1057.7579345703
700.071655      1142.8385009766
700.397705      1066.9558105469
700.723694      1083.0521240234
701.049622       991.0731811523
701.375549       988.7737426758
701.701355      1106.0468750000
702.027222      1080.7526855469
702.352905      1057.7579345703
702.678711      1014.0679321289
703.004395      1087.6511230469
703.329956      1018.6668701172
703.655579      1064.6563720703
703.981018      1085.3515625000
704.306580      1099.1484375000
704.632080       951.9821166992
704.957397      1053.1589355469
705.282776      1108.3463134766
705.608093      1055.4584960938
705.933350      1007.1694946289
706.258545      1009.4689941406
706.583740      1053.1589355469
706.908875      1064.6563720703
707.233948      1048.5600585938
707.559021      1002.5705566406
707.883972      1009.4689941406
708.208984      1053.1589355469
708.533813      1060.0573730469
708.858704      1106.0468750000
709.183533      1062.3569335938
709.508240      1027.8647460938
709.833008      1023.2658081055
710.157654      1108.3463134766
710.482300       995.6721191406
710.806885      1007.1694946289
711.131409      1025.5653076172
711.455933       986.4742431641
711.780334      1023.2658081055
712.104797      1149.7369384766
712.429138      1055.4584960938
712.753479      1083.0521240234
713.077759      1041.6616210938
713.401917      1069.2552490234
713.726135      1053.1589355469
714.050232      1050.8594970703
714.374329      1014.0679321289
714.698364      1046.2606201172
715.022339      1078.4532470703
715.346313      1094.5495605469
715.670166      1089.9505615234
715.994080      1009.4689941406
716.317871      1142.8385009766
716.641663      1043.9610595703
716.965393      1046.2606201172
717.289001      1037.0626220703
717.612732      1119.8437500000
717.936279      1050.8594970703
718.259827      1048.5600585938
718.583313      1071.5548095703
718.906738      1073.8542480469
719.230225      1048.5600585938
719.553528      1055.4584960938
719.876892      1087.6511230469
720.200134      1048.5600585938
720.523315      1043.9610595703
720.846497      1007.1694946289
721.169617      1034.7631835938
721.492737      1000.2710571289
721.815735       963.4794921875
722.138733      1124.4426269531
722.461670      1094.5495605469
722.784607      1011.7684326172
723.107544      1050.8594970703
723.430298      1062.3569335938
723.753113      1154.3358154297
724.075745       995.6721191406
724.398438      1034.7631835938
724.721008      1129.0416259766
725.043640      1037.0626220703
725.366211      1115.2447509766
725.688660      1030.1643066406
726.011169      1076.1536865234
726.333496      1030.1643066406
726.655884      1099.1484375000
726.978149       995.6721191406
727.300476      1060.0573730469
727.622681      1055.4584960938
727.944824      1145.1379394531
728.266968      1055.4584960938
728.589050      1037.0626220703
728.911133      1057.7579345703
729.233032      1025.5653076172
729.554993      1083.0521240234
729.876953      1048.5600585938
730.198792       972.6774291992
730.520569       979.5758056641
730.842346       984.1747436523
731.164063       988.7737426758
731.485718      1078.4532470703
731.807373      1092.2500000000
732.128967      1129.0416259766
732.450439      1034.7631835938
732.771973      1016.3674316406
733.093323      1016.3674316406
733.414795      1032.4637451172
733.736145      1092.2500000000
734.057373      1007.1694946289
734.378662      1043.9610595703
734.699890      1087.6511230469
735.021057       972.6774291992
735.342163      1002.5705566406
735.663269      1129.0416259766
735.984314      1071.5548095703
736.305237      1002.5705566406
736.626160      1108.3463134766
736.947083       993.3726806641
737.267883      1083.0521240234
737.588745       942.7842407227
737.909485      1002.5705566406
738.230225       938.1853027344
738.550781       961.1800537109
738.871460      1048.5600585938
739.192017      1004.8700561523
739.512573      1161.2342529297
739.833069      1025.5653076172
740.153442      1039.3621826172
740.473877      1027.8647460938
740.794128      1142.8385009766
741.114441       986.4742431641
741.434692      1016.3674316406
741.754883      1009.4689941406
742.075073      1041.6616210938
742.395142      1071.5548095703
742.715210      1011.7684326172
743.035217      1030.1643066406
743.355225      1101.4478759766
743.675049      1094.5495605469
743.994995      1034.7631835938
744.314880      1060.0573730469
744.634583      1076.1536865234
744.954407      1069.2552490234
745.273987      1041.6616210938
745.593689      1020.9663696289
745.913330      1034.7631835938
746.232849      1048.5600585938
746.552368      1034.7631835938
746.871826      1064.6563720703
747.191223      1085.3515625000
747.510559      1083.0521240234
747.829956      1060.0573730469
748.149231       993.3726806641
748.468384      1041.6616210938
748.787659       988.7737426758
749.106750       974.9768676758
749.425842      1050.8594970703
749.744873      1069.2552490234
750.063904      1053.1589355469
750.382874      1062.3569335938
750.701721      1032.4637451172
751.020630      1101.4478759766
751.339417      1060.0573730469
751.658203      1002.5705566406
751.976990      1055.4584960938
752.295593      1092.2500000000
752.614258      1076.1536865234
752.932800      1053.1589355469
753.251404      1080.7526855469
753.569824      1055.4584960938
753.888306      1057.7579345703
754.206726      1080.7526855469
754.525024      1062.3569335938
754.843323      1020.9663696289
755.161621       991.0731811523
755.479797      1092.2500000000
755.797974      1030.1643066406
756.116089      1039.3621826172
756.434204      1041.6616210938
756.752197      1066.9558105469
757.070190      1043.9610595703
757.388123      1016.3674316406
757.705994      1043.9610595703
758.023865      1092.2500000000
758.341675      1039.3621826172
758.659363      1149.7369384766
758.977112      1011.7684326172
759.294739      1025.5653076172
759.612305      1055.4584960938
759.929932      1002.5705566406
760.247498      1020.9663696289
760.564880      1025.5653076172
760.882385      1112.9453125000
761.199707      1043.9610595703
761.517090      1078.4532470703
761.834290      1025.5653076172
762.151611      1009.4689941406
762.468811      1066.9558105469
762.785889      1080.7526855469
763.103027      1071.5548095703
763.420044      1034.7631835938
763.737061      1085.3515625000
764.054077      1089.9505615234
764.370972       991.0731811523
764.687805      1085.3515625000
765.004639      1085.3515625000
765.321411      1071.5548095703
765.638123      1048.5600585938
765.954834      1002.5705566406
766.271484      1071.5548095703
766.588074      1053.1589355469
766.904602       968.0784301758
767.221069      1039.3621826172
767.537537      1050.8594970703
767.853882      1106.0468750000
768.170288      1055.4584960938
768.486572      1083.0521240234
768.802856      1050.8594970703
769.119080      1037.0626220703
769.435181      1064.6563720703
769.751343      1041.6616210938
770.067322      1083.0521240234
770.383423      1085.3515625000
770.699402      1034.7631835938
771.015320      1071.5548095703
771.331238      1053.1589355469
771.647095      1103.7474365234
771.962891      1004.8700561523
772.278625      1009.4689941406
772.594299      1064.6563720703
772.909973      1085.3515625000
773.225586      1027.8647460938
773.541138      1020.9663696289
773.856567      1078.4532470703
774.172119      1062.3569335938
774.487549      1055.4584960938
774.802856      1020.9663696289
775.118286       993.3726806641
775.433472      1106.0468750000
775.748718      1089.9505615234
776.063904      1034.7631835938
776.379028      1016.3674316406
776.694153      1089.9505615234
777.009155      1016.3674316406
777.324158       993.3726806641
777.639099       963.4794921875
777.954041      1089.9505615234
778.268921       977.2763671875
778.583740      1135.9400634766
778.898499      1085.3515625000
779.213196       965.7789916992
779.527832      1050.8594970703
779.842468      1112.9453125000
780.157043      1011.7684326172
780.471619      1057.7579345703
780.786072       958.8805541992
781.100525      1043.9610595703
781.414856      1055.4584960938
781.729248      1048.5600585938
782.043457      1030.1643066406
782.357788       986.4742431641
782.671997      1071.5548095703
782.986084       933.5863647461
783.300293      1027.8647460938
783.614258      1050.8594970703
783.928345      1085.3515625000
784.242249      1057.7579345703
784.556213      1053.1589355469
784.870117      1053.1589355469
785.183899      1037.0626220703
785.497681       986.4742431641
785.811340      1014.0679321289
786.125061      1039.3621826172
786.438721      1108.3463134766
786.752258      1025.5653076172
787.065857      1032.4637451172
787.379333      1096.8489990234
787.692810      1023.2658081055
788.006165      1048.5600585938
788.319519      1060.0573730469
788.632874      1126.7421875000
788.946106       974.9768676758
789.259338      1055.4584960938
789.572449      1096.8489990234
789.885559      1053.1589355469
790.198608      1050.8594970703
790.511719       986.4742431641
790.824707       979.5758056641
791.137573      1039.3621826172
791.450500      1066.9558105469
791.763306      1066.9558105469
792.076111       995.6721191406
792.388855       974.9768676758
792.701538      1096.8489990234
793.014221      1055.4584960938
793.326782      1066.9558105469
793.639343      1032.4637451172
793.951843       979.5758056641
794.264282      1009.4689941406
794.576721      1046.2606201172
794.889099      1103.7474365234
795.201416      1087.6511230469
795.513611      1018.6668701172
795.825867      1060.0573730469
796.138000      1078.4532470703
796.450195      1043.9610595703
796.762268      1023.2658081055
797.074280      1048.5600585938
797.386292      1041.6616210938
797.698181      1089.9505615234
798.010071      1007.1694946289
798.321960      1034.7631835938
798.633728      1060.0573730469
798.945496       945.0837402344
799.257202      1020.9663696289
799.568787      1101.4478759766
799.880432      1050.8594970703
800.192017      1002.5705566406
800.503540      1092.2500000000
800.815002      1032.4637451172
801.126404      1050.8594970703
801.437744      1055.4584960938
801.749084      1025.5653076172
802.060364      1163.5336914063
802.371582      1043.9610595703
802.682800      1043.9610595703
802.993835      1080.7526855469
803.304993      1083.0521240234
803.615967      1083.0521240234
803.927002       988.7737426758
804.237976      1034.7631835938
804.548828      1085.3515625000
804.859741      1078.4532470703
805.170471      1000.2710571289
805.481201      1060.0573730469
805.791931       995.6721191406
806.102600      1103.7474365234
806.413208       968.0784301758
806.723755      1078.4532470703
807.034241      1041.6616210938
807.344727      1076.1536865234
807.655151       997.9716186523
807.965515       984.1747436523
808.275879      1037.0626220703
808.586182      1092.2500000000
808.896362      1025.5653076172
809.206604      1055.4584960938
809.516663      1057.7579345703
809.826782      1076.1536865234
810.136780      1046.2606201172
810.446777      1124.4426269531
810.756775      1066.9558105469
811.066650      1041.6616210938
811.376465      1018.6668701172
811.686279      1000.2710571289
811.996033      1094.5495605469
812.305786      1085.3515625000
812.615417      1101.4478759766
812.924988      1046.2606201172
813.234558      1076.1536865234
813.544128      1020.9663696289
813.853516       995.6721191406
814.162964      1069.2552490234
814.472351      1131.3410644531
814.781616      1023.2658081055
815.090942      1053.1589355469
815.400146      1037.0626220703
815.709351      1039.3621826172
816.018433      1076.1536865234
816.327515      1076.1536865234
816.636597      1014.0679321289
816.945557      1083.0521240234
817.254578      1071.5548095703
817.563416      1096.8489990234
817.872253       991.0731811523
818.181091      1048.5600585938
818.489807      1048.5600585938
818.798523      1089.9505615234
819.107178      1076.1536865234
819.415833      1119.8437500000
819.724365      1064.6563720703
820.032837      1016.3674316406
820.341370      1135.9400634766
820.649719      1092.2500000000
820.958130      1080.7526855469
821.266357      1055.4584960938
821.574707      1007.1694946289
821.882874      1089.9505615234
822.191040       977.2763671875
822.499207      1018.6668701172
822.807251      1119.8437500000
823.115356      1037.0626220703
823.423279      1085.3515625000
823.731262      1025.5653076172
824.039124      1011.7684326172
824.346985       995.6721191406
824.654846      1016.3674316406
824.962524      1119.8437500000
825.270264      1030.1643066406
825.577820      1053.1589355469
825.885437      1140.5389404297
826.193054       995.6721191406
826.500488      1048.5600585938
826.807983      1039.3621826172
827.115356      1053.1589355469
827.422729       972.6774291992
827.729980      1027.8647460938
828.037292      1048.5600585938
828.344543      1106.0468750000
828.651733      1037.0626220703
828.958862      1062.3569335938
829.265869      1011.7684326172
829.572937      1053.1589355469
829.879883       965.7789916992
830.186829      1046.2606201172
830.493713      1011.7684326172
830.800537      1025.5653076172
831.107361      1124.4426269531
831.414063      1048.5600585938
831.720764      1064.6563720703
832.027405      1048.5600585938
832.333984      1060.0573730469
832.640564       958.8805541992
832.947021       986.4742431641
833.253479      1014.0679321289
833.559814      1007.1694946289
833.866211      1030.1643066406
834.172546      1062.3569335938
834.478760      1069.2552490234
834.784973      1046.2606201172
835.091125      1009.4689941406
835.397278      1108.3463134766
835.703247       970.3779296875
836.009277      1034.7631835938
836.315247      1046.2606201172
836.621155      1184.2290039063
836.927063      1135.9400634766
837.232849      1119.8437500000
837.538635      1085.3515625000
837.844421      1060.0573730469
838.150085      1020.9663696289
838.455688      1030.1643066406
838.761292      1014.0679321289
839.066833      1050.8594970703
839.372253      1092.2500000000
839.677734      1126.7421875000
839.983093      1046.2606201172
840.288391      1025.5653076172
840.593689      1071.5548095703
840.898926      1009.4689941406
841.204102      1133.6406250000
841.509277      1053.1589355469
841.814392      1099.1484375000
842.119446      1037.0626220703
842.424438      1071.5548095703
842.729370      1087.6511230469
843.034241      1147.4373779297
843.339111      1053.1589355469
843.643982      1014.0679321289
843.948669      1129.0416259766
844.253479      1057.7579345703
844.558105      1009.4689941406
844.862671      1066.9558105469
845.167236      1087.6511230469
845.471741       997.9716186523
845.776245      1046.2606201172
846.080627      1030.1643066406
846.385071      1034.7631835938
846.689331       995.6721191406
846.993591      1048.5600585938
847.297791       981.8753051758
847.601990      1014.0679321289
847.906128      1140.5389404297
848.210205       988.7737426758
848.514282      1043.9610595703
848.818237      1083.0521240234
849.122131      1007.1694946289
849.426025      1055.4584960938
849.729919       993.3726806641
850.033691       984.1747436523
850.337402      1071.5548095703
850.641113      1094.5495605469
850.944702       970.3779296875
851.248352      1034.7631835938
851.551941      1080.7526855469
851.855347      1108.3463134766
852.158813       984.1747436523
852.462219       942.7842407227
852.765564      1004.8700561523
853.068848      1020.9663696289
853.372070      1078.4532470703
853.675354       974.9768676758
853.978455      1014.0679321289
854.281555       997.9716186523
854.584656      1004.8700561523
854.887634      1087.6511230469
855.190552      1041.6616210938
855.493530      1023.2658081055
855.796387      1089.9505615234
856.099182      1043.9610595703
856.401978       988.7737426758
856.704651       993.3726806641
857.007324      1060.0573730469
857.309998       951.9821166992
857.612549      1039.3621826172
857.915100      1007.1694946289
858.217529      1002.5705566406
858.519958      1032.4637451172
858.822266      1069.2552490234
859.124634      1007.1694946289
859.426941      1018.6668701172
859.729187       988.7737426758
860.031372       995.6721191406
860.333435       972.6774291992
860.635559      1053.1589355469
860.937622      1083.0521240234
861.239563      1092.2500000000
861.541504      1131.3410644531
861.843384      1087.6511230469
862.145264      1041.6616210938
862.446960      1034.7631835938
862.748779      1025.5653076172
863.050476      1092.2500000000
863.352051      1027.8647460938
863.653748      1046.2606201172
863.955200      1053.1589355469
864.256714      1041.6616210938
864.558167      1076.1536865234
864.859619      1043.9610595703
865.160950       972.6774291992
865.462219       997.9716186523
865.763489       988.7737426758
866.064697       993.3726806641
866.365845      1018.6668701172
866.666931       995.6721191406
866.967957       997.9716186523
867.269043       984.1747436523
867.570007       988.7737426758
867.870911      1032.4637451172
868.171692      1023.2658081055
868.472595      1048.5600585938
868.773254       972.6774291992
869.074036      1129.0416259766
869.374695      1083.0521240234
869.675293      1122.1431884766
869.975891      1032.4637451172
870.276367      1050.8594970703
870.576843      1055.4584960938
870.877319      1043.9610595703
871.177612      1085.3515625000
871.477966      1083.0521240234
871.778198      1043.9610595703
872.078491      1092.2500000000
872.378601      1057.7579345703
872.678711       981.8753051758
872.978882      1004.8700561523
873.278870      1050.8594970703
873.578857      1032.4637451172
873.878784      1025.5653076172
874.178650      1069.2552490234
874.478394       993.3726806641
874.778259      1023.2658081055
875.078003      1002.5705566406
875.377625      1062.3569335938
875.677307      1002.5705566406
875.976868       993.3726806641
876.276428      1073.8542480469
876.575928      1106.0468750000
876.875366       997.9716186523
877.174744      1027.8647460938
877.474060      1112.9453125000
877.773376      1000.2710571289
878.072571      1110.6458740234
878.371826      1062.3569335938
878.670959      1066.9558105469
878.970032      1057.7579345703
879.269043      1147.4373779297
879.567993      1014.0679321289
879.867004      1066.9558105469
880.165894      1064.6563720703
880.464722       956.5810546875
880.763550      1020.9663696289
881.062256      1039.3621826172
881.361023      1064.6563720703
881.659607      1027.8647460938
881.958252      1119.8437500000
882.256836      1034.7631835938
882.555298      1172.7315673828
882.853760      1069.2552490234
883.152100      1099.1484375000
883.450500      1080.7526855469
883.748779      1092.2500000000
884.047058      1078.4532470703
884.345276      1039.3621826172
884.643372      1000.2710571289
884.941528       995.6721191406
885.239502      1073.8542480469
885.537598      1073.8542480469
885.835510      1043.9610595703
886.133423      1096.8489990234
886.431335      1009.4689941406
886.729065      1071.5548095703
887.026855       979.5758056641
887.324524      1078.4532470703
887.622253      1071.5548095703
887.919800      1089.9505615234
888.217407       988.7737426758
888.514954      1103.7474365234
888.812317      1087.6511230469
889.109802      1004.8700561523
889.407166      1108.3463134766
889.704407      1085.3515625000
890.001770      1041.6616210938
890.298889      1014.0679321289
890.596130      1020.9663696289
890.893188      1025.5653076172
891.190308      1071.5548095703
891.487244      1050.8594970703
