0.550000
190.489868         0.0000000000
190.870819         0.0000000000
191.251740      1108.5411376953
191.632629      1128.5349121094
192.013474      1170.7438964844
192.394302      1199.6237792969
192.775101      1184.0729980469
193.155838      1219.6174316406
193.536575      1255.1618652344
193.917267      1230.7250976563
194.297943      1288.4847412109
194.678574      1304.0354003906
195.059174      1232.9466552734
195.439743      1317.3646240234
195.820282      1252.9403076172
196.200790      1288.4847412109
196.581268      1244.0541992188
196.961700      1268.4909667969
197.342117      1237.3896484375
197.722488      1268.4909667969
198.102829      1208.5098876953
198.483154      1261.8264160156
198.863434      1252.9403076172
199.243698      1266.2695312500
199.623901      1390.6749267578
200.004089      1244.0541992188
200.384247      1175.1870117188
200.764389      1206.2883300781
201.144485      1175.1870117188
201.524536      1155.1932373047
201.904572      1217.3959960938
202.284561      1252.9403076172
202.664520      1144.0855712891
203.044449      1284.0417480469
203.424362      1295.1492919922
203.804214      1219.6174316406
204.184067      1197.4022216797
204.563858      1272.9340820313
204.943649      1228.5035400391
205.323380      1215.1744384766
205.703094      1284.0417480469
206.082764      1237.3896484375
206.462418      1172.9654541016
206.842026      1179.6300048828
207.221588      1244.0541992188
207.601166      1399.5610351563
207.980667      1230.7250976563
208.360153      1204.0667724609
208.739609      1221.8389892578
209.119034      1204.0667724609
209.498428      1232.9466552734
209.877777      1179.6300048828
210.257111      1226.2819824219
210.636398      1152.9716796875
211.015656      1110.7626953125
211.394882      1197.4022216797
211.774094      1190.7376708984
212.153244      1290.7062988281
212.532394      1155.1932373047
212.911484      1206.2883300781
213.290543      1224.0605468750
213.669571      1212.9528808594
214.048584      1228.5035400391
214.427567      1157.4147949219
214.806488      1244.0541992188
215.185410      1246.2757568359
215.564270      1295.1492919922
215.943115      1297.3708496094
216.321930      1275.1556396484
216.700714      1184.0729980469
217.079437      1210.7313232422
217.458176      1252.9403076172
217.836838      1215.1744384766
218.215485      1248.4973144531
218.594101      1206.2883300781
218.972687      1212.9528808594
219.351227      1217.3959960938
219.729752      1315.1430664063
220.108246      1226.2819824219
220.486694      1210.7313232422
220.865128      1184.0729980469
221.243515      1259.6048583984
221.621872      1279.5986328125
222.000183      1217.3959960938
222.378494      1188.5161132813
222.756744      1261.8264160156
223.134964      1241.8327636719
223.513153      1184.0729980469
223.891327      1359.5736083984
224.269455      1250.7188720703
224.647552      1219.6174316406
225.025620      1244.0541992188
225.403656      1226.2819824219
225.781647      1219.6174316406
226.159622      1244.0541992188
226.537552      1277.3770751953
226.915436      1244.0541992188
227.293335      1164.0793457031
227.671158      1208.5098876953
228.048950      1181.8515625000
228.426727      1192.9591064453
228.804459      1179.6300048828
229.182175      1186.2945556641
229.559845      1250.7188720703
229.937500      1228.5035400391
230.315094      1310.6999511719
230.692673      1206.2883300781
231.070221      1304.0354003906
231.447723      1206.2883300781
231.825180      1168.5223388672
232.202652      1257.3834228516
232.580048      1199.6237792969
232.957428      1228.5035400391
233.334778      1341.8013916016
233.712097      1272.9340820313
234.089386      1221.8389892578
234.466614      1241.8327636719
234.843842      1288.4847412109
235.221024      1257.3834228516
235.598175      1197.4022216797
235.975281      1221.8389892578
236.352386      1188.5161132813
236.729431      1226.2819824219
237.106445      1215.1744384766
237.483414      1212.9528808594
237.860382      1237.3896484375
238.237305      1252.9403076172
238.614182      1279.5986328125
238.991043      1152.9716796875
239.367859      1295.1492919922
239.744644      1119.6488037109
240.121414      1248.4973144531
240.498138      1192.9591064453
240.874817      1179.6300048828
241.251480      1221.8389892578
241.628098      1181.8515625000
242.004700      1155.1932373047
242.381241      1168.5223388672
242.757782      1219.6174316406
243.134262      1244.0541992188
243.510727      1246.2757568359
243.887146      1228.5035400391
244.263535      1217.3959960938
244.639893      1235.1680908203
245.016220      1199.6237792969
245.392517      1201.8452148438
245.768768      1232.9466552734
246.145020      1190.7376708984
246.521194      1219.6174316406
246.897354      1250.7188720703
247.273483      1208.5098876953
247.649567      1206.2883300781
248.025650      1268.4909667969
248.401672      1210.7313232422
248.777664      1204.0667724609
249.153641      1199.6237792969
249.529556      1288.4847412109
249.905457      1186.2945556641
250.281326      1188.5161132813
250.657135      1277.3770751953
251.032959      1137.4210205078
251.408707      1248.4973144531
251.784424      1306.2569580078
252.160126      1132.9780273438
252.535797      1250.7188720703
252.911423      1195.1806640625
253.287018      1290.7062988281
253.662582      1272.9340820313
254.038116      1204.0667724609
254.413605      1319.5860595703
254.789063      1244.0541992188
255.164505      1275.1556396484
255.539886      1219.6174316406
255.915268      1195.1806640625
256.290588      1219.6174316406
256.665894      1172.9654541016
257.041168      1195.1806640625
257.416351      1277.3770751953
257.791565      1190.7376708984
258.166779      1164.0793457031
258.541870      1204.0667724609
258.916962      1204.0667724609
259.292023      1195.1806640625
259.667023      1210.7313232422
260.042053      1199.6237792969
260.416992      1137.4210205078
260.791931      1197.4022216797
261.166809      1177.4084472656
261.541687      1186.2945556641
261.916504      1132.9780273438
262.291321      1317.3646240234
262.666077      1184.0729980469
263.040802      1224.0605468750
263.415497      1201.8452148438
263.790161      1230.7250976563
264.164795      1208.5098876953
264.539368      1224.0605468750
264.913910      1264.0479736328
265.288452      1281.8201904297
265.662964      1272.9340820313
266.037384      1237.3896484375
266.411865      1184.0729980469
266.786224      1288.4847412109
267.160583      1268.4909667969
267.534912      1184.0729980469
267.909210      1215.1744384766
268.283447      1250.7188720703
268.657654      1228.5035400391
269.031860      1201.8452148438
269.406006      1221.8389892578
269.780151      1235.1680908203
270.154236      1170.7438964844
270.528290      1168.5223388672
270.902283      1241.8327636719
271.276306      1177.4084472656
271.650238      1299.5924072266
272.024170      1157.4147949219
272.398041      1344.0228271484
272.771881      1275.1556396484
273.145721      1312.9215087891
273.519531      1270.7125244141
273.893219      1161.8577880859
274.266937      1250.7188720703
274.640656      1212.9528808594
275.014282      1177.4084472656
275.387909      1170.7438964844
275.761475      1221.8389892578
276.135040      1179.6300048828
276.508514      1199.6237792969
276.882019      1244.0541992188
277.255463      1232.9466552734
277.628906      1259.6048583984
278.002258      1208.5098876953
278.375549      1152.9716796875
278.748901      1184.0729980469
279.122162      1288.4847412109
279.495392      1308.4785156250
279.868622      1246.2757568359
280.241791      1215.1744384766
280.614929      1239.6112060547
280.988007      1177.4084472656
281.361084      1241.8327636719
281.734131      1252.9403076172
282.107117      1204.0667724609
282.480072      1217.3959960938
282.853027      1264.0479736328
283.225952      1235.1680908203
283.598785      1230.7250976563
283.971619      1264.0479736328
284.344452      1221.8389892578
284.717194      1206.2883300781
285.089905      1208.5098876953
285.462616      1161.8577880859
285.835297      1150.7501220703
286.207886      1201.8452148438
286.580475      1208.5098876953
286.953064      1321.8076171875
287.325592      1235.1680908203
287.698059      1172.9654541016
288.070496      1215.1744384766
288.442963      1226.2819824219
288.815308      1259.6048583984
289.187683      1226.2819824219
289.559998      1266.2695312500
289.932281      1288.4847412109
290.304504      1257.3834228516
290.676727      1170.7438964844
291.048920      1177.4084472656
291.421082      1210.7313232422
291.793182      1186.2945556641
292.165222      1201.8452148438
292.537292      1272.9340820313
292.909332      1275.1556396484
293.281281      1241.8327636719
293.653198      1224.0605468750
294.025116      1179.6300048828
294.397003      1244.0541992188
294.768860      1206.2883300781
295.140656      1297.3708496094
295.512390      1172.9654541016
295.884125      1272.9340820313
296.255829      1204.0667724609
296.627502      1277.3770751953
296.999146      1250.7188720703
297.370728      1186.2945556641
297.742249      1312.9215087891
298.113831      1132.9780273438
298.485291      1224.0605468750
298.856781      1264.0479736328
299.228149      1232.9466552734
299.599579      1175.1870117188
299.970917      1199.6237792969
300.342224      1115.2058105469
300.713531      1190.7376708984
301.084778      1235.1680908203
301.455994      1208.5098876953
301.827148      1259.6048583984
302.198334      1228.5035400391
302.569427      1268.4909667969
302.940521      1164.0793457031
303.311554      1197.4022216797
303.682556      1268.4909667969
304.053528      1248.4973144531
304.424469      1184.0729980469
304.795380      1219.6174316406
305.166260      1224.0605468750
305.537048      1155.1932373047
305.907837      1141.8640136719
306.278625      1230.7250976563
306.649384      1199.6237792969
307.020050      1226.2819824219
307.390686      1279.5986328125
307.761353      1257.3834228516
308.131897      1215.1744384766
308.502502      1204.0667724609
308.872986      1224.0605468750
309.243500      1288.4847412109
309.613922      1230.7250976563
309.984344      1264.0479736328
310.354736      1192.9591064453
310.725098      1152.9716796875
311.095398      1208.5098876953
311.465637      1186.2945556641
311.835907      1259.6048583984
312.206116      1208.5098876953
312.576294      1250.7188720703
312.946411      1241.8327636719
313.316528      1179.6300048828
313.686584      1206.2883300781
314.056610      1272.9340820313
314.426605      1190.7376708984
314.796570      1237.3896484375
315.166504      1284.0417480469
315.536377      1172.9654541016
315.906250      1239.6112060547
316.276093      1186.2945556641
316.645844      1197.4022216797
317.015594      1248.4973144531
317.385315      1208.5098876953
317.755035      1210.7313232422
318.124603      1197.4022216797
318.494263      1230.7250976563
318.863831      1221.8389892578
319.233368      1252.9403076172
319.602875      1246.2757568359
319.972351      1175.1870117188
320.341797      1199.6237792969
320.711182      1272.9340820313
321.080536      1255.1618652344
321.449890      1181.8515625000
321.819183      1352.9089355469
322.188446      1179.6300048828
322.557648      1157.4147949219
322.926880      1204.0667724609
323.295990      1206.2883300781
323.665100      1188.5161132813
324.034210      1137.4210205078
324.403259      1215.1744384766
324.772247      1237.3896484375
325.141205      1141.8640136719
325.510193      1241.8327636719
325.879120      1264.0479736328
326.247955      1259.6048583984
326.616791      1228.5035400391
326.985596      1230.7250976563
327.354340      1204.0667724609
327.723053      1206.2883300781
328.091797      1108.5411376953
328.460449      1164.0793457031
328.829071      1208.5098876953
329.197632      1161.8577880859
329.566193      1208.5098876953
329.934753      1250.7188720703
330.303192      1217.3959960938
330.671631      1252.9403076172
331.040070      1246.2757568359
331.408478      1186.2945556641
331.776794      1195.1806640625
332.145081      1248.4973144531
332.513367      1192.9591064453
332.881592      1235.1680908203
333.249756      1272.9340820313
333.617920      1315.1430664063
333.986084      1317.3646240234
334.354156      1210.7313232422
334.722229      1215.1744384766
335.090240      1199.6237792969
335.458252      1259.6048583984
335.826202      1150.7501220703
336.194092      1192.9591064453
336.561951      1190.7376708984
336.929779      1206.2883300781
337.297577      1197.4022216797
337.665375      1157.4147949219
338.033142      1161.8577880859
338.400787      1226.2819824219
338.768463      1188.5161132813
339.136108      1184.0729980469
339.503693      1148.5286865234
339.871246      1199.6237792969
340.238770      1181.8515625000
340.606262      1219.6174316406
340.973755      1172.9654541016
341.341125      1301.8138427734
341.708527      1261.8264160156
342.075867      1132.9780273438
342.443146      1195.1806640625
342.810425      1199.6237792969
343.177673      1248.4973144531
343.544861      1270.7125244141
343.912018      1239.6112060547
344.279114      1395.1179199219
344.646271      1168.5223388672
345.013336      1212.9528808594
345.380341      1217.3959960938
345.747314      1279.5986328125
346.114258      1201.8452148438
346.481171      1166.3009033203
346.848022      1284.0417480469
347.214905      1201.8452148438
347.581726      1219.6174316406
347.948456      1235.1680908203
348.315186      1179.6300048828
348.681885      1228.5035400391
349.048584      1290.7062988281
349.415161      1248.4973144531
349.781738      1175.1870117188
350.148346      1221.8389892578
350.514862      1228.5035400391
350.881287      1288.4847412109
351.247742      1246.2757568359
351.614197      1255.1618652344
351.980530      1252.9403076172
352.346863      1175.1870117188
352.713165      1188.5161132813
353.079437      1259.6048583984
353.445679      1226.2819824219
353.811859      1261.8264160156
354.178009      1250.7188720703
354.544159      1286.2631835938
354.910217      1241.8327636719
355.276276      1284.0417480469
355.642303      1150.7501220703
356.008270      1264.0479736328
356.374176      1275.1556396484
356.740112      1257.3834228516
357.105988      1201.8452148438
357.471802      1197.4022216797
357.837585      1184.0729980469
358.203339      1161.8577880859
358.569092      1175.1870117188
358.934753      1179.6300048828
359.300415      1306.2569580078
359.666016      1244.0541992188
360.031616      1237.3896484375
360.397125      1270.7125244141
360.762634      1179.6300048828
361.128143      1186.2945556641
361.493530      1259.6048583984
361.858917      1250.7188720703
362.224274      1199.6237792969
362.589630      1228.5035400391
362.954895      1248.4973144531
363.320160      1199.6237792969
363.685394      1310.6999511719
364.050568      1206.2883300781
364.415680      1226.2819824219
364.780792      1157.4147949219
365.145874      1172.9654541016
365.510895      1186.2945556641
365.875854      1168.5223388672
366.240845      1290.7062988281
366.605774      1170.7438964844
366.970642      1266.2695312500
367.335480      1188.5161132813
367.700317      1252.9403076172
368.065125      1181.8515625000
368.429840      1239.6112060547
368.794525      1315.1430664063
369.159241      1230.7250976563
369.523834      1228.5035400391
369.888397      1146.3071289063
370.252991      1188.5161132813
370.617554      1295.1492919922
370.981995      1139.6425781250
371.346436      1184.0729980469
371.710846      1226.2819824219
372.075256      1264.0479736328
372.439545      1230.7250976563
372.803864      1237.3896484375
373.168121      1206.2883300781
373.532379      1270.7125244141
373.896545      1252.9403076172
374.260681      1190.7376708984
374.624847      1188.5161132813
374.988892      1172.9654541016
375.352936      1177.4084472656
375.716949      1250.7188720703
376.080933      1317.3646240234
376.444855      1277.3770751953
376.808716      1255.1618652344
377.172638      1219.6174316406
377.536469      1244.0541992188
377.900208      1199.6237792969
378.263947      1279.5986328125
378.627686      1264.0479736328
378.991364      1197.4022216797
379.354980      1177.4084472656
379.718628      1141.8640136719
380.082214      1257.3834228516
380.445709      1208.5098876953
380.809174      1230.7250976563
381.172668      1264.0479736328
381.536072      1252.9403076172
381.899475      1244.0541992188
382.262787      1246.2757568359
382.626129      1206.2883300781
382.989380      1297.3708496094
383.352631      1295.1492919922
383.715790      1221.8389892578
384.078979      1199.6237792969
384.442078      1170.7438964844
384.805145      1266.2695312500
385.168243      1224.0605468750
385.531250      1235.1680908203
385.894226      1297.3708496094
386.257141      1235.1680908203
386.620056      1215.1744384766
386.982941      1184.0729980469
387.345734      1148.5286865234
387.708527      1246.2757568359
388.071289      1288.4847412109
388.433990      1210.7313232422
388.796661      1204.0667724609
389.159332      1199.6237792969
389.521942      1168.5223388672
389.884491      1237.3896484375
390.247040      1230.7250976563
390.609528      1181.8515625000
390.971985      1337.3582763672
391.334412      1279.5986328125
391.696747      1204.0667724609
392.059143      1215.1744384766
392.421478      1157.4147949219
392.783691      1186.2945556641
393.145935      1181.8515625000
393.508148      1281.8201904297
393.870270      1179.6300048828
394.232391      1221.8389892578
394.594482      1228.5035400391
394.956573      1266.2695312500
395.318542      1239.6112060547
395.680511      1304.0354003906
396.042450      1186.2945556641
396.404388      1212.9528808594
396.766235      1281.8201904297
397.128021      1230.7250976563
397.489838      1219.6174316406
397.851563      1177.4084472656
398.213257      1195.1806640625
398.574951      1215.1744384766
398.936615      1252.9403076172
399.298187      1106.3197021484
399.659729      1168.5223388672
400.021271      1304.0354003906
400.382751      1295.1492919922
400.744202      1299.5924072266
401.105621      1246.2757568359
401.466980      1264.0479736328
401.828339      1226.2819824219
402.189606      1124.0919189453
402.550873      1110.7626953125
402.912140      1232.9466552734
403.273285      1268.4909667969
403.634430      1230.7250976563
403.995544      1239.6112060547
404.356659      1199.6237792969
404.717651      1239.6112060547
405.078674      1248.4973144531
405.439636      1239.6112060547
405.800568      1250.7188720703
406.161438      1181.8515625000
406.522278      1161.8577880859
406.883118      1252.9403076172
407.243866      1135.1994628906
407.604584      1270.7125244141
407.965302      1197.4022216797
408.325989      1144.0855712891
408.686584      1204.0667724609
409.047150      1232.9466552734
409.407715      1215.1744384766
409.768250      1201.8452148438
410.128723      1199.6237792969
410.489136      1188.5161132813
410.849518      1215.1744384766
411.209900      1170.7438964844
411.570190      1166.3009033203
411.930511      1232.9466552734
412.290741      1199.6237792969
412.650940      1286.2631835938
413.011078      1155.1932373047
413.371246      1177.4084472656
413.731354      1250.7188720703
414.091400      1281.8201904297
414.451385      1141.8640136719
414.811401      1306.2569580078
415.171356      1270.7125244141
415.531281      1241.8327636719
415.891113      1237.3896484375
416.250946      1250.7188720703
416.610718      1259.6048583984
416.970490      1270.7125244141
417.330200      1199.6237792969
417.689911      1195.1806640625
418.049530      1272.9340820313
418.409119      1237.3896484375
418.768707      1152.9716796875
419.128235      1235.1680908203
419.487701      1181.8515625000
419.847137      1301.8138427734
420.206573      1210.7313232422
420.565948      1119.6488037109
420.925232      1208.5098876953
421.284576      1192.9591064453
421.643860      1197.4022216797
422.003052      1197.4022216797
422.362213      1270.7125244141
422.721375      1201.8452148438
423.080536      1190.7376708984
423.439575      1199.6237792969
423.798584      1212.9528808594
424.157593      1255.1618652344
424.516571      1212.9528808594
424.875458      1212.9528808594
425.234314      1188.5161132813
425.593201      1159.6362304688
425.951965      1161.8577880859
426.310699      1177.4084472656
426.669495      1175.1870117188
427.028168      1250.7188720703
427.386810      1181.8515625000
427.745392      1166.3009033203
428.103973      1217.3959960938
428.462524      1224.0605468750
428.821045      1284.0417480469
429.179504      1208.5098876953
429.537903      1201.8452148438
429.896271      1166.3009033203
430.254608      1230.7250976563
430.612915      1235.1680908203
430.971222      1199.6237792969
431.329437      1177.4084472656
431.687622      1190.7376708984
432.045776      1235.1680908203
432.403900      1190.7376708984
432.761993      1215.1744384766
433.119995      1206.2883300781
433.477997      1284.0417480469
433.835968      1226.2819824219
434.193909      1192.9591064453
434.551758      1195.1806640625
434.909637      1224.0605468750
435.267395      1235.1680908203
435.625183      1244.0541992188
435.982910      1241.8327636719
436.340607      1197.4022216797
436.698273      1201.8452148438
437.055878      1175.1870117188
437.413452      1157.4147949219
437.770996      1206.2883300781
438.128479      1235.1680908203
438.485962      1215.1744384766
438.843384      1281.8201904297
439.200775      1266.2695312500
439.558136      1259.6048583984
439.915405      1152.9716796875
440.272705      1321.8076171875
440.629883      1248.4973144531
440.987091      1244.0541992188
441.344238      1255.1618652344
441.701355      1204.0667724609
442.058441      1248.4973144531
442.415436      1252.9403076172
442.772461      1184.0729980469
443.129425      1228.5035400391
443.486359      1292.9278564453
443.843231      1166.3009033203
444.200104      1201.8452148438
444.556885      1195.1806640625
444.913635      1319.5860595703
445.270355      1192.9591064453
445.627075      1228.5035400391
445.983704      1239.6112060547
446.340302      1175.1870117188
446.696869      1132.9780273438
447.053436      1239.6112060547
447.409912      1239.6112060547
447.766357      1159.6362304688
448.122803      1215.1744384766
448.479156      1219.6174316406
448.835510      1264.0479736328
449.191772      1215.1744384766
449.548096      1270.7125244141
449.904297      1141.8640136719
450.260437      1257.3834228516
450.616608      1190.7376708984
450.972687      1206.2883300781
451.328796      1175.1870117188
451.684814      1144.0855712891
452.040833      1246.2757568359
452.396729      1208.5098876953
452.752655      1224.0605468750
453.108551      1197.4022216797
453.464355      1224.0605468750
453.820160      1155.1932373047
454.175934      1161.8577880859
454.531616      1286.2631835938
454.887299      1175.1870117188
455.242950      1228.5035400391
455.598541      1206.2883300781
455.954102      1270.7125244141
456.309601      1301.8138427734
456.665131      1255.1618652344
457.020538      1192.9591064453
457.375977      1204.0667724609
457.731323      1257.3834228516
458.086670      1215.1744384766
458.441956      1241.8327636719
458.797211      1164.0793457031
459.152405      1197.4022216797
459.507538      1232.9466552734
459.862701      1237.3896484375
460.217773      1201.8452148438
460.572845      1250.7188720703
460.927856      1150.7501220703
461.282837      1172.9654541016
461.637756      1217.3959960938
461.992645      1197.4022216797
462.347504      1244.0541992188
462.702332      1239.6112060547
463.057129      1204.0667724609
463.411835      1226.2819824219
463.766541      1192.9591064453
464.121185      1224.0605468750
464.475830      1252.9403076172
464.830383      1257.3834228516
465.184937      1219.6174316406
465.539429      1268.4909667969
465.893921      1237.3896484375
466.248322      1255.1618652344
466.602753      1277.3770751953
466.957062      1237.3896484375
467.311371      1190.7376708984
467.665619      1215.1744384766
468.019897      1197.4022216797
468.374054      1226.2819824219
468.728180      1272.9340820313
469.082306      1175.1870117188
469.436371      1215.1744384766
469.790405      1241.8327636719
470.144379      1241.8327636719
470.498352      1179.6300048828
470.852264      1219.6174316406
471.206146      1204.0667724609
471.559967      1221.8389892578
471.913788      1155.1932373047
472.267487      1199.6237792969
472.621246      1181.8515625000
472.974915      1239.6112060547
473.328522      1212.9528808594
473.682129      1192.9591064453
474.035675      1197.4022216797
474.389191      1248.4973144531
474.742676      1228.5035400391
475.096130      1237.3896484375
475.449493      1170.7438964844
475.802856      1177.4084472656
476.156189      1310.6999511719
476.509460      1226.2819824219
476.862732      1250.7188720703
477.215912      1228.5035400391
477.569061      1137.4210205078
477.922150      1161.8577880859
478.275299      1221.8389892578
478.628296      1164.0793457031
478.981323      1248.4973144531
479.334259      1221.8389892578
479.687195      1246.2757568359
480.040070      1217.3959960938
480.392914      1212.9528808594
480.745728      1179.6300048828
481.098511      1235.1680908203
481.451202      1237.3896484375
481.803925      1172.9654541016
482.156525      1224.0605468750
482.509125      1212.9528808594
482.861694      1204.0667724609
483.214233      1275.1556396484
483.566711      1212.9528808594
483.919128      1237.3896484375
484.271576      1237.3896484375
484.623901      1230.7250976563
484.976257      1212.9528808594
485.328522      1188.5161132813
485.680786      1190.7376708984
486.032959      1168.5223388672
486.385132      1210.7313232422
486.737274      1201.8452148438
487.089325      1192.9591064453
487.441376      1206.2883300781
487.793396      1228.5035400391
488.145386      1266.2695312500
488.497284      1224.0605468750
488.849182      1201.8452148438
489.201019      1268.4909667969
489.552826      1204.0667724609
489.904572      1181.8515625000
490.256317      1221.8389892578
490.608002      1235.1680908203
490.959656      1150.7501220703
491.311249      1170.7438964844
491.662811      1246.2757568359
492.014343      1204.0667724609
492.365814      1168.5223388672
492.717285      1255.1618652344
493.068665      1197.4022216797
493.420044      1181.8515625000
493.771362      1168.5223388672
494.122650      1197.4022216797
494.473877      1190.7376708984
494.825104      1206.2883300781
495.176270      1226.2819824219
495.527374      1204.0667724609
495.878479      1168.5223388672
496.229492      1259.6048583984
496.580536      1172.9654541016
496.931458      1219.6174316406
497.282379      1221.8389892578
497.633270      1184.0729980469
497.984131      1224.0605468750
498.334900      1230.7250976563
498.685669      1226.2819824219
499.036377      1190.7376708984
499.387115      1232.9466552734
499.737701      1215.1744384766
500.088318      1210.7313232422
500.438904      1172.9654541016
500.789429      1221.8389892578
501.139893      1197.4022216797
501.490295      1177.4084472656
501.840729      1246.2757568359
502.191040      1201.8452148438
502.541382      1197.4022216797
502.891663      1259.6048583984
503.241913      1190.7376708984
503.592133      1255.1618652344
503.942322      1246.2757568359
504.292358      1199.6237792969
504.642395      1201.8452148438
504.992432      1090.7690429688
505.342468      1199.6237792969
505.692413      1144.0855712891
506.042358      1137.4210205078
506.392242      1119.6488037109
506.742035      1250.7188720703
507.091858      1204.0667724609
507.441528      1192.9591064453
507.791290      1208.5098876953
508.140961      1281.8201904297
508.490601      1192.9591064453
508.840210      1144.0855712891
509.189697      1250.7188720703
509.539215      1255.1618652344
509.888641      1157.4147949219
510.238098      1195.1806640625
510.587494      1206.2883300781
510.936859      1179.6300048828
511.286194      1172.9654541016
511.635498      1228.5035400391
511.984650      1126.3133544922
512.333862      1224.0605468750
512.682922      1175.1870117188
513.032043      1128.5349121094
513.381104      1252.9403076172
513.730164      1344.0228271484
514.079163      1197.4022216797
514.428040      1201.8452148438
514.776978      1259.6048583984
515.125793      1239.6112060547
515.474609      1181.8515625000
515.823425      1224.0605468750
516.172180      1208.5098876953
516.520813      1277.3770751953
516.869568      1232.9466552734
517.218079      1210.7313232422
517.566650      1270.7125244141
517.915161      1175.1870117188
518.263672      1150.7501220703
518.612183      1212.9528808594
518.960571      1239.6112060547
519.308899      1168.5223388672
519.657227      1224.0605468750
520.005554      1252.9403076172
520.353699      1315.1430664063
520.701904      1423.9978027344
521.050110      1179.6300048828
521.398254      1235.1680908203
521.746338      1255.1618652344
522.094421      1190.7376708984
522.442383      1268.4909667969
522.790222      1264.0479736328
523.138184      1212.9528808594
523.486145      1308.4785156250
523.833984      1217.3959960938
524.181763      1228.5035400391
524.529541      1195.1806640625
524.877197      1324.0291748047
525.224915      1286.2631835938
525.572449      1239.6112060547
525.920105      1277.3770751953
526.267639      1210.7313232422
526.615173      1257.3834228516
526.962646      1181.8515625000
527.309998      1192.9591064453
527.657410      1246.2757568359
528.004700      1299.5924072266
528.351990      1232.9466552734
528.699280      1228.5035400391
529.046509      1195.1806640625
529.393677      1186.2945556641
529.740845      1215.1744384766
530.087891      1175.1870117188
530.434998      1288.4847412109
530.781921      1224.0605468750
531.128906      1279.5986328125
531.475891      1150.7501220703
531.822815      1188.5161132813
532.169617      1152.9716796875
532.516418      1168.5223388672
532.863159      1250.7188720703
533.209839      1212.9528808594
533.556580      1248.4973144531
533.903198      1179.6300048828
534.249817      1135.1994628906
534.596436      1250.7188720703
534.942932      1219.6174316406
535.289368      1232.9466552734
535.635803      1261.8264160156
535.982178      1204.0667724609
536.328552      1232.9466552734
536.674805      1210.7313232422
537.021118      1221.8389892578
537.367371      1235.1680908203
537.713501      1232.9466552734
538.059692      1152.9716796875
538.405701      1219.6174316406
538.751831      1208.5098876953
539.097839      1159.6362304688
539.443787      1215.1744384766
539.789734      1206.2883300781
540.135620      1161.8577880859
540.481506      1219.6174316406
540.827209      1257.3834228516
541.173035      1170.7438964844
541.518799      1228.5035400391
541.864502      1215.1744384766
542.210144      1257.3834228516
542.555786      1255.1618652344
542.901245      1246.2757568359
543.246826      1221.8389892578
543.592285      1184.0729980469
543.937683      1226.2819824219
544.283142      1244.0541992188
544.628479      1232.9466552734
544.973816      1239.6112060547
545.319031      1179.6300048828
545.664307      1288.4847412109
546.009399      1177.4084472656
546.354614      1159.6362304688
546.699707      1190.7376708984
547.044739      1206.2883300781
547.389832      1188.5161132813
547.734802      1206.2883300781
548.079712      1270.7125244141
548.424622      1246.2757568359
548.769409      1204.0667724609
549.114258      1208.5098876953
549.459045      1235.1680908203
549.803772      1197.4022216797
550.148499      1206.2883300781
550.493103      1232.9466552734
550.837708      1112.9842529297
551.182190      1192.9591064453
551.526733      1235.1680908203
551.871216      1255.1618652344
552.215698      1157.4147949219
552.560120      1179.6300048828
552.904480      1221.8389892578
553.248718      1244.0541992188
553.592957      1190.7376708984
553.937195      1246.2757568359
554.281372      1281.8201904297
554.625549      1215.1744384766
554.969666      1199.6237792969
555.313721      1232.9466552734
555.657654      1244.0541992188
556.001709      1201.8452148438
556.345581      1175.1870117188
556.689514      1199.6237792969
557.033325      1219.6174316406
557.377197      1197.4022216797
557.720947      1217.3959960938
558.064575      1239.6112060547
558.408264      1224.0605468750
558.751892      1186.2945556641
559.095520      1177.4084472656
559.439087      1252.9403076172
559.782654      1257.3834228516
560.126099      1146.3071289063
560.469543      1284.0417480469
560.812927      1181.8515625000
561.156250      1259.6048583984
561.499512      1312.9215087891
561.842773      1301.8138427734
562.185974      1175.1870117188
562.529175      1206.2883300781
562.872314      1237.3896484375
563.215332      1204.0667724609
563.558472      1097.4335937500
563.901367      1217.3959960938
564.244385      1212.9528808594
564.587341      1186.2945556641
564.930237      1239.6112060547
565.273071      1190.7376708984
565.615845      1204.0667724609
565.958557      1277.3770751953
566.301331      1286.2631835938
566.643860      1175.1870117188
566.986511      1277.3770751953
567.329163      1204.0667724609
567.671692      1266.2695312500
568.014221      1170.7438964844
568.356628      1215.1744384766
568.699036      1139.6425781250
569.041321      1130.7564697266
569.383728      1288.4847412109
569.726013      1230.7250976563
570.068298      1255.1618652344
570.410461      1117.4272460938
570.752686      1119.6488037109
571.094727      1170.7438964844
571.436768      1190.7376708984
571.778809      1179.6300048828
572.120850      1241.8327636719
572.462769      1104.0981445313
572.804688      1190.7376708984
573.146606      1224.0605468750
573.488342      1212.9528808594
573.830139      1195.1806640625
574.171814      1204.0667724609
574.513550      1208.5098876953
574.855164      1244.0541992188
575.196838      1197.4022216797
575.538391      1248.4973144531
575.879883      1201.8452148438
576.221375      1179.6300048828
576.562744      1277.3770751953
576.904175      1241.8327636719
577.245483      1228.5035400391
577.586792      1204.0667724609
577.928101      1259.6048583984
578.269348      1230.7250976563
578.610535      1228.5035400391
578.951660      1264.0479736328
579.292664      1146.3071289063
579.633728      1157.4147949219
579.974792      1261.8264160156
580.315796      1181.8515625000
580.656677      1241.8327636719
580.997498      1179.6300048828
581.338379      1181.8515625000
581.679138      1221.8389892578
582.019897      1168.5223388672
582.360657      1181.8515625000
582.701294      1246.2757568359
583.041931      1184.0729980469
583.382507      1277.3770751953
583.723022      1226.2819824219
584.063538      1212.9528808594
584.403931      1261.8264160156
584.744385      1197.4022216797
585.084778      1235.1680908203
585.425110      1217.3959960938
585.765381      1177.4084472656
586.105591      1228.5035400391
586.445801      1179.6300048828
586.785889      1172.9654541016
587.125977      1204.0667724609
587.466064      1239.6112060547
587.806152      1241.8327636719
588.146118      1290.7062988281
588.486023      1206.2883300781
588.825928      1248.4973144531
589.165710      1255.1618652344
589.505554      1146.3071289063
589.845337      1295.1492919922
590.185120      1184.0729980469
590.524780      1339.5798339844
590.864441      1190.7376708984
591.203918      1208.5098876953
591.543518      1235.1680908203
591.882996      1266.2695312500
592.222473      1230.7250976563
592.561890      1244.0541992188
592.901306      1272.9340820313
593.240662      1195.1806640625
593.579895      1179.6300048828
593.919128      1179.6300048828
594.258301      1210.7313232422
594.597473      1197.4022216797
594.936646      1248.4973144531
595.275696      1208.5098876953
595.614807      1208.5098876953
595.953796      1121.8703613281
596.292725      1221.8389892578
596.631592      1190.7376708984
596.970398      1139.6425781250
597.309204      1181.8515625000
597.648010      1166.3009033203
597.986755      1221.8389892578
598.325500      1239.6112060547
598.664124      1288.4847412109
599.002686      1237.3896484375
599.341187      1128.5349121094
599.679749      1175.1870117188
600.018250      1139.6425781250
600.356628      1188.5161132813
600.695068      1241.8327636719
601.033386      1224.0605468750
601.371643      1226.2819824219
601.709900      1215.1744384766
602.048035      1281.8201904297
602.386292      1210.7313232422
602.724426      1199.6237792969
603.062500      1250.7188720703
603.400574      1244.0541992188
603.738525      1264.0479736328
604.076477      1210.7313232422
604.414307      1188.5161132813
604.752197      1181.8515625000
605.090027      1184.0729980469
605.427795      1164.0793457031
605.765564      1219.6174316406
606.103210      1224.0605468750
606.440857      1272.9340820313
606.778442      1132.9780273438
607.115967      1195.1806640625
607.453552      1224.0605468750
607.791016      1179.6300048828
608.128418      1241.8327636719
608.465820      1126.3133544922
608.803162      1232.9466552734
609.140442      1241.8327636719
609.477661      1172.9654541016
609.814880      1177.4084472656
610.152100      1212.9528808594
610.489258      1281.8201904297
610.826294      1257.3834228516
611.163269      1244.0541992188
611.500305      1186.2945556641
611.837219      1206.2883300781
612.174072      1332.9152832031
612.510986      1250.7188720703
612.847839      1184.0729980469
613.184570      1212.9528808594
613.521362      1224.0605468750
613.857971      1208.5098876953
614.194641      1290.7062988281
614.531189      1257.3834228516
614.867737      1188.5161132813
615.204285      1252.9403076172
615.540771      1166.3009033203
615.877197      1175.1870117188
616.213562      1257.3834228516
616.549927      1188.5161132813
616.886169      1308.4785156250
617.222351      1184.0729980469
617.558594      1192.9591064453
617.894775      1261.8264160156
618.230896      1272.9340820313
618.566956      1252.9403076172
618.902954      1130.7564697266
619.238953      1235.1680908203
619.574890      1119.6488037109
619.910767      1268.4909667969
620.246643      1268.4909667969
620.582458      1228.5035400391
620.918213      1115.2058105469
621.253967      1184.0729980469
621.589661      1204.0667724609
621.925232      1239.6112060547
622.260803      1241.8327636719
622.596375      1219.6174316406
622.931885      1232.9466552734
623.267334      1217.3959960938
623.602722      1286.2631835938
623.938110      1261.8264160156
624.273376      1248.4973144531
624.608643      1188.5161132813
624.943848      1232.9466552734
625.279114      1266.2695312500
625.614258      1164.0793457031
625.949341      1210.7313232422
626.284424      1312.9215087891
626.619446      1261.8264160156
626.954407      1224.0605468750
627.289307      1219.6174316406
627.624207      1210.7313232422
627.959045      1208.5098876953
628.293884      1130.7564697266
628.628601      1252.9403076172
628.963257      1148.5286865234
629.297913      1261.8264160156
629.632507      1308.4785156250
629.967102      1150.7501220703
630.301697      1288.4847412109
630.636169      1161.8577880859
630.970581      1184.0729980469
631.304993      1181.8515625000
631.639282      1161.8577880859
631.973572      1281.8201904297
632.307861      1192.9591064453
632.642090      1215.1744384766
632.976257      1177.4084472656
633.310425      1210.7313232422
633.644470      1168.5223388672
633.978516      1288.4847412109
634.312439      1157.4147949219
634.646423      1152.9716796875
634.980347      1164.0793457031
635.314209      1150.7501220703
635.648071      1201.8452148438
635.981812      1266.2695312500
636.315552      1248.4973144531
636.649170      1128.5349121094
636.982849      1217.3959960938
637.316406      1259.6048583984
637.649963      1161.8577880859
637.983521      1219.6174316406
638.317017      1184.0729980469
638.650391      1255.1618652344
638.983765      1266.2695312500
639.317078      1172.9654541016
639.650391      1230.7250976563
639.983643      1248.4973144531
640.316833      1259.6048583984
640.649963      1232.9466552734
640.983032      1239.6112060547
641.316101      1204.0667724609
641.649109      1266.2695312500
641.982056      1375.1242675781
642.315002      1206.2883300781
642.647888      1177.4084472656
642.980774      1150.7501220703
643.313538      1210.7313232422
643.646301      1148.5286865234
643.979004      1190.7376708984
644.311646      1288.4847412109
644.644226      1161.8577880859
644.976868      1221.8389892578
645.309387      1166.3009033203
645.641846      1226.2819824219
645.974243      1224.0605468750
646.306702      1237.3896484375
646.638977      1201.8452148438
646.971252      1217.3959960938
647.303528      1201.8452148438
647.635803      1150.7501220703
647.967957      1215.1744384766
648.300110      1195.1806640625
648.632141      1215.1744384766
648.964111      1244.0541992188
649.296082      1186.2945556641
649.628113      1168.5223388672
649.960022      1115.2058105469
650.291870      1204.0667724609
650.623718      1210.7313232422
650.955383      1248.4973144531
651.287109      1264.0479736328
651.618774      1201.8452148438
651.950378      1199.6237792969
652.281982      1199.6237792969
652.613586      1164.0793457031
652.945068      1266.2695312500
653.276489      1206.2883300781
653.607910      1228.5035400391
653.939209      1324.0291748047
654.270569      1204.0667724609
654.601807      1212.9528808594
654.933105      1315.1430664063
655.264221      1155.1932373047
655.595398      1217.3959960938
655.926453      1252.9403076172
656.257507      1215.1744384766
656.588440      1237.3896484375
656.919434      1246.2757568359
657.250366      1264.0479736328
657.581238      1268.4909667969
657.912048      1248.4973144531
658.242798      1210.7313232422
658.573486      1226.2819824219
658.904114      1166.3009033203
659.234802      1250.7188720703
659.565430      1175.1870117188
659.895996      1255.1618652344
660.226501      1177.4084472656
660.556946      1268.4909667969
660.887329      1172.9654541016
661.217712      1181.8515625000
661.547974      1217.3959960938
661.878296      1199.6237792969
662.208557      1186.2945556641
662.538757      1217.3959960938
662.868896      1186.2945556641
663.198975      1217.3959960938
663.528992      1266.2695312500
663.859009      1166.3009033203
664.188904      1157.4147949219
664.518860      1161.8577880859
664.848755      1230.7250976563
665.178589      1181.8515625000
665.508362      1212.9528808594
665.838013      1204.0667724609
666.167725      1241.8327636719
666.497375      1244.0541992188
666.826965      1186.2945556641
667.156494      1166.3009033203
667.486084      1170.7438964844
667.815552      1266.2695312500
668.144897      1184.0729980469
668.474304      1230.7250976563
668.803528      1172.9654541016
669.132813      1252.9403076172
669.462036      1184.0729980469
669.791260      1206.2883300781
670.120422      1257.3834228516
670.449463      1217.3959960938
670.778564      1257.3834228516
671.107544      1244.0541992188
671.436523      1210.7313232422
671.765381      1208.5098876953
672.094299      1235.1680908203
672.423157      1279.5986328125
672.751831      1139.6425781250
673.080627      1199.6237792969
673.409302      1221.8389892578
673.737976      1168.5223388672
674.066528      1190.7376708984
674.395081      1261.8264160156
674.723572      1346.2443847656
675.052002      1186.2945556641
675.380432      1230.7250976563
675.708801      1250.7188720703
676.037170      1175.1870117188
676.365417      1266.2695312500
676.693665      1190.7376708984
677.021851      1248.4973144531
677.349976      1246.2757568359
677.678040      1244.0541992188
678.006042      1228.5035400391
678.334106      1248.4973144531
678.662048      1235.1680908203
678.989929      1275.1556396484
679.317810      1179.6300048828
679.645630      1232.9466552734
679.973389      1177.4084472656
680.301086      1201.8452148438
680.628845      1250.7188720703
680.956482      1277.3770751953
681.283997      1201.8452148438
681.611572      1190.7376708984
681.939087      1179.6300048828
682.266541      1219.6174316406
682.593872      1259.6048583984
682.921265      1179.6300048828
683.248596      1219.6174316406
683.575806      1237.3896484375
683.903076      1221.8389892578
684.230286      1210.7313232422
684.557373      1181.8515625000
684.884399      1244.0541992188
685.211487      1201.8452148438
685.538513      1130.7564697266
685.865417      1264.0479736328
686.192261      1177.4084472656
686.519165      1217.3959960938
686.845947      1192.9591064453
687.172729      1155.1932373047
687.499451      1241.8327636719
687.826111      1215.1744384766
688.152771      1215.1744384766
688.479248      1221.8389892578
688.805847      1210.7313232422
689.132324      1230.7250976563
689.458801      1206.2883300781
689.785095      1228.5035400391
690.111511      1179.6300048828
690.437805      1201.8452148438
690.764038      1190.7376708984
691.090210      1199.6237792969
691.416443      1241.8327636719
691.742554      1250.7188720703
692.068604      1255.1618652344
692.394592      1252.9403076172
692.720581      1297.3708496094
693.046509      1170.7438964844
693.372375      1215.1744384766
693.698242      1184.0729980469
694.023987      1237.3896484375
694.349792      1301.8138427734
694.675476      1157.4147949219
695.001099      1172.9654541016
695.326721      1204.0667724609
695.652222      1264.0479736328
695.977783      1219.6174316406
696.303284      1141.8640136719
696.628723      1257.3834228516
696.954041      1241.8327636719
697.279358      1224.0605468750
697.604675      1286.2631835938
697.929871      1221.8389892578
698.255066      1204.0667724609
698.580200      1159.6362304688
698.905334      1261.8264160156
699.230286      1197.4022216797
699.555359      1150.7501220703
699.880310      1237.3896484375
700.205261      1159.6362304688
700.530029      1172.9654541016
700.854919      1146.3071289063
701.179688      1204.0667724609
701.504456      1206.2883300781
701.829102      1204.0667724609
702.153687      1246.2757568359
702.478271      1215.1744384766
702.802856      1272.9340820313
703.127319      1221.8389892578
703.451721      1186.2945556641
703.776123      1232.9466552734
704.100464      1206.2883300781
704.424805      1166.3009033203
704.749084      1212.9528808594
705.073303      1252.9403076172
705.397461      1239.6112060547
705.721558      1152.9716796875
706.045654      1181.8515625000
706.369690      1192.9591064453
706.693604      1130.7564697266
707.017578      1166.3009033203
707.341431      1135.1994628906
707.665283      1186.2945556641
707.989075      1084.1043701172
708.312805      1208.5098876953
708.636536      1175.1870117188
708.960144      1210.7313232422
709.283752      1184.0729980469
709.607361      1217.3959960938
709.930847      1259.6048583984
710.254333      1148.5286865234
710.577759      1195.1806640625
710.901062      1239.6112060547
711.224426      1184.0729980469
711.547668      1197.4022216797
711.870911      1228.5035400391
712.194153      1217.3959960938
712.517212      1204.0667724609
712.840332      1186.2945556641
713.163391      1181.8515625000
713.486389      1228.5035400391
713.809326      1226.2819824219
714.132202      1237.3896484375
714.455078      1215.1744384766
714.777893      1199.6237792969
715.100586      1159.6362304688
715.423401      1248.4973144531
715.746094      1244.0541992188
716.068604      1281.8201904297
716.391235      1181.8515625000
716.713745      1212.9528808594
717.036255      1224.0605468750
717.358643      1166.3009033203
717.681030      1257.3834228516
718.003418      1261.8264160156
718.325745      1144.0855712891
718.647888      1204.0667724609
718.970154      1201.8452148438
719.292297      1235.1680908203
719.614380      1259.6048583984
719.936401      1184.0729980469
720.258423      1224.0605468750
720.580383      1248.4973144531
720.902283      1186.2945556641
721.224182      1232.9466552734
721.545959      1159.6362304688
721.867737      1099.6550292969
722.189453      1190.7376708984
722.511169      1166.3009033203
722.832764      1219.6174316406
723.154419      1277.3770751953
723.475952      1226.2819824219
723.797424      1255.1618652344
724.118896      1195.1806640625
724.440247      1190.7376708984
724.761597      1152.9716796875
725.082886      1219.6174316406
725.404175      1161.8577880859
725.725342      1217.3959960938
726.046509      1215.1744384766
726.367615      1235.1680908203
726.688721      1272.9340820313
727.009644      1221.8389892578
727.330688      1170.7438964844
727.651611      1208.5098876953
727.972473      1168.5223388672
728.293274      1195.1806640625
728.614075      1175.1870117188
728.934814      1210.7313232422
729.255493      1219.6174316406
729.576172      1208.5098876953
729.896729      1244.0541992188
730.217285      1275.1556396484
730.537720      1230.7250976563
730.858215      1270.7125244141
731.178650      1201.8452148438
731.498962      1210.7313232422
731.819214      1217.3959960938
732.139526      1206.2883300781
732.459778      1197.4022216797
732.779846      1201.8452148438
733.100037      1235.1680908203
733.420105      1210.7313232422
733.740112      1217.3959960938
734.060059      1217.3959960938
734.380066      1106.3197021484
734.699890      1157.4147949219
735.019775      1119.6488037109
735.339478      1284.0417480469
735.659241      1170.7438964844
735.978943      1210.7313232422
736.298584      1204.0667724609
736.618164      1172.9654541016
736.937744      1217.3959960938
737.257263      1219.6174316406
737.576599      1248.4973144531
737.896057      1237.3896484375
738.215393      1226.2819824219
738.534729      1246.2757568359
738.853943      1290.7062988281
739.173157      1212.9528808594
739.492371      1204.0667724609
739.811523      1226.2819824219
740.130493      1246.2757568359
740.449524      1215.1744384766
740.768555      1170.7438964844
741.087463      1184.0729980469
741.406311      1197.4022216797
741.725159      1217.3959960938
742.043945      1239.6112060547
742.362610      1215.1744384766
742.681396      1261.8264160156
743.000061      1148.5286865234
743.318604      1192.9591064453
743.637146      1181.8515625000
743.955627      1310.6999511719
744.274109      1190.7376708984
744.592407      1179.6300048828
744.910828      1232.9466552734
745.229126      1184.0729980469
745.547424      1119.6488037109
745.865540      1208.5098876953
746.183777      1157.4147949219
746.501892      1232.9466552734
746.819946      1239.6112060547
747.137939      1159.6362304688
747.455872      1137.4210205078
747.773865      1192.9591064453
748.091736      1224.0605468750
748.409485      1232.9466552734
748.727295      1230.7250976563
749.045044      1164.0793457031
749.362671      1124.0919189453
749.680298      1197.4022216797
749.997925      1124.0919189453
750.315491      1272.9340820313
750.632874      1281.8201904297
750.950378      1170.7438964844
751.267822      1226.2819824219
751.585083      1215.1744384766
751.902405      1330.6937255859
752.219666      1188.5161132813
752.536865      1244.0541992188
752.854004      1221.8389892578
753.171082      1184.0729980469
753.488159      1232.9466552734
753.805176      1244.0541992188
754.122070      1208.5098876953
754.439026      1239.6112060547
754.755920      1224.0605468750
755.072693      1301.8138427734
755.389465      1201.8452148438
755.706177      1166.3009033203
756.022888      1184.0729980469
756.339478      1248.4973144531
756.656006      1235.1680908203
756.972595      1241.8327636719
757.289063      1190.7376708984
757.605408      1159.6362304688
757.921814      1157.4147949219
758.238159      1181.8515625000
758.554443      1204.0667724609
758.870667      1235.1680908203
759.186890      1210.7313232422
759.503052      1219.6174316406
759.819092      1268.4909667969
760.135132      1230.7250976563
760.451172      1250.7188720703
760.767029      1230.7250976563
761.082947      1286.2631835938
761.398804      1246.2757568359
761.714600      1190.7376708984
762.030396      1159.6362304688
762.346008      1266.2695312500
762.661682      1190.7376708984
762.977295      1228.5035400391
763.292908      1237.3896484375
763.608337      1170.7438964844
763.923828      1224.0605468750
764.239258      1195.1806640625
764.554626      1179.6300048828
764.869873      1219.6174316406
765.185181      1299.5924072266
765.500427      1204.0667724609
765.815491      1255.1618652344
766.130615      1248.4973144531
766.445740      1204.0667724609
766.760803      1259.6048583984
767.075745      1297.3708496094
767.390686      1201.8452148438
767.705566      1172.9654541016
768.020386      1219.6174316406
768.335144      1199.6237792969
768.649902      1306.2569580078
768.964539      1235.1680908203
769.279175      1206.2883300781
769.593750      1266.2695312500
769.908264      1201.8452148438
770.222839      1150.7501220703
770.537170      1224.0605468750
770.851624      1246.2757568359
771.165955      1244.0541992188
771.480286      1179.6300048828
771.794495      1172.9654541016
772.108704      1212.9528808594
772.422852      1197.4022216797
772.736938      1264.0479736328
773.050964      1259.6048583984
773.364990      1221.8389892578
773.678894      1246.2757568359
773.992798      1215.1744384766
774.306641      1175.1870117188
774.620422      1148.5286865234
774.934204      1192.9591064453
775.247864      1206.2883300781
775.561584      1297.3708496094
775.875183      1206.2883300781
776.188721      1168.5223388672
776.502197      1239.6112060547
776.815735      1192.9591064453
777.129150      1208.5098876953
777.442444      1259.6048583984
777.755737      1248.4973144531
778.069092      1248.4973144531
778.382324      1237.3896484375
778.695435      1272.9340820313
779.008545      1210.7313232422
779.321594      1250.7188720703
779.634644      1204.0667724609
779.947571      1228.5035400391
780.260498      1186.2945556641
780.573364      1197.4022216797
780.886169      1204.0667724609
781.198975      1168.5223388672
781.511719      1275.1556396484
781.824402      1261.8264160156
782.136963      1184.0729980469
782.449585      1221.8389892578
782.762146      1217.3959960938
783.074646      1208.5098876953
783.387024      1217.3959960938
783.699402      1341.8013916016
784.011719      1252.9403076172
784.324097      1228.5035400391
784.636230      1201.8452148438
784.948425      1190.7376708984
785.260620      1172.9654541016
785.572632      1228.5035400391
785.884644      1255.1618652344
786.196655      1215.1744384766
786.508667      1248.4973144531
786.820496      1257.3834228516
787.132324      1206.2883300781
787.444153      1175.1870117188
787.755859      1272.9340820313
788.067566      1184.0729980469
788.379211      1206.2883300781
788.690796      1277.3770751953
789.002319      1168.5223388672
789.313782      1195.1806640625
789.625305      1170.7438964844
789.936707      1219.6174316406
790.247986      1206.2883300781
790.559326      1301.8138427734
790.870605      1181.8515625000
791.181763      1288.4847412109
791.492920      1177.4084472656
791.803955      1208.5098876953
792.115051      1306.2569580078
792.426086      1248.4973144531
792.737000      1204.0667724609
793.047913      1217.3959960938
793.358765      1144.0855712891
793.669495      1308.4785156250
793.980347      1226.2819824219
794.291016      1208.5098876953
794.601685      1230.7250976563
794.912292      1237.3896484375
795.222778      1226.2819824219
795.533325      1192.9591064453
795.843811      1199.6237792969
796.154175      1212.9528808594
796.464539      1204.0667724609
796.774902      1210.7313232422
797.085022      1159.6362304688
797.395325      1244.0541992188
797.705505      1210.7313232422
798.015625      1226.2819824219
798.325623      1221.8389892578
798.635620      1175.1870117188
798.945618      1346.2443847656
799.255554      1339.5798339844
799.565369      1188.5161132813
799.875183      1135.1994628906
800.184998      1208.5098876953
800.494690      1268.4909667969
800.804321      1168.5223388672
801.113953      1179.6300048828
801.423462      1212.9528808594
801.732910      1212.9528808594
802.042419      1152.9716796875
802.351868      1312.9215087891
802.661255      1170.7438964844
802.970520      1221.8389892578
803.279785      1226.2819824219
803.588989      1237.3896484375
803.898193      1197.4022216797
804.207275      1166.3009033203
804.516357      1257.3834228516
804.825378      1339.5798339844
805.134277      1297.3708496094
805.443176      1179.6300048828
805.752136      1190.7376708984
806.060974      1110.7626953125
806.369629      1170.7438964844
806.678406      1135.1994628906
806.987061      1206.2883300781
807.295715      1161.8577880859
807.604187      1277.3770751953
807.912720      1224.0605468750
808.221191      1304.0354003906
808.529663      1157.4147949219
808.837952      1239.6112060547
809.146301      1215.1744384766
809.454590      1179.6300048828
809.762756      1212.9528808594
810.070923      1250.7188720703
810.379028      1210.7313232422
810.687073      1217.3959960938
810.995117      1215.1744384766
811.303040      1299.5924072266
811.611023      1246.2757568359
811.918884      1246.2757568359
812.226624      1226.2819824219
812.534424      1208.5098876953
812.842163      1195.1806640625
813.149719      1206.2883300781
813.457397      1226.2819824219
813.764954      1210.7313232422
814.072510      1281.8201904297
814.379883      1315.1430664063
814.687378      1157.4147949219
814.994690      1230.7250976563
815.302063      1201.8452148438
815.609314      1212.9528808594
815.916504      1221.8389892578
816.223694      1301.8138427734
816.530762      1195.1806640625
816.837830      1206.2883300781
817.144836      1230.7250976563
817.451843      1268.4909667969
817.758667      1177.4084472656
818.065552      1241.8327636719
818.372375      1170.7438964844
818.679138      1248.4973144531
818.985779      1210.7313232422
819.292480      1186.2945556641
819.599121      1232.9466552734
819.905701      1177.4084472656
820.212158      1197.4022216797
820.518616      1204.0667724609
820.825012      1219.6174316406
821.131348      1141.8640136719
821.437683      1212.9528808594
821.743896      1210.7313232422
822.050110      1232.9466552734
822.356262      1181.8515625000
822.662415      1239.6112060547
822.968445      1248.4973144531
823.274475      1288.4847412109
823.580322      1195.1806640625
823.886292      1164.0793457031
824.192200      1275.1556396484
824.497864      1230.7250976563
824.803711      1279.5986328125
825.109375      1228.5035400391
825.415039      1197.4022216797
825.720581      1208.5098876953
826.026184      1255.1618652344
826.331665      1204.0667724609
826.637146      1228.5035400391
826.942444      1250.7188720703
827.247803      1219.6174316406
827.553162      1246.2757568359
827.858398      1248.4973144531
828.163574      1275.1556396484
828.468750      1252.9403076172
828.773804      1277.3770751953
829.078796      1197.4022216797
829.383850      1230.7250976563
829.688782      1250.7188720703
829.993713      1230.7250976563
830.298462      1157.4147949219
830.603271      1239.6112060547
830.908020      1259.6048583984
831.212708      1188.5161132813
831.517273      1301.8138427734
831.821960      1201.8452148438
832.126465      1221.8389892578
832.430908      1275.1556396484
832.735352      1261.8264160156
833.039734      1272.9340820313
833.344116      1226.2819824219
833.648315      1306.2569580078
833.952576      1284.0417480469
834.256714      1221.8389892578
834.560913      1250.7188720703
834.864929      1159.6362304688
835.169006      1241.8327636719
835.472961      1239.6112060547
835.776917      1277.3770751953
836.080750      1228.5035400391
836.384583      1188.5161132813
836.688354      1172.9654541016
836.992004      1217.3959960938
837.295654      1241.8327636719
837.599365      1186.2945556641
837.902893      1159.6362304688
838.206360      1344.0228271484
838.509827      1261.8264160156
838.813293      1172.9654541016
839.116699      1266.2695312500
839.419922      1232.9466552734
839.723206      1201.8452148438
840.026428      1161.8577880859
840.329590      1224.0605468750
840.632690      1179.6300048828
840.935730      1164.0793457031
841.238708      1192.9591064453
841.541626      1170.7438964844
841.844543      1235.1680908203
842.147461      1197.4022216797
842.450256      1190.7376708984
842.752930      1188.5161132813
843.055664      1212.9528808594
843.358337      1232.9466552734
843.660889      1164.0793457031
843.963440      1232.9466552734
844.265930      1172.9654541016
844.568420      1166.3009033203
844.870728      1268.4909667969
845.173096      1152.9716796875
845.475403      1152.9716796875
845.777649      1179.6300048828
846.079834      1297.3708496094
846.381958      1235.1680908203
846.684021      1324.0291748047
846.986145      1210.7313232422
847.288025      1204.0667724609
847.589966      1239.6112060547
847.891846      1228.5035400391
848.193665      1184.0729980469
848.495483      1288.4847412109
848.797180      1210.7313232422
849.098877      1188.5161132813
849.400452      1246.2757568359
849.702026      1226.2819824219
850.003540      1239.6112060547
850.304993      1201.8452148438
850.606445      1281.8201904297
850.907776      1239.6112060547
851.209106      1246.2757568359
851.510315      1188.5161132813
851.811584      1201.8452148438
852.112671      1141.8640136719
852.413879      1184.0729980469
852.714844      1288.4847412109
853.015869      1252.9403076172
853.316833      1146.3071289063
853.617737      1241.8327636719
853.918579      1226.2819824219
854.219360      1215.1744384766
854.520142      1299.5924072266
854.820862      1219.6174316406
855.121399      1252.9403076172
855.421997      1239.6112060547
855.722595      1248.4973144531
856.023071      1179.6300048828
856.323486      1201.8452148438
856.623901      1252.9403076172
856.924255      1321.8076171875
857.224487      1224.0605468750
857.524719      1208.5098876953
857.824890      1248.4973144531
858.125000      1190.7376708984
858.425049      1361.7950439453
858.725098      1286.2631835938
859.025085      1155.1932373047
859.325012      1235.1680908203
859.624817      1184.0729980469
859.924683      1241.8327636719
860.224487      1252.9403076172
860.524170      1215.1744384766
860.823792      1177.4084472656
861.123474      1108.5411376953
861.422974      1321.8076171875
861.722412      1250.7188720703
862.021912      1292.9278564453
862.321350      1224.0605468750
862.620728      1272.9340820313
862.919983      1175.1870117188
863.219238      1235.1680908203
863.518433      1208.5098876953
863.817505      1206.2883300781
864.116638      1244.0541992188
864.415710      1239.6112060547
864.714722      1217.3959960938
865.013550      1195.1806640625
865.312439      1228.5035400391
865.611328      1219.6174316406
865.910156      1155.1932373047
866.208801      1248.4973144531
866.507507      1201.8452148438
866.806091      1121.8703613281
867.104614      1201.8452148438
867.403137      1175.1870117188
867.701660      1217.3959960938
868.000061      1235.1680908203
868.298401      1275.1556396484
868.596741      1255.1618652344
868.894958      1241.8327636719
869.193237      1210.7313232422
869.491333      1259.6048583984
869.789429      1201.8452148438
870.087524      1230.7250976563
870.385498      1197.4022216797
870.683411      1230.7250976563
870.981323      1208.5098876953
871.279236      1272.9340820313
871.576965      1201.8452148438
871.874695      1212.9528808594
872.172363      1232.9466552734
872.470032      1221.8389892578
872.767578      1206.2883300781
873.065125      1268.4909667969
873.362549      1230.7250976563
873.660034      1179.6300048828
873.957397      1192.9591064453
874.254700      1250.7188720703
874.552002      1208.5098876953
874.849182      1179.6300048828
875.146362      1244.0541992188
875.443481      1144.0855712891
875.740540      1230.7250976563
876.037476      1157.4147949219
876.334473      1172.9654541016
876.631348      1219.6174316406
876.928223      1235.1680908203
877.224976      1192.9591064453
877.521729      1237.3896484375
877.818420      1166.3009033203
878.115112      1190.7376708984
878.411621      1175.1870117188
878.708191      1219.6174316406
879.004700      1246.2757568359
879.301086      1230.7250976563
879.597473      1237.3896484375
879.893799      1188.5161132813
880.190063      1170.7438964844
880.486267      1188.5161132813
880.782471      1221.8389892578
881.078613      1219.6174316406
881.374695      1204.0667724609
881.670654      1217.3959960938
881.966614      1235.1680908203
882.262573      1177.4084472656
882.558350      1212.9528808594
882.854126      1277.3770751953
883.149902      1239.6112060547
883.445618      1212.9528808594
883.741211      1164.0793457031
884.036865      1186.2945556641
884.332336      1272.9340820313
884.627869      1299.5924072266
884.923218      1155.1932373047
885.218689      1235.1680908203
885.513977      1157.4147949219
885.809265      1172.9654541016
886.104492      1235.1680908203
886.399658      1199.6237792969
886.694763      1244.0541992188
886.989807      1168.5223388672
887.284790      1239.6112060547
887.579773      1248.4973144531
887.874695      1210.7313232422
888.169495      1226.2819824219
888.464355      1235.1680908203
888.759094      1166.3009033203
889.053772      1186.2945556641
889.348389      1268.4909667969
