0.960000
190.544205         0.0000000000
190.924866         0.0000000000
191.305481      1072.1882324219
191.686081      1107.8535156250
192.066635      1143.5189208984
192.447174      1110.0826416016
192.827667      1355.2816162109
193.208130      1254.9729003906
193.588577      1439.9866943359
193.968964      1297.3255615234
194.349350      1344.1362304688
194.729691      1335.2198486328
195.110001      1221.5367431641
195.490295      1283.9510498047
195.870529      1292.8673095703
196.250763      1243.8275146484
196.630936      1379.8015136719
197.011093      1370.8852539063
197.391220      1310.6999511719
197.771301      1259.4311523438
198.151367      1310.6999511719
198.531403      1241.5985107422
198.911407      1319.6163330078
199.291382      1324.0744628906
199.671295      1310.6999511719
200.051208      1232.6821289063
200.431076      1248.2857666016
200.810928      1364.1979980469
201.190735      1250.5147705078
201.570511      1228.2239990234
201.950272      1210.3913574219
202.329971      1201.4749755859
202.709671      1254.9729003906
203.089310      1188.1004638672
203.468933      1132.3734130859
203.848541      1201.4749755859
204.228073      1176.9550781250
204.607620      1259.4311523438
204.987106      1241.5985107422
205.366577      1261.6601562500
205.746017      1283.9510498047
206.125412      1252.7438964844
206.504776      1159.1224365234
206.884125      1411.0086669922
207.263428      1190.3295898438
207.642700      1328.5325927734
208.021942      1259.4311523438
208.401169      1217.0786132813
208.780334      1346.3653564453
209.159485      1210.3913574219
209.538605      1232.6821289063
209.917694      1348.5943603516
210.296753      1288.4091796875
210.675766      1386.4887695313
211.054764      1295.0964355469
211.433716      1292.8673095703
211.812637      1375.3433837891
212.191544      1172.4969482422
212.570404      1228.2239990234
212.949249      1250.5147705078
213.328033      1324.0744628906
213.706802      1246.0566406250
214.085556      1268.3474121094
214.464249      1239.3693847656
214.842926      1263.8892822266
215.221558      1205.9331054688
215.600174      1225.9948730469
215.978760      1295.0964355469
216.357300      1304.0126953125
216.735825      1192.5587158203
217.114288      1266.1184082031
217.492737      1286.1800537109
217.871185      1219.3076171875
218.249557      1310.6999511719
218.627914      1237.1402587891
219.006226      1257.2020263672
219.384521      1292.8673095703
219.762772      1299.5545654297
220.141006      1306.2418212891
220.519196      1217.0786132813
220.897354      1357.5107421875
221.275497      1241.5985107422
221.653580      1232.6821289063
222.031662      1159.1224365234
222.409698      1261.6601562500
222.787704      1181.4132080078
223.165680      1183.6423339844
223.543610      1181.4132080078
223.921524      1252.7438964844
224.299393      1281.7219238281
224.677231      1304.0126953125
225.055054      1230.4530029297
225.432816      1275.0346679688
225.810577      1168.0388183594
226.188278      1275.0346679688
226.565979      1225.9948730469
226.943634      1315.1582031250
227.321243      1272.8056640625
227.698837      1444.4449462891
228.076385      1426.6123046875
228.453903      1275.0346679688
228.831406      1312.9290771484
229.208847      1312.9290771484
229.586288      1261.6601562500
229.963669      1368.6561279297
230.341034      1254.9729003906
230.718369      1306.2418212891
231.095657      1230.4530029297
231.472916      1230.4530029297
231.850143      1292.8673095703
232.227356      1275.0346679688
232.604523      1210.3913574219
232.981659      1286.1800537109
233.358749      1272.8056640625
233.735825      1259.4311523438
234.112869      1228.2239990234
234.489868      1270.5765380859
234.866852      1214.8494873047
235.243790      1188.1004638672
235.620697      1275.0346679688
235.997589      1263.8892822266
236.374405      1152.4351806641
236.751221      1192.5587158203
237.128006      1237.1402587891
237.504745      1201.4749755859
237.881470      1179.1842041016
238.258133      1239.3693847656
238.634796      1254.9729003906
239.011414      1252.7438964844
239.388000      1281.7219238281
239.764557      1168.0388183594
240.141068      1230.4530029297
240.517563      1259.4311523438
240.893997      1321.8454589844
241.270432      1315.1582031250
241.646835      1328.5325927734
242.023178      1277.2637939453
242.399506      1203.7041015625
242.775787      1290.6383056641
243.152054      1230.4530029297
243.528290      1252.7438964844
243.904465      1310.6999511719
244.280640      1214.8494873047
244.656754      1270.5765380859
245.032852      1270.5765380859
245.408936      1223.7658691406
245.784943      1297.3255615234
246.160950      1241.5985107422
246.536911      1239.3693847656
246.912842      1246.0566406250
247.288757      1188.1004638672
247.664612      1205.9331054688
248.040451      1134.6025390625
248.416229      1188.1004638672
248.792023      1223.7658691406
249.167755      1214.8494873047
249.543457      1179.1842041016
249.919113      1203.7041015625
250.294754      1228.2239990234
250.670364      1263.8892822266
251.045944      1208.1622314453
251.421478      1283.9510498047
251.796982      1337.4489746094
252.172440      1199.2459716797
252.547897      1208.1622314453
252.923294      1205.9331054688
253.298676      1357.5107421875
253.673996      1295.0964355469
254.049316      1308.4709472656
254.424606      1183.6423339844
254.799850      1261.6601562500
255.175064      1243.8275146484
255.550217      1147.9770507813
255.925369      1234.9112548828
256.300476      1268.3474121094
256.675537      1125.6862792969
257.050598      1221.5367431641
257.425598      1306.2418212891
257.800598      1321.8454589844
258.175537      1272.8056640625
258.550446      1174.7260742188
258.925354      1261.6601562500
259.300171      1172.4969482422
259.674988      1335.2198486328
260.049774      1232.6821289063
260.424500      1286.1800537109
260.799225      1308.4709472656
261.173889      1201.4749755859
261.548553      1283.9510498047
261.923187      1228.2239990234
262.297760      1435.5285644531
262.672302      1406.5505371094
263.046814      1270.5765380859
263.421326      1208.1622314453
263.795776      1241.5985107422
264.170135      1199.2459716797
264.544525      1230.4530029297
264.918915      1208.1622314453
265.293243      1353.0524902344
265.667511      1286.1800537109
266.041748      1192.5587158203
266.415955      1270.5765380859
266.790161      1214.8494873047
267.164307      1248.2857666016
267.538422      1183.6423339844
267.912476      1339.6781005859
268.286530      1214.8494873047
268.660583      1259.4311523438
269.034546      1241.5985107422
269.408508      1370.8852539063
269.782440      1310.6999511719
270.156311      1328.5325927734
270.530151      1261.6601562500
270.903992      1279.4927978516
271.277710      1332.9908447266
271.651489      1268.3474121094
272.025208      1337.4489746094
272.398895      1194.7877197266
272.772552      1237.1402587891
273.146179      1257.2020263672
273.519745      1299.5545654297
273.893280      1257.2020263672
274.266815      1228.2239990234
274.640289      1281.7219238281
275.013733      1286.1800537109
275.387146      1192.5587158203
275.760529      1266.1184082031
276.133881      1332.9908447266
276.507202      1346.3653564453
276.880463      1225.9948730469
277.253723      1317.3872070313
277.626923      1299.5545654297
278.000122      1332.9908447266
278.373260      1243.8275146484
278.746338      1225.9948730469
279.119446      1304.0126953125
279.492493      1270.5765380859
279.865509      1304.0126953125
280.238495      1223.7658691406
280.611450      1288.4091796875
280.984314      1281.7219238281
281.357208      1237.1402587891
281.730072      1199.2459716797
282.102875      1266.1184082031
282.475647      1330.7617187500
282.848358      1156.8933105469
283.221069      1234.9112548828
283.593750      1116.7698974609
283.966400      1261.6601562500
284.339020      1301.7836914063
284.711548      1212.6203613281
285.084106      1248.2857666016
285.456635      1268.3474121094
285.829071      1297.3255615234
286.201508      1308.4709472656
286.573914      1234.9112548828
286.946320      1223.7658691406
287.318634      1252.7438964844
287.690948      1364.1979980469
288.063202      1324.0744628906
288.435425      1225.9948730469
288.807648      1163.5805664063
289.179810      1205.9331054688
289.551941      1281.7219238281
289.924011      1281.7219238281
290.296112      1212.6203613281
290.668121      1326.3035888672
291.040161      1225.9948730469
291.412109      1246.0566406250
291.783997      1308.4709472656
292.155914      1154.6643066406
292.527771      1254.9729003906
292.899597      1248.2857666016
293.271393      1250.5147705078
293.643127      1239.3693847656
294.014862      1234.9112548828
294.386566      1234.9112548828
294.758240      1295.0964355469
295.129852      1439.9866943359
295.501404      1165.8096923828
295.872955      1346.3653564453
296.244507      1281.7219238281
296.615997      1292.8673095703
296.987427      1359.7397460938
297.358826      1199.2459716797
297.730225      1268.3474121094
298.101593      1266.1184082031
298.472900      1261.6601562500
298.844177      1277.2637939453
299.215393      1221.5367431641
299.586609      1203.7041015625
299.957794      1275.0346679688
300.328918      1203.7041015625
300.700043      1413.2377929688
301.071136      1199.2459716797
301.442169      1239.3693847656
301.813171      1179.1842041016
302.184174      1299.5545654297
302.555115      1275.0346679688
302.925995      1174.7260742188
303.296844      1330.7617187500
303.667694      1344.1362304688
304.038483      1301.7836914063
304.409271      1143.5189208984
304.779968      1190.3295898438
305.150696      1170.2678222656
305.521362      1174.7260742188
305.891968      1261.6601562500
306.262543      1299.5545654297
306.633118      1203.7041015625
307.003632      1159.1224365234
307.374146      1190.3295898438
307.744598      1205.9331054688
308.114990      1223.7658691406
308.485413      1212.6203613281
308.855743      1266.1184082031
309.226074      1201.4749755859
309.596375      1212.6203613281
309.966614      1225.9948730469
310.336792      1266.1184082031
310.707001      1281.7219238281
311.077148      1279.4927978516
311.447235      1241.5985107422
311.817322      1190.3295898438
312.187347      1261.6601562500
312.557373      1279.4927978516
312.927368      1330.7617187500
313.297302      1210.3913574219
313.667175      1286.1800537109
314.037048      1212.6203613281
314.406891      1205.9331054688
314.776642      1254.9729003906
315.146423      1330.7617187500
315.516144      1277.2637939453
315.885864      1201.4749755859
316.255524      1208.1622314453
316.625153      1136.8316650391
316.994751      1248.2857666016
317.364288      1190.3295898438
317.733795      1174.7260742188
318.103302      1246.0566406250
318.472717      1156.8933105469
318.842133      1328.5325927734
319.211517      1279.4927978516
319.580872      1203.7041015625
319.950195      1212.6203613281
320.319489      1286.1800537109
320.688751      1353.0524902344
321.057922      1319.6163330078
321.427094      1290.6383056641
321.796234      1341.9071044922
322.165344      1241.5985107422
322.534393      1246.0566406250
322.903412      1346.3653564453
323.272430      1279.4927978516
323.641418      1221.5367431641
324.010315      1190.3295898438
324.379242      1201.4749755859
324.748077      1208.1622314453
325.116913      1304.0126953125
325.485657      1259.4311523438
325.854431      1299.5545654297
326.223145      1332.9908447266
326.591827      1239.3693847656
326.960480      1210.3913574219
327.329102      1292.8673095703
327.697693      1319.6163330078
328.066193      1310.6999511719
328.434723      1219.3076171875
328.803192      1446.6739501953
329.171600      3604.4250488281
329.540009      1433.2994384766
329.908386      1283.9510498047
330.276703      1239.3693847656
330.645050      1214.8494873047
331.013306      1275.0346679688
331.381500      1308.4709472656
331.749695      1246.0566406250
332.117859      1234.9112548828
332.485962      1208.1622314453
332.854034      1261.6601562500
333.222107      1225.9948730469
333.590118      1136.8316650391
333.958099      1248.2857666016
334.326050      1214.8494873047
334.693970      1212.6203613281
335.061859      1190.3295898438
335.429657      1199.2459716797
335.797455      1168.0388183594
336.165192      1283.9510498047
336.532959      1212.6203613281
336.900665      1208.1622314453
337.268341      1259.4311523438
337.635956      1275.0346679688
338.003571      1248.2857666016
338.371124      1261.6601562500
338.738647      1286.1800537109
339.106110      1163.5805664063
339.473572      1292.8673095703
339.840942      1205.9331054688
340.208344      1192.5587158203
340.575653      1212.6203613281
340.942993      1217.0786132813
341.310272      1174.7260742188
341.677521      1174.7260742188
342.044708      1330.7617187500
342.411865      1283.9510498047
342.778992      1241.5985107422
343.146088      1266.1184082031
343.513123      1286.1800537109
343.880157      1234.9112548828
344.247131      1214.8494873047
344.614105      1270.5765380859
344.981049      1241.5985107422
345.347900      1161.3515625000
345.714783      1281.7219238281
346.081573      1228.2239990234
346.448334      1210.3913574219
346.815094      1234.9112548828
347.181763      1254.9729003906
347.548431      1210.3913574219
347.915070      1266.1184082031
348.281677      1286.1800537109
348.648224      1299.5545654297
349.014771      1263.8892822266
349.381256      1199.2459716797
349.747711      1208.1622314453
350.114105      1241.5985107422
350.480469      1172.4969482422
350.846832      1214.8494873047
351.213135      1337.4489746094
351.579407      1295.0964355469
351.945679      1279.4927978516
352.311890      1406.5505371094
352.678040      1228.2239990234
353.044189      1188.1004638672
353.410278      1295.0964355469
353.776337      1402.0922851563
354.142303      1190.3295898438
354.508301      1246.0566406250
354.874268      1246.0566406250
355.240204      1283.9510498047
355.606079      1225.9948730469
355.971924      1246.0566406250
356.337738      1295.0964355469
356.703491      1221.5367431641
357.069244      1344.1362304688
357.434937      1379.8015136719
357.800598      1228.2239990234
358.166229      1225.9948730469
358.531830      1259.4311523438
358.897369      1143.5189208984
359.262909      1201.4749755859
359.628418      1275.0346679688
359.993866      1163.5805664063
360.359222      1241.5985107422
360.724609      1288.4091796875
361.089966      1228.2239990234
361.455261      1203.7041015625
361.820526      1228.2239990234
362.185760      1214.8494873047
362.550964      1317.3872070313
362.916138      1281.7219238281
363.281250      1239.3693847656
363.646332      1243.8275146484
364.011383      1185.8714599609
364.376404      1208.1622314453
364.741333      1239.3693847656
365.106293      1275.0346679688
365.471222      1194.7877197266
365.836090      1230.4530029297
366.200928      1335.2198486328
366.565735      1188.1004638672
366.930511      1228.2239990234
367.295227      1197.0168457031
367.659912      1225.9948730469
368.024536      1239.3693847656
368.389160      1205.9331054688
368.753723      1286.1800537109
369.118317      1221.5367431641
369.482819      1277.2637939453
369.847260      1286.1800537109
370.211731      1212.6203613281
370.576111      1190.3295898438
370.940460      1281.7219238281
371.304810      1230.4530029297
371.669098      1197.0168457031
372.033325      1214.8494873047
372.397522      1252.7438964844
372.761749      1234.9112548828
373.125885      1201.4749755859
373.489990      1254.9729003906
373.854065      1170.2678222656
374.218109      1272.8056640625
374.582092      1201.4749755859
374.946075      1217.0786132813
375.309998      1248.2857666016
375.673859      1212.6203613281
376.037720      1197.0168457031
376.401550      1179.1842041016
376.765320      1259.4311523438
377.129059      1246.0566406250
377.492798      1145.7479248047
377.856476      1185.8714599609
378.220062      1241.5985107422
378.583679      1272.8056640625
378.947205      1243.8275146484
379.310730      1279.4927978516
379.674225      1183.6423339844
380.037689      1183.6423339844
380.401093      1364.1979980469
380.764496      1179.1842041016
381.127838      1183.6423339844
381.491119      1335.2198486328
381.854370      1308.4709472656
382.217621      1197.0168457031
382.580811      1234.9112548828
382.943939      1270.5765380859
383.307068      1230.4530029297
383.670166      1283.9510498047
384.033203      1194.7877197266
384.396240      1217.0786132813
384.759216      1210.3913574219
385.122131      1210.3913574219
385.485016      1188.1004638672
385.847900      1310.6999511719
386.210724      1214.8494873047
386.573486      1230.4530029297
386.936279      1212.6203613281
387.298981      1212.6203613281
387.661652      1203.7041015625
388.024323      1230.4530029297
388.386902      1248.2857666016
388.749481      1248.2857666016
389.112000      1217.0786132813
389.474487      1197.0168457031
389.836945      1243.8275146484
390.199371      1335.2198486328
390.561737      1185.8714599609
390.924103      1223.7658691406
391.286407      1500.1719970703
391.648682      1281.7219238281
392.010925      1225.9948730469
392.373108      1168.0388183594
392.735291      1266.1184082031
393.097382      1312.9290771484
393.459473      1250.5147705078
393.821533      1308.4709472656
394.183533      1179.1842041016
394.545532      1219.3076171875
394.907471      1261.6601562500
395.269379      1243.8275146484
395.631256      1225.9948730469
395.993042      1283.9510498047
396.354828      1192.5587158203
396.716583      1431.0704345703
397.078308      1208.1622314453
397.439972      1259.4311523438
397.801636      1194.7877197266
398.163239      1181.4132080078
398.524841      1297.3255615234
398.886383      1281.7219238281
399.247833      1201.4749755859
399.609283      1335.2198486328
399.970703      1214.8494873047
400.332062      1275.0346679688
400.693420      1263.8892822266
401.054718      1172.4969482422
401.416016      1250.5147705078
401.777252      1248.2857666016
402.138458      1228.2239990234
402.499603      1219.3076171875
402.860718      1181.4132080078
403.221832      1188.1004638672
403.582855      1230.4530029297
403.943848      1214.8494873047
404.304810      1176.9550781250
404.665771      1214.8494873047
405.026642      1297.3255615234
405.387543      1241.5985107422
405.748352      1237.1402587891
406.109161      1335.2198486328
406.469849      1277.2637939453
406.830597      1266.1184082031
407.191223      1321.8454589844
407.551880      1134.6025390625
407.912476      1232.6821289063
408.273041      1252.7438964844
408.633575      1125.6862792969
408.994049      1417.6959228516
409.354492      1217.0786132813
409.714935      1292.8673095703
410.075287      1286.1800537109
410.435608      1237.1402587891
410.795868      1246.0566406250
411.156158      1230.4530029297
411.516388      1183.6423339844
411.876587      1217.0786132813
412.236725      1275.0346679688
412.596832      1330.7617187500
412.956909      1252.7438964844
413.316925      1223.7658691406
413.676910      1279.4927978516
414.036896      1263.8892822266
414.396820      1154.6643066406
414.756683      1304.0126953125
415.116547      1279.4927978516
415.476379      1179.1842041016
415.836121      1263.8892822266
416.195862      1312.9290771484
416.555542      1228.2239990234
416.915192      1188.1004638672
417.274811      1290.6383056641
417.634399      1156.8933105469
417.993927      1212.6203613281
418.353455      1272.8056640625
418.712891      1219.3076171875
419.072357      1210.3913574219
419.431763      1230.4530029297
419.791107      1212.6203613281
420.150452      1199.2459716797
420.509674      1239.3693847656
420.868927      1188.1004638672
421.228119      1205.9331054688
421.587280      1250.5147705078
421.946411      1232.6821289063
422.305542      1232.6821289063
422.664581      1257.2020263672
423.023621      1237.1402587891
423.382568      1185.8714599609
423.741516      1234.9112548828
424.100403      1254.9729003906
424.459259      1283.9510498047
424.818054      1299.5545654297
425.176880      1370.8852539063
425.535614      1288.4091796875
425.894348      1221.5367431641
426.252991      1299.5545654297
426.611633      1181.4132080078
426.970245      1188.1004638672
427.328796      1232.6821289063
427.687317      1181.4132080078
428.045807      1181.4132080078
428.404205      1266.1184082031
428.762604      1335.2198486328
429.121002      1397.6341552734
429.479340      1223.7658691406
429.837616      1199.2459716797
430.195892      1223.7658691406
430.554138      1272.8056640625
430.912292      1243.8275146484
431.270416      1172.4969482422
431.628510      1234.9112548828
431.986542      1192.5587158203
432.344574      1266.1184082031
432.702576      1199.2459716797
433.060516      1377.5723876953
433.418427      1344.1362304688
433.776306      1179.1842041016
434.134155      1272.8056640625
434.491913      1145.7479248047
434.849701      1159.1224365234
435.207397      1107.8535156250
435.565063      1212.6203613281
435.922729      1270.5765380859
436.280334      1261.6601562500
436.637909      1183.6423339844
436.995453      1179.1842041016
437.352936      1199.2459716797
437.710388      1192.5587158203
438.067780      1306.2418212891
438.425171      1246.0566406250
438.782471      1156.8933105469
439.139771      1246.0566406250
439.497040      1246.0566406250
439.854279      1143.5189208984
440.211426      1214.8494873047
440.568604      1208.1622314453
440.925720      1295.0964355469
441.282776      1181.4132080078
441.639801      1172.4969482422
441.996735      1219.3076171875
442.353699      1170.2678222656
442.710602      1181.4132080078
443.067505      1239.3693847656
443.424347      1170.2678222656
443.781128      1283.9510498047
444.137878      1217.0786132813
444.494629      1283.9510498047
444.851288      1183.6423339844
445.207916      1246.0566406250
445.564514      1170.2678222656
445.921051      1275.0346679688
446.277618      1205.9331054688
446.634094      1270.5765380859
446.990540      1174.7260742188
447.346985      1364.1979980469
447.703339      1223.7658691406
448.059692      1208.1622314453
448.416016      1304.0126953125
448.772186      1257.2020263672
449.128418      1225.9948730469
449.484589      1379.8015136719
449.840729      1254.9729003906
450.196838      1225.9948730469
450.552917      1183.6423339844
450.908966      1359.7397460938
451.264954      1268.3474121094
451.620880      1212.6203613281
451.976807      1197.0168457031
452.332611      1248.2857666016
452.688446      1279.4927978516
453.044250      1283.9510498047
453.399994      1228.2239990234
453.755707      1279.4927978516
454.111389      1252.7438964844
454.467041      1254.9729003906
454.822632      1250.5147705078
455.178192      1241.5985107422
455.533722      1308.4709472656
455.889130      1225.9948730469
456.244598      1270.5765380859
456.600006      1364.1979980469
456.955353      1355.2816162109
457.310699      1290.6383056641
457.665985      1199.2459716797
458.021240      1359.7397460938
458.376434      1319.6163330078
458.731628      1197.0168457031
459.086700      1208.1622314453
459.441772      1170.2678222656
459.796844      1239.3693847656
460.151886      1332.9908447266
460.506836      1197.0168457031
460.861786      1279.4927978516
461.216675      1192.5587158203
461.571533      1188.1004638672
461.926361      1230.4530029297
462.281158      1252.7438964844
462.635803      1237.1402587891
462.990540      1225.9948730469
463.345184      1185.8714599609
463.699829      1315.1582031250
464.054413      1272.8056640625
464.408936      1290.6383056641
464.763458      1165.8096923828
465.117920      1217.0786132813
465.472351      1228.2239990234
465.826752      1246.0566406250
466.181030      1199.2459716797
466.535339      1154.6643066406
466.889618      1188.1004638672
467.243866      1266.1184082031
467.598053      1308.4709472656
467.952209      1308.4709472656
468.306305      1241.5985107422
468.660370      1223.7658691406
469.014435      1223.7658691406
469.368439      1246.0566406250
469.722321      1132.3734130859
470.076263      1223.7658691406
470.430115      1306.2418212891
470.783966      1250.5147705078
471.137756      1185.8714599609
471.491516      1341.9071044922
471.845245      1248.2857666016
472.198944      1185.8714599609
472.552582      1210.3913574219
472.906128      1083.3336181641
473.259705      1147.9770507813
473.613220      1170.2678222656
473.966675      1208.1622314453
474.320129      1165.8096923828
474.673553      1259.4311523438
475.026917      1165.8096923828
475.380249      1152.4351806641
475.733521      1268.3474121094
476.086761      1170.2678222656
476.439911      1228.2239990234
476.793091      1203.7041015625
477.146210      1304.0126953125
477.499298      1230.4530029297
477.852356      1208.1622314453
478.205353      1241.5985107422
478.558350      1223.7658691406
478.911285      1201.4749755859
479.264160      1292.8673095703
479.617035      1163.5805664063
479.969757      1248.2857666016
480.322540      1237.1402587891
480.675262      1217.0786132813
481.027985      1199.2459716797
481.380615      1208.1622314453
481.733246      1199.2459716797
482.085815      1328.5325927734
482.438324      1237.1402587891
482.790833      1332.9908447266
483.143280      1199.2459716797
483.495667      1248.2857666016
483.848022      1268.3474121094
484.200348      1370.8852539063
484.552673      1192.5587158203
484.904907      1152.4351806641
485.257111      1194.7877197266
485.609283      1203.7041015625
485.961456      1201.4749755859
486.313538      1263.8892822266
486.665588      1295.0964355469
487.017548      1192.5587158203
487.369507      1159.1224365234
487.721466      1270.5765380859
488.073334      1217.0786132813
488.425232      1290.6383056641
488.777039      1404.3214111328
489.128815      1192.5587158203
489.480560      1212.6203613281
489.832245      1326.3035888672
490.183868      1241.5985107422
490.535461      1221.5367431641
490.887054      1181.4132080078
491.238586      1219.3076171875
491.590057      1259.4311523438
491.941528      1217.0786132813
492.292938      1156.8933105469
492.644318      1210.3913574219
492.995667      1152.4351806641
493.346954      1257.2020263672
493.698181      1234.9112548828
494.049377      1315.1582031250
494.400543      1223.7658691406
494.751678      1243.8275146484
495.102783      1326.3035888672
495.453827      1379.8015136719
495.804871      1390.9468994141
496.155853      1373.1142578125
496.506775      1261.6601562500
496.857666      1228.2239990234
497.208466      1254.9729003906
497.559265      1217.0786132813
497.910065      1210.3913574219
498.260773      1161.3515625000
498.611481      1359.7397460938
498.962128      1281.7219238281
499.312744      1246.0566406250
499.663300      1250.5147705078
500.013855      1279.4927978516
500.364349      1297.3255615234
500.714752      1286.1800537109
501.065155      1225.9948730469
501.415527      1141.2897949219
501.765869      1306.2418212891
502.116150      1386.4887695313
502.466400      1257.2020263672
502.816620      1270.5765380859
503.166779      1163.5805664063
503.516907      1259.4311523438
503.866943      1208.1622314453
504.217010      1248.2857666016
504.567017      1185.8714599609
504.916962      1225.9948730469
505.266876      1228.2239990234
505.616791      1232.6821289063
505.966644      1212.6203613281
506.316437      1223.7658691406
506.666199      1217.0786132813
507.015930      1225.9948730469
507.365570      1237.1402587891
507.715210      1212.6203613281
508.064789      1208.1622314453
508.414368      1234.9112548828
508.763885      1317.3872070313
509.113373      1239.3693847656
509.462830      1208.1622314453
509.812225      1277.2637939453
510.161591      1304.0126953125
510.510895      1188.1004638672
510.860107      1223.7658691406
511.209381      1163.5805664063
511.558563      1299.5545654297
511.907715      1179.1842041016
512.256836      1239.3693847656
512.605896      1083.3336181641
512.954956      1156.8933105469
513.303955      1277.2637939453
513.652832      1239.3693847656
514.001831      1237.1402587891
514.350647      1281.7219238281
514.699463      1295.0964355469
515.048279      1181.4132080078
515.396973      1197.0168457031
515.745728      1292.8673095703
516.094360      1174.7260742188
516.442993      1275.0346679688
516.791565      1259.4311523438
517.140137      1270.5765380859
517.488586      1259.4311523438
517.837036      1190.3295898438
518.185425      1170.2678222656
518.533875      1199.2459716797
518.882202      1136.8316650391
519.230469      1179.1842041016
519.578735      1230.4530029297
519.927002      1174.7260742188
520.275146      1176.9550781250
520.623291      1212.6203613281
520.971313      1252.7438964844
521.319336      1237.1402587891
521.667419      1295.0964355469
522.015381      1310.6999511719
522.363281      1261.6601562500
522.711182      1221.5367431641
523.059021      1223.7658691406
523.406860      1179.1842041016
523.754639      1277.2637939453
524.102356      1344.1362304688
524.449951      1277.2637939453
524.797607      1212.6203613281
525.145203      1163.5805664063
525.492798      1243.8275146484
525.840332      1246.0566406250
526.187805      1241.5985107422
526.535217      1230.4530029297
526.882629      1266.1184082031
527.230042      1252.7438964844
527.577332      1221.5367431641
527.924500      1181.4132080078
528.271729      1205.9331054688
528.618896      1377.5723876953
528.966125      1221.5367431641
529.313232      1263.8892822266
529.660278      1232.6821289063
530.007324      1237.1402587891
530.354309      1261.6601562500
530.701233      1181.4132080078
531.048096      1212.6203613281
531.394958      1194.7877197266
531.741760      1292.8673095703
532.088562      1130.1444091797
532.435303      1330.7617187500
532.781982      1212.6203613281
533.128601      1219.3076171875
533.475281      1145.7479248047
533.821838      1228.2239990234
534.168335      1188.1004638672
534.514832      1145.7479248047
534.861206      1214.8494873047
535.207703      1288.4091796875
535.554016      1232.6821289063
535.900391      1301.7836914063
536.246643      1268.3474121094
536.592896      1221.5367431641
536.939087      1259.4311523438
537.285278      1210.3913574219
537.631348      1188.1004638672
537.977417      1299.5545654297
538.323425      1272.8056640625
538.669373      1272.8056640625
539.015381      1248.2857666016
539.361267      1172.4969482422
539.707153      1221.5367431641
540.052979      1143.5189208984
540.398804      1295.0964355469
540.744507      1248.2857666016
541.090210      1199.2459716797
541.435791      1230.4530029297
541.781433      1176.9550781250
542.127014      1243.8275146484
542.472595      1266.1184082031
542.818054      1181.4132080078
543.163513      1194.7877197266
543.508911      1165.8096923828
543.854309      1228.2239990234
544.199646      1341.9071044922
544.544800      1315.1582031250
544.890076      1214.8494873047
545.235291      1139.0606689453
545.580444      1243.8275146484
545.925537      1272.8056640625
546.270630      1205.9331054688
546.615723      1205.9331054688
546.960693      1190.3295898438
547.305603      1326.3035888672
547.650574      1301.7836914063
547.995361      1232.6821289063
548.340149      1208.1622314453
548.684998      1194.7877197266
549.029724      1179.1842041016
549.374390      1163.5805664063
549.719116      1234.9112548828
550.063660      1337.4489746094
550.408264      1201.4749755859
550.752869      1123.4571533203
551.097290      1277.2637939453
551.441711      1292.8673095703
551.786133      1243.8275146484
552.130493      1239.3693847656
552.474854      1212.6203613281
552.819092      1266.1184082031
553.163330      1145.7479248047
553.507507      1326.3035888672
553.851685      1254.9729003906
554.195801      1239.3693847656
554.539917      1241.5985107422
554.883850      1304.0126953125
555.227844      1172.4969482422
555.571777      1232.6821289063
555.915710      1246.0566406250
556.259583      1210.3913574219
556.603333      1234.9112548828
556.947205      1217.0786132813
557.290894      1257.2020263672
557.634583      1136.8316650391
557.978210      1199.2459716797
558.321777      1288.4091796875
558.665405      1259.4311523438
559.008911      1225.9948730469
559.352417      1306.2418212891
559.695862      1246.0566406250
560.039185      1232.6821289063
560.382568      1237.1402587891
560.725891      1257.2020263672
561.069153      1259.4311523438
561.412354      1261.6601562500
561.755554      1221.5367431641
562.098694      1225.9948730469
562.441772      1252.7438964844
562.784851      1370.8852539063
563.127930      1243.8275146484
563.470825      1261.6601562500
563.813782      1292.8673095703
564.156738      1246.0566406250
564.499573      1221.5367431641
564.842285      1145.7479248047
565.185059      1261.6601562500
565.527771      1210.3913574219
565.870422      1254.9729003906
566.213135      1270.5765380859
566.555725      1214.8494873047
566.898254      1208.1622314453
567.240784      1212.6203613281
567.583252      1199.2459716797
567.925659      1185.8714599609
568.268005      1270.5765380859
568.610291      1259.4311523438
568.952637      1225.9948730469
569.294922      1234.9112548828
569.637146      1239.3693847656
569.979309      1317.3872070313
570.321411      1299.5545654297
570.663513      1232.6821289063
571.005554      1179.1842041016
571.347473      1315.1582031250
571.689453      1205.9331054688
572.031372      1283.9510498047
572.373230      1201.4749755859
572.715088      1310.6999511719
573.056885      1339.6781005859
573.398621      1281.7219238281
573.740295      1319.6163330078
574.082031      1248.2857666016
574.423584      1221.5367431641
574.765137      1324.0744628906
575.106689      1141.2897949219
575.448120      1275.0346679688
575.789612      1208.1622314453
576.130981      1228.2239990234
576.472351      1188.1004638672
576.813721      1179.1842041016
577.154968      1283.9510498047
577.496216      1321.8454589844
577.837402      1190.3295898438
578.178467      1286.1800537109
578.519592      1199.2459716797
578.860657      1263.8892822266
579.201660      1192.5587158203
579.542664      1272.8056640625
579.883606      1321.8454589844
580.224487      1181.4132080078
580.565308      1295.0964355469
580.906189      1283.9510498047
581.246948      1373.1142578125
581.587585      1304.0126953125
581.928223      1330.7617187500
582.268921      1232.6821289063
582.609497      1243.8275146484
582.950012      1190.3295898438
583.290527      1232.6821289063
583.630981      1279.4927978516
583.971436      1613.8551025391
584.311829      1306.2418212891
584.652100      1246.0566406250
584.992371      1288.4091796875
585.332642      1386.4887695313
585.672852      1114.5407714844
586.013000      1246.0566406250
586.353088      1230.4530029297
586.693176      1194.7877197266
587.033264      1230.4530029297
587.373230      1228.2239990234
587.713196      1259.4311523438
588.053040      1350.8234863281
588.392883      1219.3076171875
588.732727      1194.7877197266
589.072510      1283.9510498047
589.412231      1317.3872070313
589.751892      1339.6781005859
590.091553      1317.3872070313
590.431152      1212.6203613281
590.770752      1192.5587158203
591.110229      1237.1402587891
591.449707      1382.0306396484
591.789124      1243.8275146484
592.128479      1295.0964355469
592.467834      1241.5985107422
592.807129      1364.1979980469
593.146423      1286.1800537109
593.485596      1259.4311523438
593.824768      1270.5765380859
594.163879      1185.8714599609
594.502991      1275.0346679688
594.841980      1168.0388183594
595.180969      1243.8275146484
595.519897      1232.6821289063
595.858887      1295.0964355469
596.197693      1221.5367431641
596.536499      1194.7877197266
596.875305      1292.8673095703
597.214050      1263.8892822266
597.552734      1246.0566406250
597.891296      1185.8714599609
598.229980      1181.4132080078
598.568542      1225.9948730469
598.907043      1203.7041015625
599.245483      1228.2239990234
599.583984      1308.4709472656
599.922363      1304.0126953125
600.260681      1205.9331054688
600.598999      1288.4091796875
600.937256      1270.5765380859
601.275452      1308.4709472656
601.613586      1266.1184082031
601.951721      1188.1004638672
602.289856      1228.2239990234
602.627869      1310.6999511719
602.965881      1511.3173828125
603.303833      1359.7397460938
603.641724      1250.5147705078
603.979614      1299.5545654297
604.317444      1219.3076171875
604.655151      1326.3035888672
604.992859      1219.3076171875
605.330566      1214.8494873047
605.668274      1299.5545654297
606.005859      1237.1402587891
606.343445      1165.8096923828
606.680908      1201.4749755859
607.018433      1199.2459716797
607.355835      1225.9948730469
607.693237      1270.5765380859
608.030579      1326.3035888672
608.367859      1364.1979980469
608.705078      1210.3913574219
609.042297      1248.2857666016
609.379456      1355.2816162109
609.716614      1281.7219238281
610.053650      1315.1582031250
610.390686      1279.4927978516
610.727722      1259.4311523438
611.064575      1268.3474121094
611.401550      1219.3076171875
611.738403      1332.9908447266
612.075256      1194.7877197266
612.411987      1266.1184082031
612.748779      1306.2418212891
613.085449      1444.4449462891
613.422058      1232.6821289063
613.758667      1299.5545654297
614.095215      1364.1979980469
614.431702      1451.1322021484
614.768127      1330.7617187500
615.104614      1174.7260742188
615.440979      1246.0566406250
615.777283      1330.7617187500
616.113586      1337.4489746094
616.449829      1379.8015136719
616.786011      1203.7041015625
617.122192      1275.0346679688
617.458374      1277.2637939453
617.794373      1319.6163330078
618.130371      1176.9550781250
618.466370      1219.3076171875
618.802246      1172.4969482422
619.138184      1286.1800537109
619.474060      1219.3076171875
619.809875      1288.4091796875
620.145630      1219.3076171875
620.481323      1228.2239990234
620.817017      1252.7438964844
621.152588      1243.8275146484
621.488220      1261.6601562500
621.823792      1250.5147705078
622.159241      1308.4709472656
622.494690      1310.6999511719
622.830078      1183.6423339844
623.165466      1259.4311523438
623.500793      1286.1800537109
623.836060      1214.8494873047
624.171265      1310.6999511719
624.506470      1261.6601562500
624.841553      1203.7041015625
625.176697      1368.6561279297
625.511719      1312.9290771484
625.846741      1250.5147705078
626.181702      1330.7617187500
626.516663      1163.5805664063
626.851563      1241.5985107422
627.186401      1170.2678222656
627.521118      1239.3693847656
627.855896      1328.5325927734
628.190552      1232.6821289063
628.525269      1261.6601562500
628.859863      1261.6601562500
629.194458      1292.8673095703
629.528992      1386.4887695313
629.863403      1237.1402587891
630.197815      1292.8673095703
630.532288      1283.9510498047
630.866516      1237.1402587891
631.200867      1232.6821289063
631.535156      1252.7438964844
631.869324      1212.6203613281
632.203491      1241.5985107422
632.537659      1181.4132080078
632.871704      1183.6423339844
633.205750      1210.3913574219
633.539795      1297.3255615234
633.873718      1230.4530029297
634.207520      1295.0964355469
634.541443      1223.7658691406
634.875244      1268.3474121094
635.208984      1259.4311523438
635.542725      1268.3474121094
635.876404      1254.9729003906
636.210022      1286.1800537109
636.543640      1353.0524902344
636.877197      1341.9071044922
637.210571      1183.6423339844
637.544067      1172.4969482422
637.877502      1228.2239990234
638.210815      1199.2459716797
638.544189      1228.2239990234
638.877441      1241.5985107422
639.210693      1179.1842041016
639.543884      1234.9112548828
639.877014      1355.2816162109
640.210144      1292.8673095703
640.543091      1301.7836914063
640.876099      1237.1402587891
641.209106      1292.8673095703
641.541992      1250.5147705078
641.874939      1290.6383056641
642.207703      1402.0922851563
642.540527      1306.2418212891
642.873230      1188.1004638672
643.205994      1263.8892822266
643.538574      1344.1362304688
643.871155      1283.9510498047
644.203674      1239.3693847656
644.536255      1188.1004638672
644.868713      1170.2678222656
645.201172      1266.1184082031
645.533508      1286.1800537109
645.865845      1197.0168457031
646.198120      1239.3693847656
646.530396      1283.9510498047
646.862610      1424.3831787109
647.194702      1268.3474121094
647.526855      1263.8892822266
647.858887      1170.2678222656
648.190857      1261.6601562500
648.522827      1346.3653564453
648.854797      1261.6601562500
649.186707      1147.9770507813
649.518555      1324.0744628906
649.850342      1295.0964355469
650.182007      1428.8413085938
650.513733      1150.2061767578
650.845398      1156.8933105469
651.177063      1225.9948730469
651.508606      1221.5367431641
651.840088      1277.2637939453
652.171631      1205.9331054688
652.503052      1328.5325927734
652.834412      1292.8673095703
653.165771      1337.4489746094
653.497070      1292.8673095703
653.828308      1225.9948730469
654.159485      1270.5765380859
654.490662      1292.8673095703
654.821838      1290.6383056641
655.152832      1241.5985107422
655.483887      1330.7617187500
655.814880      1192.5587158203
656.145813      1197.0168457031
656.476685      1217.0786132813
656.807495      1163.5805664063
657.138306      1185.8714599609
657.469116      1263.8892822266
657.799744      1190.3295898438
658.130493      1257.2020263672
658.461121      1237.1402587891
658.791687      1254.9729003906
659.122192      1208.1622314453
659.452698      1181.4132080078
659.783142      1379.8015136719
660.113464      1417.6959228516
660.443787      1328.5325927734
660.774109      1203.7041015625
661.104370      1188.1004638672
661.434570      1290.6383056641
661.764771      1250.5147705078
662.094849      1288.4091796875
662.424988      1324.0744628906
662.755005      1326.3035888672
663.084900      1243.8275146484
663.414856      1230.4530029297
663.744751      1228.2239990234
664.074585      1210.3913574219
664.404419      1176.9550781250
664.734131      1261.6601562500
665.063904      1234.9112548828
665.393555      1159.1224365234
665.723206      1174.7260742188
666.052734      1277.2637939453
666.382202      1161.3515625000
666.711670      1373.1142578125
667.041138      1277.2637939453
667.370544      1252.7438964844
667.699829      1290.6383056641
668.029175      1243.8275146484
668.358459      1268.3474121094
668.687622      1190.3295898438
669.016846      1292.8673095703
669.345947      1286.1800537109
669.674927      1248.2857666016
670.003967      1217.0786132813
670.332947      1214.8494873047
670.661865      1254.9729003906
670.990784      1161.3515625000
671.319641      1214.8494873047
671.648438      1239.3693847656
671.977112      1170.2678222656
672.305847      1350.8234863281
672.634521      1259.4311523438
672.963135      1370.8852539063
673.291687      1263.8892822266
673.620178      1337.4489746094
673.948669      1221.5367431641
674.277100      1384.2596435547
674.605469      1254.9729003906
674.933899      1199.2459716797
675.262085      1232.6821289063
675.590332      1239.3693847656
675.918579      1252.7438964844
676.246704      1221.5367431641
676.574829      1257.2020263672
676.902893      1230.4530029297
677.230896      1341.9071044922
677.558899      1292.8673095703
677.886841      1176.9550781250
678.214661      1225.9948730469
678.542480      1217.0786132813
678.870239      1261.6601562500
679.197998      1250.5147705078
679.525696      1317.3872070313
679.853394      1201.4749755859
680.180969      1275.0346679688
680.508484      1259.4311523438
680.836060      1299.5545654297
681.163452      1223.7658691406
681.490845      1232.6821289063
681.818237      1208.1622314453
682.145569      1317.3872070313
682.472839      1221.5367431641
682.800110      1332.9908447266
683.127319      1252.7438964844
683.454468      1243.8275146484
683.781494      1183.6423339844
684.108582      1168.0388183594
684.435608      1147.9770507813
684.762451      1217.0786132813
685.089355      1263.8892822266
685.416199      1201.4749755859
685.743103      1275.0346679688
686.069824      1261.6601562500
686.396606      1261.6601562500
686.723267      1192.5587158203
687.049927      1217.0786132813
687.376465      1219.3076171875
687.703003      1232.6821289063
688.029419      1188.1004638672
688.355957      1208.1622314453
688.682312      1361.9688720703
689.008667      1219.3076171875
689.334961      1304.0126953125
689.661316      1237.1402587891
689.987427      1257.2020263672
690.313660      1270.5765380859
690.639771      1174.7260742188
690.965881      1275.0346679688
691.291809      1210.3913574219
691.617798      1480.1102294922
691.943726      1315.1582031250
692.269714      1219.3076171875
692.595459      1286.1800537109
692.921326      1368.6561279297
693.247009      1266.1184082031
693.572754      1268.3474121094
693.898438      1261.6601562500
694.223999      1246.0566406250
694.549561      1263.8892822266
694.875061      1174.7260742188
695.200562      1283.9510498047
695.526001      1194.7877197266
695.851379      1275.0346679688
696.176697      1277.2637939453
696.502014      1275.0346679688
696.827271      1210.3913574219
697.152405      1283.9510498047
697.477539      1375.3433837891
697.802612      1183.6423339844
698.127625      1118.9990234375
698.452698      1324.0744628906
698.777649      1205.9331054688
699.102539      1279.4927978516
699.427429      1321.8454589844
699.752258      1292.8673095703
700.077026      1134.6025390625
700.401733      1185.8714599609
700.726379      1243.8275146484
701.051025      1277.2637939453
701.375610      1446.6739501953
701.700134      1315.1582031250
702.024658      1413.2377929688
702.349060      1252.7438964844
702.673462      1254.9729003906
702.997864      1230.4530029297
703.322144      1179.1842041016
703.646362      1283.9510498047
703.970520      1205.9331054688
704.294739      1252.7438964844
704.618896      1243.8275146484
704.942932      1170.2678222656
705.266968      1295.0964355469
705.590942      1344.1362304688
705.914917      1281.7219238281
706.238770      1165.8096923828
706.562622      1254.9729003906
706.886292      1246.0566406250
707.210083      1210.3913574219
707.533813      1254.9729003906
707.857422      1250.5147705078
708.181030      1192.5587158203
708.504578      1279.4927978516
708.828064      1203.7041015625
709.151550      1179.1842041016
709.474976      1248.2857666016
709.798340      1172.4969482422
710.121582      1341.9071044922
710.444885      1277.2637939453
710.768127      1237.1402587891
711.091248      1230.4530029297
711.414429      1277.2637939453
711.737488      1281.7219238281
712.060547      1201.4749755859
712.383484      1205.9331054688
712.706482      1156.8933105469
713.029358      1324.0744628906
713.352112      1268.3474121094
713.674927      1335.2198486328
713.997681      1237.1402587891
714.320435      1234.9112548828
714.643066      1330.7617187500
714.965698      1395.4051513672
715.288269      1406.5505371094
715.610779      1243.8275146484
715.933289      1176.9550781250
716.255737      1165.8096923828
716.578003      1341.9071044922
716.900330      1154.6643066406
717.222595      1310.6999511719
717.544861      1232.6821289063
717.867065      1270.5765380859
718.189209      1263.8892822266
718.511292      1232.6821289063
718.833313      1243.8275146484
719.155334      1208.1622314453
719.477234      1248.2857666016
719.799133      1159.1224365234
720.120972      1241.5985107422
720.442749      1399.8632812500
720.764587      1208.1622314453
721.086304      1232.6821289063
721.407898      1232.6821289063
721.729553      1188.1004638672
722.051147      1199.2459716797
722.372681      1243.8275146484
722.694092      1324.0744628906
723.015503      1328.5325927734
723.336914      1183.6423339844
723.658264      1230.4530029297
723.979492      1250.5147705078
724.300781      1268.3474121094
724.621948      1214.8494873047
724.943115      1208.1622314453
725.264160      1174.7260742188
725.585205      1210.3913574219
725.906189      1290.6383056641
726.227173      1174.7260742188
726.548035      1223.7658691406
726.868896      1239.3693847656
727.189697      1237.1402587891
727.510498      1205.9331054688
727.831177      1368.6561279297
728.151855      1246.0566406250
728.472473      1428.8413085938
728.793091      1225.9948730469
729.113525      1455.5903320313
729.434021      1308.4709472656
729.754456      1190.3295898438
730.074829      1275.0346679688
730.395142      1254.9729003906
730.715454      1246.0566406250
731.035706      1335.2198486328
731.355896      1330.7617187500
731.676025      1154.6643066406
731.996033      1252.7438964844
732.316101      1208.1622314453
732.636108      1424.3831787109
732.956055      1330.7617187500
733.275940      1168.0388183594
733.595825      1232.6821289063
733.915649      1248.2857666016
734.235413      1237.1402587891
734.555054      1364.1979980469
734.874817      1275.0346679688
735.194336      1332.9908447266
735.513855      1176.9550781250
735.833435      1228.2239990234
736.152893      1277.2637939453
736.472290      1230.4530029297
736.791687      1310.6999511719
737.111023      1413.2377929688
737.430298      1232.6821289063
737.749512      1299.5545654297
738.068665      1288.4091796875
738.387817      1172.4969482422
738.706909      1248.2857666016
739.025879      1328.5325927734
739.344910      1165.8096923828
739.663879      1268.3474121094
739.982788      1219.3076171875
740.301636      1163.5805664063
740.620422      1277.2637939453
740.939148      1328.5325927734
741.257874      1335.2198486328
741.576477      1212.6203613281
741.895020      1219.3076171875
742.213623      1223.7658691406
742.532166      1290.6383056641
742.850586      1295.0964355469
743.169006      1332.9908447266
743.487366      1330.7617187500
743.805725      1341.9071044922
744.123962      1243.8275146484
744.442200      1321.8454589844
744.760315      1281.7219238281
745.078430      1181.4132080078
745.396484      1199.2459716797
745.714539      1422.1540527344
746.032532      1217.0786132813
746.350464      1190.3295898438
746.668335      1319.6163330078
746.986206      1176.9550781250
747.303955      1328.5325927734
747.621643      1225.9948730469
747.939331      1299.5545654297
748.257019      1192.5587158203
748.574585      1168.0388183594
748.892151      1275.0346679688
749.209656      1190.3295898438
749.527100      1223.7658691406
749.844482      1295.0964355469
750.161804      1310.6999511719
750.479126      1185.8714599609
750.796326      1127.9152832031
751.113525      1174.7260742188
751.430725      1261.6601562500
751.747803      1339.6781005859
752.064880      1341.9071044922
752.381897      1237.1402587891
752.698853      1208.1622314453
753.015747      1292.8673095703
753.332703      1277.2637939453
753.649475      1194.7877197266
753.966187      1475.6520996094
754.282898      1266.1184082031
754.599609      1234.9112548828
754.916199      1370.8852539063
755.232788      1230.4530029297
755.549316      1239.3693847656
755.865784      1272.8056640625
756.182190      1308.4709472656
756.498596      1277.2637939453
756.814941      1214.8494873047
757.131165      1290.6383056641
757.447388      1295.0964355469
757.763611      1297.3255615234
758.079712      1201.4749755859
758.395813      1234.9112548828
758.711853      1225.9948730469
759.027832      1232.6821289063
759.343811      1208.1622314453
759.659668      1424.3831787109
759.975464      1243.8275146484
760.291260      1179.1842041016
760.606995      1132.3734130859
760.922668      1272.8056640625
761.238342      1290.6383056641
761.554016      1194.7877197266
761.869507      1306.2418212891
762.185059      1212.6203613281
762.500488      1250.5147705078
762.815918      1239.3693847656
763.131165      1243.8275146484
763.446533      1248.2857666016
763.761719      1453.3612060547
764.076965      1295.0964355469
764.392151      1326.3035888672
764.707214      1297.3255615234
765.022339      1241.5985107422
765.337341      1257.2020263672
765.652283      1275.0346679688
765.967224      1301.7836914063
766.282043      1275.0346679688
766.596863      1324.0744628906
766.911621      1237.1402587891
767.226379      1404.3214111328
767.541016      1259.4311523438
767.855591      1315.1582031250
768.170227      1183.6423339844
768.484741      1237.1402587891
768.799194      1350.8234863281
769.113647      1370.8852539063
769.427979      1290.6383056641
769.742310      1259.4311523438
770.056580      1219.3076171875
770.370850      1328.5325927734
770.684998      1304.0126953125
770.999084      1150.2061767578
771.313232      1228.2239990234
771.627258      1190.3295898438
771.941223      1248.2857666016
772.255066      1254.9729003906
772.569031      1228.2239990234
772.882813      1210.3913574219
773.196594      1317.3872070313
773.510376      1277.2637939453
773.824036      1357.5107421875
774.137695      1319.6163330078
774.451294      1234.9112548828
774.764832      1250.5147705078
775.078308      1205.9331054688
775.391724      1315.1582031250
775.705078      1266.1184082031
776.018433      1159.1224365234
776.331726      1201.4749755859
776.644958      1252.7438964844
776.958130      1199.2459716797
777.271301      1283.9510498047
777.584412      1259.4311523438
777.897461      1281.7219238281
778.210510      1310.6999511719
778.523315      1239.3693847656
778.836304      1308.4709472656
779.149109      1355.2816162109
779.461914      1257.2020263672
779.774658      1431.0704345703
780.087402      1243.8275146484
780.400024      1203.7041015625
780.712585      1275.0346679688
781.025146      1266.1184082031
781.337646      1353.0524902344
781.650085      1312.9290771484
781.962463      1270.5765380859
782.274841      1286.1800537109
782.587158      1279.4927978516
782.899414      1159.1224365234
783.211609      1246.0566406250
783.523743      1257.2020263672
783.835938      1250.5147705078
784.147949      1257.2020263672
784.459900      1297.3255615234
784.771851      1379.8015136719
785.083801      1183.6423339844
785.395630      1266.1184082031
785.707397      1225.9948730469
786.019226      1176.9550781250
786.330933      1248.2857666016
786.642578      1208.1622314453
786.954224      1237.1402587891
787.265747      1257.2020263672
787.577209      1252.7438964844
787.888672      1230.4530029297
788.200073      1154.6643066406
788.511414      1281.7219238281
788.822754      1279.4927978516
789.133972      1299.5545654297
789.445190      1208.1622314453
789.756409      1254.9729003906
790.067505      1261.6601562500
790.378540      1254.9729003906
790.689514      1283.9510498047
791.000488      1328.5325927734
791.311401      1141.2897949219
791.622314      1141.2897949219
791.933105      1228.2239990234
792.243896      1163.5805664063
792.554565      1335.2198486328
792.865234      1248.2857666016
793.175842      1263.8892822266
793.486389      1185.8714599609
793.796875      1315.1582031250
794.107300      1266.1184082031
794.417786      1221.5367431641
794.728088      1188.1004638672
795.038452      1246.0566406250
795.348694      1223.7658691406
795.658936      1210.3913574219
795.969055      1237.1402587891
796.279175      1332.9908447266
796.589172      1308.4709472656
796.899231      1315.1582031250
797.209167      1239.3693847656
797.519104      1359.7397460938
797.828979      1388.7178955078
798.138794      1272.8056640625
798.448547      1237.1402587891
798.758301      1219.3076171875
799.067932      1252.7438964844
799.377563      1230.4530029297
799.687073      1275.0346679688
799.996582      1272.8056640625
800.306030      1221.5367431641
800.615479      1368.6561279297
800.924805      1337.4489746094
801.234192      1237.1402587891
801.543457      1353.0524902344
801.852600      1277.2637939453
802.161743      1292.8673095703
802.470886      1299.5545654297
802.779907      1324.0744628906
803.088867      1288.4091796875
803.397827      1261.6601562500
803.706787      1361.9688720703
804.015686      1319.6163330078
804.324463      1308.4709472656
804.633179      1248.2857666016
804.941956      1304.0126953125
805.250610      1105.6245117188
805.559204      1272.8056640625
805.867676      1136.8316650391
806.176270      1270.5765380859
806.484680      1261.6601562500
806.793091      1373.1142578125
807.101440      1424.3831787109
807.409729      1375.3433837891
807.718018      1241.5985107422
808.026184      1241.5985107422
808.334351      1163.5805664063
808.642456      1275.0346679688
808.950439      1304.0126953125
809.258484      1241.5985107422
809.566467      1337.4489746094
809.874329      1257.2020263672
810.182190      1192.5587158203
810.489990      1357.5107421875
810.797791      1344.1362304688
811.105469      1212.6203613281
811.413147      1254.9729003906
811.720642      1263.8892822266
812.028198      1332.9908447266
812.335693      1299.5545654297
812.643188      1299.5545654297
812.950562      1223.7658691406
813.257935      1286.1800537109
813.565186      1212.6203613281
813.872498      1279.4927978516
814.179626      1225.9948730469
814.486816      1203.7041015625
814.793823      1250.5147705078
815.100830      1315.1582031250
815.407837      1254.9729003906
815.714783      1279.4927978516
816.021667      1411.0086669922
816.328552      1252.7438964844
816.635315      1353.0524902344
816.942078      1194.7877197266
817.248779      1205.9331054688
817.555359      1141.2897949219
817.861938      1335.2198486328
818.168457      1275.0346679688
818.474976      1288.4091796875
818.781372      1272.8056640625
819.087769      1230.4530029297
819.394104      1332.9908447266
819.700378      1237.1402587891
820.006592      1281.7219238281
820.312744      1364.1979980469
820.618896      1263.8892822266
820.924927      1263.8892822266
821.230957      1234.9112548828
821.536926      1208.1622314453
821.842896      1203.7041015625
822.148804      1304.0126953125
822.454590      1230.4530029297
822.760376      1239.3693847656
823.066040      1509.0882568359
823.371704      1279.4927978516
823.677307      1221.5367431641
823.982910      1228.2239990234
824.288391      1201.4749755859
824.593872      1214.8494873047
824.899292      1295.0964355469
825.204651      1214.8494873047
825.509949      1286.1800537109
825.815186      1210.3913574219
826.120422      1290.6383056641
826.425598      1281.7219238281
826.730652      1272.8056640625
827.035706      1239.3693847656
827.340759      1297.3255615234
827.645630      1257.2020263672
827.950623      1141.2897949219
828.255432      1223.7658691406
828.560242      1250.5147705078
828.864990      1259.4311523438
829.169739      1301.7836914063
829.474304      1275.0346679688
829.778870      1328.5325927734
830.083435      1326.3035888672
830.387878      1259.4311523438
830.692383      1348.5943603516
830.996765      1299.5545654297
831.301086      1208.1622314453
831.605408      1210.3913574219
831.909668      1190.3295898438
832.213867      1203.7041015625
832.517883      1219.3076171875
832.821960      1301.7836914063
833.126038      1248.2857666016
833.429993      1174.7260742188
833.733948      1243.8275146484
834.037842      1292.8673095703
834.341614      1248.2857666016
834.645386      1272.8056640625
834.949158      1248.2857666016
835.252808      1326.3035888672
835.556335      1219.3076171875
835.859924      1237.1402587891
836.163513      1268.3474121094
836.466980      1210.3913574219
836.770325      1127.9152832031
837.073730      1232.6821289063
837.377075      1190.3295898438
837.680298      1241.5985107422
837.983521      1203.7041015625
838.286682      1205.9331054688
838.589722      1335.2198486328
838.892761      1292.8673095703
839.195801      1241.5985107422
839.498779      1337.4489746094
839.801636      1234.9112548828
840.104492      1232.6821289063
840.407288      1246.0566406250
840.710022      1165.8096923828
841.012695      1297.3255615234
841.315369      1297.3255615234
841.617920      1223.7658691406
841.920410      1263.8892822266
842.222961      1252.7438964844
842.525391      1259.4311523438
842.827759      1199.2459716797
843.130127      1257.2020263672
843.432373      1217.0786132813
843.734619      1317.3872070313
844.036804      1176.9550781250
844.338867      1301.7836914063
844.640930      1199.2459716797
844.942993      1096.7081298828
845.244934      1147.9770507813
845.546814      1219.3076171875
845.848755      1201.4749755859
846.150513      1230.4530029297
846.452332      1257.2020263672
846.754028      1332.9908447266
847.055664      1319.6163330078
847.357239      1277.2637939453
847.658813      1353.0524902344
847.960327      1228.2239990234
848.261780      1221.5367431641
848.563110      1221.5367431641
848.864563      1259.4311523438
849.165771      1197.0168457031
849.467041      1212.6203613281
849.768250      1199.2459716797
850.069397      1219.3076171875
850.370422      1266.1184082031
850.671448      1208.1622314453
850.972473      1339.6781005859
851.273376      1279.4927978516
851.574280      1190.3295898438
851.875122      1426.6123046875
852.175842      1266.1184082031
852.476624      1259.4311523438
852.777222      1232.6821289063
853.077881      1277.2637939453
853.378418      1230.4530029297
853.678955      1288.4091796875
853.979370      1275.0346679688
854.279785      1203.7041015625
854.580200      1312.9290771484
854.880493      1190.3295898438
855.180725      1252.7438964844
855.480957      1168.0388183594
855.781067      1234.9112548828
856.081116      1163.5805664063
856.381165      1181.4132080078
856.681152      1141.2897949219
856.981140      1232.6821289063
857.281006      1248.2857666016
857.580872      1473.4229736328
857.880676      1268.3474121094
858.180420      1185.8714599609
858.480103      1201.4749755859
858.779724      1221.5367431641
859.079224      1286.1800537109
859.378723      1257.2020263672
859.678223      1252.7438964844
859.977661      1308.4709472656
860.277039      1257.2020263672
860.576355      1174.7260742188
860.875610      1194.7877197266
861.174805      1241.5985107422
861.473999      1344.1362304688
861.773071      1199.2459716797
862.072083      1165.8096923828
862.371094      1181.4132080078
862.670044      1259.4311523438
862.968933      1225.9948730469
863.267761      1152.4351806641
863.566589      1234.9112548828
863.865356      1237.1402587891
864.164001      1163.5805664063
864.462646      1261.6601562500
864.761230      1228.2239990234
865.059692      1368.6561279297
865.358154      1261.6601562500
865.656616      1275.0346679688
865.954956      1295.0964355469
866.253357      1268.3474121094
866.551575      1228.2239990234
866.849792      1225.9948730469
867.147949      1217.0786132813
867.446106      1208.1622314453
867.744080      1275.0346679688
868.042053      1248.2857666016
868.340027      1288.4091796875
868.637878      1270.5765380859
868.935791      1254.9729003906
869.233582      1346.3653564453
869.531311      1230.4530029297
869.828979      1199.2459716797
870.126648      1263.8892822266
870.424255      1230.4530029297
870.721741      1174.7260742188
871.019165      1214.8494873047
871.316589      1279.4927978516
871.613953      1261.6601562500
871.911316      1114.5407714844
872.208557      1228.2239990234
872.505798      1221.5367431641
872.802979      1353.0524902344
873.100037      1228.2239990234
873.397156      1174.7260742188
873.694092      1339.6781005859
873.991028      1221.5367431641
874.287964      1270.5765380859
874.584778      1203.7041015625
874.881592      1306.2418212891
875.178284      1250.5147705078
875.474976      1275.0346679688
875.771606      1212.6203613281
876.068237      1203.7041015625
876.364746      1281.7219238281
876.661194      1241.5985107422
876.957581      1315.1582031250
877.253967      1230.4530029297
877.550293      1214.8494873047
877.846497      1239.3693847656
878.142761      1335.2198486328
878.438904      1252.7438964844
878.734985      1319.6163330078
879.031067      1243.8275146484
879.326965      1279.4927978516
879.622925      1286.1800537109
879.918823      1324.0744628906
880.214661      1172.4969482422
880.510498      1281.7219238281
880.806213      1301.7836914063
881.101868      1261.6601562500
881.397522      1208.1622314453
881.693115      1357.5107421875
881.988586      1234.9112548828
882.283997      1179.1842041016
882.579407      1270.5765380859
882.874817      1250.5147705078
883.170105      1230.4530029297
883.465332      1326.3035888672
883.760559      1395.4051513672
884.055725      1328.5325927734
884.350769      1259.4311523438
884.645813      1201.4749755859
884.940857      1197.0168457031
885.235718      1426.6123046875
885.530579      1239.3693847656
885.825439      1339.6781005859
886.120239      1308.4709472656
886.414917      1183.6423339844
886.709595      1223.7658691406
887.004272      1221.5367431641
887.298767      1370.8852539063
887.593323      1259.4311523438
887.887756      1201.4749755859
888.182129      1332.9908447266
888.476440      1199.2459716797
888.770752      1261.6601562500
889.065002      1290.6383056641
