0.025600
190.544205         0.0000000000
190.924866         0.0000000000
191.305481      1399.8632812500
191.686081      1344.1362304688
192.066635      1406.5505371094
192.447174      1473.4229736328
192.827667      1417.6959228516
193.208130      1502.4010009766
193.588577      1419.9250488281
193.968964      1520.2336425781
194.349350      1482.3392333984
194.729691      1424.3831787109
195.110001      1424.3831787109
195.490295      1455.5903320313
195.870529      1464.5065917969
196.250763      1439.9866943359
196.630936      1448.9030761719
197.011093      1439.9866943359
197.391220      1442.2158203125
197.771301      1495.7137451172
198.151367      1457.8193359375
198.531403      1468.9648437500
198.911407      1390.9468994141
199.291382      1411.0086669922
199.671295      1417.6959228516
200.051208      1395.4051513672
200.431076      1422.1540527344
200.810928      1424.3831787109
201.190735      1509.0882568359
201.570511      1426.6123046875
201.950272      1486.7974853516
202.329971      1493.4847412109
202.709671      1462.2775878906
203.089310      1428.8413085938
203.468933      1464.5065917969
203.848541      1529.1500244141
204.228073      1417.6959228516
204.607620      1460.0484619141
204.987106      1399.8632812500
205.366577      1475.6520996094
205.746017      1493.4847412109
206.125412      1513.5463867188
206.504776      1455.5903320313
206.884125      1428.8413085938
207.263428      1390.9468994141
207.642700      1393.1760253906
208.021942      1482.3392333984
208.401169      1428.8413085938
208.780334      1511.3173828125
209.159485      1428.8413085938
209.538605      1390.9468994141
209.917694      1448.9030761719
210.296753      1444.4449462891
210.675766      1522.4627685547
211.054764      1486.7974853516
211.433716      1444.4449462891
211.812637      1451.1322021484
212.191544      1433.2994384766
212.570404      1482.3392333984
212.949249      1473.4229736328
213.328033      1393.1760253906
213.706802      1455.5903320313
214.085556      1460.0484619141
214.464249      1422.1540527344
214.842926      1399.8632812500
215.221558      1431.0704345703
215.600174      1482.3392333984
215.978760      1435.5285644531
216.357300      1406.5505371094
216.735825      1402.0922851563
217.114288      1413.2377929688
217.492737      1422.1540527344
217.871185      1417.6959228516
218.249557      1390.9468994141
218.627914      1442.2158203125
219.006226      1379.8015136719
219.384521      1457.8193359375
219.762772      1453.3612060547
220.141006      1437.7576904297
220.519196      1486.7974853516
220.897354      1540.2954101563
221.275497      1386.4887695313
221.653580      1495.7137451172
222.031662      1417.6959228516
222.409698      1393.1760253906
222.787704      1448.9030761719
223.165680      1431.0704345703
223.543610      1480.1102294922
223.921524      1408.7795410156
224.299393      1424.3831787109
224.677231      1453.3612060547
225.055054      1448.9030761719
225.432816      1480.1102294922
225.810577      1361.9688720703
226.188278      1424.3831787109
226.565979      1473.4229736328
226.943634      1518.0046386719
227.321243      1442.2158203125
227.698837      1502.4010009766
228.076385      1462.2775878906
228.453903      1453.3612060547
228.831406      1390.9468994141
229.208847      1518.0046386719
229.586288      1439.9866943359
229.963669      1397.6341552734
230.341034      1397.6341552734
230.718369      1448.9030761719
231.095657      1415.4667968750
231.472916      1460.0484619141
231.850143      1404.3214111328
232.227356      1473.4229736328
232.604523      1395.4051513672
232.981659      1495.7137451172
233.358749      1428.8413085938
233.735825      1426.6123046875
234.112869      1433.2994384766
234.489868      1460.0484619141
234.866852      1408.7795410156
235.243790      1419.9250488281
235.620697      1453.3612060547
235.997589      1417.6959228516
236.374405      1468.9648437500
236.751221      1475.6520996094
237.128006      1431.0704345703
237.504745      1468.9648437500
237.881470      1504.6301269531
238.258133      1431.0704345703
238.634796      1437.7576904297
239.011414      1422.1540527344
239.388000      1357.5107421875
239.764557      1422.1540527344
240.141068      1489.0264892578
240.517563      1518.0046386719
240.893997      1462.2775878906
241.270432      1419.9250488281
241.646835      1491.2556152344
242.023178      1417.6959228516
242.399506      1509.0882568359
242.775787      1468.9648437500
243.152054      1484.5683593750
243.528290      1455.5903320313
243.904465      1468.9648437500
244.280640      1466.7357177734
244.656754      1366.4270019531
245.032852      1426.6123046875
245.408936      1439.9866943359
245.784943      1500.1719970703
246.160950      1477.8811035156
246.536911      1518.0046386719
246.912842      1471.1938476563
247.288757      1457.8193359375
247.664612      1471.1938476563
248.040451      1475.6520996094
248.416229      1431.0704345703
248.792023      1417.6959228516
249.167755      1426.6123046875
249.543457      1444.4449462891
249.919113      1359.7397460938
250.294754      1460.0484619141
250.670364      1511.3173828125
251.045944      1473.4229736328
251.421478      1455.5903320313
251.796982      1446.6739501953
252.172440      1491.2556152344
252.547897      1446.6739501953
252.923294      1509.0882568359
253.298676      1435.5285644531
253.673996      1442.2158203125
254.049316      1460.0484619141
254.424606      1477.8811035156
254.799850      1404.3214111328
255.175064      1480.1102294922
255.550217      1497.9428710938
255.925369      1493.4847412109
256.300476      1457.8193359375
256.675537      1439.9866943359
257.050598      1431.0704345703
257.425598      1455.5903320313
257.800598      1455.5903320313
258.175537      1475.6520996094
258.550446      1464.5065917969
258.925354      1439.9866943359
259.300171      1480.1102294922
259.674988      1439.9866943359
260.049774      1489.0264892578
260.424500      1437.7576904297
260.799225      1468.9648437500
261.173889      1484.5683593750
261.548553      1471.1938476563
261.923187      1399.8632812500
262.297760      1504.6301269531
262.672302      1526.9208984375
263.046814      1471.1938476563
263.421326      1439.9866943359
263.795776      1460.0484619141
264.170135      1451.1322021484
264.544525      1477.8811035156
264.918915      1399.8632812500
265.293243      1491.2556152344
265.667511      1466.7357177734
266.041748      1437.7576904297
266.415955      1460.0484619141
266.790161      1353.0524902344
267.164307      1457.8193359375
267.538422      1448.9030761719
267.912476      1433.2994384766
268.286530      1426.6123046875
268.660583      1542.5245361328
269.034546      1473.4229736328
269.408508      1482.3392333984
269.782440      1435.5285644531
270.156311      1413.2377929688
270.530151      1433.2994384766
270.903992      1484.5683593750
271.277710      1464.5065917969
271.651489      1471.1938476563
272.025208      1424.3831787109
272.398895      1482.3392333984
272.772552      1506.8591308594
273.146179      1518.0046386719
273.519745      1431.0704345703
273.893280      1477.8811035156
274.266815      1542.5245361328
274.640289      1477.8811035156
275.013733      1482.3392333984
275.387146      1558.1280517578
275.760529      1464.5065917969
276.133881      1495.7137451172
276.507202      1353.0524902344
276.880463      1433.2994384766
277.253723      1518.0046386719
277.626923      1431.0704345703
278.000122      1437.7576904297
278.373260      1451.1322021484
278.746338      1480.1102294922
279.119446      1471.1938476563
279.492493      1462.2775878906
279.865509      1442.2158203125
280.238495      1455.5903320313
280.611450      1411.0086669922
280.984314      1422.1540527344
281.357208      1415.4667968750
281.730072      1466.7357177734
282.102875      1502.4010009766
282.475647      1444.4449462891
282.848358      1482.3392333984
283.221069      1497.9428710938
283.593750      1442.2158203125
283.966400      1431.0704345703
284.339020      1531.3790283203
284.711548      1511.3173828125
285.084106      1502.4010009766
285.456635      1491.2556152344
285.829071      1497.9428710938
286.201508      1444.4449462891
286.573914      1424.3831787109
286.946320      1466.7357177734
287.318634      1506.8591308594
287.690948      1506.8591308594
288.063202      1482.3392333984
288.435425      1493.4847412109
288.807648      1497.9428710938
289.179810      1524.6918945313
289.551941      1448.9030761719
289.924011      1475.6520996094
290.296112      1464.5065917969
290.668121      1471.1938476563
291.040161      1464.5065917969
291.412109      1480.1102294922
291.783997      1448.9030761719
292.155914      1393.1760253906
292.527771      1451.1322021484
292.899597      1489.0264892578
293.271393      1484.5683593750
293.643127      1491.2556152344
294.014862      1511.3173828125
294.386566      1446.6739501953
294.758240      1493.4847412109
295.129852      1433.2994384766
295.501404      1428.8413085938
295.872955      1526.9208984375
296.244507      1455.5903320313
296.615997      1480.1102294922
296.987427      1509.0882568359
297.358826      1480.1102294922
297.730225      1513.5463867188
298.101593      1546.9826660156
298.472900      1462.2775878906
298.844177      1431.0704345703
299.215393      1513.5463867188
299.586609      1564.8153076172
299.957794      1509.0882568359
300.328918      1455.5903320313
300.700043      1464.5065917969
301.071136      1522.4627685547
301.442169      1506.8591308594
301.813171      1618.3132324219
302.184174      1448.9030761719
302.555115      1446.6739501953
302.925995      1573.7316894531
303.296844      1584.8770751953
303.667694      1622.7714843750
304.038483      1509.0882568359
304.409271      1609.3969726563
304.779968      1647.2913818359
305.150696      1636.1458740234
305.521362      1587.1060791016
305.891968      1698.5601806641
306.262543      1638.3750000000
306.633118      1716.3928222656
307.003632      1640.6041259766
307.374146      1669.5821533203
307.744598      1781.0362548828
308.114990      1805.5561523438
308.485413      1803.3270263672
308.855743      1861.2832031250
309.226074      1845.6795654297
309.596375      1772.1198730469
309.966614      1827.8469238281
310.336792      1943.7591552734
310.707001      1910.3229980469
311.077148      2026.2352294922
311.447235      2073.0458984375
311.817322      2151.0637207031
312.187347      2206.7907714844
312.557373      2222.3942871094
312.927368      2229.0815429688
313.297302      2258.0595703125
313.667175      2342.7648925781
314.037048      2376.2009277344
314.406891      2391.8046875000
314.776642      2509.9458007813
315.146423      2465.3642578125
315.516144      2558.9855957031
315.885864      2659.2944335938
316.255524      2621.3999023438
316.625153      2478.7387695313
316.994751      2605.7963867188
317.364288      2777.4357910156
317.733795      2806.4138183594
318.103302      3007.0310058594
318.472717      2929.0131835938
318.842133      2906.7224121094
319.211517      2984.7402343750
319.580872      3085.0490722656
319.950195      3151.9213867188
320.319489      3223.2519531250
320.688751      3216.5646972656
321.057922      3274.5209960938
321.427094      3441.7021484375
321.796234      3533.0944824219
322.165344      3312.4152832031
322.534393      3285.6662597656
322.903412      3430.5566406250
323.272430      3303.4990234375
323.641418      3345.8515625000
324.010315      3296.8117675781
324.379242      3394.8913574219
324.748077      3570.9887695313
325.116913      3780.5224609375
325.485657      3695.8173828125
325.854431      3932.1000976563
326.223145      3938.7873535156
326.591827      4319.9599609375
326.960480      4400.2070312500
327.329102      4616.4282226563
327.697693      4511.6611328125
328.066193      4567.3881835938
328.434723      4632.0317382813
328.803192      4585.2207031250
329.171600      4634.2607421875
329.540009      4669.9257812500
329.908386      4908.4379882813
330.276703      5153.6367187500
330.645050      5343.1088867188
331.013306      5425.5844726563
331.381500      5345.3378906250
331.749695      5224.9672851563
332.117859      5093.4516601563
332.485962      5088.9931640625
332.854034      5091.2226562500
333.222107      5403.2939453125
333.590118      5360.9414062500
333.958099      5441.1884765625
334.326050      5425.5844726563
334.693970      5436.7299804688
335.061859      5512.5190429688
335.429657      5403.2939453125
335.797455      5394.3774414063
336.165192      5492.4570312500
336.532959      5340.8793945313
336.900665      5253.9453125000
337.268341      5071.1606445313
337.635956      4928.4995117188
338.003571      5002.0590820313
338.371124      5100.1386718750
338.738647      5082.3061523438
339.106110      5427.8139648438
339.473572      5608.3691406250
339.840942      5635.1181640625
340.208344      5715.3652343750
340.575653      5895.9208984375
340.942993      6185.7016601563
341.310272      5985.0839843750
341.677521      5949.4189453125
342.044708      5737.6562500000
342.411865      5918.2119140625
342.778992      6036.3530273438
343.146088      5953.8769531250
343.513123      6330.5917968750
343.880157      6187.9306640625
344.247131      6179.0141601563
344.614105      5697.5327148438
344.981049      5476.8535156250
345.347900      5363.1704101563
345.714783      5566.0166015625
346.081573      5985.0839843750
346.448334      6132.2036132813
346.815094      6170.0981445313
347.181763      6127.7456054688
347.548431      6196.8471679688
347.915070      6250.3447265625
348.281677      6125.5161132813
348.648224      6016.2915039063
349.014771      6065.3310546875
349.381256      6145.5781250000
349.747711      6270.4067382813
350.114105      6031.8950195313
350.480469      6330.5917968750
350.846832      6738.5136718750
351.213135      6890.0913085938
351.579407      7019.3779296875
351.945679      6972.5673828125
352.311890      6885.6333007813
352.678040      6749.6591796875
353.044189      6506.6894531250
353.410278      6622.6015625000
353.776337      6660.4960937500
354.142303      7104.0830078125
354.508301      7202.1625976563
354.874268      7556.5869140625
355.240204      7911.0107421875
355.606079      7596.7099609375
355.971924      7741.6005859375
356.337738      7467.4233398438
356.703491      7438.4453125000
357.069244      7012.6909179688
357.434937      6736.2846679688
357.800598      6618.1435546875
358.166229      6328.3627929688
358.531830      6288.2392578125
358.897369      6034.1240234375
359.262909      5936.0444335938
359.628418      6141.1201171875
359.993866      6805.3862304688
360.359222      7643.5209960938
360.724609      7897.6362304688
361.089966      7779.4951171875
361.455261      7416.1547851563
361.820526      7246.7441406250
362.185760      7070.6469726563
362.550964      7177.6430664063
362.916138      7318.0751953125
363.281250      7645.7500000000
363.646332      7870.8872070313
364.011383      7924.3852539063
364.376404      8042.5263671875
364.741333      8234.2275390625
365.106293      8287.7255859375
365.471222      7946.6757812500
365.836090      8468.2812500000
366.200928      9025.5517578125
366.565735      9433.4736328125
366.930511      9725.4833984375
367.295227      9767.8359375000
367.659912      9794.5849609375
368.024536      9745.5449218750
368.389160      9322.0195312500
368.753723      9252.9179687500
369.118317      9112.4853515625
369.482819      9284.1250000000
369.847260      9310.8740234375
370.211731      9671.9853515625
370.576111     10044.2421875000
370.940460      9981.8271484375
371.304810      9558.3017578125
371.669098      9408.9531250000
372.033325      9700.9628906250
372.397522      9752.2324218750
372.761749      9350.9970703125
373.125885      9018.8642578125
373.489990      8916.3261718750
373.854065      8457.1357421875
374.218109      8140.6059570313
374.582092      7924.3852539063
374.946075      8091.5664062500
375.309998      8038.0683593750
375.673859      8296.6416015625
376.037720      8639.9199218750
376.401550      9003.2607421875
376.765320      9261.8339843750
377.129059      9507.0332031250
377.492798      9495.8876953125
377.856476     10046.4707031250
378.220062     10363.0009765625
378.583679     11397.2939453125
378.947205     11292.5273437500
379.310730     11330.4218750000
379.674225     10811.0458984375
380.037689      9963.9951171875
380.401093      9482.5136718750
380.764496      9667.5273437500
381.127838     10068.7617187500
381.491119     10383.0625000000
381.854370     10561.3886718750
382.217621      9948.3916015625
382.580811      9065.6748046875
382.943939      8517.3212890625
383.307068      7835.2221679688
383.670166      7556.5869140625
384.033203      7026.0654296875
384.396240      7188.7880859375
384.759216      7737.1425781250
385.122131      8515.0917968750
385.485016      8916.3261718750
385.847900      9464.6806640625
386.210724      9293.0410156250
386.573486      9076.8203125000
386.936279      9194.9619140625
387.298981      9293.0410156250
387.661652      9538.2402343750
388.024323      9413.4121093750
388.386902      9433.4736328125
388.749481      9290.8125000000
389.112000      9442.3896484375
389.474487      9317.5615234375
389.836945      9727.7119140625
390.199371     10690.6757812500
390.561737     10951.4785156250
390.924103     11334.8798828125
391.286407     11481.9990234375
391.648682     11979.0849609375
392.010925     12014.7500000000
392.373108     12115.0585937500
392.735291     11542.1845703125
393.097382     10563.6181640625
393.459473      9337.6230468750
393.821533      7846.3671875000
394.183533      6867.8002929688
394.545532      7179.8720703125
394.907471      8129.4609375000
395.269379      9518.1787109375
395.631256     10672.8427734375
395.993042     11729.4277343750
396.354828     11769.5507812500
396.716583     11103.0556640625
397.078308      9736.6289062500
397.439972      8401.4082031250
397.801636      8182.9584960938
398.163239      9012.1767578125
398.524841     10675.0722656250
398.886383     12482.8574218750
399.247833     13439.1328125000
399.609283     14435.5322265625
399.970703     15073.0498046875
400.332062     15501.0332031250
400.693420     15369.5175781250
401.054718     15752.9199218750
401.416016     15986.9736328125
401.777252     15975.8281250000
402.138458     16653.4687500000
402.499603     16800.5878906250
402.860718     16961.0820312500
403.221832     17175.0742187500
403.582855     16791.6718750000
403.943848     16715.8828125000
404.304810     16733.7148437500
404.665771     16863.0019531250
405.026642     16943.2500000000
405.387543     16673.5312500000
405.748352     16461.7675781250
406.109161     16430.5605468750
406.469849     16499.6621093750
406.830597     15917.8720703125
407.191223     16261.1503906250
407.551880     16051.6171875000
407.912476     16301.2744140625
408.273041     16294.5869140625
408.633575     16805.0468750000
408.994049     17277.6113281250
409.354492     17979.7714843750
409.714935     17883.9218750000
410.075287     17861.6308593750
410.435608     17121.5761718750
410.795868     16390.4375000000
411.156158     16116.2597656250
411.516388     16860.7734375000
411.876587     17560.7050781250
412.236725     18037.7285156250
412.596832     18735.4316406250
412.956909     18893.6953125000
413.316925     18681.9335937500
413.676910     18396.6113281250
414.036896     18405.5273437500
414.396820     18826.8242187500
414.756683     18539.2714843750
415.116547     18425.5878906250
415.476379     18851.3437500000
415.836121     18345.3417968750
416.195862     18552.6464843750
416.555542     18766.6386718750
416.915192     18958.3398437500
417.274811     19482.1738281250
417.634399     19007.3789062500
417.993927     18612.8320312500
418.353455     18276.2402343750
418.712891     18302.9902343750
419.072357     18258.4082031250
419.431763     18338.6542968750
419.791107     18626.2070312500
420.150452     18541.5019531250
420.509674     18282.9277343750
420.868927     18314.1347656250
421.228119     19083.1679687500
421.587280     19323.9082031250
421.946411     19491.0898437500
422.305542     19582.4824218750
422.664581     19125.5195312500
423.023621     18746.5761718750
423.382568     18175.9316406250
423.741516     18427.8183593750
424.100403     18430.0468750000
424.459259     18412.2148437500
424.818054     18677.4746093750
425.176880     19002.9218750000
425.535614     18900.3828125000
425.894348     18829.0527343750
426.252991     18570.4785156250
426.611633     18706.4531250000
426.970245     18953.8808593750
427.328796     18673.0175781250
427.687317     18242.8046875000
428.045807     18017.6660156250
428.404205     18046.6445312500
428.762604     18472.4003906250
429.121002     18008.7500000000
429.479340     18173.7031250000
429.837616     17692.2207031250
430.195892     16856.3144531250
430.554138     16134.0927734375
430.912292     15253.6054687500
431.270416     14636.1503906250
431.628510     14304.0166015625
431.986542     15953.5371093750
432.344574     17790.3007812500
432.702576     18884.7792968750
433.060516     18902.6113281250
433.418427     19156.7265625000
433.776306     19956.9687500000
434.134155     19825.4511718750
434.491913     19018.5253906250
434.849701     18782.2421875000
435.207397     19118.8339843750
435.565063     19709.5390625000
435.922729     20191.0214843750
436.280334     20478.5722656250
436.637909     21145.0683593750
436.995453     21717.9414062500
437.352936     21771.4394531250
437.710388     21604.2597656250
438.067780     21483.8886718750
438.425171     20496.4062500000
438.782471     20369.3476562500
439.139771     19794.2441406250
439.497040     20008.2363281250
439.854279     20275.7265625000
440.211426     20821.8515625000
440.568604     21147.2968750000
440.925720     21363.5175781250
441.282776     21425.9335937500
441.639801     21675.5898437500
441.996735     22310.8789062500
442.353699     22765.6113281250
442.710602     23182.4492187500
443.067505     23298.3613281250
443.424347     23162.3867187500
443.781128     23472.2304687500
444.137878     23498.9785156250
444.494629     23363.0039062500
444.851288     24007.2089843750
445.207916     23795.4472656250
445.564514     24218.9726562500
445.921051     23186.9062500000
446.277618     23267.1542968750
446.634094     22743.3203125000
446.990540     23269.3828125000
447.346985     23550.2480468750
447.703339     24120.8925781250
448.059692     24562.2500000000
448.416016     24981.3183593750
448.772186     24568.9375000000
449.128418     25101.6875000000
449.484589     25179.7070312500
449.840729     24907.7578125000
450.196838     25230.9746093750
450.552917     25393.6972656250
450.908966     26046.8183593750
451.264954     26421.3046875000
451.620880     26185.0214843750
451.976807     26358.8906250000
452.332611     26013.3828125000
452.688446     25979.9472656250
453.044250     25779.3281250000
453.399994     24490.9199218750
453.755707     23993.8339843750
454.111389     24475.3164062500
454.467041     24745.0351562500
454.822632     24807.4492187500
455.178192     24936.7363281250
455.533722     24943.4238281250
455.889130     24604.6035156250
456.244598     25112.8339843750
456.600006     25554.1914062500
456.955353     25879.6386718750
457.310699     25685.7070312500
457.665985     25861.8046875000
458.021240     25921.9902343750
458.376434     25868.4921875000
458.731628     25814.9941406250
459.086700     25732.5175781250
459.441772     25362.4902343750
459.796844     25710.2265625000
460.151886     25572.0253906250
460.506836     25699.0820312500
460.861786     25723.6015625000
461.216675     25801.6191406250
461.571533     26358.8906250000
461.926361     26800.2480468750
462.281158     26256.3515625000
462.635803     26577.3398437500
462.990540     26978.5742187500
463.345184     27027.6152343750
463.699829     27471.2011718750
464.054413     27072.1972656250
464.408936     27301.7910156250
464.763458     26905.0156250000
465.117920     26876.0371093750
465.472351     27145.7558593750
465.826752     27208.1699218750
466.181030     27756.5253906250
466.535339     27930.3925781250
466.889618     27767.6699218750
467.243866     27457.8281250000
467.598053     27607.1757812500
467.952209     28171.1328125000
468.306305     28262.5253906250
468.660370     28289.2753906250
469.014435     28969.1445312500
469.368439     29098.4316406250
469.722321     29212.1152343750
470.076263     29682.4511718750
470.430115     29767.1562500000
470.783966     29798.3632812500
471.137756     29918.7343750000
471.491516     30059.1660156250
471.845245     30859.4062500000
472.198944     31374.3242187500
472.552582     32199.0839843750
472.906128     32680.5664062500
473.259705     32408.6171875000
473.613220     33329.2304687500
473.966675     33358.2070312500
474.320129     33538.7617187500
474.673553     34254.2968750000
475.026917     34851.6914062500
475.380249     35491.4375000000
475.733521     35564.9960937500
476.086761     36240.4101562500
476.439911     36035.3320312500
476.793091     35814.6562500000
477.146210     36044.2500000000
477.499298     36996.0664062500
477.852356     37684.8554687500
478.205353     38152.9609375000
478.558350     38864.0390625000
478.911285     39220.6914062500
479.264160     39156.0468750000
479.617035     39713.3164062500
479.969757     40571.5156250000
480.322540     41079.7460937500
480.675262     41418.5664062500
481.027985     41902.2773437500
481.380615     42310.1992187500
481.733246     42490.7539062500
482.085815     43322.2031250000
482.438324     43741.2695312500
482.790833     43850.4921875000
483.143280     43687.7695312500
483.495667     43712.2890625000
483.848022     44106.8398437500
484.200348     44202.6875000000
484.552673     44349.8085937500
484.904907     44026.5898437500
485.257111     44824.6015625000
485.609283     44269.5625000000
485.961456     43805.9140625000
486.313538     41073.0585937500
486.665588     39419.0781250000
487.017548     39198.4023437500
487.369507     40388.7304687500
487.721466     41458.6875000000
488.073334     42501.8984375000
488.425232     43861.6406250000
488.777039     44465.7187500000
489.128815     45002.9296875000
489.480560     44849.1210937500
489.832245     45201.3164062500
490.183868     46471.8945312500
490.535461     47704.5742187500
490.887054     47923.0273437500
491.238586     47153.9921875000
491.590057     47541.8515625000
491.941528     47394.7343750000
492.292938     46839.6914062500
492.644318     46309.1718750000
492.995667     46177.6562500000
493.346954     47749.1562500000
493.698181     47898.5078125000
494.049377     47490.5859375000
494.400543     47885.1328125000
494.751678     47960.9218750000
495.102783     48801.2851562500
495.453827     49621.5859375000
495.804871     49229.2695312500
496.155853     49218.1210937500
496.506775     49115.5859375000
496.857666     49472.2382812500
497.208466     49762.0195312500
497.559265     49875.7031250000
497.910065     49837.8085937500
498.260773     49913.5976562500
498.611481     49066.5429687500
498.962128     48674.2265625000
499.312744     48277.4492187500
499.663300     49140.1054687500
500.013855     49186.9140625000
500.364349     48984.0703125000
500.714752     48776.7656250000
501.065155     48181.5976562500
501.415527     47702.3476562500
501.765869     48036.7109375000
502.116150     47639.9335937500
502.466400     47535.1640625000
502.816620     47943.0859375000
503.166779     48406.7382812500
503.516907     48152.6210937500
503.866943     48698.7460937500
504.217010     48475.8398437500
504.567017     48304.1992187500
504.916962     48032.2500000000
505.266876     48979.6093750000
505.616791     49182.4570312500
505.966644     49523.5078125000
506.316437     50100.8398437500
506.666199     50925.5976562500
507.015930     50629.1328125000
507.365570     50152.1093750000
507.715210     50136.5039062500
508.064789     49626.0429687500
508.414368     49516.8203125000
508.763885     49380.8437500000
509.113373     49819.9726562500
509.462830     50671.4843750000
509.812225     50731.6679687500
510.161591     50366.0976562500
510.510895     50281.3945312500
510.860107     50127.5859375000
511.209381     50646.9648437500
511.558563     50930.0585937500
511.907715     51251.0429687500
512.256836     51703.5468750000
512.605896     51478.4101562500
512.954956     50836.4375000000
513.303955     50553.3437500000
513.652832     50834.2070312500
514.001831     50947.8906250000
514.350647     50495.3867187500
514.699463     50410.6796875000
515.048279     50100.8398437500
515.396973     50477.5546875000
515.745728     50874.3281250000
516.094360     51266.6484375000
516.442993     51068.2617187500
516.791565     50758.4179687500
517.140137     49004.1289062500
517.488586     47067.0585937500
517.837036     46966.7500000000
518.185425     47633.2460937500
518.533875     48359.9257812500
518.882202     47840.5507812500
519.230469     47396.9609375000
519.578735     48413.4257812500
519.927002     49456.6328125000
520.275146     50392.8476562500
520.623291     50800.7695312500
520.971313     50985.7851562500
521.319336     50791.8554687500
521.667419     51275.5664062500
522.015381     51465.0351562500
522.363281     52200.6328125000
522.711182     52144.9062500000
523.059021     51982.1835937500
523.406860     51210.9218750000
523.754639     51244.3593750000
524.102356     51973.2656250000
524.449951     52118.1562500000
524.797607     52592.9531250000
525.145203     52679.8867187500
525.492798     52586.2656250000
525.840332     52615.2421875000
526.187805     52882.7343750000
526.535217     52049.0546875000
526.882629     51273.3359375000
527.230042     49846.7226562500
527.577332     49530.1953125000
527.924500     49561.4023437500
528.271729     50655.8789062500
528.618896     50731.6679687500
528.966125     51527.4492187500
529.313232     51752.5898437500
529.660278     52439.1445312500
530.007324     52300.9414062500
530.354309     51953.2070312500
530.701233     52015.6210937500
531.048096     52383.4179687500
531.394958     53038.7695312500
531.741760     53205.9492187500
532.088562     52706.6367187500
532.435303     53012.0195312500
532.781982     52053.5156250000
533.128601     51155.1953125000
533.475281     50898.8515625000
533.821838     51168.5703125000
534.168335     51531.9101562500
534.514832     51411.5390625000
534.861206     51117.3007812500
535.207703     51407.0820312500
535.554016     52020.0781250000
535.900391     51997.7890625000
536.246643     52327.6914062500
536.592896     52200.6328125000
536.939087     51841.7500000000
537.285278     51411.5390625000
537.631348     51219.8359375000
537.977417     50796.3125000000
538.323425     51788.2539062500
538.669373     51650.0507812500
539.015381     51558.6562500000
539.361267     51041.5117187500
539.707153     51248.8164062500
540.052979     50673.7109375000
540.398804     50205.6054687500
540.744507     49866.7851562500
541.090210     49646.1054687500
541.435791     49311.7421875000
541.781433     49824.4335937500
542.127014     50058.4843750000
542.472595     50147.6484375000
542.818054     50152.1093750000
543.163513     49918.0546875000
543.508911     50352.7265625000
543.854309     49735.2695312500
544.199646     50285.8515625000
544.544800     50635.8164062500
544.890076     50555.5703125000
545.235291     50461.9492187500
545.580444     50100.8398437500
545.925537     50515.4492187500
546.270630     50314.8320312500
546.615723     50435.1992187500
546.960693     50386.1601562500
547.305603     50337.1210937500
547.650574     50292.5390625000
547.995361     49951.4921875000
548.340149     49300.5976562500
548.684998     49574.7773437500
549.029724     49659.4804687500
549.374390     50205.6054687500
549.719116     50096.3789062500
550.063660     49817.7460937500
550.408264     50004.9882812500
550.752869     49857.8671875000
551.097290     49574.7773437500
551.441711     49552.4843750000
551.786133     49157.9375000000
552.130493     49690.6875000000
552.474854     49793.2265625000
552.819092     49536.8828125000
553.163330     49572.5468750000
553.507507     49062.0859375000
553.851685     49097.7539062500
554.195801     49316.2031250000
554.539917     49302.8281250000
554.883850     49336.2656250000
555.227844     49427.6562500000
555.571777     49659.4804687500
555.915710     49541.3398437500
556.259583     49483.3828125000
556.603333     49222.5820312500
556.947205     48676.4570312500
557.290894     48638.5625000000
557.634583     48201.6601562500
557.978210     47816.0312500000
558.321777     48215.0351562500
558.665405     48192.7460937500
559.008911     47423.7109375000
559.352417     46766.1328125000
559.695862     46442.9140625000
560.039185     46674.7421875000
560.382568     46538.7656250000
560.725891     46942.2304687500
561.069153     47060.3710937500
561.412354     47434.8554687500
561.755554     47548.5390625000
562.098694     47084.8906250000
562.441772     46639.0742187500
562.784851     47015.7890625000
563.127930     47408.1093750000
563.470825     47160.6796875000
563.813782     47156.2226562500
564.156738     47104.9531250000
564.499573     46320.3164062500
564.842285     46505.3281250000
565.185059     46215.5507812500
565.527771     46699.2617187500
565.870422     46507.5585937500
566.213135     45696.1718750000
566.555725     45328.3750000000
566.898254     45355.1250000000
567.240784     45279.3359375000
567.583252     45687.2578125000
567.925659     45756.3593750000
568.268005     45533.4492187500
568.610291     45689.4843750000
568.952637     44978.4101562500
569.294922     44748.8125000000
569.637146     44454.5742187500
569.979309     44102.3789062500
570.321411     44895.9335937500
570.663513     43841.5781250000
571.005554     43881.6992187500
571.347473     43186.2265625000
571.689453     43195.1445312500
572.031372     43134.9570312500
572.373230     43990.9257812500
572.715088     43937.4296875000
573.056885     44443.4296875000
573.398621     44280.7070312500
573.740295     43759.1015625000
574.082031     43632.0429687500
574.423584     43917.3671875000
574.765137     44002.0703125000
575.106689     43792.5390625000
575.448120     43395.7617187500
575.789612     42836.2617187500
576.130981     42740.4101562500
576.472351     42664.6210937500
576.813721     42553.1679687500
577.154968     42838.4921875000
577.496216     42475.1523437500
577.837402     42455.0898437500
578.178467     42435.0273437500
578.519592     42423.8828125000
578.860657     41826.4882812500
579.201660     41654.8476562500
579.542664     41460.9179687500
579.883606     41824.2578125000
580.224487     41924.5664062500
580.565308     42049.3945312500
580.906189     42180.9101562500
581.246948     41654.8476562500
581.587585     41995.8984375000
581.928223     41908.9648437500
582.268921     41926.7968750000
582.609497     42490.7539062500
582.950012     42430.5703125000
583.290527     42263.3867187500
583.630981     42345.8632812500
583.971436     42156.3906250000
584.311829     42071.6875000000
584.652100     42385.9882812500
584.992371     41601.3515625000
585.332642     41835.4023437500
585.672852     41955.7734375000
586.013000     41487.6679687500
586.353088     40749.8398437500
586.693176     40433.3125000000
587.033264     40749.8398437500
587.373230     41131.0156250000
587.713196     41006.1875000000
588.053040     40732.0078125000
588.392883     40473.4335937500
588.732727     39922.8515625000
589.072510     38329.0585937500
589.412231     37477.5507812500
589.751892     36305.0507812500
590.091553     35551.6210937500
590.431152     35607.3515625000
590.770752     36768.7031250000
591.110229     36911.3632812500
591.449707     37109.7500000000
591.789124     37464.1757812500
592.128479     37254.6406250000
592.467834     37158.7890625000
592.807129     36866.7812500000
593.146423     37403.9882812500
593.485596     37568.9414062500
593.824768     37655.8750000000
594.163879     37504.2968750000
594.502991     37680.3945312500
594.841980     37464.1757812500
595.180969     36483.3789062500
595.519897     36768.7031250000
595.858887     36828.8867187500
596.197693     37127.5820312500
596.536499     37091.9179687500
596.875305     37062.9414062500
597.214050     37254.6406250000
597.552734     37143.1875000000
597.891296     36924.7382812500
598.229980     36893.5312500000
598.568542     36875.6992187500
598.907043     36630.5000000000
599.245483     37020.5859375000
599.583984     36766.4726562500
599.922363     36748.6406250000
600.260681     37265.7851562500
600.598999     37156.5625000000
600.937256     36730.8085937500
601.275452     36677.3085937500
601.613586     36895.7578125000
601.951721     36117.8085937500
602.289856     36068.7695312500
602.627869     35914.9648437500
602.965881     36024.1875000000
603.303833     36296.1367187500
603.641724     36242.6367187500
603.979614     36405.3593750000
604.317444     36180.2226562500
604.655151     36572.5429687500
604.992859     36706.2890625000
605.330566     36318.4257812500
605.668274     36267.1562500000
606.005859     36369.6953125000
606.343445     36229.2656250000
606.680908     35894.9023437500
607.018433     35894.9023437500
607.355835     35471.3750000000
607.693237     35892.6718750000
608.030579     35266.3007812500
608.367859     35261.8437500000
608.705078     35215.0312500000
609.042297     35052.3085937500
609.379456     34604.2617187500
609.716614     34639.9296875000
610.053650     34778.1328125000
610.390686     34606.4921875000
610.727722     34142.8437500000
611.064575     33877.5820312500
611.401550     33786.1914062500
611.738403     34138.3867187500
612.075256     34260.9843750000
612.411987     33625.6953125000
612.748779     33329.2304687500
613.085449     33318.0820312500
613.422058     33429.5390625000
613.758667     33409.4765625000
614.095215     33251.2109375000
614.431702     33344.8320312500
614.768127     32771.9570312500
615.104614     33173.1914062500
615.440979     33061.7382812500
615.777283     32907.9335937500
616.113586     32520.0722656250
616.449829     32602.5488281250
616.786011     31808.9941406250
617.122192     31824.5976562500
617.458374     31973.9472656250
617.794373     31842.4316406250
618.130371     31971.7187500000
618.466370     32219.1464843750
618.802246     32553.5078125000
619.138184     32419.7636718750
619.474060     32196.8554687500
619.809875     32047.5058593750
620.145630     32078.7128906250
620.481323     32615.9218750000
620.817017     32658.2753906250
621.152588     32571.3398437500
621.488220     32502.2382812500
621.823792     32763.0410156250
622.159241     32355.1191406250
622.494690     32129.9824218750
622.830078     32223.6035156250
623.165466     31773.3300781250
623.500793     31929.3652343750
623.836060     31726.5195312500
624.171265     31155.8730468750
624.506470     31528.1308593750
624.841553     31167.0195312500
625.176697     30799.2207031250
625.511719     30632.0390625000
625.846741     30721.2031250000
626.181702     30721.2031250000
626.516663     30814.8242187500
626.851563     30192.9101562500
627.186401     30511.6699218750
627.521118     31015.4414062500
627.855896     30663.2460937500
628.190552     30542.8769531250
628.525269     29640.0976562500
628.859863     29557.6230468750
629.194458     29312.4238281250
629.528992     29949.9414062500
629.863403     29348.0878906250
630.197815     28922.3339843750
630.532288     29412.7324218750
630.866516     28924.5625000000
631.200867     29189.8242187500
631.535156     29073.9121093750
631.869324     28755.1523437500
632.203491     28788.5898437500
632.537659     28886.6679687500
632.871704     29047.1621093750
633.205750     28958.0000000000
633.539795     28911.1894531250
633.873718     28632.5527343750
634.207520     28924.5625000000
634.541443     28657.0742187500
634.875244     28625.8671875000
635.208984     28376.2089843750
635.542725     28445.3105468750
635.876404     28661.5312500000
636.210022     28587.9726562500
636.543640     28320.4824218750
636.877197     28102.0312500000
637.210571     28264.7558593750
637.544067     28329.3984375000
637.877502     28177.8203125000
638.210815     28182.2792968750
638.544189     28483.2050781250
638.877441     27883.5820312500
639.210693     28266.9843750000
639.543884     27758.7539062500
639.877014     28070.8242187500
640.210144     27587.1152343750
640.543091     27506.8671875000
640.876099     27337.4570312500
641.209106     27194.7949218750
641.541992     27172.5058593750
641.874939     26826.9980468750
642.207703     27045.4472656250
642.540527     26833.6855468750
642.873230     26780.1875000000
643.205994     26677.6484375000
643.538574     26969.6582031250
643.871155     27040.9902343750
644.203674     26443.5957031250
644.536255     26392.3261718750
644.868713     26682.1074218750
645.201172     26419.0761718750
645.533508     26492.6347656250
645.865845     26178.3339843750
646.198120     25736.9765625000
646.530396     25534.1308593750
646.862610     25852.8886718750
647.194702     25268.8691406250
647.526855     25119.5214843750
647.858887     24613.5195312500
648.190857     24736.1191406250
648.522827     24094.1425781250
648.854797     23933.6503906250
649.186707     23866.7773437500
649.518555     23808.8203125000
649.850342     23244.8632812500
650.182007     23088.8281250000
650.513733     23307.2773437500
650.845398     23423.1894531250
651.177063     24060.7070312500
651.508606     24031.7285156250
651.840088     23672.8476562500
652.171631     23585.9121093750
652.503052     23485.6035156250
652.834412     23699.5957031250
653.165771     23902.4414062500
653.497070     23982.6894531250
653.828308     24078.5390625000
654.159485     24054.0195312500
654.490662     23978.2304687500
654.821838     23824.4238281250
655.152832     23626.0371093750
655.483887     23284.9863281250
655.814880     23162.3867187500
656.145813     22591.7421875000
656.476685     21006.8652343750
656.807495     20877.5781250000
657.138306     20095.1718750000
657.469116     20801.7890625000
657.799744     21437.0781250000
658.130493     21795.9609375000
658.461121     21951.9960937500
658.791687     22143.6972656250
659.122192     22277.4414062500
659.452698     22429.0195312500
659.783142     22772.2988281250
660.113464     22480.2890625000
660.443787     22979.6015625000
660.774109     22877.0644531250
661.104370     22440.1640625000
661.434570     23035.3300781250
661.764771     22582.8261718750
662.094849     22955.0820312500
662.424988     22975.1445312500
662.755005     22937.2500000000
663.084900     22799.0468750000
663.414856     22415.6445312500
663.744751     22391.1250000000
664.074585     22264.0664062500
664.404419     22259.6093750000
664.734131     22272.9843750000
665.063904     22005.4941406250
665.393555     22301.9609375000
665.723206     22183.8203125000
666.052734     22486.9746093750
666.382202     22226.1738281250
666.711670     21622.0917968750
667.041138     21764.7539062500
667.370544     21927.4765625000
667.699829     21907.4140625000
668.029175     21561.9062500000
668.358459     21704.5683593750
668.687622     21657.7578125000
669.016846     21526.2421875000
669.345947     21515.0957031250
669.674927     21635.4667968750
670.003967     21352.3730468750
670.332947     21490.5761718750
670.661865     21120.5488281250
670.990784     21011.3242187500
671.319641     20922.1601562500
671.648438     21031.3847656250
671.977112     20710.3964843750
672.305847     20986.8027343750
672.634521     20592.2558593750
672.963135     20676.9609375000
673.291687     20768.3535156250
673.620178     20694.7929687500
673.948669     20409.4707031250
674.277100     20248.9765625000
674.605469     20349.2871093750
674.933899     20193.2500000000
675.262085     20146.4394531250
675.590332     19865.5761718750
675.918579     20302.4746093750
676.246704     19736.2890625000
676.574829     20034.9863281250
676.902893     19593.6269531250
677.230896     19883.4082031250
677.558899     19479.9453125000
677.886841     19312.7636718750
678.214661     19406.3847656250
678.542480     19497.7773437500
678.870239     19145.5820312500
679.197998     19506.6933593750
679.525696     19279.3261718750
679.853394     19319.4511718750
680.180969     18811.2207031250
680.508484     18953.8808593750
680.836060     19143.3535156250
681.163452     18931.5898437500
681.490845     18904.8417968750
681.818237     18737.6601562500
682.145569     18949.4238281250
682.472839     18708.6816406250
682.800110     18777.7832031250
683.127319     18530.3554687500
683.454468     18621.7480468750
683.781494     18329.7382812500
684.108582     18253.9492187500
684.435608     17964.1679687500
684.762451     17895.0664062500
685.089355     17788.0722656250
685.416199     17837.1113281250
685.743103     18028.8125000000
686.069824     17712.2832031250
686.396606     17745.7187500000
686.723267     17246.4042968750
687.049927     16684.6757812500
687.376465     15469.8261718750
687.703003     14506.8632812500
688.029419     14110.0869140625
688.355957     14090.0253906250
688.682312     14682.9609375000
689.008667     14725.3134765625
689.334961     14647.2949218750
689.661316     14698.5644531250
689.987427     14292.8710937500
690.313660     14723.0839843750
690.639771     14424.3876953125
690.965881     15139.9228515625
691.291809     15119.8603515625
691.617798     15380.6630859375
691.943726     15282.5839843750
692.269714     15021.7812500000
692.595459     15102.0283203125
692.921326     15342.7685546875
693.247009     15318.2490234375
693.572754     15340.5400390625
693.898438     15211.2529296875
694.223999     14970.5126953125
694.549561     14633.9208984375
694.875061     14531.3828125000
695.200562     14518.0087890625
695.526001     14640.6083984375
695.851379     14386.4931640625
696.176697     14863.5166015625
696.502014     14767.6660156250
696.827271     14685.1894531250
697.152405     14874.6621093750
697.477539     15200.1074218750
697.802612     15235.7724609375
698.127625     15360.6015625000
698.452698     15122.0898437500
698.777649     15173.3583984375
699.102539     15012.8652343750
699.427429     14645.0664062500
699.752258     14720.8554687500
700.077026     14446.6777343750
700.401733     14642.8369140625
700.726379     14513.5507812500
701.051025     14437.7617187500
701.375610     14214.8535156250
701.700134     14058.8173828125
702.024658     14103.3994140625
702.349060     13951.8222656250
702.673462     14101.1699218750
702.997864     13826.9931640625
703.322144     14014.2363281250
703.646362     14308.4746093750
703.970520     14252.7480468750
704.294739     14018.6943359375
704.618896     14370.8896484375
704.942932     14357.5146484375
705.266968     14257.2060546875
705.590942     14495.7177734375
705.914917     14266.1220703125
706.238770     14201.4794921875
706.562622     14127.9189453125
706.886292     14045.4433593750
707.210083     14408.7832031250
707.533813     14012.0068359375
707.857422     14324.0781250000
708.181030     14295.1005859375
708.504578     13983.0292968750
708.828064     14188.1044921875
709.151550     14203.7080078125
709.474976     14214.8535156250
709.798340     13940.6767578125
710.121582     14136.8359375000
710.444885     14043.2138671875
710.768127     13958.5087890625
711.091248     14130.1484375000
711.414429     14043.2138671875
711.737488     13795.7861328125
712.060547     14056.5888671875
712.383484     13860.4296875000
712.706482     13675.4160156250
713.029358     13561.7324218750
713.352112     13880.4912109375
713.674927     13639.7509765625
713.997681     13550.5869140625
714.320435     13419.0712890625
714.643066     13541.6708984375
714.965698     13686.5615234375
715.288269     13334.3662109375
715.610779     13336.5957031250
715.933289     13274.1806640625
716.255737     12886.3212890625
716.578003     12765.9501953125
716.900330     12360.2578125000
717.222595     11840.8818359375
717.544861     11232.3427734375
717.867065     10851.1689453125
718.189209     10280.5244140625
718.511292     10287.2119140625
718.833313      9894.8935546875
719.155334      9654.1523437500
719.477234      9388.8916015625
719.799133      9223.9394531250
720.120972      9237.3144531250
720.442749      9212.7939453125
720.764587      9177.1289062500
721.086304      9148.1513671875
721.407898      9424.5576171875
721.729553      9986.2861328125
722.051147     10574.7636718750
722.372681     10695.1337890625
722.694092     10984.9140625000
723.015503     11116.4296875000
723.336914     10815.5039062500
723.658264     10764.2353515625
723.979492     10400.8945312500
724.300781     10242.6298828125
724.621948      9966.2236328125
724.943115      9861.4570312500
725.264160      9680.9013671875
725.585205      9841.3955078125
725.906189      9634.0908203125
726.227173      9596.1962890625
726.548035      9437.9316406250
726.868896      9707.6503906250
727.189697      9531.5527343750
727.510498      9696.5048828125
727.831177      9618.4873046875
728.151855      9502.5751953125
728.472473      9301.9580078125
728.793091      9622.9453125000
729.113525      9754.4609375000
729.434021      9671.9853515625
729.754456      9411.1826171875
730.074829      9304.1865234375
730.395142      9386.6630859375
730.715454      9629.6328125000
731.035706      9451.3056640625
731.355896      9317.5615234375
731.676025      9348.7685546875
731.996033      9431.2441406250
732.316101      9480.2841796875
732.636108      9879.2900390625
732.956055      9874.8320312500
733.275940     10062.0742187500
733.595825     10264.9208984375
733.915649     10300.5859375000
734.235413     10472.2255859375
734.555054     10585.9082031250
734.874817     10909.1259765625
735.194336     10699.5917968750
735.513855     10630.4902343750
735.833435     10496.7451171875
736.152893     10612.6572265625
736.472290     10496.7451171875
736.791687     10260.4628906250
737.111023     10360.7714843750
737.430298     10432.1015625000
737.749512     10358.5419921875
738.068665     10545.7851562500
738.387817     10331.7929687500
738.706909     10496.7451171875
739.025879     10276.0664062500
739.344910     10305.0439453125
739.663879     10394.2080078125
739.982788     10242.6298828125
740.301636     10334.0224609375
740.620422     10309.5029296875
740.939148     10271.6083984375
741.257874     10307.2734375000
741.576477     10209.1943359375
741.895020     10300.5859375000
742.213623     10108.8847656250
742.532166     10108.8847656250
742.850586     10169.0703125000
743.169006     10104.4267578125
743.487366     10378.6044921875
743.805725     10164.6123046875
744.123962     10427.6435546875
744.442200     10391.9785156250
744.760315     10345.1679687500
745.078430     10079.9072265625
745.396484     10062.0742187500
745.714539      9979.5986328125
746.032532     10088.8232421875
746.350464      9957.3076171875
746.668335      9999.6601562500
746.986206      9828.0205078125
747.303955      9955.0781250000
747.621643      9959.5371093750
747.939331      9877.0605468750
748.257019      9743.3154296875
748.574585      9683.1308593750
748.892151      9828.0205078125
749.209656      9683.1308593750
749.527100      9558.3017578125
749.844482      9520.4072265625
750.161804      9489.2001953125
750.479126      9509.2626953125
750.796326      9420.0986328125
751.113525      9527.0947265625
751.430725      9353.2265625000
751.747803      9504.8037109375
752.064880      9261.8339843750
752.381897      9348.7685546875
752.698853      9279.6669921875
753.015747      9279.6669921875
753.332703      9130.3183593750
753.649475      9272.9794921875
753.966187      9366.6005859375
754.282898      9326.4775390625
754.599609      9121.4023437500
754.916199      9268.5214843750
755.232788      9114.7148437500
755.549316      9145.9218750000
755.865784      9248.4599609375
756.182190      9246.2304687500
756.498596      9121.4023437500
756.814941      9174.9003906250
757.131165      9058.9873046875
757.447388      9199.4199218750
757.763611      9036.6972656250
758.079712      9054.5292968750
758.395813      9174.9003906250
758.711853      9130.3183593750
759.027832      9067.9042968750
759.343811      8882.8906250000
759.659668      8388.0341796875
759.975464      7451.8198242188
760.291260      6513.3764648438
760.606995      5144.7202148438
760.922668      4114.8847656250
761.238342      3537.5524902344
761.554016      3214.3356933594
761.869507      3468.4509277344
762.185059      4215.1933593750
762.500488      4607.5117187500
762.815918      4935.1865234375
763.131165      4910.6669921875
763.446533      4821.5034179688
763.761719      4730.1113281250
764.076965      4542.8681640625
764.392151      4620.8862304688
764.707214      4761.3183593750
765.022339      4935.1865234375
765.337341      5242.7998046875
765.652283      5505.8315429688
765.967224      5780.0087890625
766.282043      6038.5820312500
766.596863      6303.8427734375
766.911621      6517.8344726563
767.226379      6638.2050781250
767.541016      6927.9858398438
767.855591      7257.8896484375
768.170227      7621.2299804688
768.484741      7632.3754882813
768.799194      7790.6401367188
769.113647      7708.1640625000
769.427979      7732.6840820313
769.742310      7694.7895507813
770.056580      7781.7241210938
770.370850      7790.6401367188
770.684998      7861.9707031250
770.999084      7890.9487304688
771.313232      7948.9052734375
771.627258      7783.9531250000
771.941223      7786.1821289063
772.255066      7685.8735351563
772.569031      7732.6840820313
772.882813      7630.1464843750
773.196594      7590.0229492188
773.510376      7741.6005859375
773.824036      7681.4155273438
774.137695      7610.0844726563
774.451294      7565.5029296875
774.764832      7734.9130859375
775.078308      7454.0488281250
775.391724      7465.1943359375
775.705078      7416.1547851563
776.018433      7429.5292968750
776.331726      7498.6303710938
776.644958      7442.9038085938
776.958130      7313.6166992188
777.271301      7306.9296875000
777.584412      7313.6166992188
777.897461      7121.9160156250
778.210510      7199.9335937500
778.523315      7097.3959960938
778.836304      7159.8100585938
779.149109      6899.0078125000
779.461914      7106.3120117188
779.774658      7041.6689453125
780.087402      6890.0913085938
780.400024      6754.1171875000
780.712585      6956.9638671875
781.025146      6872.2587890625
781.337646      6894.5493164063
781.650085      6709.5356445313
781.962463      6591.3945312500
782.274841      6765.2626953125
782.587158      6691.7031250000
782.899414      6905.6948242188
783.211609      6629.2885742188
783.523743      6609.2270507813
783.835938      6435.3588867188
784.147949      6410.8388671875
784.459900      6450.9624023438
784.771851      6482.1694335938
785.083801      6455.4204101563
785.395630      6252.5737304688
785.707397      6339.5083007813
786.019226      6214.6796875000
786.330933      6223.5957031250
786.642578      6357.3408203125
786.954224      6214.6796875000
787.265747      6179.0141601563
787.577209      6054.1855468750
787.888672      6034.1240234375
788.200073      5960.5644531250
788.511414      6165.6396484375
788.822754      5924.8989257813
789.133972      5985.0839843750
789.445190      5931.5864257813
789.756409      5730.9687500000
790.067505      5880.3173828125
790.378540      5735.4272460938
790.689514      5695.3037109375
791.000488      5621.7436523438
791.311401      5664.0961914063
791.622314      5697.5327148438
791.933105      5652.9511718750
792.243896      5579.3911132813
792.554565      5474.6245117188
792.865234      5635.1181640625
793.175842      5568.2460937500
793.486389      5425.5844726563
793.796875      5479.0825195313
794.107300      5452.3334960938
794.417786      5481.3115234375
794.728088      5436.7299804688
795.038452      5430.0429687500
795.348694      5403.2939453125
795.658936      5229.4252929688
795.969055      5218.2802734375
796.279175      5316.3598632813
796.589172      5258.4038085938
796.899231      5169.2402343750
797.209167      5182.6147460938
797.519104      5151.4077148438
797.828979      5180.3857421875
798.138794      5200.4472656250
798.448547      5146.9497070313
798.758301      5224.9672851563
799.067932      5140.2622070313
799.377563      5100.1386718750
799.687073      5060.0151367188
799.996582      4984.2265625000
800.306030      5019.8916015625
800.615479      4924.0415039063
800.924805      5075.6186523438
801.234192      4932.9575195313
801.543457      4977.5390625000
801.852600      4854.9399414063
802.161743      4857.1689453125
802.470886      4725.6528320313
802.779907      4779.1508789063
803.088867      4825.9619140625
803.397827      4736.7983398438
803.706787      4710.0493164063
804.015686      4640.9477539063
804.324463      4645.4062500000
804.633179      4765.7763671875
804.941956      4569.6171875000
805.250610      4710.0493164063
805.559204      4511.6611328125
805.867676      4689.9877929688
806.176270      4794.7543945313
806.484680      4647.6352539063
806.793091      4859.3979492188
807.101440      4678.8422851563
807.409729      4747.9438476563
807.718018      4623.1152343750
808.026184      4569.6171875000
808.334351      4507.2031250000
808.642456      4507.2031250000
808.950439      4380.1455078125
809.258484      4493.8286132813
809.566467      4426.9560546875
809.874329      4498.2866210938
810.182190      4308.8149414063
810.489990      4346.7089843750
810.797791      4141.6337890625
811.105469      4212.9643554688
811.413147      4192.9023437500
811.720642      4190.6733398438
812.028198      4239.7133789063
812.335693      3978.9106445313
812.643188      4056.9284667969
812.950562      4081.4484863281
813.257935      3972.2233886719
813.565186      3912.0383300781
813.872498      3740.3989257813
814.179626      3756.0024414063
814.486816      3731.4826660156
814.793823      3724.7954101563
815.100830      3544.2397460938
815.407837      3564.3015136719
815.714783      3388.2041015625
816.021667      3450.6184082031
816.328552      3441.7021484375
816.635315      3301.2697753906
816.942078      3256.6882324219
817.248779      3143.0051269531
817.555359      3245.5429687500
817.861938      3354.7678222656
818.168457      3278.9790039063
818.474976      3140.7761230469
818.781372      3129.6306152344
819.087769      3151.9213867188
819.394104      3147.4633789063
819.700378      3296.8117675781
820.006592      3372.6005859375
820.312744      3254.4592285156
820.618896      3254.4592285156
820.924927      3421.6403808594
821.230957      3604.4250488281
821.536926      3524.1779785156
821.842896      3459.5346679688
822.148804      3644.5485839844
822.454590      3430.5566406250
822.760376      3383.7458496094
823.066040      3171.9831542969
823.371704      2855.4536132813
823.677307      2911.1806640625
823.982910      2908.9514160156
824.288391      2991.4274902344
824.593872      3098.4235839844
824.899292      3287.8955078125
825.204651      3356.9968261719
825.509949      3388.2041015625
825.815186      3370.3713378906
826.120422      3406.0366210938
826.425598      3261.1464843750
826.730652      3461.7636718750
827.035706      3423.8693847656
827.340759      3314.6442871094
827.645630      3283.4372558594
827.950623      3272.2917480469
828.255432      3205.4194335938
828.560242      3241.0847167969
828.864990      3089.5070800781
829.169739      3176.4414062500
829.474304      3111.7978515625
829.778870      3138.5468750000
830.083435      3178.6704101563
830.387878      3185.3576660156
830.692383      3078.3618164063
830.996765      3247.7719726563
831.301086      3192.0449218750
831.605408      3158.6086425781
831.909668      3143.0051269531
832.213867      3047.1545410156
832.517883      3060.5290527344
832.821960      3154.1503906250
833.126038      3093.9653320313
833.429993      2969.1367187500
833.733948      3087.2780761719
834.037842      3107.3398437500
834.341614      3067.2163085938
834.645386      3069.4453125000
834.949158      3100.6525878906
835.252808      3053.8417968750
835.556335      2971.3657226563
835.859924      3038.2382812500
836.163513      3118.4851074219
836.466980      3067.2163085938
836.770325      3011.4892578125
837.073730      3053.8417968750
837.377075      3042.6965332031
837.680298      3098.4235839844
837.983521      3047.1545410156
838.286682      3147.4633789063
838.589722      3087.2780761719
838.892761      3053.8417968750
839.195801      3134.0888671875
839.498779      3136.3178710938
839.801636      3051.6127929688
840.104492      2982.5112304688
840.407288      3067.2163085938
840.710022      3049.3837890625
841.012695      2962.4494628906
841.315369      2982.5112304688
841.617920      3040.4672851563
841.920410      3082.8198242188
842.222961      3004.8020019531
842.525391      2984.7402343750
842.827759      3127.4016113281
843.130127      3024.8637695313
843.432373      3058.3000488281
843.734619      3093.9653320313
844.036804      2955.7622070313
844.338867      2986.9694824219
844.640930      2917.8679199219
844.942993      2888.8898925781
845.244934      3011.4892578125
845.546814      2871.0571289063
845.848755      2946.8459472656
846.150513      2929.0131835938
846.452332      2917.8679199219
846.754028      2873.2861328125
847.055664      2895.5771484375
847.357239      2897.8061523438
847.658813      2933.4714355469
847.960327      2866.5988769531
848.261780      2837.6208496094
848.563110      2884.4316406250
848.864563      2799.7265625000
849.165771      2824.2463378906
849.467041      2732.8540039063
849.768250      2772.9775390625
850.069397      2937.9296875000
850.370422      2681.5852050781
850.671448      2619.1708984375
850.972473      2717.2504882813
851.273376      2808.6428222656
851.574280      2746.2285156250
851.875122      2657.0651855469
852.175842      2746.2285156250
852.476624      2723.9377441406
852.777222      2726.1667480469
853.077881      2786.3520507813
853.378418      2728.3959960938
853.678955      2790.8103027344
853.979370      2661.5234375000
854.279785      2581.2766113281
854.580200      2554.5275878906
854.880493      2451.9897460938
855.180725      2425.2407226563
855.480957      2440.8444824219
855.781067      2563.4438476563
856.081116      2590.1928710938
856.381165      2585.7346191406
856.681152      2554.5275878906
856.981140      2454.2189941406
857.281006      2648.1489257813
857.580872      2628.0871582031
857.880676      2516.6330566406
858.180420      2563.4438476563
858.480103      2603.5673828125
858.779724      2599.1091308594
859.079224      2612.4836425781
859.378723      2556.7565917969
859.678223      2514.4040527344
859.977661      2509.9458007813
860.277039      2487.6550292969
860.576355      2532.2368164063
860.875610      2456.4479980469
861.174805      2476.5097656250
861.473999      2514.4040527344
861.773071      2527.7785644531
862.072083      2489.8842773438
862.371094      2507.7167968750
862.670044      2501.0295410156
862.968933      2460.9060058594
863.267761      2532.2368164063
863.566589      2427.4699707031
863.865356      2400.7209472656
864.164001      2429.6989746094
864.462646      2434.1572265625
864.761230      2400.7209472656
865.059692      2483.1970214844
865.358154      2389.5754394531
865.656616      2382.8881835938
865.954956      2423.0117187500
866.253357      2378.4301757813
866.551575      2289.2668457031
866.849792      2229.0815429688
867.147949      2275.8923339844
867.446106      2258.0595703125
867.744080      2320.4738769531
868.042053      2258.0595703125
868.340027      2320.4738769531
868.637878      2246.9143066406
868.935791      2336.0776367188
869.233582      2371.7429199219
869.531311      2329.3903808594
869.828979      2293.7250976563
870.126648      2371.7429199219
870.424255      2295.9541015625
870.721741      2351.6811523438
871.019165      2240.2270507813
871.316589      2327.1611328125
871.613953      2255.8305664063
871.911316      2327.1611328125
872.208557      2282.5795898438
872.505798      2362.8264160156
872.802979      2353.9101562500
873.100037      2262.5178222656
873.397156      2237.9980468750
873.694092      2222.3942871094
873.991028      2144.3764648438
874.287964      2146.6057128906
874.584778      2157.7509765625
874.881592      2173.3544921875
875.178284      2211.2490234375
875.474976      2222.3942871094
875.771606      2139.9184570313
876.068237      2224.6235351563
876.364746      2180.0417480469
876.661194      2202.3327636719
876.957581      2175.5837402344
877.253967      2215.7070312500
877.550293      2173.3544921875
877.846497      2151.0637207031
878.142761      2133.2312011719
878.438904      2177.8127441406
878.734985      2057.4423828125
879.031067      2102.0239257813
879.326965      2113.1694335938
879.622925      2093.1076660156
879.918823      2108.7111816406
880.214661      2177.8127441406
880.510498      2079.7331542969
880.806213      2102.0239257813
881.101868      2024.0061035156
881.397522      2095.3366699219
881.693115      2117.6274414063
881.988586      2017.3188476563
882.283997      2041.8387451172
882.579407      2024.0061035156
882.874817      1950.4464111328
883.170105      2046.2969970703
883.465332      2108.7111816406
883.760559      1945.9882812500
884.055725      2030.6933593750
884.350769      2039.6097412109
884.645813      2075.2749023438
884.940857      1990.5699462891
885.235718      2032.9224853516
885.530579      1997.2570800781
885.825439      1972.7371826172
886.120239      1992.7989501953
886.414917      1919.2392578125
886.709595      1963.8209228516
887.004272      2039.6097412109
887.298767      1966.0500488281
887.593323      1948.2172851563
887.887756      1921.4683837891
888.182129      1954.9045410156
888.476440      1952.6755371094
888.770752      2006.1734619141
889.065002      1930.3846435547
