0.026600
190.260635         0.0000000000
190.642441         0.0000000000
191.024216      1461.0714111328
191.405975      1449.8496093750
191.787704      1532.8905029297
192.169403      1530.6462402344
192.551071      1510.4470214844
192.932724      1494.7365722656
193.314331      1553.0897216797
193.695923      1597.9766845703
194.077499      1526.1574707031
194.459030      1546.3565673828
194.840546      1519.4244384766
195.222031      1559.8227539063
195.603485      1528.4018554688
195.984909      1631.6418457031
196.366302      1597.9766845703
196.747681      1458.8270263672
197.129028      1568.8001708984
197.510345      1638.3750000000
197.891647      1602.4653320313
198.272919      1597.9766845703
198.654175      1528.4018554688
199.035355      1586.7548828125
199.416550      1564.3114013672
199.797714      1600.2210693359
200.178848      1510.4470214844
200.559937      1582.2662353516
200.941025      1577.7774658203
201.322083      1481.2705078125
201.703079      1532.8905029297
202.084091      1521.6688232422
202.465057      1544.1123046875
202.845993      1517.1800537109
203.226898      1564.3114013672
203.607788      1514.9357910156
203.988647      1559.8227539063
204.369461      1573.2888183594
204.750275      1532.8905029297
205.131042      1483.5148925781
205.511795      1510.4470214844
205.892517      1537.3792724609
206.273209      1600.2210693359
206.653870      1510.4470214844
207.034515      1535.1348876953
207.415115      1618.1757812500
207.795700      1620.4201660156
208.176254      1562.0670166016
208.556778      1606.9541015625
208.937271      1618.1757812500
209.317749      1523.9130859375
209.698196      1645.1080322266
210.078613      1503.7139892578
210.459000      1559.8227539063
210.839371      1553.0897216797
211.219696      1505.9583740234
211.600006      1588.9992675781
211.980286      1485.7591552734
212.360535      1557.5783691406
212.740768      1546.3565673828
213.120956      1521.6688232422
213.501129      1544.1123046875
213.881256      1595.7322998047
214.261383      1526.1574707031
214.641464      1474.5374755859
215.021530      1564.3114013672
215.401550      1573.2888183594
215.781570      1456.5826416016
216.161530      1528.4018554688
216.541504      1537.3792724609
216.921402      1595.7322998047
217.301315      1606.9541015625
217.681152      1512.6914062500
218.061005      1490.2479248047
218.440811      1512.6914062500
218.820587      1465.5600585938
219.200348      1580.0218505859
219.580078      1526.1574707031
219.959763      1541.8679199219
220.339432      1521.6688232422
220.719070      1584.5106201172
221.098694      1514.9357910156
221.478271      1553.0897216797
221.857819      1501.4696044922
222.237366      1557.5783691406
222.616867      1575.5332031250
222.996338      1519.4244384766
223.375778      1494.7365722656
223.755188      1564.3114013672
224.134583      1546.3565673828
224.513947      1564.3114013672
224.893265      1505.9583740234
225.272583      1557.5783691406
225.651855      1566.5557861328
226.031097      1550.8453369141
226.410339      1591.2436523438
226.789520      1597.9766845703
227.168686      1591.2436523438
227.547806      1606.9541015625
227.926926      1577.7774658203
228.306015      1575.5332031250
228.685059      1577.7774658203
229.064087      1571.0444335938
229.443069      1550.8453369141
229.822037      1562.0670166016
230.200989      1550.8453369141
230.579895      1544.1123046875
230.958786      1557.5783691406
231.337631      1492.4921875000
231.716461      1488.0035400391
232.095261      1591.2436523438
232.474030      1541.8679199219
232.852783      1517.1800537109
233.231476      1566.5557861328
233.610184      1485.7591552734
233.988831      1575.5332031250
234.367462      1573.2888183594
234.746048      1479.0261230469
235.124649      1553.0897216797
235.503159      1546.3565673828
235.881683      1544.1123046875
236.260162      1530.6462402344
236.638641      1593.4879150391
237.017075      1548.6009521484
237.395477      1510.4470214844
237.773834      1494.7365722656
238.152176      1575.5332031250
238.530502      1541.8679199219
238.908783      1544.1123046875
239.287048      1615.9313964844
239.665268      1559.8227539063
240.043472      1550.8453369141
240.421661      1530.6462402344
240.799805      1593.4879150391
241.177902      1550.8453369141
241.556000      1622.6645507813
241.934052      1537.3792724609
242.312088      1544.1123046875
242.690094      1501.4696044922
243.068054      1568.8001708984
243.446014      1523.9130859375
243.823929      1479.0261230469
244.201813      1550.8453369141
244.579666      1580.0218505859
244.957504      1571.0444335938
245.335297      1557.5783691406
245.713074      1577.7774658203
246.090820      1559.8227539063
246.468536      1571.0444335938
246.846207      1548.6009521484
247.223862      1573.2888183594
247.601501      1548.6009521484
247.979095      1573.2888183594
248.356674      1611.4427490234
248.734222      1521.6688232422
249.111725      1591.2436523438
249.489212      1575.5332031250
249.866669      1588.9992675781
250.244095      1604.7097167969
250.621506      1586.7548828125
250.998871      1620.4201660156
251.376221      1548.6009521484
251.753510      1494.7365722656
252.130814      1532.8905029297
252.508057      1496.9809570313
252.885284      1539.6235351563
253.262466      1548.6009521484
253.639648      1557.5783691406
254.016769      1620.4201660156
254.393906      1566.5557861328
254.770966      1499.2253417969
255.148026      1582.2662353516
255.525040      1568.8001708984
255.902054      1544.1123046875
256.278992      1555.3339843750
256.655945      1526.1574707031
257.032837      1526.1574707031
257.409729      1566.5557861328
257.786591      1517.1800537109
258.163391      1523.9130859375
258.540161      1559.8227539063
258.916962      1562.0670166016
259.293701      1555.3339843750
259.670380      1503.7139892578
260.047058      1593.4879150391
260.423706      1559.8227539063
260.800323      1595.7322998047
261.176880      1577.7774658203
261.553436      1645.1080322266
261.929962      1510.4470214844
262.306488      1476.7818603516
262.682953      1539.6235351563
263.059387      1553.0897216797
263.435791      1526.1574707031
263.812195      1564.3114013672
264.188507      1566.5557861328
264.564850      1618.1757812500
264.941132      1562.0670166016
265.317413      1517.1800537109
265.693634      1629.3975830078
266.069885      1559.8227539063
266.446045      1555.3339843750
266.822174      1577.7774658203
267.198273      1472.2930908203
267.574371      1580.0218505859
267.950439      1577.7774658203
268.326447      1595.7322998047
268.702454      1564.3114013672
269.078430      1519.4244384766
269.454376      1568.8001708984
269.830292      1597.9766845703
270.206146      1602.4653320313
270.582001      1573.2888183594
270.957825      1636.1306152344
271.333618      1548.6009521484
271.709381      1593.4879150391
272.085144      1586.7548828125
272.460815      1530.6462402344
272.836487      1541.8679199219
273.212128      1615.9313964844
273.587769      1490.2479248047
273.963348      1597.9766845703
274.338898      1638.3750000000
274.714447      1591.2436523438
275.089935      1606.9541015625
275.465393      1593.4879150391
275.840820      1517.1800537109
276.216278      1584.5106201172
276.591644      1600.2210693359
276.966949      1600.2210693359
277.342285      1557.5783691406
277.717590      1584.5106201172
278.092834      1508.2026367188
278.468048      1602.4653320313
278.843262      1595.7322998047
279.218445      1629.3975830078
279.593567      1562.0670166016
279.968658      1580.0218505859
280.343781      1548.6009521484
280.718811      1517.1800537109
281.093842      1604.7097167969
281.468811      1566.5557861328
281.843781      1566.5557861328
282.218719      1586.7548828125
282.593628      1586.7548828125
282.968506      1530.6462402344
283.343353      1521.6688232422
283.718170      1573.2888183594
284.092896      1606.9541015625
284.467682      1519.4244384766
284.842407      1568.8001708984
285.217102      1514.9357910156
285.591766      1532.8905029297
285.966400      1557.5783691406
286.340973      1575.5332031250
286.715576      1546.3565673828
287.090118      1611.4427490234
287.464630      1571.0444335938
287.839081      1564.3114013672
288.213562      1591.2436523438
288.587982      1573.2888183594
288.962372      1544.1123046875
289.336731      1604.7097167969
289.711060      1557.5783691406
290.085327      1631.6418457031
290.459625      1591.2436523438
290.833862      1629.3975830078
291.208069      1604.7097167969
291.582275      1591.2436523438
291.956421      1566.5557861328
292.330505      1573.2888183594
292.704620      1586.7548828125
293.078705      1597.9766845703
293.452698      1591.2436523438
293.826691      1530.6462402344
294.200684      1528.4018554688
294.574615      1588.9992675781
294.948517      1593.4879150391
295.322388      1602.4653320313
295.696259      1541.8679199219
296.070068      1535.1348876953
296.443848      1530.6462402344
296.817596      1627.1531982422
297.191345      1548.6009521484
297.565063      1573.2888183594
297.938690      1580.0218505859
298.312317      1568.8001708984
298.685913      1609.1983642578
299.059540      1620.4201660156
299.433044      1575.5332031250
299.806549      1611.4427490234
300.180054      1613.6871337891
300.553528      1566.5557861328
300.926910      1566.5557861328
301.300323      1588.9992675781
301.673676      1656.3297119141
302.046997      1633.8862304688
302.420319      1622.6645507813
302.793579      1591.2436523438
303.166809      1613.6871337891
303.540039      1685.5062255859
303.913208      1624.9088134766
304.286377      1611.4427490234
304.659454      1539.6235351563
305.032593      1676.5289306641
305.405609      1692.2393798828
305.778656      1642.8636474609
306.151611      1658.5740966797
306.524597      1658.5740966797
306.897522      1672.0401611328
307.270416      1757.3254394531
307.643280      1721.4158935547
308.016144      1728.1489257813
308.388916      1764.0584716797
308.761749      1764.0584716797
309.134460      1779.7689208984
309.507202      1790.9907226563
309.879913      1766.3028564453
310.252563      1766.3028564453
310.625153      1842.6107177734
310.997742      1878.5202636719
311.370361      1867.2985839844
311.742859      1961.5612792969
312.115356      1970.5385742188
312.487823      1936.8734130859
312.860291      1939.1177978516
313.232697      1986.2490234375
313.605042      1975.0273437500
313.977386      2053.5795898438
314.349731      2026.6473388672
314.721985      2078.2673339844
315.094269      2102.9553222656
315.466492      2154.5751953125
315.838684      2159.0639648438
316.210846      2192.7292480469
316.582977      2208.4396972656
316.955048      2340.8562011719
317.327148      2336.3676757813
317.699158      2464.2954101563
318.071167      2450.8293457031
318.443176      2356.5666503906
318.815125      2457.5625000000
319.187012      2473.2729492188
319.558868      2556.3137207031
319.930756      2533.8703613281
320.302582      2587.7346191406
320.674347      2641.5991210938
321.046112      2684.2416992188
321.417847      2625.8886718750
321.789581      2592.2233886719
322.161224      2583.2460937500
322.532867      2547.3364257813
322.904419      2641.5991210938
323.276031      2574.2685546875
323.647583      2762.7939453125
324.019073      2857.0566406250
324.390533      2998.4506835938
324.762024      2890.7219238281
325.133423      2976.0070800781
325.504791      3083.7358398438
325.876129      3245.3291015625
326.247467      3442.8317871094
326.618774      3478.7412109375
326.990021      3530.3613281250
327.361237      3523.6284179688
327.732452      3586.4699707031
328.103607      3472.0083007813
328.474731      3622.3796386719
328.845825      3770.5068359375
329.216919      3770.5068359375
329.587952      3945.5659179688
329.958954      4075.7382812500
330.329926      4019.6293945313
330.700867      3905.1677246094
331.071808      3826.6154785156
331.442688      3799.6833496094
331.813507      3813.1494140625
332.184357      3862.5251464844
332.555115      4006.1633300781
332.925873      3918.6337890625
333.296570      3972.4980468750
333.667267      3976.9868164063
334.037994      3988.2084960938
334.408600      4042.0729980469
334.779144      4183.4667968750
335.149750      4125.1137695313
335.520294      4082.4711914063
335.890778      3992.6972656250
336.261230      3873.7468261719
336.631683      3927.6110839844
337.002106      3792.9501953125
337.372498      3819.8823242188
337.742798      4136.3354492188
338.113129      4196.9331054688
338.483429      4223.8652343750
338.853668      4284.4628906250
339.223907      4396.6801757813
339.594086      4560.5175781250
339.964233      4549.2958984375
340.334381      4760.2646484375
340.704437      4565.0063476563
341.074493      4513.3862304688
341.444519      4531.3413085938
341.814545      4728.8437500000
342.184509      4728.8437500000
342.554413      4953.2788085938
342.924347      4870.2377929688
343.294220      4908.3916015625
343.664032      4636.8256835938
344.033813      4475.2324218750
344.403595      4511.1420898438
344.773346      4562.7622070313
345.143036      4697.4228515625
345.512695      5040.8085937500
345.882385      4939.8125000000
346.251984      4912.8803710938
346.621552      5063.2519531250
346.991089      5157.5146484375
347.360626      5117.1162109375
347.730103      5083.4511718750
348.099548      5027.3422851563
348.468964      5090.1840820313
348.838379      5087.9399414063
349.207764      5144.0483398438
349.577057      5224.8452148438
349.946320      5536.8095703125
350.315582      5678.2036132813
350.684845      5761.2446289063
351.054047      5644.5385742188
351.423157      5720.8461914063
351.792328      5637.8051757813
352.161438      5637.8051757813
352.530487      5680.4477539063
352.899506      5586.1850585938
353.268524      5859.9960937500
353.637512      6196.6484375000
354.006409      6320.0874023438
354.375336      6340.2866210938
354.744232      6385.1738281250
355.113068      6353.7529296875
355.481873      6268.4672851563
355.850616      6115.8515625000
356.219391      6073.2089843750
356.588135      5857.7514648438
356.956818      5541.2983398438
357.325470      5480.7006835938
357.694031      5447.0356445313
358.062653      5316.8632812500
358.431213      5193.4243164063
358.799713      5337.0625000000
359.168182      5714.1132812500
359.536652      6228.0693359375
359.905090      6584.9208984375
360.273438      6638.7851562500
360.641785      6504.1240234375
361.010132      6151.7612304688
361.378448      6380.6850585938
361.746704      6295.3994140625
362.114899      6544.5224609375
362.483124      6654.4956054688
362.851288      7101.1210937500
363.219421      7051.7451171875
363.587463      7080.9218750000
363.955566      7298.6235351563
364.323608      7343.5107421875
364.691589      7448.9951171875
365.059540      7541.0136718750
365.427490      7998.8608398438
365.795410      8414.0654296875
366.163269      8571.1699218750
366.531067      8840.4912109375
366.898895      8564.4365234375
367.266693      8649.7216796875
367.634430      8708.0751953125
368.002106      8508.3281250000
368.369812      8317.5585937500
368.737457      8432.0205078125
369.105042      8447.7304687500
369.472595      8923.5322265625
369.840149      9094.1035156250
370.207672      9125.5244140625
370.575134      8791.1162109375
370.942566      8593.6132812500
371.309998      8577.9023437500
371.677399      8764.1835937500
372.044708      8492.6171875000
372.411987      8270.4267578125
372.779297      8129.0327148438
373.146576      8122.2998046875
373.513794      7668.9414062500
373.880951      7799.1137695313
374.248077      7603.8554687500
374.615204      7655.4750976563
374.982300      7819.3129882813
375.349365      8239.0058593750
375.716339      8651.9667968750
376.083374      8943.7314453125
376.450317      8934.7539062500
376.817230      9235.4970703125
377.184082      9614.7919921875
377.550964     10142.2138671875
377.917786     10593.3281250000
378.284576     10851.4287109375
378.651306     10606.7949218750
379.018036     10290.3408203125
379.384735      9897.5800781250
379.751373      9455.4433593750
380.117981      9684.3671875000
380.484589     10052.4404296875
380.851166     10389.0927734375
381.217651      9904.3134765625
381.584137      9433.0000000000
381.950623      8795.6044921875
382.317017      8328.7802734375
382.683411      7637.5205078125
383.049774      7437.7734375000
383.416107      7255.9809570313
383.782410      7361.4653320313
384.148651      7953.9736328125
384.514832      8678.8984375000
384.881042      9417.2890625000
385.247223      9545.2177734375
385.613342      9406.0673828125
385.979401      9522.7734375000
386.345459      9390.3574218750
386.711517      9670.9013671875
387.077484      9661.9238281250
387.443420      9810.0507812500
387.809357      9803.3173828125
388.175262      9875.1367187500
388.541107      9843.7158203125
388.906891     10169.1464843750
389.272705     10793.0751953125
389.638489     11342.9414062500
390.004211     11758.1455078125
390.369873     11838.9423828125
390.735535     12220.4814453125
391.101196     12606.5097656250
391.466766     12720.9716796875
391.832336     12352.8984375000
392.197815     11338.4521484375
392.563324     10451.9345703125
392.928802      8932.5097656250
393.294189      7900.1093750000
393.659607      7624.0541992188
394.024963      8494.8623046875
394.390289      9843.7158203125
394.755554     11060.1533203125
395.120789     12391.0517578125
395.486023     12602.0205078125
395.851227     12189.0605468750
396.216370     11201.5468750000
396.581482      9675.3896484375
396.946564      8981.8857421875
397.311646      9610.3037109375
397.676636     11345.1855468750
398.041626     13192.2851562500
398.406586     14516.4511718750
398.771515     15860.8164062500
399.136383     16316.4189453125
399.501221     16895.4609375000
399.866058     17007.6777343750
400.230865     17463.2812500000
400.595581     17613.6523437500
400.960297     18188.2070312500
401.324982     18567.5019531250
401.689636     18823.3574218750
402.054230     18866.0000000000
402.418793     19258.7617187500
402.783356     19301.4042968750
403.147919     18830.0898437500
403.512360     18643.8085937500
403.876770     19034.3261718750
404.241211     18888.4433593750
404.605621     18607.9003906250
404.969910     18789.6914062500
405.334229     19283.4492187500
405.698517     18814.3789062500
406.062775     18758.2714843750
406.426971     18749.2929687500
406.791107     18919.8632812500
407.155273     19061.2578125000
407.519379     19074.7246093750
407.883484     19588.6796875000
408.247498     19896.1562500000
408.611481     20699.6328125000
408.975464     20632.3027343750
409.339417     21063.2167968750
409.703308     20358.4921875000
410.067169     19245.2949218750
410.431030     19458.5078125000
410.794800     19963.4863281250
411.158569     20823.0722656250
411.522278     21458.2226562500
411.885986     22037.2656250000
412.249664     22035.0214843750
412.613312     22122.5507812500
412.976868     21783.6542968750
413.340454     21806.0976562500
413.703979     22106.8398437500
414.067474     22142.7500000000
414.430908     22026.0429687500
414.794342     22032.7773437500
415.157745     22483.8906250000
415.521088     22241.5019531250
415.884369     22748.7246093750
416.247711     23321.0332031250
416.610931     22495.1132812500
416.974152     22991.1132812500
417.337341     22257.2109375000
417.700500     21951.9804687500
418.063629     21963.2011718750
418.426697     22122.5507812500
418.789703     21873.4277343750
419.152740     22371.6738281250
419.515717     22288.6328125000
419.878662     22041.7539062500
420.241577     22270.6777343750
420.604431     22423.2929687500
420.967285     23215.5488281250
421.330109     23505.0703125000
421.692841     23419.7851562500
422.055603     23498.3359375000
422.418335     22495.1132812500
422.780975     22124.7949218750
423.143585     22055.2207031250
423.506226     22293.1210937500
423.868774     22878.8964843750
424.231293     23433.2500000000
424.593811     23273.9023437500
424.956238     22950.7148437500
425.318665     22618.5507812500
425.681091     23031.5117187500
426.043427     23166.1738281250
426.405731     22759.9453125000
426.768036     22679.1484375000
427.130310     22180.9042968750
427.492493     22017.0664062500
427.854675     22299.8535156250
428.216858     22268.4335937500
428.578979     22474.9140625000
428.941040     21864.4511718750
429.303040     21054.2402343750
429.665070     20095.9023437500
430.027069     19261.0058593750
430.389008     18313.8906250000
430.750885     18060.2792968750
431.112762     18913.1308593750
431.474640     20827.5605468750
431.836395     22892.3613281250
432.198181     23154.9511718750
432.559937     23650.9531250000
432.921600     23922.5195312500
433.283264     24299.5683593750
433.644867     23902.3203125000
434.006500     23105.5761718750
434.368073     23406.3183593750
434.729553     24023.5136718750
435.091034     24876.3671875000
435.452515     24782.1035156250
435.813934     25558.6484375000
436.175293     26162.3789062500
436.536621     26965.8554687500
436.897949     26568.6054687500
437.259277     26366.6152343750
437.620483     25933.4550781250
437.981659     25096.3125000000
438.342865     24548.6914062500
438.704010     24779.8593750000
439.065125     24779.8593750000
439.426178     25590.0703125000
439.787201     26193.8007812500
440.148224     26052.4062500000
440.509186     26575.3398437500
440.870087     26898.5253906250
441.230988     27657.1152343750
441.591858     28144.1386718750
441.952667     28043.1445312500
442.313416     28727.6699218750
442.674194     29118.1875000000
443.034912     29362.8203125000
443.395630     28628.9179687500
443.756226     29448.1054687500
444.116852     29607.4550781250
444.477417     28754.6015625000
444.837982     29174.2949218750
445.198456     29315.6894531250
445.558960     29046.3671875000
445.919403     28642.3847656250
446.279816     28970.0605468750
446.640106     29109.2089843750
447.000458     29560.3242187500
447.360779     30498.4609375000
447.721039     30303.2031250000
448.081207     31073.0156250000
448.441406     30922.6445312500
448.801575     31970.7558593750
449.161713     30933.8652343750
449.521759     31200.9433593750
449.881805     31180.7441406250
450.241852     31981.9765625000
450.601837     32641.8144531250
450.961792     32994.1796875000
451.321655     32754.0332031250
451.681549     32430.8457031250
452.041382     31995.4433593750
452.401184     31573.5058593750
452.760895     30473.7734375000
453.120636     29962.0625000000
453.480347     30249.3398437500
453.840027     30314.4257812500
454.199585     30523.1503906250
454.559174     31079.7480468750
454.918762     30871.0234375000
455.278290     31073.0156250000
455.637726     31420.8886718750
455.997162     31310.9160156250
456.356598     32127.8593750000
456.715973     31387.2246093750
457.075287     32255.7871093750
457.434570     32204.1679687500
457.793854     31557.7949218750
458.153107     31283.9843750000
458.512268     31095.4589843750
458.871429     31831.6054687500
459.230560     31847.3164062500
459.589661     31766.5195312500
459.948639     30897.9550781250
460.307678     31604.9257812500
460.666687     32410.6464843750
461.025635     32673.2363281250
461.384491     33153.5273437500
461.743378     32940.3125000000
462.102264     33739.3007812500
462.461060     33386.9375000000
462.819794     33550.7773437500
463.178497     33660.7500000000
463.537231     33974.9570312500
463.895905     33328.5859375000
464.254456     33261.2539062500
464.613068     32536.3300781250
464.971649     32774.2304687500
465.330170     33333.0742187500
465.688568     34280.1914062500
466.047028     34549.5117187500
466.405457     33797.6562500000
466.763855     34125.3320312500
467.122192     34183.6835937500
467.480438     35153.2421875000
467.838715     35126.3085937500
468.196960     35745.7500000000
468.555176     36082.4023437500
468.913269     36726.5312500000
469.271393     36098.1132812500
469.629486     36616.5585937500
469.987549     36508.8281250000
470.345520     36656.9570312500
470.703491     36811.8164062500
471.061462     37285.3750000000
471.419342     38360.4179687500
471.777191     39213.2695312500
472.135040     39891.0625000000
472.492828     40770.8476562500
472.850586     40674.3398437500
473.208282     40981.8164062500
473.565979     41661.8554687500
473.923615     42243.1406250000
474.281281     41958.1093750000
474.638794     43174.5468750000
474.996338     43926.4023437500
475.353851     44215.9257812500
475.711334     44249.5898437500
476.068726     44117.1718750000
476.426117     44307.9414062500
476.783478     45050.8242187500
477.140808     46509.6484375000
477.498077     47272.7265625000
477.855316     47712.6210937500
478.212555     48069.4726562500
478.569763     48011.1171875000
478.926819     48540.7851562500
479.283936     49431.7929687500
479.641022     49503.6093750000
479.998077     49974.9257812500
480.355011     50778.4023437500
480.711975     50758.2031250000
481.068939     51049.9687500000
481.425842     51525.7695312500
481.782623     51810.8007812500
482.139435     52217.0312500000
482.496216     52158.6757812500
482.852966     52335.9804687500
483.209717     52778.1171875000
483.566315     52744.4531250000
483.922943     52773.6289062500
484.279572     52663.6562500000
484.636139     52603.0585937500
484.992615     52383.1093750000
485.349121     51465.1718750000
485.705566     50322.7968750000
486.062012     48170.4687500000
486.418304     48724.8203125000
486.774689     49418.3242187500
487.130981     50589.8750000000
487.487274     51563.9218750000
487.843445     52407.8007812500
488.199615     52930.7343750000
488.555786     53343.6914062500
488.911957     53229.2304687500
489.267975     53855.4062500000
489.624023     54649.9023437500
489.980042     55179.5703125000
490.336029     55148.1484375000
490.691925     55002.2656250000
491.047821     55067.3515625000
491.403687     54640.9257812500
491.759521     54438.9335937500
492.115265     54340.1835937500
492.471008     54537.6875000000
492.826752     54914.7382812500
493.182434     55269.3437500000
493.538025     55448.8906250000
493.893646     55372.5859375000
494.249207     55985.2929687500
494.604736     56299.5000000000
494.960205     56654.1093750000
495.315674     56422.9414062500
495.671082     56216.4609375000
496.026489     56577.8007812500
496.381775     56384.7851562500
496.737091     56887.5195312500
497.092377     56853.8554687500
497.447632     56620.4414062500
497.802795     56429.6718750000
498.157959     56090.7773437500
498.513062     56101.9960937500
498.868195     55978.5585937500
499.223175     56449.8710937500
499.578217     56263.5898437500
499.933167     56205.2382812500
500.288116     56068.3320312500
500.643036     55785.5429687500
500.997833     55635.1718750000
501.352692     55511.7343750000
501.707489     55159.3710937500
502.062225     55612.7304687500
502.416901     55482.5585937500
502.771606     56158.1054687500
503.126221     56328.6757812500
503.480865     55958.3593750000
503.835358     55648.6406250000
504.189941     55942.6484375000
504.544434     56050.3789062500
504.898865     56658.5976562500
505.253265     56995.2500000000
505.607635     57388.0117187500
505.961975     57462.0742187500
506.316315     57450.8515625000
506.670532     57109.7109375000
507.024750     57152.3515625000
507.378967     56936.8945312500
507.733154     56683.2851562500
508.087189     56600.2421875000
508.441315     56589.0234375000
508.795349     57123.1757812500
509.149353     57212.9492187500
509.503265     57383.5195312500
509.857208     57116.4453125000
510.211121     57177.0429687500
510.565002     56939.1406250000
510.918762     57325.1679687500
511.272583     57563.0703125000
511.626312     57715.6835937500
511.980042     57758.3281250000
512.333618     57527.1601562500
512.687256     57282.5273437500
513.040894     56871.8085937500
513.394470     57138.8867187500
513.747925     56692.2617187500
514.101440     56734.9062500000
514.454895     56544.1367187500
514.808289     56519.4453125000
515.161621     57031.1601562500
515.514893     56757.3476562500
515.868225     56761.8359375000
516.221497     55888.7851562500
516.574707     55076.3320312500
516.927856     53916.0000000000
517.281006     53727.4765625000
517.634155     54443.4257812500
517.987183     54389.5585937500
518.340210     54456.8906250000
518.693237     54775.5859375000
519.046204     54851.8945312500
519.399048     55689.0390625000
519.751892     56097.5078125000
520.104736     56499.2460937500
520.457520     56750.6132812500
520.810364     56696.7500000000
521.163025     57120.9335937500
521.515686     57340.8789062500
521.868408     57334.1445312500
522.221008     57381.2773437500
522.573547     57087.2656250000
522.926086     57102.9765625000
523.278625     57152.3515625000
523.631042     57713.4414062500
523.983459     57870.5468750000
524.335815     58148.8437500000
524.688171     57917.6757812500
525.040527     57962.5625000000
525.392761     58135.3789062500
525.744934     57825.6562500000
526.097168     57381.2773437500
526.449341     56225.4375000000
526.801453     55848.3867187500
527.153503     55675.5703125000
527.505554     56387.0312500000
527.857544     56979.5390625000
528.209534     57385.7656250000
528.561462     57751.5937500000
528.913330     57971.5390625000
529.265198     58065.8046875000
529.617004     57906.4531250000
529.968750     58097.2226562500
530.320496     58195.9765625000
530.672180     58485.4960937500
531.023804     58617.9140625000
531.375488     58458.5664062500
531.727051     58144.3554687500
532.078613     57951.3398437500
532.430115     57280.2812500000
532.781555     57192.7500000000
533.132996     56829.1679687500
533.484375     57161.3320312500
533.835815     57448.6093750000
534.187073     57102.9765625000
534.538330     57322.9257812500
534.889587     57513.6953125000
535.240784     57740.3710937500
535.591919     58025.4062500000
535.942993     58074.7812500000
536.294128     57771.7929687500
536.645203     57515.9375000000
536.996155     57190.5078125000
537.347107     57179.2851562500
537.698120     57489.0039062500
538.049011     57554.0937500000
538.399841     57390.2539062500
538.750610     57446.3632812500
539.101440     57253.3476562500
539.452209     56719.1953125000
539.802856     56633.9101562500
540.153503     56431.9179687500
540.504150     55933.6718750000
540.854736     55996.5117187500
541.205261     56312.9687500000
541.555786     56312.9687500000
541.906250     56582.2890625000
542.256714     56609.2226562500
542.607056     56454.3593750000
542.957458     56541.8906250000
543.307739     56782.0351562500
543.658020     56853.8554687500
544.008240     57143.3750000000
544.358398     56907.7187500000
544.708618     56925.6757812500
545.058777     56916.6953125000
545.408813     57024.4257812500
545.758850     57170.3085937500
546.108887     57244.3710937500
546.458862     57053.6015625000
546.808716     57040.1367187500
547.158691     57154.5976562500
547.508545     56777.5468750000
547.858337     56822.4335937500
548.208069     56636.1523437500
548.557800     57004.2265625000
548.907532     57150.1093750000
549.257202     57143.3750000000
549.606812     56963.8281250000
549.956360     57138.8867187500
550.305908     56690.0156250000
550.655457     56961.5820312500
551.004883     56988.5156250000
551.354309     56865.0781250000
551.703674     56804.4804687500
552.053040     56941.3828125000
552.402405     57154.5976562500
552.751587     56813.4570312500
553.100830     56391.5195312500
553.450012     56777.5468750000
553.799255     56826.9218750000
554.148254     56714.7070312500
554.497375     56665.3281250000
554.846436     56871.8085937500
555.195435     56988.5156250000
555.544373     56530.6679687500
555.893250     56692.2617187500
556.242188     56400.4960937500
556.591003     56360.0976562500
556.939758     55796.7656250000
557.288574     55864.0976562500
557.637268     55709.2382812500
557.985962     55585.7968750000
558.334595     55736.1679687500
558.683228     55199.7695312500
559.031799     54795.7851562500
559.380310     54867.6054687500
559.728760     54697.0351562500
560.077209     55287.3007812500
560.425659     55166.1054687500
560.774048     55031.4453125000
561.122314     55567.8437500000
561.470581     55202.0156250000
561.818909     55127.9492187500
562.167114     55060.6210937500
562.515259     55000.0234375000
562.863342     55316.4765625000
563.211487     55372.5859375000
563.559570     55121.2187500000
563.907532     54986.5546875000
564.255554     54955.1367187500
564.603455     54896.7812500000
564.951355     54903.5156250000
565.299255     54569.1093750000
565.647095     54290.8085937500
565.994812     54070.8632812500
566.342590     54014.7539062500
566.690308     54389.5585937500
567.037903     54311.0078125000
567.385620     54342.4296875000
567.733154     54064.1289062500
568.080750     53920.4921875000
568.428162     53323.4921875000
568.775696     53687.0781250000
569.123108     53280.8515625000
569.470520     53390.8242187500
569.817810     53420.0000000000
570.165161     52809.5390625000
570.512451     52764.6523437500
570.859680     52183.3632812500
571.206787     52210.2968750000
571.554016     52172.1406250000
571.901062     52748.9414062500
572.248169     52953.1757812500
572.595154     53056.4179687500
572.942200     53002.5507812500
573.289124     53143.9453125000
573.636047     53209.0312500000
573.982849     52726.4960937500
574.329712     53081.1054687500
574.676514     52365.1562500000
575.023315     52587.3476562500
575.369995     52133.9882812500
575.716675     51853.4453125000
576.063293     51880.3789062500
576.409912     52212.5390625000
576.756409     52376.3789062500
577.102966     51981.3710937500
577.449402     51911.7968750000
577.795898     51671.6523437500
578.142273     51276.6484375000
578.488647     51027.5234375000
578.834961     51038.7460937500
579.181213     51285.6250000000
579.527405     51406.8203125000
579.873596     51184.6289062500
580.219788     51510.0585937500
580.565918     51608.8125000000
580.911926     51148.7187500000
581.258057     51335.0000000000
581.604065     51869.1562500000
581.949951     51698.5859375000
582.295898     51759.1835937500
582.641724     51620.0312500000
582.987610     51954.4414062500
583.333435     51725.5156250000
583.679199     51613.3007812500
584.024902     51671.6523437500
584.370544     51496.5937500000
584.716187     51528.0156250000
585.061829     51209.3164062500
585.407349     50944.4843750000
585.752869     50266.6914062500
586.098328     50336.2656250000
586.443787     50329.5312500000
586.789124     50657.2070312500
587.134521     50295.8671875000
587.479858     50001.8554687500
587.825134     49694.3828125000
588.170288     49131.0507812500
588.515564     48091.9140625000
588.860657     46442.3203125000
589.205872     45564.7773437500
589.550842     45095.7109375000
589.895935     45663.5312500000
590.240906     45988.9609375000
590.585876     47263.7500000000
590.930786     46743.0625000000
591.275635     47016.8710937500
591.620483     46987.6953125000
591.965271     47068.4921875000
592.310059     47396.1679687500
592.654724     47106.6445312500
592.999451     47362.5039062500
593.344055     47768.7304687500
593.688660     47283.9492187500
594.033203     47277.2148437500
594.377686     46731.8398437500
594.722229     46374.9882812500
595.066528     46787.9492187500
595.411011     46799.1718750000
595.755371     46460.2734375000
596.099670     46585.9570312500
596.443848     47324.3476562500
596.788147     46960.7617187500
597.132324     47106.6445312500
597.476501     46475.9843750000
597.820618     46749.7929687500
598.164612     46536.5820312500
598.508667     46617.3789062500
598.852661     46404.1640625000
599.196655     46422.1210937500
599.540466     46848.5468750000
599.884338     46624.1093750000
600.228210     46121.3750000000
600.571960     46074.2460937500
600.915710     46094.4453125000
601.259460     45964.2734375000
601.603088     45690.4609375000
601.946716     45820.6328125000
602.290283     45576.0000000000
602.633850     45522.1367187500
602.977295     45668.0195312500
603.320801     46511.8945312500
603.664124     46954.0312500000
604.007568     46222.3710937500
604.350952     47032.5820312500
604.694214     46543.3164062500
605.037415     46417.6328125000
605.380676     46740.8164062500
605.723816     46583.7109375000
606.066956     46534.3359375000
606.410034     46060.7812500000
606.753052     46002.4257812500
607.096130     46024.8710937500
607.439087     46321.1250000000
607.781921     46069.7578125000
608.124878     45701.6835937500
608.467712     45317.8984375000
608.810547     45403.1835937500
609.153259     45187.7265625000
609.495972     45219.1484375000
609.838684     45044.0898437500
610.181335     44449.3359375000
610.523865     44296.7226562500
610.866516     44287.7421875000
611.209045     44487.4921875000
611.551453     44341.6093750000
611.893921     44240.6132812500
612.236267     43809.6953125000
612.578674     43838.8750000000
612.920959     43850.0937500000
613.263306     43578.5273437500
613.605469     42914.2031250000
613.947632     43167.8125000000
614.289795     42860.3359375000
614.631958     43087.0156250000
614.973938     42972.5546875000
615.315979     42337.4023437500
615.657959     42204.9882812500
615.999939     41760.6054687500
616.341858     41560.8593750000
616.683716     41549.6367187500
617.025513     41792.0273437500
617.367310     41655.1210937500
617.708984     42007.4843750000
618.050720     42258.8515625000
618.392395     41715.7187500000
618.734070     42216.2109375000
619.075500     41673.0781250000
619.417114     41280.3164062500
619.758606     41370.0898437500
620.100098     41982.7968750000
620.441467     41762.8515625000
620.782776     41262.3593750000
621.124146     41423.9531250000
621.465393     40728.2070312500
621.806641     40860.6210937500
622.147888     40755.1367187500
622.489014     40292.8007812500
622.830139     40169.3632812500
623.171204     40030.2148437500
623.512207     39859.6406250000
623.853271     39646.4296875000
624.194214     39296.3125000000
624.535095     39026.9882812500
624.875916     38883.3515625000
625.216797     38400.8164062500
625.557617     38683.6054687500
625.898315     38833.9765625000
626.239075     38447.9453125000
626.579712     38670.1367187500
626.920349     38084.3632812500
627.260864     38073.1406250000
627.601440     37440.2343750000
627.941895     37103.5820312500
628.282410     37224.7773437500
628.622803     36903.8359375000
628.963135     36998.0976562500
629.303528     36928.5234375000
629.643799     36863.4375000000
629.984070     36679.3984375000
630.324219     36598.6015625000
630.664429     36398.8554687500
631.004517     36196.8632812500
631.344604     36077.9140625000
631.684631     36024.0507812500
632.024597     35911.8320312500
632.364624     35932.0312500000
632.704529     36042.0039062500
633.044373     36551.4726562500
633.384155     36322.5468750000
633.723999     35882.6562500000
634.063782     35487.6484375000
634.403442     36008.3398437500
634.743042     35873.6796875000
635.082764     36048.7382812500
635.422302     35653.7304687500
635.761841     35741.2617187500
636.101318     35471.9414062500
636.440796     35577.4257812500
636.780212     35647.0000000000
637.119507     35667.1992187500
637.458862     35382.1640625000
637.798157     35810.8359375000
638.137451     35418.0742187500
638.476563     35234.0390625000
638.815735     35236.2812500000
639.154907     35736.7734375000
639.494019     34922.0742187500
639.833008     34850.2539062500
640.171997     34886.1640625000
640.510925     34363.2304687500
640.849854     34852.5000000000
641.188660     34405.8750000000
641.527527     34019.8476562500
641.866333     34093.9101562500
642.205078     34188.1718750000
642.543762     34046.7773437500
642.882446     34125.3320312500
643.221008     33687.6835937500
643.559570     33894.1640625000
643.898071     33921.0937500000
644.236572     33806.6328125000
644.575073     33546.2890625000
644.913452     33182.7031250000
645.251831     33211.8789062500
645.590149     32794.4296875000
645.928406     32722.6113281250
646.266602     32545.3085937500
646.604858     32244.5664062500
646.942932     32091.9492187500
647.281128     32260.2753906250
647.619141     31611.6582031250
647.957214     31638.5917968750
648.295166     31598.1933593750
648.633057     31324.3828125000
648.970947     30686.9863281250
649.308838     30633.1230468750
649.646606     30655.5664062500
649.984436     30913.6660156250
650.322144     31322.1386718750
650.659851     31218.8984375000
650.997498     31214.4101562500
651.335022     30823.8925781250
651.672607     30437.8652343750
652.010132     30388.4882812500
652.347595     30718.4082031250
652.684998     30835.1132812500
653.022461     31037.1054687500
653.359802     30974.2636718750
653.697021     30698.2089843750
654.034302     30691.4765625000
654.371521     30814.9160156250
654.708740     30045.1035156250
655.045837     29699.4726562500
655.382935     29071.0566406250
655.719971     27996.0117187500
656.057007     26790.7968750000
656.393921     26267.8632812500
656.730835     26350.9042968750
657.067749     26685.3125000000
657.404602     27755.8671875000
657.741333     28233.9140625000
658.078064     28254.1132812500
658.414795     28431.4160156250
658.751465     28588.5214843750
659.088074     28747.8691406250
659.424683     28893.7519531250
659.761230     28862.3320312500
660.097717     29071.0566406250
660.434143     29710.6953125000
660.770569     29140.6308593750
661.106934     29023.9238281250
661.443298     28887.0195312500
661.779541     29124.9199218750
662.115784     29499.7265625000
662.451965     29178.7851562500
662.788086     29080.0332031250
663.124268     28624.4296875000
663.460266     28907.2187500000
663.796265     28927.4179687500
664.132324     28676.0507812500
664.468201     28590.7656250000
664.804077     28720.9375000000
665.139954     28267.5781250000
665.475769     28370.8183593750
665.811523     28399.9960937500
666.147278     28184.5371093750
666.482971     27881.5507812500
666.818542     28373.0625000000
667.154236     27877.0625000000
667.489685     27933.1699218750
667.825195     27661.6035156250
668.160706     28013.9667968750
668.496094     27387.7929687500
668.831421     27322.7070312500
669.166809     27607.7402343750
669.502136     27621.2070312500
669.837402     27060.1191406250
670.172546     27145.4042968750
670.507751     27042.1640625000
670.842834     27199.2675781250
671.177917     26929.9472656250
671.512878     26550.6523437500
671.847961     26537.1855468750
672.182861     26231.9531250000
672.517761     26180.3339843750
672.852600     26025.4746093750
673.187439     25994.0527343750
673.522217     26173.6015625000
673.856934     26018.7402343750
674.191650     25971.6093750000
674.526306     25765.1289062500
674.860901     25747.1738281250
675.195435     25581.0917968750
675.529968     25542.9394531250
675.864441     25188.3320312500
676.198853     25264.6386718750
676.533264     25100.8027343750
676.867554     24665.3984375000
677.201843     25397.0566406250
677.536133     24914.5214843750
677.870361     25163.6445312500
678.204529     24896.5664062500
678.538635     24979.6074218750
678.872742     24546.4472656250
679.206787     24396.0761718750
679.540710     24575.6250000000
679.874695     24313.0351562500
680.208618     24057.1796875000
680.542480     23659.9296875000
680.876282     24097.5781250000
681.210083     24075.1347656250
681.543823     23776.6367187500
681.877502     23974.1386718750
682.211121     23702.5722656250
682.544739     23828.2558593750
682.878357     23731.7480468750
683.211853     23498.3359375000
683.545227     23691.3515625000
683.878723     23101.0859375000
684.212097     23047.2226562500
684.545471     22982.1367187500
684.878723     22553.4648437500
685.212036     22997.8457031250
685.545227     22780.1445312500
685.878418     22636.5058593750
686.211487     21610.8378906250
686.544556     20434.8007812500
686.877625     19112.8789062500
687.210632     18383.4648437500
687.543518     17925.6171875000
687.876465     18392.4414062500
688.209290     18390.1972656250
688.542114     18966.9960937500
688.874878     18488.9492187500
689.207642     18565.2578125000
689.540344     18672.9863281250
689.872986     18639.3203125000
690.205566     19029.8378906250
690.538147     19108.3886718750
690.870667     19301.4042968750
691.203125     19415.8652343750
691.535461     19312.6250000000
691.867920     19604.3906250000
692.200256     19229.5839843750
692.532593     19193.6738281250
692.864807     19272.2265625000
693.196960     19222.8515625000
693.529114     18850.2890625000
693.861267     19011.8828125000
694.193420     18717.8730468750
694.525391     18583.2109375000
694.857361     18646.0527343750
695.189270     18473.2382812500
695.521240     19041.0585937500
695.853027     18776.2265625000
696.184814     19287.9375000000
696.516663     19225.0957031250
696.848389     19727.8300781250
697.179993     19617.8574218750
697.511658     19436.0644531250
697.843262     19267.7382812500
698.174805     19397.9101562500
698.506287     18931.0859375000
698.837708     19038.8144531250
699.169189     18778.4707031250
699.500549     18419.3750000000
699.831787     18441.8183593750
700.163147     18260.0253906250
700.494385     18309.4003906250
700.825562     18228.6054687500
701.156677     17712.4042968750
701.487793     17840.3320312500
701.818848     18093.9433593750
702.149902     17775.2460937500
702.480774     17649.5625000000
702.811768     17865.0195312500
703.142639     17891.9531250000
703.473511     18129.8535156250
703.804199     17948.0605468750
704.135010     17936.8398437500
704.465759     18125.3652343750
704.796387     18001.9257812500
705.126953     17921.1289062500
705.457520     17977.2382812500
705.788086     17743.8242187500
706.118591     18096.1875000000
706.448975     17815.6445312500
706.779419     17878.4863281250
707.109741     17880.7304687500
707.440063     17808.9121093750
707.770325     17651.8066406250
708.100525     17750.5585937500
708.430725     17768.5136718750
708.760864     17546.3222656250
709.090942     17501.4355468750
709.420959     17595.6972656250
709.750916     17550.8105468750
710.080933     17577.7441406250
710.410828     17692.2050781250
710.740662     17804.4218750000
711.070496     17728.1152343750
711.400269     17380.2402343750
711.729980     17393.7070312500
712.059631     17420.6386718750
712.389282     17104.1855468750
712.718872     17198.4472656250
713.048462     17321.8867187500
713.377930     17200.6933593750
713.707397     16998.7011718750
714.036865     16792.2207031250
714.366211     16881.9941406250
714.695435     16561.0527343750
715.024780     16626.1386718750
715.354004     16482.5000000000
715.683228     16408.4375000000
716.012329     15946.1015625000
716.341431     15539.8740234375
716.670532     15230.1542968750
716.999573     14359.3466796875
717.328430     13719.7070312500
717.657349     13205.7509765625
717.986267     12949.8955078125
718.315125     12433.6943359375
718.643860     12296.7890625000
718.972656     11834.4531250000
719.301331     11663.8828125000
719.630005     11592.0634765625
719.958557     11495.5566406250
720.287170     11450.6699218750
720.615662     11980.3359375000
720.944214     12415.7402343750
721.272583     12880.3203125000
721.600952     13221.4609375000
721.929321     13645.6435546875
722.257629     13717.4628906250
722.585876     13668.0869140625
722.914063     13607.4892578125
723.242188     13100.2666015625
723.570313     12561.6230468750
723.898376     12653.6406250000
724.226440     12541.4238281250
724.554382     12321.4775390625
724.882324     12233.9472656250
725.210266     11892.8066406250
725.538025     12141.9296875000
725.865784     12072.3544921875
726.193604     12112.7529296875
726.521301     12310.2558593750
726.848938     12303.5224609375
727.176514     12103.7753906250
727.504150     11881.5849609375
727.831726     11991.5576171875
728.159119     11984.8251953125
728.486572     11989.3134765625
728.813965     11919.7392578125
729.141357     11892.8066406250
729.468567     11888.3183593750
729.795837     12043.1777343750
730.123108     12005.0244140625
730.450317     11989.3134765625
730.777344     11715.5029296875
731.104431     12009.5126953125
731.431519     11838.9423828125
731.758484     12213.7490234375
732.085388     12159.8837890625
732.412292     12514.4912109375
732.739136     12689.5507812500
733.065979     12830.9443359375
733.392639     13311.2353515625
733.719421     13068.8457031250
734.046082     13181.0634765625
734.372681     13172.0859375000
734.699219     13241.6601562500
735.025757     13409.9863281250
735.352234     13102.5107421875
735.678711     13291.0361328125
736.005127     13448.1406250000
736.331482     13068.8457031250
736.657715     13176.5742187500
736.984009     13181.0634765625
737.310181     13156.3750000000
737.636353     13100.2666015625
737.962524     13068.8457031250
738.288574     12999.2705078125
738.614624     12819.7226562500
738.940613     13127.1982421875
739.266541     13158.6191406250
739.592407     12711.9941406250
739.918274     12866.8544921875
740.244080     12857.8769531250
740.569824     13039.6689453125
740.895569     12792.7910156250
741.221191     12703.0166015625
741.546753     12781.5693359375
741.872375     12756.8808593750
742.197937     12884.8085937500
742.523376     12669.3515625000
742.848816     12716.4824218750
743.174194     12925.2070312500
743.499573     12844.4111328125
743.824890     12875.8320312500
744.150085     12649.1523437500
744.475342     12826.4560546875
744.800476     12644.6640625000
745.125610     12685.0615234375
745.450623     12649.1523437500
745.775696     12536.9345703125
746.100708     12530.2021484375
746.425598     12716.4824218750
746.750427     12617.7314453125
747.075256     12671.5957031250
747.400085     12465.1152343750
747.724915     12429.2060546875
748.049561     12249.6582031250
748.374207     12386.5634765625
748.698853     12431.4501953125
749.023438     12339.4316406250
749.347900     12130.7080078125
749.672363     12099.2871093750
749.996765     12117.2412109375
750.321167     12303.5224609375
750.645508     11948.9150390625
750.969788     11803.0322265625
751.294067     11771.6113281250
751.618286     11883.8291015625
751.942383     11935.4492187500
752.266479     11973.6035156250
752.590576     11610.0185546875
752.914551     11585.3310546875
753.238525     11526.9775390625
753.562439     11518.0000000000
753.886292     11500.0458984375
754.210144     11544.9326171875
754.533936     11529.2216796875
754.857666     11699.7929687500
755.181335     11432.7148437500
755.505005     11387.8281250000
755.828613     11479.8466796875
756.152100     11273.3662109375
756.475586     11149.9267578125
756.799133     11028.7324218750
757.122498     11042.1982421875
757.445862     11093.8183593750
757.769165     11021.9990234375
758.092468     10943.4472656250
758.415710     10853.6728515625
758.738831     10629.2382812500
759.061951     10106.3046875000
759.385071      9051.4609375000
759.708130      7875.4213867188
760.031067      6712.8486328125
760.354004      5693.9140625000
760.676941      4984.6997070313
760.999817      4784.9526367188
761.322632      4731.0883789063
761.645386      5215.8676757813
761.968079      5337.0625000000
762.290771      5395.4155273438
762.613342      5467.2348632813
762.935974      5280.9536132813
763.258484      5186.6909179688
763.580994      5339.3066406250
763.903381      5399.9042968750
764.225830      5557.0087890625
764.548157      5913.8603515625
764.870422      6028.3222656250
765.192688      6405.3725585938
765.514832      6452.5039062500
765.837036      6834.0434570313
766.159119      7031.5463867188
766.481140      7520.8144531250
766.803223      7866.4438476563
767.125183      8180.6528320313
767.447144      8429.7753906250
767.768982      8550.9707031250
768.090820      8512.8164062500
768.412659      8827.0253906250
768.734314      8766.4277343750
769.056091      8970.6640625000
769.377686      9060.4375000000
769.699280      9044.7275390625
770.020813      9089.6142578125
770.342346      9224.2753906250
770.663757      9307.3164062500
770.985229      9125.5244140625
771.306580      9349.9589843750
771.627869      9332.0039062500
771.949158      9116.5468750000
772.270386      9109.8134765625
772.591553      9118.7910156250
772.912659      9058.1933593750
773.233765      9253.4521484375
773.554810      9080.6367187500
773.875793      9121.0351562500
774.196716      8957.1982421875
774.517578      9195.0986328125
774.838440      9053.7050781250
775.159302      9040.2382812500
775.480042      9055.9492187500
775.800659      9046.9716796875
776.121399      8979.6416015625
776.441956      8795.6044921875
776.762573      9112.0576171875
777.083008      8928.0214843750
777.403503      8878.6455078125
777.723999      8602.5908203125
778.044373      8804.5820312500
778.364624      9078.3925781250
778.684937      8923.5322265625
779.005188      8822.5371093750
779.325378      8802.3378906250
779.645447      8838.2470703125
779.965637      8642.9892578125
780.285706      8892.1113281250
780.605652      8728.2744140625
780.925598      8831.5146484375
781.245483      8948.2207031250
781.565369      9024.5283203125
781.885193      8836.0029296875
782.204895      8775.4052734375
782.524658      8858.4462890625
782.844299      8743.9843750000
783.163940      8726.0302734375
783.483582      8490.3730468750
783.803040      8840.4912109375
784.122559      8692.3642578125
784.442017      8645.2333984375
784.761414      8743.9843750000
785.080688      8687.8759765625
785.400024      8577.9023437500
785.719238      8515.0605468750
786.038452      8503.8388671875
786.357544      8402.8437500000
786.676697      8445.4863281250
786.995789      8407.3320312500
787.314758      8279.4042968750
787.633728      8387.1328125000
787.952637      8292.8701171875
788.271484      8122.2998046875
788.590271      8254.7167968750
788.908997      8189.6303710938
789.227783      8032.5258789063
789.546448      7859.7109375000
789.865112      8030.2817382813
790.183655      8070.6796875000
790.502197      7718.3168945313
790.820679      7969.6840820313
791.139099      8059.4580078125
791.457520      7882.1542968750
791.775879      7837.2675781250
792.094116      7832.7788085938
792.412415      7839.5117187500
792.730530      7633.0317382813
793.048767      7707.0952148438
793.366821      7659.9638671875
793.684937      7778.9145507813
794.002869      7716.0727539063
794.320862      7711.5839843750
794.638733      7608.3437500000
794.956665      7650.9863281250
795.274414      7603.8554687500
795.592224      7516.3256835938
795.909912      7343.5107421875
796.227661      7395.1308593750
796.545227      7527.5473632813
796.862854      7462.4614257813
797.180359      7323.3115234375
797.497864      7285.1577148438
797.815308      7399.6196289063
798.132629      7448.9951171875
798.450012      7437.7734375000
798.767273      7386.1533203125
799.084595      7123.5644531250
799.401733      7359.2211914063
799.718933      7045.0122070313
800.036011      7285.1577148438
800.353027      7045.0122070313
800.670044      7065.2114257813
800.987000      7148.2524414063
801.303894      7006.8583984375
801.620850      7018.0800781250
801.937561      7038.2792968750
802.254333      7002.3696289063
802.571106      6847.5097656250
802.887817      6726.3144531250
803.204346      6809.3554687500
803.520935      6908.1069335938
803.837463      6838.5322265625
804.153992      6771.2016601563
804.470337      6780.1791992188
804.786743      6564.7216796875
805.103027      6795.8896484375
805.419434      6820.5771484375
805.735535      6643.2739257813
806.051758      6611.8530273438
806.367920      6733.0478515625
806.684021      6663.4726562500
807.000000      6706.1157226563
807.316040      6623.0747070313
807.632019      6636.5405273438
807.947876      6584.9208984375
808.263672      6645.5180664063
808.579529      6578.1875000000
808.895325      6421.0830078125
809.211060      6486.1694335938
809.526611      6263.9785156250
809.842224      6272.9560546875
810.157837      6400.8842773438
810.473389      6364.9746093750
810.788757      6102.3857421875
811.104187      6156.2500000000
811.419617      6133.8066406250
811.734924      6174.2045898438
812.050171      5889.1723632813
812.365417      6008.1230468750
812.680542      5864.4843750000
812.995728      5747.7783203125
813.310852      5684.9365234375
813.625854      5563.7416992188
813.940796      5431.3251953125
814.255798      5381.9497070313
814.570679      5242.7998046875
814.885498      5078.9624023438
815.200256      4991.4326171875
815.515015      4935.3242187500
815.829651      4829.8393554688
816.144287      4796.1743164063
816.458923      4699.6674804688
816.773438      4704.1562500000
817.087952      4598.6713867188
817.402344      4672.7353515625
817.716797      4569.4951171875
818.031189      4686.2011718750
818.345520      4625.6040039063
818.659668      4679.4682617188
818.973877      4672.7353515625
819.288086      4672.7353515625
819.602173      4688.4458007813
819.916199      4726.5996093750
820.230225      4870.2377929688
820.544189      4881.4594726563
820.858154      5000.4101562500
821.171997      4975.7221679688
821.485779      5002.6542968750
821.799561      5065.4960937500
822.113281      4971.2333984375
822.426880      4672.7353515625
822.740540      4488.6982421875
823.054138      4253.0419921875
823.367676      4143.0688476563
823.681152      4279.9741210938
823.994568      4363.0151367188
824.307922      4354.0375976563
824.621277      4618.8706054688
824.934509      4762.5092773438
825.247742      4715.3779296875
825.560913      4793.9301757813
825.874146      4769.2421875000
826.187134      4823.1064453125
826.500183      4935.3242187500
826.813171      4861.2602539063
827.126160      4789.4414062500
827.439026      4688.4458007813
827.751831      4526.8525390625
828.064636      4432.5898437500
828.377380      4639.0698242188
828.690063      4448.3002929688
829.002686      4425.8569335938
829.315308      4567.2504882813
829.627869      4529.0966796875
829.940308      4432.5898437500
830.252808      4562.7622070313
830.565125      4499.9204101563
830.877563      4466.2548828125
831.189880      4553.7846679688
831.502075      4428.1010742188
831.814270      4363.0151367188
832.126465      4380.9697265625
832.438599      4490.9428710938
832.750549      4457.2778320313
833.062622      4484.2099609375
833.374512      4455.0332031250
833.686462      4398.9243164063
833.998291      4383.2138671875
834.310120      4403.4130859375
834.621887      4345.0600585938
834.933594      4459.5219726563
835.245239      4542.5629882813
835.556885      4452.7890625000
835.868408      4520.1191406250
836.179932      4484.2099609375
836.491333      4580.7167968750
836.802795      4439.3227539063
837.114197      4587.4497070313
837.425537      4430.3452148438
837.736694      4502.1645507813
838.047913      4477.4765625000
838.359131      4504.4086914063
838.670227      4542.5629882813
838.981262      4580.7167968750
839.292358      4349.5488281250
839.603333      4470.7436523438
839.914246      4347.3046875000
840.225037      4410.1464843750
840.535889      4472.9882812500
840.846680      4336.0825195313
841.157410      4331.5942382813
841.468079      4511.1420898438
841.778687      4410.1464843750
842.089233      4324.8608398438
842.399780      4309.1503906250
842.710266      4383.2138671875
843.020691      4376.4809570313
843.331055      4300.1733398438
843.641418      4221.6210937500
843.951721      4324.8608398438
844.261841      4172.2451171875
844.572083      4288.9511718750
844.882202      4255.2861328125
845.192261      4282.2182617188
845.502258      4239.5756835938
845.812256      4313.6391601563
846.122192      4295.6845703125
846.432068      4176.7338867188
846.741882      4187.9555664063
847.051636      4120.6250000000
847.361389      4120.6250000000
847.671143      4122.8696289063
847.980713      4170.0009765625
848.290283      4109.4033203125
848.599792      4122.8696289063
848.909302      4051.0502929688
849.218689      4102.6704101563
849.528076      4042.0729980469
849.837463      3981.4755859375
850.146790      3878.2355957031
850.455933      3792.9501953125
850.765137      3810.9050292969
851.074280      3828.8598632813
851.383362      4109.4033203125
851.692383      3851.3032226563
852.001343      3943.3215332031
852.310303      3822.1267089844
852.619202      3817.6379394531
852.927979      3943.3215332031
853.236816      3831.1042480469
853.545532      3819.8823242188
853.854248      3653.8005371094
854.162842      3552.8049316406
854.471436      3487.7187500000
854.779968      3458.5422363281
855.088440      3593.2031250000
855.396851      3530.3613281250
855.705200      3649.3117675781
856.013611      3716.6423339844
856.321899      3665.0222167969
856.630127      3759.2849121094
856.938293      3763.7736816406
857.246399      3685.2214355469
857.554504      3705.4206542969
857.862549      3673.9997558594
858.170471      3669.5109863281
858.478394      3723.3754882813
858.786316      3734.5971679688
859.094177      3642.5788574219
859.401917      3622.3796386719
859.709656      3631.3571777344
860.017334      3577.4926757813
860.324951      3595.4475097656
860.632507      3647.0676269531
860.940063      3667.2666015625
861.247559      3604.4248046875
861.555054      3660.5336914063
861.862366      3595.4475097656
862.169739      3469.7639160156
862.476990      3588.7143554688
862.784241      3595.4475097656
863.091370      3454.0534667969
863.398499      3420.3881835938
863.705627      3469.7639160156
864.012634      3454.0534667969
864.319519      3344.0803222656
864.626526      3431.6101074219
864.933350      3400.1892089844
865.240234      3469.7639160156
865.546936      3438.3430175781
865.853699      3328.3698730469
866.160400      3265.5280761719
866.466980      3173.5097656250
866.773560      3115.1567382813
867.080078      3115.1567382813
867.386536      3270.0168457031
867.692993      3198.1977539063
867.999329      3218.3967285156
868.305664      3252.0620117188
868.611938      3229.6186523438
868.918152      3296.9489746094
869.224304      3323.8813476563
869.530457      3341.8359375000
869.836487      3299.1933593750
870.142517      3265.5280761719
870.448547      3177.9985351563
870.754395      3301.4377441406
871.060242      3296.9489746094
871.366089      3267.7724609375
871.671814      3182.4873046875
871.977539      3207.1750488281
872.283203      3146.5776367188
872.588806      3240.8403320313
872.894409      3160.0437011719
873.199890      3079.2470703125
873.505371      3115.1567382813
873.810730      3146.5776367188
874.116150      3202.6862792969
874.421387      3110.6679687500
874.726685      3056.8037109375
875.031860      2917.6540527344
875.337097      3050.0705566406
875.642090      2984.9843750000
875.947205      3097.2019042969
876.252197      3112.9123535156
876.557129      3045.5820312500
876.862000      2940.0974121094
877.166870      3045.5820312500
877.471680      3032.1157226563
877.776428      2996.2062988281
878.081116      3047.8261718750
878.385742      2971.5183105469
878.690369      3077.0029296875
878.994873      3007.4279785156
879.299316      2958.0522460938
879.603821      2964.7854003906
879.908203      2946.8305664063
880.212585      2976.0070800781
880.516846      2877.2556152344
880.821106      2830.1245117188
881.125244      2859.3010253906
881.429382      2895.2104492188
881.733459      2949.0749511719
882.037537      2872.7670898438
882.341492      2883.9887695313
882.645447      2872.7670898438
882.949280      2879.5000000000
883.253113      2951.3193359375
883.556885      2843.5905761719
883.860657      2971.5183105469
884.164307      2861.5451660156
884.467896      2787.4816894531
884.771484      2890.7219238281
885.075073      2809.9252929688
885.378540      2816.6582031250
885.681885      2812.1696777344
885.985291      2827.8801269531
886.288635      2720.1513671875
886.591858      2679.7529296875
886.895020      2749.3278808594
887.198242      2695.4633789063
887.501343      2796.4592285156
887.804443      2756.0607910156
888.107422      2715.6625976563
888.410400      2722.3955078125
888.713257      2760.5495605469
889.016174      2774.0156250000
889.318909      2677.5085449219
889.621643      2767.2827148438
889.924377      2735.8618164063
890.227051      2598.9565429688
890.529602      2648.3320312500
890.832153      2634.8659667969
891.134705      2702.1965332031
891.437134      2675.2644042969
891.739441      2538.3588867188
892.041870      2686.4860839844
892.344116      2661.7980957031
892.646362      2518.1599121094
892.948486      2551.8251953125
893.250671      2504.6938476563
893.552734      2542.8476562500
893.854797      2554.0693359375
894.156738      2394.7207031250
894.458618      2531.6259765625
894.760559      2549.5808105469
895.062378      2448.5849609375
895.364136      2401.4536132813
895.665894      2408.1867675781
895.967590      2410.4311523438
896.269165      2327.3901367188
896.570679      2269.0371093750
896.872192      2347.5893554688
897.173706      2313.9240722656
897.475159      2233.1274414063
897.776428      2251.0822753906
898.077759      2165.7971191406
