0.009990
191.033081         0.0000000000
191.409973         0.0000000000
191.786819      1573.3048095703
192.163651      1605.8399658203
192.540451      1661.6143798828
192.917221      1689.5015869141
193.293961      1712.7409667969
193.670670      1703.4453125000
194.047348      1633.7271728516
194.423981      1668.5861816406
194.800613      1670.9101562500
195.177200      1594.2202148438
195.553757      1647.6707763672
195.930283      1647.6707763672
196.306778      1640.6989746094
196.683258      1708.0931396484
197.059677      1698.7973632813
197.436081      1675.5579833984
197.812454      1619.7835693359
198.188812      1696.4733886719
198.565125      1591.8963623047
198.941406      1661.6143798828
199.317673      1680.2059326172
199.693893      1656.9665527344
200.070099      1682.5297851563
200.446259      1640.6989746094
200.822388      1703.4453125000
201.198486      1675.5579833984
201.574570      1661.6143798828
201.950607      1715.0649414063
202.326614      1661.6143798828
202.702606      1617.4595947266
203.078568      1615.1356201172
203.454483      1666.2623291016
203.830383      1629.0793457031
204.206253      1591.8963623047
204.582077      1703.4453125000
204.957870      1673.2341308594
205.333633      1636.0511474609
205.709396      1622.1075439453
206.085098      1689.5015869141
206.460785      1663.9383544922
206.836426      1694.1495361328
207.212051      1673.2341308594
207.587646      1666.2623291016
207.963196      1668.5861816406
208.338730      1624.4313964844
208.714218      1687.1777343750
209.089691      1701.1213378906
209.465134      1608.1638183594
209.840530      1698.7973632813
210.215897      1626.7553710938
210.591263      1645.3468017578
210.966583      1735.9803466797
211.341858      1661.6143798828
211.717102      1631.4031982422
212.092331      1694.1495361328
212.467529      1691.8255615234
212.842697      1636.0511474609
213.217819      1638.3750000000
213.592926      1617.4595947266
213.968002      1661.6143798828
214.343018      1591.8963623047
214.718033      1698.7973632813
215.093018      1645.3468017578
215.467972      1608.1638183594
215.842880      1584.9245605469
216.217773      1617.4595947266
216.592636      1645.3468017578
216.967453      1638.3750000000
217.342255      1666.2623291016
217.717026      1677.8819580078
218.091766      1624.4313964844
218.466446      1703.4453125000
218.841125      1654.6425781250
219.215759      1668.5861816406
219.590378      1729.0085449219
219.964966      1643.0229492188
220.339508      1587.2484130859
220.714020      1659.2904052734
221.088516      1615.1356201172
221.462967      1680.2059326172
221.837402      1638.3750000000
222.211792      1643.0229492188
222.586166      1649.9947509766
222.960510      1615.1356201172
223.334793      1596.5441894531
223.709061      1684.8537597656
224.083313      1612.8117675781
224.457520      1645.3468017578
224.831696      1717.3889160156
225.205856      1649.9947509766
225.579987      1580.2766113281
225.954056      1654.6425781250
226.328110      1626.7553710938
226.702148      1691.8255615234
227.076126      1645.3468017578
227.450104      1633.7271728516
227.824036      1626.7553710938
228.197937      1670.9101562500
228.571823      1649.9947509766
228.945648      1617.4595947266
229.319473      1670.9101562500
229.693237      1640.6989746094
230.066986      1677.8819580078
230.440704      1647.6707763672
230.814392      1675.5579833984
231.188034      1603.5159912109
231.561661      1652.3186035156
231.935257      1624.4313964844
232.308823      1661.6143798828
232.682343      1724.3607177734
233.055847      1636.0511474609
233.429321      1689.5015869141
233.802750      1661.6143798828
234.176147      1668.5861816406
234.549530      1638.3750000000
234.922882      1654.6425781250
235.296188      1647.6707763672
235.669464      1649.9947509766
236.042725      1645.3468017578
236.415924      1677.8819580078
236.789139      1661.6143798828
237.162292      1687.1777343750
237.535416      1710.4171142578
237.908508      1670.9101562500
238.281570      1652.3186035156
238.654617      1633.7271728516
239.027618      1636.0511474609
239.400574      1631.4031982422
239.773514      1622.1075439453
240.146423      1717.3889160156
240.519302      1633.7271728516
240.892136      1666.2623291016
241.264969      1591.8963623047
241.637726      1640.6989746094
242.010498      1712.7409667969
242.383209      1675.5579833984
242.755905      1745.2761230469
243.128555      1670.9101562500
243.501190      1696.4733886719
243.873779      1740.6281738281
244.246353      1661.6143798828
244.618866      1622.1075439453
244.991379      1712.7409667969
245.363861      1708.0931396484
245.736282      1708.0931396484
246.108688      1682.5297851563
246.481079      1603.5159912109
246.853409      1670.9101562500
247.225723      1687.1777343750
247.598007      1684.8537597656
247.970261      1640.6989746094
248.342468      1624.4313964844
248.714645      1643.0229492188
249.086823      1636.0511474609
249.458954      1687.1777343750
249.831024      1668.5861816406
250.203094      1666.2623291016
250.575134      1670.9101562500
250.947113      1622.1075439453
251.319092      1677.8819580078
251.691025      1626.7553710938
252.062912      1673.2341308594
252.434784      1654.6425781250
252.806641      1640.6989746094
253.178452      1719.7127685547
253.550232      1661.6143798828
253.921967      1745.2761230469
254.293686      1670.9101562500
254.665359      1656.9665527344
255.037003      1661.6143798828
255.408630      1587.2484130859
255.780228      1668.5861816406
256.151764      1666.2623291016
256.523285      1687.1777343750
256.894806      1626.7553710938
257.266235      1661.6143798828
257.637695      1659.2904052734
258.009064      1673.2341308594
258.380432      1649.9947509766
258.751770      1673.2341308594
259.123077      1673.2341308594
259.494385      1643.0229492188
259.865601      1626.7553710938
260.236816      1645.3468017578
260.607941      1719.7127685547
260.979126      1708.0931396484
261.350220      1638.3750000000
261.721344      1647.6707763672
262.092346      1715.0649414063
262.463379      1645.3468017578
262.834351      1631.4031982422
263.205292      1652.3186035156
263.576233      1636.0511474609
263.947144      1668.5861816406
264.317993      1710.4171142578
264.688812      1726.6845703125
265.059631      1677.8819580078
265.430359      1698.7973632813
265.801117      1580.2766113281
266.171783      1673.2341308594
266.542450      1696.4733886719
266.913086      1619.7835693359
267.283691      1724.3607177734
267.654266      1715.0649414063
268.024811      1675.5579833984
268.395325      1661.6143798828
268.765778      1675.5579833984
269.136230      1698.7973632813
269.506653      1629.0793457031
269.877045      1638.3750000000
270.247375      1663.9383544922
270.617676      1638.3750000000
270.987946      1598.8681640625
271.358246      1659.2904052734
271.728424      1687.1777343750
272.098633      1656.9665527344
272.468781      1717.3889160156
272.838867      1596.5441894531
273.209015      1682.5297851563
273.579041      1643.0229492188
273.949066      1568.6569824219
274.319061      1647.6707763672
274.689056      1687.1777343750
275.058960      1663.9383544922
275.428864      1666.2623291016
275.798737      1659.2904052734
276.168579      1703.4453125000
276.538361      1701.1213378906
276.908142      1656.9665527344
277.277832      1656.9665527344
277.647583      1631.4031982422
278.017242      1733.6563720703
278.386902      1663.9383544922
278.756500      1631.4031982422
279.126038      1654.6425781250
279.495636      1663.9383544922
279.865143      1675.5579833984
280.234619      1684.8537597656
280.604065      1687.1777343750
280.973450      1557.0372314453
281.342834      1610.4877929688
281.712189      1550.0654296875
282.081512      1654.6425781250
282.450836      1633.7271728516
282.820038      1696.4733886719
283.189270      1663.9383544922
283.558502      1698.7973632813
283.927612      1710.4171142578
284.296722      1608.1638183594
284.665863      1645.3468017578
285.034912      1661.6143798828
285.403931      1701.1213378906
285.772919      1629.0793457031
286.141876      1649.9947509766
286.510834      1682.5297851563
286.879730      1649.9947509766
287.248596      1617.4595947266
287.617401      1680.2059326172
287.986206      1640.6989746094
288.354950      1687.1777343750
288.723724      1677.8819580078
289.092407      1687.1777343750
289.461060      1629.0793457031
289.829742      1666.2623291016
290.198334      1705.7691650391
290.566925      1731.3325195313
290.935455      1680.2059326172
291.303925      1745.2761230469
291.672394      1668.5861816406
292.040894      1617.4595947266
292.409271      1659.2904052734
292.777679      1712.7409667969
293.145996      1656.9665527344
293.514313      1735.9803466797
293.882599      1636.0511474609
294.250824      1729.0085449219
294.619049      1643.0229492188
294.987244      1759.2197265625
295.355377      1691.8255615234
295.723480      1668.5861816406
296.091614      1631.4031982422
296.459625      1661.6143798828
296.827667      1682.5297851563
297.195648      1596.5441894531
297.563599      1742.9521484375
297.931488      1615.1356201172
298.299408      1643.0229492188
298.667267      1717.3889160156
299.035095      1631.4031982422
299.402893      1661.6143798828
299.770599      1682.5297851563
300.138367      1698.7973632813
300.506042      1687.1777343750
300.873718      1666.2623291016
301.241333      1705.7691650391
301.608917      1640.6989746094
301.976471      1666.2623291016
302.344025      1661.6143798828
302.711487      1708.0931396484
303.078979      1659.2904052734
303.446411      1682.5297851563
303.813782      1684.8537597656
304.181183      1801.0505371094
304.548492      1691.8255615234
304.915771      1703.4453125000
305.283051      1733.6563720703
305.650299      1715.0649414063
306.017456      1722.0367431641
306.384644      1794.0787353516
306.751770      1712.7409667969
307.118896      1752.2479248047
307.485962      1812.6702880859
307.852966      1752.2479248047
308.219971      1852.1771240234
308.586945      1766.1915283203
308.953888      1812.6702880859
309.320801      1861.4729003906
309.687653      1777.8111572266
310.054504      1868.4447021484
310.421326      1898.6558837891
310.788086      1861.4729003906
311.154846      1947.4584960938
311.521515      2024.1484375000
311.888184      1968.3740234375
312.254822      1940.4866943359
312.621429      2028.7962646484
312.988007      2131.0495605469
313.354553      2049.7116699219
313.721039      2170.5563964844
314.087494      2154.2888183594
314.453949      2170.5563964844
314.820343      2070.6271972656
315.186737      2175.2043457031
315.553101      2186.8239746094
315.919373      2203.0915527344
316.285645      2189.1479492188
316.651886      2224.0070800781
317.018066      2375.0627441406
317.384308      2428.5134277344
317.750427      2349.4995117188
318.116516      2370.4150390625
318.482574      2412.2458496094
318.848633      2384.3586425781
319.214661      2516.8229980469
319.580627      2572.5974121094
319.946564      2602.8085937500
320.312439      2702.7377929688
320.678314      2723.6533203125
321.044159      2651.6113281250
321.410004      2663.2309570313
321.775757      2679.4985351563
322.141510      2586.5410156250
322.507202      2709.7097167969
322.872894      2644.6394042969
323.238525      2674.8505859375
323.604156      2737.5969238281
323.969696      2860.7653808594
324.335266      3016.4692382813
324.700745      3016.4692382813
325.066223      3028.0888671875
325.431702      3118.7224121094
325.797089      3111.7504882813
326.162445      3316.2570800781
326.527802      3372.0314941406
326.893097      3355.7639160156
327.258362      3351.1159667969
327.623657      3385.9750976563
327.988861      3372.0314941406
328.353973      3283.7219238281
328.719116      3516.1154785156
329.084259      3616.0446777344
329.449341      3660.1994628906
329.814392      3829.8469238281
330.179352      3839.1425781250
330.544312      3757.8049316406
330.909241      3741.5373535156
331.274170      3788.0161132813
331.639069      3734.5654296875
332.003906      3992.5224609375
332.368713      3971.6069335938
332.733459      4138.9301757813
333.098206      4050.6208496094
333.462921      3999.4941406250
333.827606      3985.5505371094
334.192230      3992.5224609375
334.556824      3978.5788574219
334.921356      3959.9873046875
335.285919      3925.1281738281
335.650452      4029.7053222656
336.014893      4057.5925292969
336.379333      3901.8889160156
336.743744      3781.0441894531
337.108124      3739.2133789063
337.472443      3880.9733886719
337.836731      3913.5085449219
338.201019      4064.5644531250
338.565247      4201.6767578125
338.929413      4108.7192382813
339.293579      4341.1127929688
339.657776      4220.2680664063
340.021851      4299.2822265625
340.385895      4410.8310546875
340.749908      4529.3515625000
341.113922      4408.5068359375
341.477875      4522.3798828125
341.841827      4508.4360351563
342.205688      4508.4360351563
342.569580      4657.1679687500
342.933380      4589.7739257813
343.297211      4617.6611328125
343.660950      4496.8164062500
344.024658      4410.8310546875
344.388367      4331.8168945313
344.752014      4527.0278320313
345.115601      4580.4785156250
345.479218      4557.2387695313
345.842804      4710.6186523438
346.206299      4740.8300781250
346.569763      4738.5058593750
346.933228      4647.8725585938
347.296661      4868.6464843750
347.660034      4877.9418945313
348.023407      4652.5205078125
348.386719      4912.8012695313
348.750000      4771.0410156250
349.113220      4752.4497070313
349.476471      4954.6318359375
349.839661      5017.3784179688
350.202820      5214.9130859375
350.565887      5347.3774414063
350.928955      5307.8701171875
351.292023      5426.3911132813
351.655029      5451.9545898438
352.018036      5310.1943359375
352.380981      5249.7719726563
352.743866      5296.2504882813
353.106720      5324.1376953125
353.469574      5489.1372070313
353.832397      5630.8974609375
354.195160      5874.9106445313
354.557892      6007.3750000000
354.920593      5977.1640625000
355.283234      6028.2905273438
355.645905      5988.7836914063
356.008514      5758.7138671875
356.371094      5709.9111328125
356.733612      5568.1513671875
357.096100      5454.2783203125
357.458588      5163.7861328125
357.820984      5242.8002929688
358.183411      5073.1528320313
358.545746      5059.2089843750
358.908081      5103.3637695313
359.270355      5593.7143554688
359.632629      5877.2348632813
359.994873      6204.9096679688
360.357056      6260.6840820313
360.719208      5995.7553710938
361.081329      5935.3330078125
361.443420      5823.7841796875
361.805481      5933.0092773438
362.167511      6077.0932617188
362.529480      6251.3886718750
362.891418      6441.9511718750
363.253326      6525.6127929688
363.615234      6590.6831054688
363.977081      6602.3027343750
364.338867      6832.3725585938
364.700653      6881.1752929688
365.062378      7076.3857421875
365.424103      7136.8081054688
365.785767      7741.0317382813
366.147430      7910.6787109375
366.509033      7606.2431640625
366.870605      7973.4252929688
367.232117      7996.6645507813
367.593628      7836.3129882813
367.955109      7722.4399414063
368.316559      7629.4824218750
368.677917      7992.0166015625
369.039307      7936.2421875000
369.400635      7931.5942382813
369.761902      8157.0161132813
370.123199      8359.1982421875
370.484436      8066.3828125000
370.845581      8238.3535156250
371.206726      8231.3818359375
371.567871      8229.0585937500
371.928955      7847.9326171875
372.290039      7850.2563476563
372.651062      7771.2426757813
373.011993      7510.9619140625
373.372955      7352.9340820313
373.733887      7157.7236328125
374.094788      7018.2875976563
374.455627      7173.9912109375
374.816406      7125.1884765625
375.177185      7576.0322265625
375.537903      7566.7363281250
375.898651      7901.3833007813
376.259338      8145.3964843750
376.619965      8168.6357421875
376.980530      8665.9580078125
377.341095      9030.8164062500
377.701660      9437.5048828125
378.062134      9716.3769531250
378.422607      9683.8417968750
378.783020      9560.6738281250
379.143402      9223.7031250000
379.503784      8995.9570312500
379.864105      8970.3935546875
380.224396      8733.3525390625
380.584656      8986.6611328125
380.944855      9114.4775390625
381.305054      9137.7167968750
381.665192      8559.0566406250
382.025299      8170.9599609375
382.385406      7422.6523437500
382.745453      7308.7792968750
383.105438      6797.5136718750
383.465424      6783.5698242188
383.825348      6825.4008789063
384.185272      7162.3715820313
384.545135      7666.6655273438
384.904968      8154.6923828125
385.264771      8410.3251953125
385.624512      8403.3535156250
385.984253      8559.0566406250
386.343964      8631.0996093750
386.703613      8535.8173828125
387.063232      8577.6484375000
387.422821      8679.9013671875
387.782379      8614.8320312500
388.141907      8844.9013671875
388.501404      8531.1699218750
388.860840      8872.7880859375
389.220215      9195.8154296875
389.579620      9676.8701171875
389.938995      9904.6162109375
390.298279     10257.8544921875
390.657562     10555.3183593750
391.016785     10910.8808593750
391.376007     10901.5849609375
391.735168     10762.1484375000
392.094299     10357.7841796875
392.453430      9569.9697265625
392.812469      8833.2812500000
393.171478      7724.7641601563
393.530457      7190.2587890625
393.889435      7169.3432617188
394.248383      8050.1152343750
394.607269      8930.8867187500
394.966125      9851.1660156250
395.324921     10543.6982421875
395.683655     10727.2900390625
396.042419     10369.4033203125
396.401154      9707.0820312500
396.759827      8672.9296875000
397.118469      8268.5654296875
397.477051      8707.7890625000
397.835632      9985.9541015625
398.194153     11331.5126953125
398.552673     12472.5654296875
398.911163     13425.3798828125
399.269592     14141.1523437500
399.627960     14696.5722656250
399.986328     14847.6289062500
400.344666     14726.7841796875
400.702942     15133.4726562500
401.061188     15272.9091796875
401.419403     15888.7519531250
401.777588     16209.4550781250
402.135712     15867.8369140625
402.493835     16162.9765625000
402.851929     16295.4404296875
403.209961     16265.2294921875
403.567932     16286.1455078125
403.925903     16186.2158203125
404.283905     16332.6240234375
404.641754     15723.7529296875
404.999634     16344.2431640625
405.357452     15995.6533203125
405.715210     15670.3017578125
406.072998     15907.3437500000
406.430725     15463.4716796875
406.788422     15942.2021484375
407.146027     16039.8076171875
407.503662     15765.5830078125
407.861237     16300.0888671875
408.218781     16541.7773437500
408.576294     16874.1015625000
408.933777     17324.9453125000
409.291168     17108.8183593750
409.648590     17159.9453125000
410.005951     16495.2988281250
410.363312     16355.8632812500
410.720612     16490.6523437500
411.077820     17171.5644531250
411.435059     17715.3652343750
411.792267     17847.8300781250
412.149384     18242.8984375000
412.506531     18249.8710937500
412.863586     18591.4902343750
413.220642     18314.9414062500
413.577606     18347.4765625000
413.934601     18373.0390625000
414.291565     18291.7011718750
414.648468     18363.7441406250
415.005310     18482.2656250000
415.362122     18280.0820312500
415.718903     18596.1367187500
416.075684     18907.5449218750
416.432434     19065.5722656250
416.789093     19021.4179687500
417.145752     18728.6015625000
417.502350     18368.3925781250
417.858948     18373.0390625000
418.215485     18135.9980468750
418.571991     18470.6445312500
418.928467     18077.9003906250
419.284882     18696.0664062500
419.641266     18570.5742187500
419.997650     18340.5039062500
420.354004     18398.6035156250
420.710266     18881.9824218750
421.066528     19351.4160156250
421.422760     19332.8261718750
421.778931     19562.8945312500
422.135071     19428.1074218750
422.491211     18744.8691406250
422.847260     18556.6308593750
423.203308     18312.6171875000
423.559296     18777.4042968750
423.915283     18712.3339843750
424.271210     18928.4609375000
424.627136     18849.4472656250
424.982971     19109.7285156250
425.338776     19416.4863281250
425.694611     19093.4609375000
426.050323     19149.2343750000
426.406036     18991.2070312500
426.761749     19053.9531250000
427.117371     18700.7148437500
427.472961     18624.0253906250
427.828552     18479.9414062500
428.184113     19165.5019531250
428.539581     18349.8007812500
428.895050     18475.2929687500
429.250458     18082.5468750000
429.605865     17559.6621093750
429.961212     16627.7636718750
430.316559     16051.4277343750
430.671814     15282.2050781250
431.027069     15877.1318359375
431.382263     16820.6503906250
431.737457     17699.0976562500
432.092590     19030.7128906250
432.447723     19186.4179687500
432.802734     19713.9511718750
433.157776     20120.6406250000
433.512756     20083.4570312500
433.867706     19916.1328125000
434.222656     19718.5996093750
434.577545     20111.3437500000
434.932373     20283.3144531250
435.287201     20755.0742187500
435.641968     21426.6914062500
435.996704     21921.6894531250
436.351410     22051.8300781250
436.706085     22267.9570312500
437.060699     22149.4355468750
437.415283     22147.1113281250
437.769867     21521.9726562500
438.124420     21396.4804687500
438.478882     21343.0312500000
438.833313     20703.9472656250
439.187714     20824.7929687500
439.542084     21614.9316406250
439.896454     21977.4648437500
440.250732     22033.2402343750
440.605011     22288.8730468750
440.959229     22683.9414062500
441.313416     23072.0390625000
441.667572     23567.0371093750
442.021698     24271.1894531250
442.375793     24148.0214843750
442.729858     24445.4843750000
443.083832     24677.8789062500
443.437836     24784.7792968750
443.791748     24594.2167968750
444.145630     24782.4550781250
444.499542     24921.8925781250
444.853363     25224.0039062500
445.207123     24791.7519531250
445.560883     24429.2167968750
445.914612     24120.1347656250
446.268280     24368.7949218750
446.621918     24268.8652343750
446.975555     24687.1738281250
447.329132     25677.1718750000
447.682678     25911.8886718750
448.036133     26295.3378906250
448.389618     26000.1992187500
448.743042     26046.6777343750
449.096405     26581.1816406250
449.449799     26374.3515625000
449.803101     26346.4648437500
450.156372     26550.9707031250
450.509613     27090.1250000000
450.862823     27731.5312500000
451.216003     27510.7578125000
451.569122     27482.8691406250
451.922211     27266.7441406250
452.275269     26836.8164062500
452.628296     26887.9414062500
452.981293     25751.5371093750
453.334229     26114.0722656250
453.687134     25823.5800781250
454.040009     26460.3378906250
454.392853     26581.1816406250
454.745636     26915.8300781250
455.098419     26550.9707031250
455.451172     26662.5195312500
455.803864     26834.4921875000
456.156464     27471.2500000000
456.509125     27631.6015625000
456.861694     28484.4863281250
457.214264     27994.1367187500
457.566742     28284.6269531250
457.919220     27975.5449218750
458.271667     27996.4589843750
458.624023     27805.8964843750
458.976379     27448.0097656250
459.328705     27829.1367187500
459.681000     27801.2500000000
460.033234     27791.9531250000
460.385468     28175.4023437500
460.737610     27675.7558593750
461.089752     28663.4296875000
461.441864     28798.2167968750
461.793945     29014.3437500000
462.145996     29165.4003906250
462.497955     29785.8906250000
462.849884     29049.2031250000
463.201813     29567.4414062500
463.553680     30027.5800781250
463.905518     29351.3144531250
464.257355     29546.5253906250
464.609100     29562.7929687500
464.960815     29497.7226562500
465.312531     29665.0468750000
465.664185     29878.8476562500
466.015778     30115.8886718750
466.367371     30418.0019531250
466.718903     30462.1562500000
467.070435     29799.8339843750
467.421906     30183.2832031250
467.773346     30136.8046875000
468.124725     30160.0449218750
468.476074     31296.4492187500
468.827393     31612.5039062500
469.178680     31600.8847656250
469.529938     32158.6289062500
469.881134     31954.1230468750
470.232330     31563.7011718750
470.583435     32012.2207031250
470.934540     31916.9394531250
471.285614     32611.7968750000
471.636627     32992.9218750000
471.987610     34117.7070312500
472.338562     34357.0742187500
472.689453     35344.7460937500
473.040375     34924.1132812500
473.391205     34831.1562500000
473.741974     35349.3945312500
474.092773     35447.0000000000
474.443481     36780.9375000000
474.794159     36846.0078125000
475.144806     37503.6835937500
475.495422     37436.2890625000
475.846039     38093.9609375000
476.196533     37496.7109375000
476.547028     37868.5390625000
476.897522     38812.0585937500
477.247925     38677.2695312500
477.598328     40013.5351562500
477.948700     40378.3906250000
478.299011     40773.4609375000
478.649231     41203.3906250000
478.999481     41489.2343750000
479.349701     41916.8359375000
479.699829     42251.4843750000
480.049988     42376.9765625000
480.400055     43411.1289062500
480.750153     43127.6093750000
481.100128     43378.5937500000
481.450104     44038.5898437500
481.800049     44596.3359375000
482.149963     44489.4335937500
482.499786     45398.0937500000
482.849670     44810.1367187500
483.199432     45051.8281250000
483.549194     45230.7695312500
483.898926     45170.3476562500
484.248566     45321.4023437500
484.598206     45200.5585937500
484.947815     45504.9960937500
485.297394     44447.6054687500
485.646912     43250.7773437500
485.996399     41510.1484375000
486.345825     40299.3789062500
486.695282     40092.5468750000
487.044617     40726.9804687500
487.393951     41856.4140625000
487.743286     42760.4257812500
488.092529     43959.5781250000
488.441711     44442.9570312500
488.790955     44833.3789062500
489.140076     45344.6445312500
489.489197     45511.9687500000
489.838257     46718.0898437500
490.187286     47540.7617187500
490.536316     47733.6484375000
490.885254     47752.2421875000
491.234161     47522.1718750000
491.583069     47433.8632812500
491.931915     47029.4960937500
492.280731     46399.7109375000
492.629486     46741.3281250000
492.978210     46934.2148437500
493.326874     47213.0898437500
493.675568     47729.0039062500
494.024200     47680.1992187500
494.372742     48472.6601562500
494.721313     48993.2226562500
495.069824     49155.8984375000
495.418274     49625.3359375000
495.766724     49125.6875000000
496.115112     49286.0390625000
496.463470     49262.8007812500
496.811768     49785.6875000000
497.160034     50118.0078125000
497.508301     50238.8515625000
497.856506     49980.8945312500
498.204651     49592.8007812500
498.552765     49297.6601562500
498.900848     48937.4492187500
499.248901     49825.1914062500
499.596924     49920.4726562500
499.944885     49734.5585937500
500.292816     49265.1250000000
500.640778     49225.6171875000
500.988556     48777.0976562500
501.336426     48556.3242187500
501.684204     48349.4921875000
502.031952     48344.8437500000
502.379700     48560.9726562500
502.727295     49151.2500000000
503.074982     49485.8984375000
503.422546     49478.9257812500
503.770081     49253.5039062500
504.117615     49195.4062500000
504.465088     49234.9140625000
504.812561     49674.1367187500
505.159943     50520.0507812500
505.507294     50817.5117187500
505.854645     51168.4296875000
506.201904     51770.3281250000
506.549194     51596.0312500000
506.896332     51605.3281250000
507.243591     51117.3007812500
507.590698     51210.2578125000
507.937775     50682.7265625000
508.284912     50471.2460937500
508.631836     51217.2304687500
508.978851     51263.7109375000
509.325806     51921.3828125000
509.672699     51568.1445312500
510.019592     51361.3164062500
510.366364     51521.6679687500
510.713196     51335.7500000000
511.059937     51654.1289062500
511.406677     52181.6640625000
511.753326     52641.8046875000
512.099976     52565.1132812500
512.446594     52146.8046875000
512.793091     52035.2578125000
513.139648     51863.2851562500
513.486145     51614.6250000000
513.832520     51310.1875000000
514.179016     51166.1054687500
514.525269     51342.7226562500
514.871704     51052.2304687500
515.217957     51314.8359375000
515.564209     51705.2578125000
515.910522     51907.4414062500
516.256531     51361.3164062500
516.602783     50129.6289062500
516.948853     48814.2812500000
517.294922     47726.6796875000
517.640930     48451.7460937500
517.986877     48342.5195312500
518.332886     48660.9023437500
518.678711     48447.0976562500
519.024658     48477.3085937500
519.370422     49674.1367187500
519.716248     50155.1914062500
520.062073     50940.6835937500
520.407715     51077.7929687500
520.753418     51261.3867187500
521.099060     51603.0039062500
521.444580     51577.4414062500
521.790222     52098.0039062500
522.135681     52597.6484375000
522.481201     52372.2265625000
522.826660     51744.7656250000
523.172058     52009.6914062500
523.517395     51633.2148437500
523.862671     52193.2851562500
524.208069     52511.6640625000
524.553284     53197.2226562500
524.898438     53053.1406250000
525.243591     52904.4062500000
525.588745     53141.4492187500
525.933899     52841.6601562500
526.278931     52086.3828125000
526.623962     51022.0195312500
526.968872     50315.5429687500
527.313904     50008.7851562500
527.658813     50613.0078125000
528.003601     51217.2304687500
528.348450     51640.1875000000
528.693237     52379.1992187500
529.037964     52474.4804687500
529.382751     52755.6757812500
529.727356     52895.1132812500
530.072021     52546.5234375000
530.416626     52655.7460937500
530.761169     53190.2539062500
531.105652     53427.2929687500
531.450134     53620.1796875000
531.794617     53366.8710937500
532.138916     53106.5898437500
532.483337     52242.0859375000
532.827637     51707.5820312500
533.171936     51579.7656250000
533.516174     51826.1015625000
533.860352     52000.3984375000
534.204529     51984.1289062500
534.548645     52118.9179687500
534.892700     52239.7617187500
535.236816     52386.1718750000
535.580750     52658.0703125000
535.924744     53294.8281250000
536.268738     52813.7734375000
536.612549     52369.9023437500
536.956421     52128.2148437500
537.300232     52016.6640625000
537.644043     52365.2539062500
537.987671     52446.5937500000
538.331421     52716.1679687500
538.675049     52448.9179687500
539.018677     52665.0429687500
539.362305     52407.0859375000
539.705750     51814.4804687500
540.049316     51556.5234375000
540.392822     51426.3828125000
540.736145     51042.9335937500
541.079590     51112.6523437500
541.422913     51187.0195312500
541.766235     51428.7070312500
542.109436     51902.7929687500
542.452698     52079.4101562500
542.795898     52039.9023437500
543.138977     51719.1992187500
543.482178     52049.1992187500
543.825195     52118.9179687500
544.168213     52692.9296875000
544.511230     52583.7031250000
544.854187     52746.3789062500
545.197083     52476.8046875000
545.539917     52372.2265625000
545.882813     52713.8437500000
546.225586     52813.7734375000
546.568359     52774.2695312500
546.911133     52818.4218750000
547.253662     52513.9882812500
547.596436     52486.1015625000
547.938965     52165.3945312500
548.281494     52158.4257812500
548.624084     52395.4648437500
548.966492     52646.4531250000
549.308960     52507.0156250000
549.651367     52548.8476562500
549.993713     52511.6640625000
550.336060     52500.0429687500
550.678345     52823.0703125000
551.020630     52397.7890625000
551.362732     52948.5625000000
551.704956     52383.8476562500
552.047058     52843.9843750000
552.389160     53225.1132812500
552.731262     52874.1953125000
553.073181     52569.7617187500
553.415161     52353.6367187500
553.757080     52632.5078125000
554.098999     52562.7890625000
554.440857     52685.9570312500
554.782593     52709.1992187500
555.124390     52897.4375000000
555.466125     52588.3515625000
555.807800     52328.0703125000
556.149414     52611.5937500000
556.491089     52379.1992187500
556.832642     52225.8203125000
557.174133     51798.2148437500
557.515686     51630.8906250000
557.857117     51658.7773437500
558.198486     51519.3437500000
558.539917     51022.0195312500
558.881165     51003.4296875000
559.222534     50578.1484375000
559.563782     50682.7265625000
559.904968     50452.6562500000
560.246216     50234.2070312500
560.587280     50780.3320312500
560.928406     50517.7265625000
561.269470     50836.1054687500
561.610474     50626.9492187500
561.951477     50473.5703125000
562.292297     50238.8515625000
562.633301     50380.6132812500
562.974121     50222.5859375000
563.315002     49959.9804687500
563.655762     50696.6679687500
563.996460     50345.7539062500
564.337158     50029.6992187500
564.677795     50020.4023437500
565.018433     49985.5429687500
565.359009     49646.2500000000
565.699524     49430.1250000000
566.040100     48888.6445312500
566.380493     48904.9140625000
566.720947     48881.6757812500
567.061340     48572.5898437500
567.401611     48930.4765625000
567.742004     48856.1093750000
568.082153     48749.2109375000
568.422424     48623.7187500000
568.762634     47787.1015625000
569.102722     47617.4531250000
569.442810     47875.4101562500
569.782898     47533.7929687500
570.122986     47533.7929687500
570.462830     47301.3984375000
570.802856     46848.2304687500
571.142761     46388.0898437500
571.482605     46334.6406250000
571.822449     46666.9648437500
572.162170     46562.3867187500
572.501953     47029.4960937500
572.841675     47257.2421875000
573.181274     46945.8359375000
573.520996     46999.2851562500
573.860474     47266.5390625000
574.200073     47203.7929687500
574.539551     46264.9218750000
574.878967     46392.7382812500
575.218384     46190.5546875000
575.557739     45834.9960937500
575.897156     45758.3046875000
576.236450     46041.8242187500
576.575684     45744.3593750000
576.914856     45979.0781250000
577.254089     45881.4726562500
577.593262     45895.4179687500
577.932251     45205.2070312500
578.271362     45314.4335937500
578.610352     45023.9414062500
578.949341     44828.7304687500
579.288330     45054.1523437500
579.627197     45091.3359375000
579.966064     44740.4218750000
580.304871     45323.7265625000
580.643677     45333.0234375000
580.982483     45237.7421875000
581.321045     45054.1523437500
581.659790     45147.1093750000
581.998413     45061.1250000000
582.336914     44919.3632812500
582.675476     45423.6562500000
583.013916     45604.9257812500
583.352478     45611.8945312500
583.690796     45502.6718750000
584.029175     45381.8281250000
584.367493     45760.6289062500
584.705811     45302.8125000000
585.044128     45040.2070312500
585.382202     44784.5742187500
585.720459     44682.3203125000
586.058594     43938.6640625000
586.396667     44429.0117187500
586.734802     44582.3906250000
587.072693     44105.9843750000
587.410767     44396.4765625000
587.748657     43671.4101562500
588.086487     43676.0585937500
588.424316     43490.1406250000
588.762146     42521.0625000000
589.099976     41084.8671875000
589.437622     40245.9257812500
589.775391     39518.5351562500
590.113037     39685.8593750000
590.450623     40436.4921875000
590.788208     40973.3203125000
591.125671     41215.0078125000
591.463196     40940.7851562500
591.800659     41361.4179687500
592.138062     40943.1093750000
592.475464     41951.6953125000
592.812683     41828.5273437500
593.150024     41496.2070312500
593.487244     41826.2031250000
593.824402     42153.8789062500
594.161621     42112.0468750000
594.498657     41633.3164062500
594.835815     41015.1523437500
595.172852     41403.2460937500
595.509827     41475.2890625000
595.846741     41884.3007812500
596.183655     41691.4140625000
596.520630     41988.8789062500
596.857422     42139.9375000000
597.194214     42207.3281250000
597.530945     41744.8671875000
597.867615     41884.3007812500
598.204346     41498.5273437500
598.540955     41224.3046875000
598.877563     41617.0507812500
599.214111     41937.7539062500
599.550598     41675.1484375000
599.887085     41510.1484375000
600.223450     41988.8789062500
600.559937     41686.7695312500
600.896240     41180.1484375000
601.232544     40926.8398437500
601.568787     41019.7968750000
601.905029     40740.9257812500
602.241272     40706.0664062500
602.577271     41038.3906250000
602.913452     40796.6992187500
603.249512     41312.6132812500
603.585510     40898.9531250000
603.921509     41354.4453125000
604.257385     41215.0078125000
604.593323     41161.5585937500
604.929199     41159.2343750000
605.264954     40901.2773437500
605.600830     40345.8554687500
605.936462     40582.8984375000
606.272217     40805.9960937500
606.607849     40613.1093750000
606.943420     40513.1796875000
607.278992     40438.8125000000
607.614502     40403.9570312500
607.950012     40213.3906250000
608.285461     39718.3945312500
608.620850     39523.1835937500
608.956177     39318.6757812500
609.291504     39434.8750000000
609.626831     39404.6640625000
609.962036     39044.4531250000
610.297302     39118.8203125000
610.632446     39183.8906250000
610.967529     38695.8632812500
611.302673     39046.7773437500
611.637634     38898.0429687500
611.972656     38577.3398437500
612.307617     38756.2851562500
612.642517     38575.0156250000
612.977356     38430.9335937500
613.312195     38647.0585937500
613.646973     37810.4414062500
613.981750     37987.0625000000
614.316406     37422.3437500000
614.651062     37994.0351562500
614.985657     37717.4843750000
615.320313     37394.4570312500
615.654846     37619.8789062500
615.989319     37282.9101562500
616.323792     36650.7968750000
616.658203     36760.0234375000
616.992615     36557.8398437500
617.326904     36546.2226562500
617.661194     36681.0078125000
617.995483     37203.8945312500
618.329712     36801.8554687500
618.663940     37268.9648437500
618.997925     36848.3320312500
619.332092     36929.6718750000
619.666077     36434.6718750000
620.000061     36555.5156250000
620.334045     36994.7421875000
620.667969     37001.7109375000
621.001892     36978.4726562500
621.335632     36920.3750000000
621.669495     36852.9804687500
622.003296     36629.8828125000
622.336914     36174.3906250000
622.670654     35948.9687500000
623.004272     36011.7148437500
623.337891     35739.8164062500
623.671387     35558.5468750000
624.004883     35423.7617187500
624.338440     35302.9140625000
624.671753     35286.6484375000
625.005249     34793.9726562500
625.338562     34631.2968750000
625.671814     34768.4101562500
626.005066     34152.5664062500
626.338257     34127.0039062500
626.671509     34157.2148437500
627.004578     34324.5390625000
627.337708     33968.9765625000
627.670776     33539.0468750000
628.003723     33320.5976562500
628.336731     33083.5546875000
628.669556     32853.4882812500
629.002502     32804.6835937500
629.335327     33037.0781250000
629.668152     33025.4570312500
630.000916     32628.0644531250
630.333618     32625.7402343750
630.666321     32339.8964843750
630.998962     32444.4726562500
631.331482     32342.2207031250
631.664063     32237.6425781250
631.996521     32005.2500000000
632.329102     32054.0527343750
632.661499     31830.9550781250
632.993835     32200.4609375000
633.326172     32107.5019531250
633.658447     31972.7148437500
633.990784     31851.8691406250
634.322937     31779.8281250000
634.655212     32160.9531250000
634.987244     32086.5878906250
635.319397     31338.2792968750
635.651489     31480.0410156250
635.983398     31975.0390625000
636.315430     31308.0683593750
636.647278     31010.6054687500
636.979187     31382.4355468750
637.311035     31682.2226562500
637.642761     31117.5058593750
637.974609     31972.7148437500
638.306335     31310.3925781250
638.637939     31617.1523437500
638.969604     31312.7167968750
639.301147     30926.9433593750
639.632751     31205.8164062500
639.964233     30889.7597656250
640.295715     31008.2812500000
640.627075     30729.4082031250
640.958496     30436.5917968750
641.289917     30187.9316406250
641.621094     30320.3964843750
641.952393     30204.1992187500
642.283569     30315.7480468750
642.614746     30243.7050781250
642.945923     30248.3535156250
643.276917     30606.2402343750
643.608093     29864.9042968750
643.939026     30262.2968750000
644.269958     29976.4531250000
644.600891     30171.6640625000
644.931763     29871.8769531250
645.262634     29969.4824218750
645.593384     29411.7363281250
645.924133     29572.0878906250
646.254822     29820.7500000000
646.585510     29207.2304687500
646.916199     29025.9628906250
647.246704     28740.1191406250
647.577271     29000.4003906250
647.907715     28679.6972656250
648.238220     28463.5703125000
648.568665     28328.7832031250
648.898987     28207.9375000000
649.229309     27912.7988281250
649.559570     27461.9550781250
649.889832     27745.4746093750
650.220093     27199.3496093750
650.550171     27798.9257812500
650.880310     28191.6699218750
651.210388     27991.8125000000
651.540405     28193.9941406250
651.870422     27836.1074218750
652.200317     27515.4042968750
652.530273     27513.0800781250
652.860046     27666.4609375000
653.189941     27703.6445312500
653.519775     27473.5742187500
653.849426     28087.0937500000
654.179199     27527.0253906250
654.508789     27387.5878906250
654.838440     27657.1640625000
655.168030     27550.2636718750
655.497498     26867.0273437500
655.827026     25974.6347656250
656.156372     25233.2988281250
656.485840     24731.3300781250
656.815247     24059.7109375000
657.144470     24141.0488281250
657.473755     24831.2578125000
657.802979     25319.2851562500
658.132202     25584.2148437500
658.461243     25951.3964843750
658.790466     25832.8750000000
659.119507     26009.4941406250
659.448486     26244.2109375000
659.777527     26209.3535156250
660.106384     26009.4941406250
660.435242     26427.8027343750
660.764160     26523.0839843750
661.092896     26509.1406250000
661.421692     26478.9296875000
661.750427     26495.1972656250
662.079102     26904.2089843750
662.407715     26453.3652343750
662.736328     26641.6054687500
663.064880     26258.1562500000
663.393311     26392.9433593750
663.721802     26051.3242187500
664.050232     26541.6757812500
664.378601     25856.1152343750
664.706970     25565.6230468750
665.035217     26002.5214843750
665.363525     25865.4101562500
665.691650     25693.4394531250
666.019897     25732.9453125000
666.347961     25633.0156250000
666.676086     25342.5253906250
667.004150     25191.4687500000
667.332092     25205.4121093750
667.660095     25133.3710937500
667.987915     25193.7929687500
668.315796     24926.5390625000
668.643677     24854.4980468750
668.971436     24882.3847656250
669.299133     24536.1191406250
669.626892     24738.3007812500
669.954468     24484.9921875000
670.282104     24461.7519531250
670.609619     24554.7109375000
670.937256     24738.3007812500
671.264587     24045.7675781250
671.592163     23924.9238281250
671.919495     24148.0214843750
672.246887     23892.3886718750
672.574097     23962.1054687500
672.901489     23732.0371093750
673.228699     23497.3183593750
673.555847     23515.9101562500
673.882996     23288.1640625000
674.210022     23218.4472656250
674.537109     23109.2226562500
674.864136     23048.7988281250
675.191101     22623.5195312500
675.518005     22486.4062500000
675.844849     22628.1679687500
676.171692     22658.3789062500
676.498535     22179.6464843750
676.825256     22365.5625000000
677.151978     22653.7304687500
677.478577     22093.6621093750
677.805237     22535.2089843750
678.131836     21879.8593750000
678.458435     22140.1406250000
678.784851     21865.9160156250
679.111328     21812.4648437500
679.437744     21907.7460937500
679.764099     21749.7187500000
680.090454     21777.6054687500
680.416687     21403.4531250000
680.742920     21161.7636718750
681.069153     21382.5371093750
681.395203     21270.9882812500
681.721313     21338.3828125000
682.047485     20878.2421875000
682.373474     21103.6640625000
682.699402     20759.7226562500
683.025391     20666.7656250000
683.351196     20655.1445312500
683.677063     20597.0468750000
684.002930     20392.5410156250
684.328674     20290.2871093750
684.654358     20371.6250000000
684.980042     19781.3457031250
685.305603     19383.9511718750
685.631287     20085.7812500000
685.956787     19658.1757812500
686.282288     19458.3183593750
686.607788     19028.3906250000
686.933167     18063.9570312500
687.258545     17136.7050781250
687.583923     16379.1025390625
687.909180     16369.8066406250
688.234375     16251.2861328125
688.559631     16504.5957031250
688.884766     16439.5253906250
689.209839     16344.2431640625
689.534973     16393.0468750000
689.859924     15949.1738281250
690.184937     16386.0742187500
690.509827     16083.9628906250
690.834717     16362.8349609375
691.159668     16397.6933593750
691.484436     16511.5664062500
691.809204     16795.0878906250
692.133911     16671.9179687500
692.458557     16920.5800781250
692.783142     16695.1582031250
693.107849     16655.6503906250
693.432312     16595.2285156250
693.756836     16562.6933593750
694.081238     16562.6933593750
694.405701     16439.5253906250
694.730164     16137.4130859375
695.054443     16046.7792968750
695.378723     16137.4130859375
695.702942     16427.9042968750
696.027100     16230.3701171875
696.351257     16235.0185546875
696.675476     16176.9199218750
696.999512     16283.8212890625
697.323486     16718.3964843750
697.647461     16604.5234375000
697.971375     16874.1015625000
698.295349     16269.8779296875
698.619202     16314.0322265625
698.942993     16344.2431640625
699.266724     16167.6240234375
699.590393     16216.4267578125
699.914124     16142.0605468750
700.237793     15740.0205078125
700.561340     15839.9492187500
700.884949     15918.9628906250
701.208374     15700.5126953125
701.531860     15719.1044921875
701.855286     15442.5566406250
702.178650     15533.1894531250
702.501953     15498.3310546875
702.825195     15138.1201171875
703.148499     15421.6406250000
703.471680     15714.4570312500
703.794861     15716.7802734375
704.117981     15496.0068359375
704.440979     15656.3583984375
704.764038     15923.6113281250
705.086975     15702.8369140625
705.409851     15763.2597656250
705.732849     15721.4287109375
706.055664     15609.8798828125
706.378479     15554.1054687500
706.701233     15609.8798828125
707.023926     15563.4013671875
707.346619     15523.8935546875
707.669250     15293.8242187500
707.991821     15600.5839843750
708.314392     15458.8242187500
708.636841     15521.5703125000
708.959290     15658.6826171875
709.281738     15205.5146484375
709.604065     15554.1054687500
709.926392     15602.9082031250
710.248657     15595.9355468750
710.570862     15498.3310546875
710.893066     15340.3027343750
711.215210     15317.0634765625
711.537292     15468.1191406250
711.859314     15491.3583984375
712.181335     15461.1474609375
712.503357     15212.4863281250
712.825256     15212.4863281250
713.147156     15052.1347656250
713.468994     15047.4873046875
713.790771     15012.6279296875
714.112488     15147.4160156250
714.434143     14861.5722656250
714.755859     14845.3046875000
715.077515     14773.2626953125
715.399109     14738.4033203125
715.720581     14673.3330078125
716.042053     14849.9521484375
716.363525     14433.9677734375
716.684875     14171.3632812500
717.006287     13866.9277343750
717.327576     13592.7031250000
717.648804     12653.8330078125
717.969971     12323.8339843750
718.291260     12114.6796875000
718.612366     11610.3857421875
718.933411     11617.3574218750
719.254395     11257.1474609375
719.575439     11078.2041015625
719.896362     10822.5712890625
720.217285     10657.5712890625
720.538147     10694.7548828125
720.859009     10666.8671875000
721.179749     11159.5419921875
721.500488     11436.0898437500
721.821228     12117.0039062500
722.141785     12209.9609375000
722.462402     12428.4111328125
722.782959     12363.3408203125
723.103455     12365.6650390625
723.423950     12251.7919921875
723.744385     11961.2998046875
724.064758     11642.9208984375
724.385071     11461.6533203125
724.705322     11575.5263671875
725.025574     11498.8369140625
725.345825     11259.4707031250
725.665955     11340.8085937500
725.986023     11322.2167968750
726.306091     11117.7109375000
726.626099     11231.5839843750
726.946045     11052.6406250000
727.266052     11164.1894531250
727.585938     11050.3164062500
727.905762     11131.6542968750
728.225525     11124.6826171875
728.545288     11164.1894531250
728.864990     11087.5000000000
729.184692     11099.1191406250
729.504333     10841.1621093750
729.823853     10982.9228515625
730.143372     10992.2187500000
730.462891     11041.0214843750
730.782410     11066.5839843750
731.101746     11089.8232421875
731.421143     10985.2460937500
731.740417     11041.0214843750
732.059631     11050.3164062500
732.378845     11398.9072265625
732.698059     11361.7246093750
733.017212     11568.5546875000
733.336304     11668.4833984375
733.655273     11924.1171875000
733.974304     11989.1865234375
734.293335     11952.0039062500
734.612183     12140.2431640625
734.931030     12228.5527343750
735.249878     12017.0742187500
735.568665     11910.1728515625
735.887329     12058.9052734375
736.206055     11993.8349609375
736.524658     11977.5673828125
736.843262     11800.9482421875
737.161804     12012.4267578125
737.480286     12037.9892578125
737.798828     12142.5664062500
738.117249     12017.0742187500
738.435608     12079.8203125000
738.753906     12063.5527343750
739.072205     12000.8066406250
739.390442     11886.9335937500
739.708618     11845.1025390625
740.026733     11733.5537109375
740.344849     11814.8916015625
740.662903     11875.3144531250
740.980957     11742.8496093750
741.298889     11917.1445312500
741.616821     11870.6660156250
741.934692     11608.0615234375
742.252502     11563.9062500000
742.570313     11466.3017578125
742.888062     11647.5683593750
743.205750     11821.8632812500
743.523438     11712.6386718750
743.841003     11580.1738281250
744.158569     11710.3144531250
744.476074     11777.7089843750
744.793518     11582.4980468750
745.111023     11666.1601562500
745.428345     11526.7236328125
745.745728     11526.7236328125
746.062988     11831.1591796875
746.380249     11345.4570312500
746.697449     11229.2597656250
747.014648     11252.4990234375
747.331726     11440.7382812500
747.648804     11310.5976562500
747.965759     11261.7949218750
748.282776     11243.2031250000
748.599731     11089.8232421875
748.916626     11143.2744140625
749.233459     11201.3730468750
749.550232     10801.6552734375
749.867004     10792.3593750000
750.183655     10889.9648437500
750.500366     10931.7958984375
750.816956     10755.1767578125
751.133545     10636.6562500000
751.450073     10518.1357421875
751.766479     10585.5292968750
752.083008     10627.3603515625
752.399414     10457.7128906250
752.715698     10441.4453125000
753.032043     10467.0087890625
753.348328     10332.2207031250
753.664429     10457.7128906250
753.980713     10420.5302734375
754.296814     10434.4736328125
754.612854     10427.5019531250
754.928833     10374.0517578125
755.244873     10192.7841796875
755.560852      9985.9541015625
755.876709     10018.4892578125
756.192505     10206.7275390625
756.508362     10123.0664062500
756.824097      9837.2216796875
757.139771      9862.7851562500
757.455505      9590.8847656250
757.771118      9737.2929687500
758.086670      9741.9404296875
758.402222      9621.0957031250
758.717712      9800.0390625000
759.033081      9509.5468750000
759.348511      9153.9843750000
759.663879      8473.0712890625
759.979187      7734.0595703125
760.294434      6795.1894531250
760.609619      5693.6435546875
760.924805      4984.8432617188
761.239929      4712.9428710938
761.554993      4496.8164062500
761.869995      4645.5483398438
762.184998      5059.2089843750
762.499939      5049.9135742188
762.814880      5087.0961914063
763.129700      5073.1528320313
763.444519      4922.0966796875
763.759277      4775.6889648438
764.073975      4908.1533203125
764.388672      4982.5190429688
764.703308      5217.2368164063
765.017883      5579.7709960938
765.332397      5661.1083984375
765.646851      6021.3188476563
765.961304      6060.8256835938
766.275696      6483.7822265625
766.590088      6637.1616210938
766.904358      6918.3579101563
767.218628      7078.7099609375
767.532776      7506.3139648438
767.846924      7692.2290039063
768.161072      7968.7773437500
768.475159      8182.5795898438
768.789185      8187.2275390625
769.103149      8408.0009765625
769.417114      8359.1982421875
769.731079      8561.3808593750
770.044861      8654.3388671875
770.358643      8612.5078125000
770.672363      8679.9013671875
770.986084      8882.0839843750
771.299683      8847.2255859375
771.613403      8710.1132812500
771.927002      8614.8320312500
772.240479      8647.3662109375
772.553955      8531.1699218750
772.867371      8665.9580078125
773.180847      8473.0712890625
773.494141      8747.2958984375
773.807434      8707.7890625000
774.120667      8765.8876953125
774.433899      8672.9296875000
774.747009      8387.0859375000
775.060181      8531.1699218750
775.373230      8445.1845703125
775.686218      8628.7753906250
775.999207      8389.4101562500
776.312073      8459.1279296875
776.624939      8328.9873046875
776.937866      8354.5507812500
777.250671      8256.9453125000
777.563416      8359.1982421875
777.876099      8256.9453125000
778.188721      8247.6494140625
778.501343      8119.8330078125
778.813904      8163.9877929688
779.126404      8066.3828125000
779.438904      8143.0727539063
779.751282      8294.1279296875
780.063660      8247.6494140625
780.376038      7985.0449218750
780.688293      7994.3408203125
781.000549      8017.5800781250
781.312683      7748.0034179688
781.624817      8222.0859375000
781.937012      7924.6225585938
782.249023      8054.7631835938
782.561035      7827.0170898438
782.872986      7899.0590820313
783.184937      7780.5385742188
783.496765      7822.3691406250
783.808655      7629.4824218750
784.120422      7564.4125976563
784.432129      7492.3706054688
784.743774      7548.1450195313
785.055420      7483.0747070313
785.367004      7550.4687500000
785.678589      7415.6806640625
785.990051      7413.3564453125
786.301514      7424.9760742188
786.612976      7336.6665039063
786.924316      7248.3569335938
787.235657      7192.5825195313
787.546936      7197.2304687500
787.858154      7127.5122070313
788.169312      7064.7661132813
788.480408      6985.7524414063
788.791504      7025.2592773438
789.102600      6902.0908203125
789.413513      6929.9780273438
789.724487      7041.5268554688
790.035400      6760.3305664063
790.346191      6785.8935546875
790.657043      6730.1191406250
790.967834      6676.6689453125
791.278564      6681.3164062500
791.589172      6539.5566406250
791.899780      6553.5000000000
792.210327      6518.6411132813
792.520935      6653.4291992188
792.831421      6474.4863281250
793.141846      6511.6694335938
793.452209      6495.4018554688
793.762573      6307.1630859375
794.072815      6479.1342773438
794.383118      6244.4165039063
794.693359      6367.5854492188
795.003479      6404.7680664063
795.313538      6265.3320312500
795.623596      6421.0356445313
795.933716      6311.8105468750
796.243652      6225.8251953125
796.553589      6242.0927734375
796.863464      6107.3041992188
797.173218      6044.5581054688
797.483032      6009.6992187500
797.792786      6170.0507812500
798.102478      6228.1489257813
798.412109      6172.3745117188
798.721741      6151.4589843750
799.031250      6046.8818359375
799.340820      6063.1494140625
799.650269      6058.5019531250
799.959656      5926.0375976563
800.269043      5972.5161132813
800.578369      5893.5024414063
800.887573      6028.2905273438
801.196899      5802.8686523438
801.505981      5872.5869140625
801.815186      5774.9814453125
802.124207      5758.7138671875
802.433289      5977.1640625000
802.742188      5661.1083984375
803.051270      5535.6162109375
803.360168      5537.9399414063
803.668945      5630.8974609375
803.977783      5603.0102539063
804.286499      5705.2636718750
804.595276      5605.3339843750
804.903931      5449.6303710938
805.212524      5505.4047851563
805.521057      5570.4750976563
805.829590      5579.7709960938
806.138062      5563.5034179688
806.446533      5570.4750976563
806.754944      5547.2358398438
807.063293      5563.5034179688
807.371521      5523.9965820313
807.679749      5505.4047851563
807.987976      5586.7426757813
808.296143      5447.3066406250
808.604248      5352.0249023438
808.912292      5377.5883789063
809.220276      5370.6166992188
809.528198      5224.2084960938
809.836182      5138.2231445313
810.144043      5221.8847656250
810.451843      5198.6455078125
810.759644      5298.5747070313
811.067322      5096.3920898438
811.375061      5049.9135742188
811.682678      5042.9414062500
811.990295      5042.9414062500
812.297791      5017.3784179688
812.605286      4929.0688476563
812.912720      4889.5620117188
813.220154      4901.1816406250
813.527527      4664.1401367188
813.834839      4513.0839843750
814.142029      4613.0131835938
814.449219      4531.6757812500
814.756409      4459.6337890625
815.063538      4331.8168945313
815.370605      4259.7749023438
815.677612      4183.0849609375
815.984619      4201.6767578125
816.291504      4171.4653320313
816.598389      4055.2687988281
816.905273      3990.1984863281
817.212036      3973.9309082031
817.518738      4041.3251953125
817.825439      4022.7336425781
818.132080      3976.2548828125
818.438721      4052.9448242188
818.745239      3966.9592285156
819.051758      3992.5224609375
819.358215      4013.4377441406
819.664612      3957.6633300781
819.971008      4097.0996093750
820.277344      3915.8325195313
820.583557      4043.6489257813
820.889771      4080.8320312500
821.195923      4336.4648437500
821.502075      4431.7465820313
821.808167      4299.2822265625
822.114197      4285.3383789063
822.420166      4180.7612304688
822.726074      4206.3247070313
823.031921      3920.4804687500
823.337769      3746.1853027344
823.643677      3516.1154785156
823.949402      3688.0866699219
824.255066      3660.1994628906
824.560730      3878.6496582031
824.866272      3959.9873046875
825.171936      4122.6630859375
825.477356      4143.5781250000
825.782837      4159.8457031250
826.088257      4192.3808593750
826.393616      4080.8320312500
826.698914      4085.4799804688
827.004272      4115.6909179688
827.309448      4303.9296875000
827.614624      4199.3525390625
827.919739      3941.3957519531
828.224854      3985.5505371094
828.529907      3836.8186035156
828.834839      3932.1000976563
829.139832      3990.1984863281
829.444702      3857.7341308594
829.749512      3832.1708984375
830.054260      3874.0017089844
830.359131      3862.3820800781
830.663818      3957.6633300781
830.968506      3878.6496582031
831.273071      3953.0156250000
831.577576      3913.5085449219
831.882080      3822.8750000000
832.186646      3904.2128906250
832.491028      3678.7910156250
832.795410      3797.3117675781
833.099731      3771.7485351563
833.403931      3829.8469238281
833.708191      3846.1145019531
834.012390      3755.4809570313
834.316467      3871.6777343750
834.620605      3948.3676757813
834.924622      3885.6213378906
835.228577      3767.1005859375
835.532593      3848.4384765625
835.836426      3846.1145019531
836.140320      3799.6357421875
836.444031      3953.0156250000
836.747803      3788.0161132813
837.051514      3846.1145019531
837.355225      3908.8608398438
837.658752      3757.8049316406
837.962341      3939.0720214844
838.265808      3887.9453125000
838.569336      3799.6357421875
838.872742      3899.5649414063
839.176147      3732.2414550781
839.479370      3871.6777343750
839.782715      3874.0017089844
840.085876      3715.9741210938
840.389038      3880.9733886719
840.692261      3794.9877929688
840.995300      3822.8750000000
841.298340      3713.6501464844
841.601257      3760.1289062500
841.904236      3674.1430664063
842.207153      3836.8186035156
842.509949      3671.8193359375
842.812805      3720.6218261719
843.115540      3736.8894042969
843.418152      3750.8330078125
843.720825      3641.6081542969
844.023438      3767.1005859375
844.325989      3720.6218261719
844.628540      3597.4533691406
844.930969      3688.0866699219
845.233337      3641.6081542969
845.535767      3639.2841796875
845.838013      3560.2702636719
846.140259      3646.2558593750
846.442505      3569.5659179688
846.744690      3676.4670410156
847.046753      3606.7490234375
847.348877      3597.4533691406
847.650879      3516.1154785156
847.952881      3616.0446777344
848.254761      3609.0729980469
848.556641      3555.6223144531
848.858459      3471.9606933594
849.160278      3581.1857910156
849.462036      3616.0446777344
849.763733      3548.6506347656
850.065308      3448.7214355469
850.366882      3360.4118652344
850.668518      3286.0458984375
850.969971      3397.5947265625
851.271423      3281.3979492188
851.572815      3383.6511230469
851.874084      3360.4118652344
852.175476      3302.3134765625
852.476685      3478.9326171875
852.777893      3406.8906250000
853.079041      3497.5239257813
853.380127      3313.9331054688
853.681213      3458.0170898438
853.982239      3385.9750976563
854.283203      3306.9611816406
854.584106      3097.8068847656
854.885010      3097.8068847656
855.185791      3058.3000488281
855.486572      3011.8212890625
855.787292      3100.1308593750
856.088013      3153.5815429688
856.388611      3374.3554687500
856.689148      3093.1591796875
856.989685      3209.3559570313
857.290161      3251.1867675781
857.590637      3190.7644042969
857.890991      3306.9611816406
858.191284      3186.1164550781
858.491577      3248.8627929688
858.791809      3193.0883789063
859.092041      3246.5388183594
859.392212      3244.2150878906
859.692261      3141.9616699219
859.992310      3134.9899902344
860.292297      3100.1308593750
860.592224      3116.3984375000
860.892151      3035.0607910156
861.191956      3132.6660156250
861.491760      3072.2436523438
861.791565      3134.9899902344
862.091248      3158.2292480469
862.390930      3088.5112304688
862.690552      3176.8208007813
862.990051      3007.1735839844
863.289551      3069.9196777344
863.589050      2997.8776855469
863.888428      3039.7084960938
864.187805      3046.6804199219
864.487122      3118.7224121094
864.786377      3111.7504882813
865.085632      3037.3847656250
865.384705      3030.4128417969
865.683838      2932.8076171875
865.982971      3046.6804199219
866.281982      2979.2861328125
866.580933      2895.6245117188
866.879883      2909.5681152344
867.178711      2795.6953125000
867.477600      2774.7797851563
867.776367      2811.9628906250
868.075134      2821.2585449219
868.373718      2918.8640136719
868.672424      2798.0192871094
868.970947      2884.0048828125
869.269531      2765.4841308594
869.568054      2832.8781738281
869.866455      2867.7373046875
870.164856      2793.3713378906
870.463196      2837.5261230469
870.761536      2770.1320800781
871.059753      2818.9345703125
871.357971      2911.8920898438
871.656067      2835.2021484375
871.954102      2770.1320800781
872.252197      2814.2868652344
872.550232      2837.5261230469
872.848206      2707.3857421875
873.146057      2709.7097167969
873.443848      2767.8081054688
873.741638      2879.3569335938
874.039429      2746.8925781250
874.337158      2737.5969238281
874.634827      2795.6953125000
874.932373      2728.3010253906
875.229980      2684.1462402344
875.527466      2832.8781738281
875.825012      2674.8505859375
876.122375      2691.1181640625
876.419739      2712.0336914063
876.717041      2679.4985351563
877.014282      2712.0336914063
877.311462      2663.2309570313
877.608704      2667.8789062500
877.905762      2637.6677246094
878.202881      2663.2309570313
878.499817      2542.3862304688
878.796814      2649.2873535156
879.093811      2609.7802734375
879.390625      2653.9350585938
879.687439      2577.2453613281
879.984253      2544.7102050781
880.280884      2633.0197753906
880.577637      2588.8649902344
880.874268      2598.1606445313
881.170837      2519.1469726563
881.467346      2544.7102050781
881.763855      2572.5974121094
882.060242      2565.6254882813
882.356567      2537.7382812500
882.652954      2540.0622558594
882.949280      2463.3723144531
883.245483      2502.8793945313
883.541626      2523.7946777344
883.837830      2526.1186523438
884.133911      2570.2734375000
884.429932      2544.7102050781
884.725952      2570.2734375000
885.021851      2560.9777832031
885.317688      2567.9494628906
885.613525      2479.6398925781
885.909363      2444.7810058594
886.205078      2486.6118164063
