0.028400
191.033081         0.0000000000
191.409973         0.0000000000
191.786819      1466.4038085938
192.163651      1464.0798339844
192.540451      1494.2910156250
192.917221      1478.0234375000
193.293961      1494.2910156250
193.670670      1445.4882812500
194.047348      1489.6430664063
194.423981      1587.2484130859
194.800613      1478.0234375000
195.177200      1540.7697753906
195.553757      1501.2628173828
195.930283      1552.3894042969
196.306778      1508.2346191406
196.683258      1582.6005859375
197.059677      1547.7415771484
197.436081      1482.6712646484
197.812454      1529.1500244141
198.188812      1457.1080322266
198.565125      1461.7558593750
198.941406      1538.4458007813
199.317673      1491.9670410156
199.693893      1438.5164794922
200.070099      1468.7276611328
200.446259      1519.8542480469
200.822388      1487.3192138672
201.198486      1510.5585937500
201.574570      1494.2910156250
201.950607      1503.5867919922
202.326614      1505.9106445313
202.702606      1515.2064208984
203.078568      1512.8824462891
203.454483      1473.3756103516
203.830383      1473.3756103516
204.206253      1550.0654296875
204.582077      1443.1644287109
204.957870      1538.4458007813
205.333633      1498.9388427734
205.709396      1522.1782226563
206.085098      1526.8260498047
206.460785      1547.7415771484
206.836426      1457.1080322266
207.212051      1494.2910156250
207.587646      1519.8542480469
207.963196      1568.6569824219
208.338730      1566.3330078125
208.714218      1526.8260498047
209.089691      1519.8542480469
209.465134      1496.6148681641
209.840530      1510.5585937500
210.215897      1529.1500244141
210.591263      1510.5585937500
210.966583      1552.3894042969
211.341858      1547.7415771484
211.717102      1496.6148681641
212.092331      1464.0798339844
212.467529      1515.2064208984
212.842697      1487.3192138672
213.217819      1510.5585937500
213.592926      1478.0234375000
213.968002      1461.7558593750
214.343018      1508.2346191406
214.718033      1410.6292724609
215.093018      1540.7697753906
215.467972      1526.8260498047
215.842880      1457.1080322266
216.217773      1471.0516357422
216.592636      1475.6994628906
216.967453      1422.2490234375
217.342255      1519.8542480469
217.717026      1438.5164794922
218.091766      1526.8260498047
218.466446      1522.1782226563
218.841125      1517.5303955078
219.215759      1510.5585937500
219.590378      1489.6430664063
219.964966      1464.0798339844
220.339508      1468.7276611328
220.714020      1473.3756103516
221.088516      1505.9106445313
221.462967      1529.1500244141
221.837402      1517.5303955078
222.211792      1452.4600830078
222.586166      1517.5303955078
222.960510      1491.9670410156
223.334793      1494.2910156250
223.709061      1475.6994628906
224.083313      1522.1782226563
224.457520      1482.6712646484
224.831696      1577.9526367188
225.205856      1412.9532470703
225.579987      1550.0654296875
225.954056      1508.2346191406
226.328110      1468.7276611328
226.702148      1417.6010742188
227.076126      1515.2064208984
227.450104      1489.6430664063
227.824036      1491.9670410156
228.197937      1543.0936279297
228.571823      1491.9670410156
228.945648      1498.9388427734
229.319473      1517.5303955078
229.693237      1547.7415771484
230.066986      1466.4038085938
230.440704      1559.3612060547
230.814392      1489.6430664063
231.188034      1461.7558593750
231.561661      1443.1644287109
231.935257      1508.2346191406
232.308823      1545.4176025391
232.682343      1496.6148681641
233.055847      1522.1782226563
233.429321      1487.3192138672
233.802750      1508.2346191406
234.176147      1538.4458007813
234.549530      1457.1080322266
234.922882      1457.1080322266
235.296188      1491.9670410156
235.669464      1526.8260498047
236.042725      1473.3756103516
236.415924      1540.7697753906
236.789139      1545.4176025391
237.162292      1533.7978515625
237.535416      1512.8824462891
237.908508      1508.2346191406
238.281570      1503.5867919922
238.654617      1480.3474121094
239.027618      1447.8122558594
239.400574      1431.5446777344
239.773514      1503.5867919922
240.146423      1484.9952392578
240.519302      1519.8542480469
240.892136      1557.0372314453
241.264969      1550.0654296875
241.637726      1566.3330078125
242.010498      1452.4600830078
242.383209      1438.5164794922
242.755905      1489.6430664063
243.128555      1526.8260498047
243.501190      1484.9952392578
243.873779      1538.4458007813
244.246353      1540.7697753906
244.618866      1464.0798339844
244.991379      1568.6569824219
245.363861      1487.3192138672
245.736282      1582.6005859375
246.108688      1531.4739990234
246.481079      1515.2064208984
246.853409      1543.0936279297
247.225723      1491.9670410156
247.598007      1505.9106445313
247.970261      1464.0798339844
248.342468      1450.1362304688
248.714645      1580.2766113281
249.086823      1496.6148681641
249.458954      1447.8122558594
249.831024      1531.4739990234
250.203094      1589.5723876953
250.575134      1510.5585937500
250.947113      1443.1644287109
251.319092      1501.2628173828
251.691025      1503.5867919922
252.062912      1524.5021972656
252.434784      1519.8542480469
252.806641      1447.8122558594
253.178452      1559.3612060547
253.550232      1515.2064208984
253.921967      1505.9106445313
254.293686      1436.1926269531
254.665359      1429.2208251953
255.037003      1491.9670410156
255.408630      1484.9952392578
255.780228      1478.0234375000
256.151764      1533.7978515625
256.523285      1522.1782226563
256.894806      1547.7415771484
257.266235      1526.8260498047
257.637695      1457.1080322266
258.009064      1498.9388427734
258.380432      1505.9106445313
258.751770      1512.8824462891
259.123077      1594.2202148438
259.494385      1478.0234375000
259.865601      1436.1926269531
260.236816      1489.6430664063
260.607941      1522.1782226563
260.979126      1517.5303955078
261.350220      1473.3756103516
261.721344      1536.1218261719
262.092346      1471.0516357422
262.463379      1510.5585937500
262.834351      1519.8542480469
263.205292      1529.1500244141
263.576233      1505.9106445313
263.947144      1503.5867919922
264.317993      1638.3750000000
264.688812      1478.0234375000
265.059631      1540.7697753906
265.430359      1468.7276611328
265.801117      1496.6148681641
266.171783      1494.2910156250
266.542450      1478.0234375000
266.913086      1459.4320068359
267.283691      1547.7415771484
267.654266      1508.2346191406
268.024811      1508.2346191406
268.395325      1475.6994628906
268.765778      1480.3474121094
269.136230      1561.6851806641
269.506653      1496.6148681641
269.877045      1529.1500244141
270.247375      1489.6430664063
270.617676      1524.5021972656
270.987946      1517.5303955078
271.358246      1480.3474121094
271.728424      1484.9952392578
272.098633      1412.9532470703
272.468781      1519.8542480469
272.838867      1445.4882812500
273.209015      1503.5867919922
273.579041      1461.7558593750
273.949066      1561.6851806641
274.319061      1454.7840576172
274.689056      1526.8260498047
275.058960      1501.2628173828
275.428864      1466.4038085938
275.798737      1515.2064208984
276.168579      1526.8260498047
276.538361      1496.6148681641
276.908142      1508.2346191406
277.277832      1519.8542480469
277.647583      1480.3474121094
278.017242      1461.7558593750
278.386902      1450.1362304688
278.756500      1447.8122558594
279.126038      1522.1782226563
279.495636      1482.6712646484
279.865143      1557.0372314453
280.234619      1494.2910156250
280.604065      1517.5303955078
280.973450      1524.5021972656
281.342834      1517.5303955078
281.712189      1575.6287841797
282.081512      1543.0936279297
282.450836      1505.9106445313
282.820038      1503.5867919922
283.189270      1501.2628173828
283.558502      1440.8404541016
283.927612      1473.3756103516
284.296722      1545.4176025391
284.665863      1540.7697753906
285.034912      1505.9106445313
285.403931      1475.6994628906
285.772919      1531.4739990234
286.141876      1452.4600830078
286.510834      1503.5867919922
286.879730      1519.8542480469
287.248596      1547.7415771484
287.617401      1447.8122558594
287.986206      1515.2064208984
288.354950      1478.0234375000
288.723724      1522.1782226563
289.092407      1557.0372314453
289.461060      1552.3894042969
289.829742      1543.0936279297
290.198334      1519.8542480469
290.566925      1538.4458007813
290.935455      1512.8824462891
291.303925      1491.9670410156
291.672394      1554.7133789063
292.040894      1552.3894042969
292.409271      1466.4038085938
292.777679      1505.9106445313
293.145996      1494.2910156250
293.514313      1554.7133789063
293.882599      1545.4176025391
294.250824      1487.3192138672
294.619049      1505.9106445313
294.987244      1580.2766113281
295.355377      1566.3330078125
295.723480      1480.3474121094
296.091614      1594.2202148438
296.459625      1587.2484130859
296.827667      1559.3612060547
297.195648      1471.0516357422
297.563599      1517.5303955078
297.931488      1505.9106445313
298.299408      1464.0798339844
298.667267      1484.9952392578
299.035095      1519.8542480469
299.402893      1547.7415771484
299.770599      1540.7697753906
300.138367      1547.7415771484
300.506042      1424.5728759766
300.873718      1526.8260498047
301.241333      1561.6851806641
301.608917      1601.1920166016
301.976471      1552.3894042969
302.344025      1564.0090332031
302.711487      1680.2059326172
303.078979      1570.9808349609
303.446411      1598.8681640625
303.813782      1710.4171142578
304.181183      1589.5723876953
304.548492      1603.5159912109
304.915771      1661.6143798828
305.283051      1661.6143798828
305.650299      1619.7835693359
306.017456      1691.8255615234
306.384644      1708.0931396484
306.751770      1663.9383544922
307.118896      1661.6143798828
307.485962      1810.3463134766
307.852966      1766.1915283203
308.219971      1787.1069335938
308.586945      1719.7127685547
308.953888      1770.8393554688
309.320801      1884.7122802734
309.687653      1810.3463134766
310.054504      1975.3458251953
310.421326      1942.8106689453
310.788086      1924.2192382813
311.154846      2110.1340332031
311.521515      2038.0920410156
311.888184      2161.2607421875
312.254822      2082.2468261719
312.621429      2237.9506835938
312.988007      2175.2043457031
313.354553      2117.1059570313
313.721039      2326.2602539063
314.087494      2316.9643554688
314.453949      2293.7250976563
314.820343      2340.2038574219
315.186737      2298.3730468750
315.553101      2335.5559082031
315.919373      2361.1191406250
316.285645      2358.7951660156
316.651886      2530.7666015625
317.018066      2551.6818847656
317.384308      2705.0617675781
317.750427      2605.1325683594
318.116516      2658.5830078125
318.482574      2737.5969238281
318.848633      2751.5405273438
319.214661      2756.1884765625
319.580627      2870.0612792969
319.946564      2997.8776855469
320.312439      3058.3000488281
320.678314      3062.9479980469
321.044159      3081.5395507813
321.410004      3074.5676269531
321.775757      3093.1591796875
322.141510      3025.7648925781
322.507202      3053.6520996094
322.872894      3121.0463867188
323.238525      3049.0043945313
323.604156      3111.7504882813
323.969696      3306.9611816406
324.335266      3471.9606933594
324.700745      3550.9746093750
325.066223      3595.1293945313
325.431702      3804.2836914063
325.797089      3855.4101562500
326.162445      3885.6213378906
326.527802      4064.5644531250
326.893097      3966.9592285156
327.258362      4080.8320312500
327.623657      4052.9448242188
327.988861      4057.5925292969
328.353973      4208.6484375000
328.719116      4192.3808593750
329.084259      4341.1127929688
329.449341      4582.8022460938
329.814392      4673.4355468750
330.179352      4798.9282226563
330.544312      4798.9282226563
330.909241      4810.5478515625
331.274170      4743.1538085938
331.639069      4803.5761718750
332.003906      4759.4213867188
332.368713      4910.4770507813
332.733459      5033.6459960938
333.098206      4959.2797851563
333.462921      5012.7304687500
333.827606      5024.3500976563
334.192230      4940.6884765625
334.556824      4838.4350585938
334.921356      4959.2797851563
335.285919      4991.8149414063
335.650452      4933.7167968750
336.014893      4840.7592773438
336.379333      4731.5341796875
336.743744      4615.3374023438
337.108124      4610.6894531250
337.472443      4766.3930664063
337.836731      4780.3369140625
338.201019      4959.2797851563
338.565247      4917.4492187500
338.929413      4887.2377929688
339.293579      5193.9975585938
339.657776      5112.6596679688
340.021851      5379.9125976563
340.385895      5289.2788085938
340.749908      5486.8134765625
341.113922      5407.7998046875
341.477875      5393.8559570313
341.841827      5656.4609375000
342.205688      5630.8974609375
342.569580      5677.3759765625
342.933380      5791.2490234375
343.297211      5916.7416992188
343.660950      5614.6298828125
344.024658      5317.1660156250
344.388367      5293.9267578125
344.752014      5212.5888671875
345.115601      5386.8842773438
345.479218      5547.2358398438
345.842804      5726.1787109375
346.206299      5661.1083984375
346.569763      5930.6850585938
346.933228      5856.3193359375
347.296661      5779.6293945313
347.660034      5912.0937500000
348.023407      5891.1782226563
348.386719      5761.0380859375
348.750000      5821.4604492188
349.113220      5663.4326171875
349.476471      5949.2768554688
349.839661      6235.1210937500
350.202820      6311.8105468750
350.565887      6588.3593750000
350.928955      6565.1196289063
351.292023      6632.5141601563
351.655029      6548.8520507813
352.018036      6546.5283203125
352.380981      6423.3598632813
352.743866      6409.4160156250
353.106720      6551.1762695313
353.469574      6760.3305664063
353.832397      7125.1884765625
354.195160      7006.6674804688
354.557892      7283.2163085938
354.920593      7273.9204101563
355.283234      7392.4409179688
355.645905      7327.3710937500
356.008514      7132.1601562500
356.371094      6897.4428710938
356.733612      6816.1049804688
357.096100      6314.1347656250
357.458588      6246.7407226563
357.820984      6111.9521484375
358.183411      6060.8256835938
358.545746      6000.4033203125
358.908081      5998.0795898438
359.270355      6472.1625976563
359.632629      7176.3149414063
359.994873      7434.2719726563
360.357056      7418.0043945313
360.719208      7566.7363281250
361.081329      7213.4980468750
361.443420      7146.1040039063
361.805481      7106.5971679688
362.167511      7390.1171875000
362.529480      7729.4121093750
362.891418      7824.6933593750
363.253326      7892.0874023438
363.615234      7820.0454101563
363.977081      7998.9882812500
364.338867      8110.5375976563
364.700653      8280.1845703125
365.062378      8298.7763671875
365.424103      8798.4228515625
365.785767      8889.0556640625
366.147430      9416.5898437500
366.509033      9602.5048828125
366.870605      9774.4755859375
367.232117      9539.7578125000
367.593628      9463.0683593750
367.955109      9360.8154296875
368.316559      9260.8857421875
368.677917      9235.3222656250
369.039307      9365.4628906250
369.400635      9660.6025390625
369.761902     10060.3203125000
370.123199     10181.1650390625
370.484436      9881.3769531250
370.845581      9788.4189453125
371.206726      9718.7011718750
371.567871      9748.9121093750
371.928955      9765.1796875000
372.290039      9458.4208984375
372.651062      9119.1259765625
373.011993      9109.8300781250
373.372955      8582.2968750000
373.733887      8531.1699218750
374.094788      8352.2265625000
374.455627      8426.5927734375
374.816406      8319.6914062500
375.177185      8656.6621093750
375.537903      9005.2529296875
375.898651      9367.7871093750
376.259338      9651.3076171875
376.619965      9872.0810546875
376.980530     10313.6289062500
377.341095     10525.1074218750
377.701660     11110.7392578125
378.062134     11703.3427734375
378.422607     11589.4697265625
378.783020     11596.4414062500
379.143402     11047.9931640625
379.503784     10592.5009765625
379.864105     10397.2910156250
380.224396     10594.8251953125
380.584656     10750.5292968750
380.944855     10894.6132812500
381.305054     10604.1210937500
381.665192     10378.6992187500
382.025299      9679.1943359375
382.385406      8889.0556640625
382.745453      8542.7900390625
383.105438      7829.3413085938
383.465424      7722.4399414063
383.825348      7847.9326171875
384.185272      8208.1425781250
384.545135      8738.0000000000
384.904968      9428.2089843750
385.264771      9906.9404296875
385.624512      9906.9404296875
385.984253      9795.3916015625
386.343964      9999.8974609375
386.703613     10027.7851562500
387.063232      9888.3486328125
387.422821     10011.5175781250
387.782379     10030.1083984375
388.141907     10025.4609375000
388.501404      9888.3486328125
388.860840     10329.8964843750
389.220215     10813.2753906250
389.579620     11164.1894531250
389.938995     11754.4697265625
390.298279     11984.5390625000
390.657562     12221.5810546875
391.016785     12565.5234375000
391.376007     12770.0292968750
391.735168     12835.0996093750
392.094299     12056.5810546875
392.453430     11212.9921875000
392.812469     10216.0234375000
393.171478      8937.8583984375
393.530457      8150.0444335938
393.889435      8196.5234375000
394.248383      8877.4365234375
394.607269      9853.4892578125
394.966125     11361.7246093750
395.324921     12337.7773437500
395.683655     12230.8759765625
396.042419     12175.1015625000
396.401154     11210.6679687500
396.759827      9941.7988281250
397.118469      9416.5898437500
397.477051      9802.3632812500
397.835632     11271.0908203125
398.194153     12760.7333984375
398.552673     14152.7714843750
398.911163     15670.3017578125
399.269592     16569.6660156250
399.627960     17039.0996093750
399.986328     17043.7480468750
400.344666     17164.5937500000
400.702942     17631.7050781250
401.061188     17982.6191406250
401.419403     18133.6738281250
401.777588     18407.8984375000
402.135712     18363.7441406250
402.493835     18844.7988281250
402.851929     18510.1523437500
403.209961     18540.3632812500
403.567932     18630.9960937500
403.925903     18431.1386718750
404.283905     18531.0683593750
404.641754     18098.8144531250
404.999634     18414.8710937500
405.357452     18363.7441406250
405.715210     17931.4921875000
406.072998     18003.5332031250
406.430725     17910.5761718750
406.788422     18175.5058593750
407.146027     18375.3632812500
407.503662     18412.5468750000
407.861237     18428.8144531250
408.218781     19114.3750000000
408.576294     18993.5312500000
408.933777     19776.6972656250
409.291168     20132.2597656250
409.648590     19502.4726562500
410.005951     18586.8417968750
410.363312     18500.8554687500
410.720612     18833.1796875000
411.077820     19479.2343750000
411.435059     20167.1191406250
411.792267     20353.0332031250
412.149384     20529.6523437500
412.506531     20757.3984375000
412.863586     20978.1718750000
413.220642     20569.1601562500
413.577606     21101.3417968750
413.934601     20841.0605468750
414.291565     21061.8339843750
414.648468     20759.7226562500
415.005310     20775.9902343750
415.362122     20762.0468750000
415.718903     21006.0585937500
416.075684     21533.5937500000
416.432434     21800.8457031250
416.789093     21531.2695312500
417.145752     21508.0292968750
417.502350     20896.8339843750
417.858948     20648.1738281250
418.215485     20903.8066406250
418.571991     20838.7363281250
418.928467     20627.2578125000
419.284882     21319.7910156250
419.641266     20590.0742187500
419.997650     20934.0175781250
420.354004     20576.1308593750
420.710266     21140.8476562500
421.066528     21800.8457031250
421.422760     21631.1992187500
421.778931     22061.1269531250
422.135071     22026.2675781250
422.491211     21022.3261718750
422.847260     20871.2714843750
423.203308     20801.5527343750
423.559296     20961.9042968750
423.915283     21138.5234375000
424.271210     21036.2714843750
424.627136     21154.7910156250
424.982971     21370.9179687500
425.338776     21340.7070312500
425.694611     20994.4394531250
426.050323     21185.0019531250
426.406036     21350.0019531250
426.761749     21324.4394531250
427.117371     20989.7910156250
427.472961     20696.9765625000
427.828552     20738.8066406250
428.184113     21326.7636718750
428.539581     20534.3007812500
428.895050     20536.6250000000
429.250458     19825.5000000000
429.605865     18958.6718750000
429.961212     18754.1660156250
430.316559     17568.9570312500
430.671814     16899.6640625000
431.027069     17078.6074218750
431.382263     18098.8144531250
431.737457     19490.8535156250
432.092590     20692.3281250000
432.447723     21761.3378906250
432.802734     21965.8457031250
433.157776     22137.8164062500
433.512756     22581.6875000000
433.867706     22147.1113281250
434.222656     21647.4667968750
434.577545     22156.4082031250
434.932373     22412.0410156250
435.287201     22797.8144531250
435.641968     23218.4472656250
435.996704     24027.1757812500
436.351410     24466.4003906250
436.706085     24784.7792968750
437.060699     24417.5976562500
437.415283     24273.5136718750
437.769867     23736.6855468750
438.124420     23450.8398437500
438.478882     23267.2500000000
438.833313     22563.0976562500
439.187714     23244.0097656250
439.542084     23604.2207031250
439.896454     24201.4726562500
440.250732     24010.9082031250
440.605011     24231.6835937500
440.959229     24491.9628906250
441.313416     25258.8632812500
441.667572     26014.1425781250
442.021698     26439.4218750000
442.375793     26609.0703125000
442.729858     26467.3105468750
443.083832     26822.8710937500
443.437836     26857.7304687500
443.791748     27197.0253906250
444.145630     26887.9414062500
444.499542     27078.5039062500
444.853363     27506.1093750000
445.207123     27283.0117187500
445.560883     27001.8144531250
445.914612     26286.0429687500
446.268280     26262.8027343750
446.621918     26692.7324218750
446.975555     27111.0390625000
447.329132     27617.6582031250
447.682678     28038.2910156250
448.036133     28335.7539062500
448.389618     28600.6835937500
448.743042     28363.6425781250
449.096405     28949.2734375000
449.449799     28503.0781250000
449.803101     28633.2187500000
450.156372     28993.4277343750
450.509613     30115.8886718750
450.862823     30180.9589843750
451.216003     30025.2558593750
451.569122     29936.9472656250
451.922211     29948.5664062500
452.275269     29065.4707031250
452.628296     29272.3007812500
452.981293     27854.6992187500
453.334229     28077.7968750000
453.687134     27954.6289062500
454.040009     28800.5410156250
454.392853     28644.8378906250
454.745636     28863.2871093750
455.098419     28809.8378906250
455.451172     28844.6972656250
455.803864     28988.7812500000
456.156464     29758.0039062500
456.509125     29888.1445312500
456.861694     30457.5078125000
457.214264     29985.7500000000
457.566742     30369.1992187500
457.919220     30241.3828125000
458.271667     30004.3398437500
458.624023     30162.3691406250
458.976379     29604.6230468750
459.328705     29672.0175781250
459.681000     29802.1582031250
460.033234     29953.2148437500
460.385468     30352.9316406250
460.737610     30062.4394531250
461.089752     30397.0859375000
461.441864     30836.3105468750
461.793945     30929.2675781250
462.145996     31187.2246093750
462.497955     31921.5878906250
462.849884     31700.8144531250
463.201813     31579.9687500000
463.553680     31856.5175781250
463.905518     31375.4628906250
464.257355     31844.8984375000
464.609100     31466.0957031250
464.960815     31391.7304687500
465.312531     31823.9824218750
465.664185     31658.9824218750
466.015778     31640.3925781250
466.367371     32309.6855468750
466.718903     32002.9257812500
467.070435     32042.4335937500
467.421906     31837.9257812500
467.773346     32323.6289062500
468.124725     32511.8671875000
468.476074     33081.2304687500
468.827393     33364.7539062500
469.178680     33490.2460937500
469.529938     33711.0195312500
469.881134     33892.2851562500
470.232330     33450.7382812500
470.583435     34106.0898437500
470.934540     33987.5664062500
471.285614     34278.0585937500
471.636627     34763.7617187500
471.987610     36030.3085937500
472.338562     36787.9101562500
472.689453     36848.3320312500
473.040375     37303.8242187500
473.391205     37273.6132812500
473.741974     36936.6406250000
474.092773     37603.6132812500
474.443481     38812.0585937500
474.794159     38763.2578125000
475.144806     39727.6914062500
475.495422     39541.7734375000
475.846039     40064.6601562500
476.196533     39883.3945312500
476.547028     40073.9570312500
476.897522     40192.4765625000
477.247925     41191.7695312500
477.598328     41930.7812500000
477.948700     42374.6523437500
478.299011     42995.1445312500
478.649231     43390.2148437500
478.999481     43501.7617187500
479.349701     44268.6601562500
479.699829     44212.8867187500
480.049988     44635.8437500000
480.400055     45179.6445312500
480.750153     45430.6289062500
481.100128     45463.1640625000
481.450104     46034.8515625000
481.800049     46771.5390625000
482.149963     46739.0039062500
482.499786     47419.9179687500
482.849670     47243.3007812500
483.199432     47234.0039062500
483.549194     46978.3710937500
483.898926     47740.6210937500
484.248566     46894.7109375000
484.598206     47134.0742187500
484.947815     47259.5664062500
485.297394     46664.6406250000
485.646912     45521.2617187500
485.996399     43736.4804687500
486.345825     42337.4687500000
486.695282     42086.4843750000
487.044617     43004.4414062500
487.393951     44008.3789062500
487.743286     44763.6601562500
488.092529     45604.9257812500
488.441711     46192.8789062500
488.790955     46580.9765625000
489.140076     46966.7500000000
489.489197     47780.1289062500
489.838257     48398.2968750000
490.187286     48612.0976562500
490.536316     49609.0664062500
490.885254     49065.2656250000
491.234161     49581.1796875000
491.583069     49004.8437500000
491.931915     48663.2226562500
492.280731     48263.5078125000
492.629486     48579.5625000000
492.978210     48663.2226562500
493.326874     49434.7695312500
493.675568     49299.9843750000
494.024200     49460.3359375000
494.372742     49936.7421875000
494.721313     50436.3867187500
495.069824     51045.2578125000
495.418274     50884.9062500000
495.766724     50410.8242187500
496.115112     50852.3710937500
496.463470     50873.2890625000
496.811768     51070.8242187500
497.160034     51484.4843750000
497.508301     51786.5937500000
497.856506     51110.3281250000
498.204651     50773.3593750000
498.552765     50757.0898437500
498.900848     50396.8828125000
499.248901     51038.2890625000
499.596924     51382.2304687500
499.944885     51317.1601562500
500.292816     51028.9921875000
500.640778     50389.9101562500
500.988556     50266.7421875000
501.336426     49892.5859375000
501.684204     49918.1484375000
502.031952     49788.0078125000
502.379700     49864.6992187500
502.727295     50522.3750000000
503.074982     50687.3710937500
503.422546     50896.5273437500
503.770081     50694.3437500000
504.117615     50817.5117187500
504.465088     50764.0625000000
504.812561     50513.0781250000
505.159943     50887.2304687500
505.507294     51870.2578125000
505.854645     51998.0742187500
506.201904     52423.3515625000
506.549194     52669.6914062500
506.896332     52562.7890625000
507.243591     52395.4648437500
507.590698     52151.4531250000
507.937775     52263.0000000000
508.284912     51837.7226562500
508.631836     52077.0859375000
508.978851     52251.3828125000
509.325806     53020.6054687500
509.672699     52611.5937500000
510.019592     52567.4375000000
510.366364     52706.8750000000
510.713196     52416.3828125000
511.059937     52453.5664062500
511.406677     53194.8984375000
511.753326     53708.4882812500
512.099976     53113.5625000000
512.446594     53243.7031250000
512.793091     53027.5781250000
513.139648     53034.5468750000
513.486145     52678.9843750000
513.832520     52853.2812500000
514.179016     52098.0039062500
514.525269     52339.6914062500
514.871704     52372.2265625000
515.217957     52479.1289062500
515.564209     52574.4101562500
515.910522     52706.8750000000
516.256531     52381.5234375000
516.602783     51444.9765625000
516.948853     49885.6132812500
517.294922     49181.4609375000
517.640930     49181.4609375000
517.986877     49567.2343750000
518.332886     49676.4609375000
518.678711     49525.4062500000
519.024658     49578.8554687500
519.370422     50733.8515625000
519.716248     51623.9179687500
520.062073     51684.3398437500
520.407715     51986.4531250000
520.753418     52509.3398437500
521.099060     52609.2695312500
521.444580     52685.9570312500
521.790222     53192.5781250000
522.135681     53506.3085937500
522.481201     52899.7617187500
522.826660     52748.7031250000
523.172058     52618.5625000000
523.517395     52823.0703125000
523.862671     53148.4218750000
524.208069     53311.0976562500
524.553284     53643.4179687500
524.898438     53940.8828125000
525.243591     53664.3359375000
525.588745     53617.8554687500
525.933899     53950.1796875000
526.278931     52936.9414062500
526.623962     51988.7773437500
526.968872     51458.9179687500
527.313904     50949.9765625000
527.658813     51193.9921875000
528.003601     52193.2851562500
528.348450     52507.0156250000
528.693237     52878.8437500000
529.037964     53239.0546875000
529.382751     53780.5312500000
529.727356     53734.0546875000
530.072021     53543.4921875000
530.416626     53578.3515625000
530.761169     54012.9257812500
531.105652     54061.7265625000
531.450134     54324.3320312500
531.794617     53994.3359375000
532.138916     53497.0117187500
532.483337     53013.6328125000
532.827637     53039.1953125000
533.171936     52311.8046875000
533.516174     52525.6054687500
533.860352     52658.0703125000
534.204529     52890.4648437500
534.548645     52939.2656250000
534.892700     52974.1250000000
535.236816     53341.3085937500
535.580750     53494.6875000000
535.924744     53399.4062500000
536.268738     53429.6171875000
536.612549     53401.7304687500
536.956421     52918.3515625000
537.300232     52755.6757812500
537.644043     52711.5195312500
537.987671     53362.2226562500
538.331421     53011.3085937500
538.675049     52990.3945312500
539.018677     53092.6484375000
539.362305     52957.8593750000
539.705750     52606.9453125000
540.049316     52288.5664062500
540.392822     52160.7500000000
540.736145     51826.1015625000
541.079590     51781.9453125000
541.422913     51630.8906250000
541.766235     51979.4804687500
542.109436     52546.5234375000
542.452698     52314.1289062500
542.795898     52360.6054687500
543.138977     52348.9882812500
543.482178     52434.9726562500
543.825195     52395.4648437500
544.168213     52967.1562500000
544.511230     53127.5078125000
544.854187     53206.5195312500
545.197083     53206.5195312500
545.539917     52946.2382812500
545.882813     52976.4492187500
546.225586     52850.9570312500
546.568359     53197.2226562500
546.911133     53213.4921875000
547.253662     53041.5195312500
547.596436     52816.0976562500
547.938965     52878.8437500000
548.281494     52943.9140625000
548.624084     52890.4648437500
548.966492     53178.6328125000
549.308960     53362.2226562500
549.651367     53225.1132812500
549.993713     53160.0429687500
550.336060     53160.0429687500
550.678345     53085.6757812500
551.020630     53301.8007812500
551.362732     52969.4765625000
551.704956     52990.3945312500
552.047058     53278.5625000000
552.389160     53466.8007812500
552.731262     52946.2382812500
553.073181     52723.1406250000
553.415161     52860.2539062500
553.757080     53153.0703125000
554.098999     52918.3515625000
554.440857     53008.9843750000
554.782593     53071.7304687500
555.124390     53071.7304687500
555.466125     53148.4218750000
555.807800     52881.1679687500
556.149414     52895.1132812500
556.491089     52774.2695312500
556.832642     52239.7617187500
557.174133     51926.0312500000
557.515686     51860.9609375000
557.857117     51981.8046875000
558.198486     51654.1289062500
558.539917     51519.3437500000
558.881165     51238.1445312500
559.222534     50815.1914062500
559.563782     50729.2031250000
559.904968     50501.4570312500
560.246216     50931.3867187500
560.587280     51082.4414062500
560.928406     50894.2031250000
561.269470     50968.5703125000
561.610474     50956.9492187500
561.951477     50826.8085937500
562.292297     50847.7226562500
562.633301     50355.0507812500
562.974121     50956.9492187500
563.315002     50650.1914062500
563.655762     50638.5703125000
563.996460     50424.7695312500
564.337158     50489.8398437500
564.677795     50510.7539062500
565.018433     50271.3867187500
565.359009     49904.2070312500
565.699524     49836.8125000000
566.040100     49067.5898437500
566.380493     49225.6171875000
566.720947     49462.6601562500
567.061340     48916.5351562500
567.401611     49153.5742187500
567.742004     48969.9843750000
568.082153     49081.5312500000
568.422424     49009.4921875000
568.762634     48379.7031250000
569.102722     48251.8867187500
569.442810     48172.8750000000
569.782898     47522.1718750000
570.122986     47745.2695312500
570.462830     47489.6367187500
570.802856     47268.8632812500
571.142761     46569.3593750000
571.482605     46657.6679687500
571.822449     46676.2578125000
572.162170     46906.3281250000
572.501953     46843.5820312500
572.841675     47166.6093750000
573.181274     47103.8632812500
573.520996     46952.8085937500
573.860474     46873.7929687500
574.200073     47236.3281250000
574.539551     46306.7539062500
574.878967     46522.8789062500
575.218384     46501.9648437500
575.557739     46343.9375000000
575.897156     45779.2187500000
576.236450     45653.7265625000
576.575684     45774.5703125000
576.914856     45883.7968750000
577.254089     46171.9648437500
577.593262     46074.3593750000
577.932251     45514.2890625000
578.271362     44947.2500000000
578.610352     44793.8710937500
578.949341     44937.9531250000
579.288330     44670.7031250000
579.627197     44970.4882812500
579.966064     45170.3476562500
580.304871     45028.5898437500
580.643677     45577.0390625000
580.982483     44926.3359375000
581.321045     44735.7734375000
581.659790     44875.2070312500
581.998413     45186.6171875000
582.336914     45321.4023437500
582.675476     45349.2929687500
583.013916     45114.5742187500
583.352478     45449.2226562500
583.690796     45119.2226562500
584.029175     45351.6171875000
584.367493     44803.1679687500
584.705811     44863.5898437500
585.044128     44807.8125000000
585.382202     44596.3359375000
585.720459     44087.3945312500
586.058594     44087.3945312500
586.396667     43799.2265625000
586.734802     44398.8007812500
587.072693     44352.3242187500
587.410767     44152.4648437500
587.748657     43669.0859375000
588.086487     43662.1132812500
588.424316     43171.7617187500
588.762146     41914.5156250000
589.099976     40710.7148437500
589.437622     39829.9414062500
589.775391     39327.9726562500
590.113037     39420.9296875000
590.450623     40057.6875000000
590.788208     40738.6015625000
591.125671     40717.6875000000
591.463196     40819.9414062500
591.800659     41240.5703125000
592.138062     40824.5859375000
592.475464     41256.8398437500
592.812683     41484.5859375000
593.150024     41145.2890625000
593.487244     41737.8945312500
593.824402     41382.3320312500
594.161621     41482.2617187500
594.498657     41170.8554687500
594.835815     40638.6718750000
595.172852     40766.4882812500
595.509827     41342.8242187500
595.846741     41368.3906250000
596.183655     41579.8671875000
596.520630     41693.7382812500
596.857422     41658.8789062500
597.194214     41565.9218750000
597.530945     41414.8671875000
597.867615     41400.9257812500
598.204346     41361.4179687500
598.540955     41275.4296875000
598.877563     41296.3476562500
599.214111     41275.4296875000
599.550598     41089.5156250000
599.887085     41163.8828125000
600.223450     41421.8398437500
600.559937     41056.9804687500
600.896240     40829.2343750000
601.232544     40766.4882812500
601.568787     40471.3476562500
601.905029     40422.5468750000
602.241272     40066.9843750000
602.577271     40173.8867187500
602.913452     40501.5585937500
603.249512     40603.8125000000
603.585510     40664.2343750000
603.921509     40724.6601562500
604.257385     40582.8984375000
604.593323     40508.5312500000
604.929199     40220.3632812500
605.264954     40032.1250000000
605.600830     40225.0117187500
605.936462     40524.8007812500
606.272217     40094.8710937500
606.607849     39897.3359375000
606.943420     40004.2382812500
607.278992     39876.4218750000
607.614502     39790.4375000000
607.950012     39446.4921875000
608.285461     39156.0000000000
608.620850     38895.7187500000
608.956177     39174.5937500000
609.291504     38993.3242187500
609.626831     39063.0429687500
609.962036     38128.8203125000
610.297302     38403.0468750000
610.632446     38519.2421875000
610.967529     38428.6093750000
611.302673     38142.7656250000
611.637634     38702.8320312500
611.972656     37947.5546875000
612.307617     38270.5820312500
612.642517     37824.3867187500
612.977356     37536.2187500000
613.312195     37668.6835937500
613.646973     37808.1171875000
613.981750     37687.2734375000
614.316406     36653.1210937500
614.651062     37087.6992187500
614.985657     36871.5703125000
615.320313     36629.8828125000
615.654846     37296.8515625000
615.989319     36597.3476562500
616.323792     36179.0390625000
616.658203     36118.6171875000
616.992615     35993.1250000000
617.326904     35907.1367187500
617.661194     35846.7148437500
617.995483     36409.1093750000
618.329712     36383.5468750000
618.663940     36627.5585937500
618.997925     36337.0664062500
619.332092     36048.8984375000
619.666077     36462.5585937500
620.000061     36172.0664062500
620.334045     36213.8984375000
620.667969     35807.2109375000
621.001892     36269.6718750000
621.335632     36144.1796875000
621.669495     35709.6054687500
622.003296     35551.5781250000
622.336914     35031.0156250000
622.670654     35061.2265625000
623.004272     35460.9414062500
623.337891     35107.7031250000
623.671387     34800.9453125000
624.004883     34536.0156250000
624.338440     34687.0703125000
624.671753     34164.1875000000
625.005249     33671.5117187500
625.338562     34054.9609375000
625.671814     33671.5117187500
626.005066     33434.4687500000
626.338257     33446.0898437500
626.671509     33327.5703125000
627.004578     33564.6093750000
627.337708     33190.4570312500
627.670776     32874.4023437500
628.003723     32597.8535156250
628.336731     32026.1660156250
628.669556     31949.4746093750
629.002502     31879.7578125000
629.335327     32030.8125000000
629.668152     32242.2910156250
630.000916     31584.6171875000
630.333618     31896.0253906250
630.666321     31452.1523437500
630.998962     31670.6035156250
631.331482     31535.8144531250
631.664063     30913.0000000000
631.996521     31398.7031250000
632.329102     30878.1406250000
632.661499     31098.9140625000
632.993835     31361.5195312500
633.326172     31212.7871093750
633.658447     31087.2949218750
633.990784     30845.6054687500
634.322937     30750.3242187500
634.655212     31115.1816406250
634.987244     31052.4355468750
635.319397     30954.8300781250
635.651489     30708.4941406250
635.983398     30975.7460937500
636.315430     30599.2675781250
636.647278     30308.7753906250
636.979187     30232.0859375000
637.311035     30408.7050781250
637.642761     30508.6347656250
637.974609     30531.8750000000
638.306335     30701.5214843750
638.637939     30571.3808593750
638.969604     30390.1132812500
639.301147     30431.9453125000
639.632751     29990.3964843750
639.964233     29685.9609375000
640.295715     29927.6503906250
640.627075     29706.8769531250
640.958496     29620.8906250000
641.289917     29918.3554687500
641.621094     29179.3437500000
641.952393     29095.6816406250
642.283569     29483.7792968750
642.614746     29225.8222656250
642.945923     29186.3144531250
643.276917     29111.9492187500
643.608093     29086.3867187500
643.939026     29158.4277343750
644.269958     29091.0332031250
644.600891     29297.8632812500
644.931763     29086.3867187500
645.262634     28393.8535156250
645.593384     28851.6679687500
645.924133     28596.0351562500
646.254822     28582.0917968750
646.585510     28189.3457031250
646.916199     28200.9667968750
647.246704     27708.2910156250
647.577271     27664.1367187500
647.907715     27392.2363281250
648.238220     27575.8281250000
648.568665     27252.8007812500
648.898987     27399.2089843750
649.229309     26990.1953125000
649.559570     26811.2519531250
649.889832     26595.1269531250
650.220093     27001.8144531250
650.550171     26681.1113281250
650.880310     27359.7011718750
651.210388     27201.6738281250
651.540405     26725.2656250000
651.870422     26539.3515625000
652.200317     26253.5078125000
652.530273     26853.0839843750
652.860046     26959.9843750000
653.189941     26964.6328125000
653.519775     26655.5488281250
653.849426     26857.7304687500
654.179199     26639.2812500000
654.508789     26885.6191406250
654.838440     26241.8886718750
655.168030     26055.9726562500
655.497498     25774.7773437500
655.827026     25249.5664062500
656.156372     23976.0507812500
656.485840     23343.9394531250
656.815247     23357.8828125000
657.144470     23506.6152343750
657.473755     23841.2617187500
657.802979     24394.3593750000
658.132202     24603.5136718750
658.461243     24975.3417968750
658.790466     24982.3144531250
659.119507     24856.8222656250
659.448486     25316.9609375000
659.777527     25321.6093750000
660.106384     25140.3417968750
660.435242     25447.1015625000
660.764160     25814.2832031250
661.092896     25651.6074218750
661.421692     25423.8613281250
661.750427     25423.8613281250
662.079102     25981.6074218750
662.407715     25614.4257812500
662.736328     25693.4394531250
663.064880     25377.3828125000
663.393311     25409.9179687500
663.721802     24968.3710937500
664.050232     24889.3574218750
664.378601     25038.0898437500
664.706970     24698.7949218750
665.035217     24917.2441406250
665.363525     24626.7519531250
665.691650     24652.3164062500
666.019897     24498.9355468750
666.347961     24705.7656250000
666.676086     24022.5292968750
667.004150     24443.1621093750
667.332092     24419.9218750000
667.660095     24326.9648437500
667.987915     24308.3730468750
668.315796     24073.6562500000
668.643677     24157.3164062500
668.971436     24022.5292968750
669.299133     24038.7968750000
669.626892     23764.5722656250
669.954468     23601.8964843750
670.282104     23127.8125000000
670.609619     23441.5449218750
670.937256     23334.6445312500
671.264587     23346.2636718750
671.592163     22916.3359375000
671.919495     22911.6875000000
672.246887     22914.0117187500
672.574097     22890.7714843750
672.901489     22611.9003906250
673.228699     22890.7714843750
673.555847     22553.8007812500
673.882996     22260.9843750000
674.210022     22156.4082031250
674.537109     22128.5214843750
674.864136     21921.6894531250
675.191101     21796.1972656250
675.518005     21647.4667968750
675.844849     21944.9296875000
676.171692     21858.9433593750
676.498535     21749.7187500000
676.825256     21438.3125000000
677.151978     21343.0312500000
677.478577     21264.0156250000
677.805237     21554.5078125000
678.131836     21080.4257812500
678.458435     21340.7070312500
678.784851     20875.9199218750
679.111328     21150.1445312500
679.437744     20859.6523437500
679.764099     21006.0585937500
680.090454     20541.2714843750
680.416687     20671.4121093750
680.742920     20485.4980468750
681.069153     20422.7519531250
681.395203     20234.5136718750
681.721313     20285.6386718750
682.047485     20043.9492187500
682.373474     20146.2031250000
682.699402     19711.6269531250
683.025391     20027.6816406250
683.351196     19709.3027343750
683.677063     19611.6972656250
684.002930     19514.0917968750
684.328674     19335.1484375000
684.654358     19337.4726562500
684.980042     19093.4609375000
685.305603     18754.1660156250
685.631287     18779.7285156250
685.956787     18551.9824218750
686.282288     18386.9843750000
686.607788     18135.9980468750
686.933167     16816.0019531250
687.258545     16386.0742187500
687.583923     15612.2031250000
687.909180     15398.4013671875
688.234375     15444.8798828125
688.559631     15891.0761718750
688.884766     15651.7109375000
689.209839     15558.7529296875
689.534973     15765.5830078125
689.859924     15644.7382812500
690.184937     15735.3720703125
690.509827     15530.8662109375
690.834717     15623.8232421875
691.159668     15558.7529296875
691.484436     16049.1035156250
691.809204     16086.2861328125
692.133911     15995.6533203125
692.458557     16081.6386718750
692.783142     15928.2587890625
693.107849     15777.2031250000
693.432312     16030.5117187500
693.756836     15746.9921875000
694.081238     15642.4150390625
694.405701     15556.4287109375
694.730164     15561.0771484375
695.054443     15479.7392578125
695.378723     15456.5000000000
695.702942     15496.0068359375
696.027100     15614.5273437500
696.351257     15475.0917968750
696.675476     15612.2031250000
696.999512     15909.6669921875
697.323486     15837.6250000000
697.647461     15918.9628906250
697.971375     15781.8505859375
698.295349     15614.5273437500
698.619202     15809.7382812500
698.942993     15672.6259765625
699.266724     15296.1484375000
699.590393     15475.0917968750
699.914124     15496.0068359375
700.237793     15556.4287109375
700.561340     15184.5996093750
700.884949     15177.6279296875
701.208374     15010.3037109375
701.531860     15156.7119140625
701.855286     14812.7695312500
702.178650     14882.4873046875
702.501953     14829.0371093750
702.825195     14494.3906250000
703.148499     14812.7695312500
703.471680     14961.5009765625
703.794861     14752.3466796875
704.117981     14989.3886718750
704.440979     15031.2197265625
704.764038     15131.1484375000
705.086975     15337.9794921875
705.409851     15166.0078125000
705.732849     14959.1777343750
706.055664     14952.2060546875
706.378479     14664.0371093750
706.701233     15052.1347656250
707.023926     15184.5996093750
707.346619     14945.2333984375
707.669250     15017.2763671875
707.991821     14924.3183593750
708.314392     14898.7548828125
708.636841     15045.1630859375
708.959290     14977.7685546875
709.281738     14747.6992187500
709.604065     15019.5996093750
709.926392     14812.7695312500
710.248657     14887.1357421875
710.570862     14856.9238281250
710.893066     14940.5859375000
711.215210     14912.6992187500
711.537292     14898.7548828125
711.859314     14815.0937500000
712.181335     14845.3046875000
712.503357     14726.7841796875
712.825256     14652.4179687500
713.147156     14675.6572265625
713.468994     15003.3320312500
713.790771     14652.4179687500
714.112488     14471.1503906250
714.434143     14519.9531250000
714.755859     14552.4882812500
715.077515     14322.4189453125
715.399109     14275.9404296875
715.720581     14294.5312500000
716.042053     14052.8427734375
716.363525     13941.2929687500
716.684875     13662.4208984375
717.006287     13011.7187500000
717.327576     12672.4238281250
717.648804     12049.6093750000
717.969971     11691.7226562500
718.291260     11619.6806640625
718.612366     11182.7812500000
718.933411     10857.4296875000
719.254395     10797.0078125000
719.575439     10569.2617187500
719.896362     10269.4746093750
720.217285     10318.2763671875
720.538147     10374.0517578125
720.859009     10736.5849609375
721.179749     10757.5009765625
721.500488     11108.4150390625
721.821228     11589.4697265625
722.141785     11810.2441406250
722.462402     11919.4687500000
722.782959     12044.9619140625
723.103455     11958.9755859375
723.423950     11673.1318359375
723.744385     11443.0615234375
724.064758     11206.0205078125
724.385071     10966.6552734375
724.705322     11238.5556640625
725.025574     10992.2187500000
725.345825     10910.8808593750
725.665955     10641.3037109375
725.986023     10917.8525390625
726.306091     10622.7128906250
726.626099     10927.1484375000
726.946045     10964.3310546875
727.266052     10869.0498046875
727.585938     10910.8808593750
727.905762     10736.5849609375
728.225525     10827.2187500000
728.545288     10715.6699218750
728.864990     10845.8105468750
729.184692     10550.6708984375
729.504333     10580.8818359375
729.823853     10769.1201171875
730.143372     10680.8105468750
730.462891     10766.7968750000
730.782410     10757.5009765625
731.101746     10962.0068359375
731.421143     10913.2041015625
731.740417     10838.8388671875
732.059631     10915.5283203125
732.378845     11164.1894531250
732.698059     11120.0351562500
733.017212     11452.3574218750
733.336304     11663.8359375000
733.655273     11863.6943359375
733.974304     11689.3994140625
734.293335     11963.6240234375
734.612183     11854.3984375000
734.931030     11872.9902343750
735.249878     11807.9199218750
735.568665     11956.6523437500
735.887329     11938.0605468750
736.206055     12035.6660156250
736.524658     11784.6806640625
736.843262     11872.9902343750
737.161804     11780.0332031250
737.480286     11933.4121093750
737.798828     12110.0312500000
738.117249     12003.1308593750
738.435608     12026.3701171875
738.753906     11631.3007812500
739.072205     11731.2304687500
739.390442     11812.5673828125
739.708618     11710.3144531250
740.026733     11810.2441406250
740.344849     11691.7226562500
740.662903     11798.6240234375
740.980957     11577.8505859375
741.298889     11659.1884765625
741.616821     11459.3291015625
741.934692     11398.9072265625
742.252502     11547.6386718750
742.570313     11531.3710937500
742.888062     11582.4980468750
743.205750     11605.7373046875
743.523438     11561.5830078125
743.841003     11682.4277343750
744.158569     11849.7509765625
744.476074     11826.5117187500
744.793518     11529.0478515625
745.111023     11589.4697265625
745.428345     11777.7089843750
745.745728     11603.4130859375
746.062988     11598.7656250000
746.380249     11466.3017578125
746.697449     11231.5839843750
747.014648     11194.4003906250
747.331726     11410.5273437500
747.648804     11380.3154296875
747.965759     11247.8515625000
748.282776     11208.3447265625
748.599731     11247.8515625000
748.916626     11124.6826171875
749.233459     11043.3447265625
749.550232     10952.7109375000
749.867004     10813.2753906250
750.183655     10643.6279296875
750.500366     10680.8105468750
750.816956     10699.4023437500
751.133545     10655.2480468750
751.450073     10773.7685546875
751.766479     10541.3750000000
752.083008     10492.5722656250
752.399414     10515.8115234375
752.715698     10418.2060546875
753.032043     10566.9384765625
753.348328     10520.4589843750
753.664429     10422.8535156250
753.980713     10457.7128906250
754.296814     10097.5029296875
754.612854      9985.9541015625
754.928833     10292.7138671875
755.244873      9939.4755859375
755.560852      9976.6582031250
755.876709      9999.8974609375
756.192505      9990.6015625000
756.508362     10016.1650390625
756.824097      9816.3066406250
757.139771      9667.5742187500
757.455505      9721.0253906250
757.771118      9556.0253906250
758.086670      9704.7578125000
758.402222      9546.7304687500
758.717712      9932.5039062500
759.033081      9463.0683593750
759.348511      9063.3515625000
759.663879      8414.9726562500
759.979187      7650.3979492188
760.294434      6434.9794921875
760.609619      5709.9111328125
760.924805      4847.7309570313
761.239929      4652.5205078125
761.554993      4566.5346679688
761.869995      4633.9287109375
762.184998      4801.2524414063
762.499939      5015.0541992188
762.814880      5121.9555664063
763.129700      4991.8149414063
763.444519      4743.1538085938
763.759277      4901.1816406250
764.073975      4924.4208984375
764.388672      4994.1391601563
764.703308      5349.7011718750
765.017883      5479.8417968750
765.332397      5705.2636718750
765.646851      5972.5161132813
765.961304      6195.6137695313
766.275696      6321.1064453125
766.590088      6753.3588867188
766.904358      6995.0478515625
767.218628      7208.8500976563
767.532776      7473.7788085938
767.846924      7678.2851562500
768.161072      7910.6787109375
768.475159      8175.6074218750
768.789185      8382.4375000000
769.103149      8354.5507812500
769.417114      8482.3671875000
769.731079      8628.7753906250
770.044861      8677.5781250000
770.358643      8661.3105468750
770.672363      8768.2109375000
770.986084      8677.5781250000
771.299683      8751.9433593750
771.613403      8747.2958984375
771.927002      8598.5644531250
772.240479      8487.0146484375
772.553955      8710.1132812500
772.867371      8591.5917968750
773.180847      8675.2539062500
773.494141      8691.5214843750
773.807434      8617.1552734375
774.120667      8619.4794921875
774.433899      8463.7753906250
774.747009      8403.3535156250
775.060181      8607.8593750000
775.373230      8540.4658203125
775.686218      8405.6777343750
775.999207      8449.8320312500
776.312073      8473.0712890625
776.624939      8545.1132812500
776.937866      8384.7617187500
777.250671      8310.3955078125
777.563416      8538.1416015625
777.876099      8335.9589843750
778.188721      8238.3535156250
778.501343      8029.1997070313
778.813904      8168.6357421875
779.126404      8152.3681640625
779.438904      8050.1152343750
779.751282      8243.0019531250
780.063660      8050.1152343750
780.376038      8110.5375976563
780.688293      8129.1289062500
781.000549      7854.9042968750
781.312683      7915.3266601563
781.624817      8082.6503906250
781.937012      7771.2426757813
782.249023      7864.2001953125
782.561035      7720.1162109375
782.872986      7843.2846679688
783.184937      7685.2573242188
783.496765      7671.3134765625
783.808655      7799.1298828125
784.120422      7617.8627929688
784.432129      7555.1166992188
784.743774      7457.5112304688
785.055420      7585.3276367188
785.367004      7383.1455078125
785.678589      7427.3002929688
785.990051      7483.0747070313
786.301514      7380.8212890625
786.612976      7204.2021484375
786.924316      7148.4277343750
787.235657      7199.5541992188
787.546936      7285.5400390625
787.858154      7078.7099609375
788.169312      6967.1606445313
788.480408      6785.8935546875
788.791504      6964.8369140625
789.102600      6892.7949218750
789.413513      6760.3305664063
789.724487      6769.6259765625
790.035400      6616.2465820313
790.346191      6674.3447265625
790.657043      6672.0209960938
790.967834      6699.9082031250
791.278564      6416.3876953125
791.589172      6421.0356445313
791.899780      6483.7822265625
792.210327      6627.8662109375
792.520935      6432.6552734375
792.831421      6414.0639648438
793.141846      6379.2050781250
793.452209      6372.2329101563
793.762573      6286.2475585938
794.072815      6311.8105468750
794.383118      6358.2895507813
794.693359      6204.9096679688
795.003479      6342.0219726563
795.313538      6253.7124023438
795.623596      6114.2763671875
795.933716      6218.8535156250
796.243652      6211.8813476563
796.553589      5979.4877929688
796.863464      6000.4033203125
797.173218      5951.6005859375
797.483032      5963.2202148438
797.792786      6109.6284179688
798.102478      6012.0229492188
798.412109      5984.1357421875
798.721741      5967.8681640625
799.031250      5988.7836914063
799.340820      5916.7416992188
799.650269      5974.8398437500
799.959656      5886.5302734375
800.269043      5761.0380859375
800.578369      5851.6713867188
800.887573      5730.8266601563
801.196899      5858.6430664063
801.505981      5737.7983398438
801.815186      5735.4746093750
802.124207      5619.2778320313
802.433289      5761.0380859375
802.742188      5575.1230468750
803.051270      5572.7988281250
803.360168      5540.2641601563
803.668945      5479.8417968750
803.977783      5586.7426757813
804.286499      5489.1372070313
804.595276      5475.1938476563
804.903931      5372.9404296875
805.212524      5521.6723632813
805.521057      5417.0952148438
805.829590      5405.4755859375
806.138062      5554.2075195313
806.446533      5349.7011718750
806.754944      5284.6308593750
807.063293      5507.7290039063
807.371521      5410.1235351563
807.679749      5456.6020507813
807.987976      5254.4199218750
808.296143      5286.9550781250
808.604248      5279.9829101563
808.912292      5149.8427734375
809.220276      5149.8427734375
809.528198      5133.5751953125
809.836182      5296.2504882813
810.144043      5124.2792968750
810.451843      5110.3359375000
810.759644      4924.4208984375
811.067322      4980.1953125000
811.375061      4938.3642578125
811.682678      4917.4492187500
811.990295      4824.4916992188
812.297791      4850.0546875000
812.605286      4836.1113281250
812.912720      4863.9985351563
813.220154      4824.4916992188
813.527527      4575.8305664063
813.834839      4443.3662109375
814.142029      4306.2539062500
814.449219      4264.4228515625
814.756409      4231.8876953125
815.063538      4152.8740234375
815.370605      4159.8457031250
815.677612      4036.6772460938
815.984619      4029.7053222656
816.291504      3950.6916503906
816.598389      3878.6496582031
816.905273      3918.1564941406
817.212036      3864.7060546875
817.518738      3848.4384765625
817.825439      3811.2553710938
818.132080      3901.8889160156
818.438721      3776.3964843750
818.745239      3822.8750000000
819.051758      3871.6777343750
819.358215      3911.1845703125
819.664612      3897.2409667969
819.971008      3864.7060546875
820.277344      3969.2829589844
820.583557      3846.1145019531
820.889771      4027.3815917969
821.195923      4155.1977539063
821.502075      4252.8032226563
821.808167      4190.0571289063
822.114197      4122.6630859375
822.420166      3999.4941406250
822.726074      3883.2973632813
823.031921      3704.3542480469
823.337769      3476.6086425781
823.643677      3439.4255371094
823.949402      3488.2282714844
824.255066      3613.7209472656
824.560730      3643.9318847656
824.866272      3855.4101562500
825.171936      3943.7197265625
825.477356      3973.9309082031
825.782837      3950.6916503906
826.088257      3990.1984863281
826.393616      4080.8320312500
826.698914      3994.8464355469
827.004272      4083.1560058594
827.309448      3925.1281738281
827.614624      4020.4096679688
827.919739      3862.3820800781
828.224854      3836.8186035156
828.529907      3792.6638183594
828.834839      3646.2558593750
829.139832      3776.3964843750
829.444702      3685.7629394531
829.749512      3715.9741210938
830.054260      3746.1853027344
830.359131      3711.3261718750
830.663818      3862.3820800781
830.968506      3683.4389648438
831.273071      3704.3542480469
831.577576      3709.0021972656
831.882080      3711.3261718750
832.186646      3567.2421875000
832.491028      3848.4384765625
832.795410      3706.6782226563
833.099731      3650.9038085938
833.403931      3715.9741210938
833.708191      3632.3122558594
834.012390      3683.4389648438
834.316467      3713.6501464844
834.620605      3829.8469238281
834.924622      3743.8613281250
835.228577      3781.0441894531
835.532593      3841.4665527344
835.836426      3695.0585937500
836.140320      3764.7766113281
836.444031      3653.2277832031
836.747803      3616.0446777344
837.051514      3750.8330078125
837.355225      3774.0725097656
837.658752      3734.5654296875
837.962341      3720.6218261719
838.265808      3750.8330078125
838.569336      3697.3825683594
838.872742      3732.2414550781
839.176147      3709.0021972656
839.479370      3623.0166015625
839.782715      3715.9741210938
840.085876      3725.2697753906
840.389038      3760.1289062500
840.692261      3704.3542480469
840.995300      3641.6081542969
841.298340      3629.9882812500
841.601257      3757.8049316406
841.904236      3681.1149902344
842.207153      3564.9182128906
842.509949      3667.1713867188
842.812805      3688.0866699219
843.115540      3581.1857910156
843.418152      3650.9038085938
843.720825      3574.2138671875
844.023438      3532.3830566406
844.325989      3513.7915039063
844.628540      3581.1857910156
844.930969      3509.1437988281
845.233337      3541.6787109375
845.535767      3611.3969726563
845.838013      3511.4675292969
846.140259      3564.9182128906
846.442505      3557.9462890625
846.744690      3460.3410644531
847.046753      3578.8618164063
847.348877      3497.5239257813
847.650879      3481.2563476563
847.952881      3502.1718750000
848.254761      3534.7070312500
848.556641      3483.5803222656
848.858459      3502.1718750000
849.160278      3416.1862792969
849.462036      3471.9606933594
849.763733      3346.4682617188
850.065308      3379.0031738281
850.366882      3327.8767089844
850.668518      3214.0039062500
850.969971      3204.7080078125
851.271423      3297.6655273438
851.572815      3183.7927246094
851.874084      3139.6379394531
852.175476      3088.5112304688
852.476685      3158.2292480469
852.777893      3286.0458984375
853.079041      3244.2150878906
853.380127      3281.3979492188
853.681213      3225.6235351563
853.982239      3223.2995605469
854.283203      3030.4128417969
854.584106      2969.9904785156
854.885010      2958.3708496094
855.185791      2958.3708496094
855.486572      3062.9479980469
855.787292      2993.2297363281
856.088013      3107.1027832031
856.388611      3046.6804199219
856.689148      3035.0607910156
856.989685      3076.8916015625
857.290161      3100.1308593750
857.590637      3097.8068847656
857.890991      3104.7788085938
858.191284      3104.7788085938
858.491577      3046.6804199219
858.791809      3058.3000488281
859.092041      2886.3288574219
859.392212      2921.1877441406
859.692261      2997.8776855469
859.992310      3067.5957031250
860.292297      3067.5957031250
860.592224      2986.2580566406
860.892151      3002.5256347656
861.191956      2939.7792968750
861.491760      3002.5256347656
861.791565      2946.7512207031
862.091248      3044.3564453125
862.390930      2969.9904785156
862.690552      2888.6528320313
862.990051      2965.3425292969
863.289551      2974.6384277344
863.589050      2844.4980468750
863.888428      2937.4553222656
864.187805      2809.6389160156
864.487122      2909.5681152344
864.786377      2921.1877441406
865.085632      2809.6389160156
865.384705      2858.4416503906
865.683838      2844.4980468750
865.982971      2742.2446289063
866.281982      2825.9064941406
866.580933      2644.6394042969
866.879883      2691.1181640625
867.178711      2691.1181640625
867.477600      2660.9069824219
867.776367      2567.9494628906
868.075134      2756.1884765625
868.373718      2721.3293457031
868.672424      2777.1037597656
868.970947      2739.9208984375
869.269531      2616.7521972656
869.568054      2677.1745605469
869.866455      2681.8225097656
870.164856      2702.7377929688
870.463196      2744.5686035156
870.761536      2749.2165527344
871.059753      2751.5405273438
871.357971      2609.7802734375
871.656067      2558.6538085938
871.954102      2691.1181640625
872.252197      2763.1601562500
872.550232      2663.2309570313
872.848206      2572.5974121094
873.146057      2600.4846191406
873.443848      2642.3154296875
873.741638      2542.3862304688
874.039429      2644.6394042969
874.337158      2672.5266113281
874.634827      2642.3154296875
874.932373      2581.8930664063
875.229980      2526.1186523438
875.527466      2507.5270996094
875.825012      2588.8649902344
876.122375      2544.7102050781
876.419739      2502.8793945313
876.717041      2498.2314453125
877.014282      2526.1186523438
877.311462      2505.2033691406
877.608704      2498.2314453125
877.905762      2451.7526855469
878.202881      2440.1330566406
878.499817      2514.4990234375
878.796814      2488.9357910156
879.093811      2537.7382812500
879.390625      2456.4006347656
879.687439      2309.9926757813
879.984253      2449.4287109375
880.280884      2468.0202636719
880.577637      2484.2878417969
880.874268      2370.4150390625
881.170837      2502.8793945313
881.467346      2416.8935546875
881.763855      2402.9499511719
882.060242      2400.6262207031
882.356567      2412.2458496094
882.652954      2375.0627441406
882.949280      2349.4995117188
883.245483      2370.4150390625
883.541626      2361.1191406250
883.837830      2333.2319335938
884.133911      2377.3867187500
884.429932      2263.5139160156
884.725952      2358.7951660156
885.021851      2319.2883300781
885.317688      2382.0346679688
885.613525      2275.1335449219
885.909363      2228.6547851563
886.205078      2326.2602539063
