0.006610
190.096298         0.0000000000
190.479492         0.0000000000
190.862656       616.2589721680
191.245789       731.2326660156
191.628876       687.5426635742
192.011948       682.9437255859
192.394958       616.2589721680
192.777939       777.2221069336
193.160904       701.3394775391
193.543823       676.0452880859
193.926697       781.8211059570
194.309555       689.8421020508
194.692368       692.1416015625
195.075150       659.9489746094
195.457886       726.6337280273
195.840607       678.3447875977
196.223282       726.6337280273
196.605927       754.2274169922
196.988541       692.1416015625
197.371094       735.8316040039
197.753632       676.0452880859
198.136139       627.7563476563
198.518600       756.5268554688
198.901031       705.9384155273
199.283432       657.6494750977
199.665802       705.9384155273
200.048126       705.9384155273
200.430405       616.2589721680
200.812668       699.0400390625
201.194885       671.4463500977
201.577072       636.9542236328
201.959244       666.8474121094
202.341354       625.4568481445
202.723434       664.5479125977
203.105499       650.7510986328
203.487503       719.7352905273
203.869461       650.7510986328
204.251434       574.8684692383
204.633331       618.5584716797
205.015198       669.1468505859
205.397049       618.5584716797
205.778854       678.3447875977
206.160614       694.4411010742
206.542343       673.7457885742
206.924042       676.0452880859
207.305710       705.9384155273
207.687332       710.5374145508
208.068939       632.3552856445
208.450485       680.6442260742
208.832016       639.2537231445
209.213501       611.6600341797
209.594955       701.3394775391
209.976379       630.0557861328
210.357758       625.4568481445
210.739105       669.1468505859
211.120422       676.0452880859
211.501694       664.5479125977
211.882935       701.3394775391
212.264145       639.2537231445
212.645340       728.9331665039
213.026474       669.1468505859
213.407562       719.7352905273
213.788620       703.6389770508
214.169662       664.5479125977
214.550659       694.4411010742
214.931610       669.1468505859
215.312561       653.0505371094
215.693451       604.7615966797
216.074295       604.7615966797
216.455109       609.3605346680
216.835922       678.3447875977
217.216660       607.0610961914
217.597382       648.4515991211
217.978058       623.1574096680
218.358704       673.7457885742
218.739304       678.3447875977
219.119888       618.5584716797
219.500427       639.2537231445
219.880920       659.9489746094
220.261414       666.8474121094
220.641830       717.4357910156
221.022232       731.2326660156
221.402603       632.3552856445
221.782944       650.7510986328
222.163223       682.9437255859
222.543488       662.2484130859
222.923706       680.6442260742
223.303894       641.5531616211
223.684036       687.5426635742
224.064163       717.4357910156
224.444244       685.2431640625
224.824295       699.0400390625
225.204300       620.8579101563
225.584274       731.2326660156
225.964203       689.8421020508
226.344131       657.6494750977
226.723999       731.2326660156
227.103806       692.1416015625
227.483627       646.1520996094
227.863388       611.6600341797
228.243118       666.8474121094
228.622787       685.2431640625
229.002472       682.9437255859
229.382080       673.7457885742
229.761688       572.5689697266
230.141220       563.3710937500
230.520721       682.9437255859
230.900208       643.8526611328
231.279663       671.4463500977
231.659073       705.9384155273
232.038452       680.6442260742
232.417786       703.6389770508
232.797073       705.9384155273
233.176346       666.8474121094
233.555573       719.7352905273
233.934784       689.8421020508
234.313934       726.6337280273
234.693069       758.8263549805
235.072144       722.0347900391
235.451202       680.6442260742
235.830215       703.6389770508
236.209213       648.4515991211
236.588165       659.9489746094
236.967072       689.8421020508
237.345947       662.2484130859
237.724792       722.0347900391
238.103577       632.3552856445
238.482361       634.6547851563
238.861084       590.9647827148
239.239777       712.8368530273
239.618454       650.7510986328
239.997070       676.0452880859
240.375671       623.1574096680
240.754211       676.0452880859
241.132751       653.0505371094
241.511215       659.9489746094
241.889694       676.0452880859
242.268097       735.8316040039
242.646469       659.9489746094
243.024811       643.8526611328
243.403122       655.3500366211
243.781387       669.1468505859
244.159622       655.3500366211
244.537827       625.4568481445
244.915985       625.4568481445
245.294113       636.9542236328
245.672195       620.8579101563
246.050262       616.2589721680
246.428268       607.0610961914
246.806274       664.5479125977
247.184219       705.9384155273
247.562119       600.1626586914
247.940002       616.2589721680
248.317841       745.0294799805
248.695648       722.0347900391
249.073425       673.7457885742
249.451157       634.6547851563
249.828842       678.3447875977
250.206512       597.8631591797
250.584152       694.4411010742
250.961731       648.4515991211
251.339279       726.6337280273
251.716812       673.7457885742
252.094299       699.0400390625
252.471725       662.2484130859
252.849136       662.2484130859
253.226517       685.2431640625
253.603867       685.2431640625
253.981171       634.6547851563
254.358429       717.4357910156
254.735672       639.2537231445
255.112869       673.7457885742
255.490021       685.2431640625
255.867172       659.9489746094
256.244263       678.3447875977
256.621307       659.9489746094
256.998291       682.9437255859
257.375305       625.4568481445
257.752228       689.8421020508
258.129120       694.4411010742
258.506012       699.0400390625
258.882843       708.2379150391
259.259644       653.0505371094
259.636414       724.3342285156
260.013123       719.7352905273
260.389832       669.1468505859
260.766479       694.4411010742
261.143127       689.8421020508
261.519714       627.7563476563
261.896271       636.9542236328
262.272736       620.8579101563
262.649231       609.3605346680
263.025696       719.7352905273
263.402100       673.7457885742
263.778473       643.8526611328
264.154785       682.9437255859
264.531097       774.9226684570
264.907318       717.4357910156
265.283569       682.9437255859
265.659760       671.4463500977
266.035919       659.9489746094
266.412018       632.3552856445
266.788086       556.4726562500
267.164154       595.5637207031
267.540192       731.2326660156
267.916107       646.1520996094
268.292084       627.7563476563
268.667969       673.7457885742
269.043793       680.6442260742
269.419617       650.7510986328
269.795410       609.3605346680
270.171204       751.9279174805
270.546875       650.7510986328
270.922577       643.8526611328
271.298248       639.2537231445
271.673828       682.9437255859
272.049408       616.2589721680
272.424927       687.5426635742
272.800446       597.8631591797
273.175934       710.5374145508
273.551361       616.2589721680
273.926727       653.0505371094
274.302063       657.6494750977
274.677399       607.0610961914
275.052673       650.7510986328
275.427948       694.4411010742
275.803131       641.5531616211
276.178314       653.0505371094
276.553436       694.4411010742
276.928558       699.0400390625
277.303650       586.3657836914
277.678619       699.0400390625
278.053650       579.4674072266
278.428589       680.6442260742
278.803528       653.0505371094
279.178375       590.9647827148
279.553253       682.9437255859
279.928070       669.1468505859
280.302826       705.9384155273
280.677582       669.1468505859
281.052277       715.1363525391
281.426941       648.4515991211
281.801544       689.8421020508
282.176147       639.2537231445
282.550720       719.7352905273
282.925232       705.9384155273
283.299683       715.1363525391
283.674133       712.8368530273
284.048553       648.4515991211
284.422974       666.8474121094
284.797241       607.0610961914
285.171600       620.8579101563
285.545837       636.9542236328
285.920074       710.5374145508
286.294250       648.4515991211
286.668396       620.8579101563
287.042511       726.6337280273
287.416626       687.5426635742
287.790649       694.4411010742
288.164673       632.3552856445
288.538635       703.6389770508
288.912567       666.8474121094
289.286438       678.3447875977
289.660309       666.8474121094
290.034149       735.8316040039
290.407959       751.9279174805
290.781677       724.3342285156
291.155396       701.3394775391
291.529083       641.5531616211
291.902710       687.5426635742
292.276337       657.6494750977
292.649902       701.3394775391
293.023407       666.8474121094
293.396912       664.5479125977
293.770386       662.2484130859
294.143829       535.7774047852
294.517181       680.6442260742
294.890533       708.2379150391
295.263824       715.1363525391
295.637115       632.3552856445
296.010345       673.7457885742
296.383545       625.4568481445
296.756744       655.3500366211
297.129852       678.3447875977
297.502960       682.9437255859
297.875977       659.9489746094
298.248993       666.8474121094
298.621979       613.9594726563
298.994934       676.0452880859
299.367859       664.5479125977
299.740723       705.9384155273
300.113556       655.3500366211
300.486359       719.7352905273
300.859100       648.4515991211
301.231842       641.5531616211
301.604492       646.1520996094
301.977173       687.5426635742
302.349792       687.5426635742
302.722351       694.4411010742
303.094910       650.7510986328
303.467377       722.0347900391
303.839874       662.2484130859
304.212311       717.4357910156
304.584717       659.9489746094
304.957062       623.1574096680
305.329376       666.8474121094
305.701630       666.8474121094
306.073853       678.3447875977
306.446106       664.5479125977
306.818268       620.8579101563
307.190399       630.0557861328
307.562500       646.1520996094
307.934540       722.0347900391
308.306610       653.0505371094
308.678558       673.7457885742
309.050507       669.1468505859
309.422424       710.5374145508
309.794281       705.9384155273
310.166138       671.4463500977
310.537933       694.4411010742
310.909729       701.3394775391
311.281464       648.4515991211
311.653107       682.9437255859
312.024780       655.3500366211
312.396393       666.8474121094
312.767975       604.7615966797
313.139496       639.2537231445
313.511047       639.2537231445
313.882507       708.2379150391
314.253906       609.3605346680
314.625305       676.0452880859
314.996643       641.5531616211
315.368011       650.7510986328
315.739258       618.5584716797
316.110504       655.3500366211
316.481720       641.5531616211
316.852905       655.3500366211
317.223999       632.3552856445
317.595123       620.8579101563
317.966187       712.8368530273
318.337189       715.1363525391
318.708191       655.3500366211
319.079163       694.4411010742
319.450073       648.4515991211
319.820923       666.8474121094
320.191742       669.1468505859
320.562561       639.2537231445
320.933319       687.5426635742
321.304047       694.4411010742
321.674744       669.1468505859
322.045380       655.3500366211
322.416016       708.2379150391
322.786560       641.5531616211
323.157135       722.0347900391
323.527618       671.4463500977
323.898071       728.9331665039
324.268494       715.1363525391
324.638885       655.3500366211
325.009277       694.4411010742
325.379578       659.9489746094
325.749847       673.7457885742
326.120117       669.1468505859
326.490295       701.3394775391
326.860443       703.6389770508
327.230591       689.8421020508
327.600708       717.4357910156
327.970703       701.3394775391
328.340759       664.5479125977
328.710724       699.0400390625
329.080688       659.9489746094
329.450592       643.8526611328
329.820435       646.1520996094
330.190277       673.7457885742
330.560089       636.9542236328
330.929810       699.0400390625
331.299561       678.3447875977
331.669220       705.9384155273
332.038879       701.3394775391
332.408447       685.2431640625
332.778046       719.7352905273
333.147583       692.1416015625
333.517059       662.2484130859
333.886505       692.1416015625
334.255951       682.9437255859
334.625336       685.2431640625
334.994629       676.0452880859
335.363983       641.5531616211
335.733246       653.0505371094
336.102478       607.0610961914
336.471680       609.3605346680
336.840820       671.4463500977
337.209961       657.6494750977
337.578979       666.8474121094
337.948059       650.7510986328
338.317078       577.1679077148
338.686035       676.0452880859
339.054962       611.6600341797
339.423859       685.2431640625
339.792725       609.3605346680
340.161560       712.8368530273
340.530334       703.6389770508
340.899078       680.6442260742
341.267761       673.7457885742
341.636444       634.6547851563
342.005066       699.0400390625
342.373657       692.1416015625
342.742218       662.2484130859
343.110718       643.8526611328
343.479218       719.7352905273
343.847626       705.9384155273
344.216064       673.7457885742
344.584412       673.7457885742
344.952759       742.7300415039
345.321045       630.0557861328
345.689270       662.2484130859
346.057526       666.8474121094
346.425659       682.9437255859
346.793854       680.6442260742
347.161957       623.1574096680
347.529999       646.1520996094
347.898041       685.2431640625
348.266022       655.3500366211
348.634003       648.4515991211
349.001892       685.2431640625
349.369781       634.6547851563
349.737610       632.3552856445
350.105408       570.2694702148
350.473145       662.2484130859
350.840912       646.1520996094
351.208618       669.1468505859
351.576233       653.0505371094
351.943878       715.1363525391
352.311401       738.1311035156
352.678955       717.4357910156
353.046478       733.5321044922
353.413910       710.5374145508
353.781372       680.6442260742
354.148743       607.0610961914
354.516083       602.4620971680
354.883392       680.6442260742
355.250641       657.6494750977
355.617920       685.2431640625
355.985077       673.7457885742
356.352234       685.2431640625
356.719360       676.0452880859
357.086426       765.7247924805
357.453491       685.2431640625
357.820496       643.8526611328
358.187469       671.4463500977
358.554382       682.9437255859
358.921295       722.0347900391
359.288147       625.4568481445
359.654968       678.3447875977
360.021759       705.9384155273
360.388489       659.9489746094
360.755188       643.8526611328
361.121826       655.3500366211
361.488464       685.2431640625
361.855072       687.5426635742
362.221588       662.2484130859
362.588135       666.8474121094
362.954590       659.9489746094
363.321075       655.3500366211
363.687439       666.8474121094
364.053802       705.9384155273
364.420135       666.8474121094
364.786407       653.0505371094
365.152679       701.3394775391
365.518860       694.4411010742
365.885040       705.9384155273
366.251190       641.5531616211
366.617249       639.2537231445
366.983337       701.3394775391
367.349335       671.4463500977
367.715332       641.5531616211
368.081207       694.4411010742
368.447174       664.5479125977
368.813019       682.9437255859
369.178833       625.4568481445
369.544678       611.6600341797
369.910400       659.9489746094
370.276123       604.7615966797
370.641785       611.6600341797
371.007446       664.5479125977
371.373016       699.0400390625
371.738586       597.8631591797
372.104126       680.6442260742
372.469574       671.4463500977
372.835022       662.2484130859
373.200439       659.9489746094
373.565796       703.6389770508
373.931122       600.1626586914
374.296417       618.5584716797
374.661713       634.6547851563
375.026886       648.4515991211
375.392090       699.0400390625
375.757202       655.3500366211
376.122314       662.2484130859
376.487396       636.9542236328
376.852386       597.8631591797
377.217407       655.3500366211
377.582336       733.5321044922
377.947235       689.8421020508
378.312103       673.7457885742
378.676941       685.2431640625
379.041779       738.1311035156
379.406494       696.7405395508
379.771240       595.5637207031
380.135925       680.6442260742
380.500549       710.5374145508
380.865143       722.0347900391
381.229706       666.8474121094
381.594269       678.3447875977
381.958679       705.9384155273
382.323181       634.6547851563
382.687561       694.4411010742
383.051971       650.7510986328
383.416321       749.6284179688
383.780579       678.3447875977
384.144867       648.4515991211
384.509033       653.0505371094
384.873260       669.1468505859
385.237366       636.9542236328
385.601501       685.2431640625
385.965576       685.2431640625
386.329559       623.1574096680
386.693573       625.4568481445
387.057526       641.5531616211
387.421417       673.7457885742
387.785309       630.0557861328
388.149109       671.4463500977
388.512970       671.4463500977
388.876678       726.6337280273
389.240417       666.8474121094
389.604065       613.9594726563
389.967712       712.8368530273
390.331360       643.8526611328
390.694885       600.1626586914
391.058411       657.6494750977
391.421906       692.1416015625
391.785370       646.1520996094
392.148743       696.7405395508
392.512115       659.9489746094
392.875488       689.8421020508
393.238739       627.7563476563
393.602051       648.4515991211
393.965240       733.5321044922
394.328430       625.4568481445
394.691559       664.5479125977
395.054657       666.8474121094
395.417725       701.3394775391
395.780731       639.2537231445
396.143738       627.7563476563
396.506653       646.1520996094
396.869568       666.8474121094
397.232422       659.9489746094
397.595245       676.0452880859
397.958069       731.2326660156
398.320770       682.9437255859
398.683533       653.0505371094
399.046204       664.5479125977
399.408813       655.3500366211
399.771454       613.9594726563
400.133972       655.3500366211
400.496521       685.2431640625
400.859009       680.6442260742
401.221436       733.5321044922
401.583832       593.2642211914
401.946198       639.2537231445
402.308563       692.1416015625
402.670807       659.9489746094
403.033051       689.8421020508
403.395294       680.6442260742
403.757416       685.2431640625
404.119568       728.9331665039
404.481659       722.0347900391
404.843719       639.2537231445
405.205719       761.1257934570
405.567719       733.5321044922
405.929657       669.1468505859
406.291534       712.8368530273
406.653442       694.4411010742
407.015228       657.6494750977
407.377014       671.4463500977
407.738739       687.5426635742
408.100464       613.9594726563
408.462128       703.6389770508
408.823730       641.5531616211
409.185364       646.1520996094
409.546875       703.6389770508
409.908386       717.4357910156
410.269867       678.3447875977
410.631287       643.8526611328
410.992676       648.4515991211
411.354034       678.3447875977
411.715363       717.4357910156
412.076630       687.5426635742
412.437866       655.3500366211
412.799072       639.2537231445
413.160217       705.9384155273
413.521362       701.3394775391
413.882416       696.7405395508
414.243469       646.1520996094
414.604462       689.8421020508
414.965424       710.5374145508
415.326355       694.4411010742
415.687225       715.1363525391
416.048096       623.1574096680
416.408875       708.2379150391
416.769653       680.6442260742
417.130402       687.5426635742
417.491058       602.4620971680
417.851715       653.0505371094
418.212311       722.0347900391
418.572906       703.6389770508
418.933411       703.6389770508
419.293945       669.1468505859
419.654388       673.7457885742
420.014801       634.6547851563
420.375183       641.5531616211
420.735504       689.8421020508
421.095825       666.8474121094
421.456055       604.7615966797
421.816315       682.9437255859
422.176453       703.6389770508
422.536621       666.8474121094
422.896729       680.6442260742
423.256775       669.1468505859
423.616821       630.0557861328
423.976807       694.4411010742
424.336731       669.1468505859
424.696625       685.2431640625
425.056488       676.0452880859
425.416351       673.7457885742
425.776093       639.2537231445
426.135864       671.4463500977
426.495575       680.6442260742
426.855225       685.2431640625
427.214874       659.9489746094
427.574432       634.6547851563
427.934052       625.4568481445
428.293518       657.6494750977
428.653015       682.9437255859
429.012421       662.2484130859
429.371826       655.3500366211
429.731232       664.5479125977
430.090485       676.0452880859
430.449799       620.8579101563
430.808990       692.1416015625
431.168213       699.0400390625
431.527374       641.5531616211
431.886475       627.7563476563
432.245605       630.0557861328
432.604584       735.8316040039
432.963623       705.9384155273
433.322571       630.0557861328
433.681488       611.6600341797
434.040344       666.8474121094
434.399200       699.0400390625
434.758026       692.1416015625
435.116760       701.3394775391
435.475494       694.4411010742
435.834198       659.9489746094
436.192841       620.8579101563
436.551453       655.3500366211
436.910004       630.0557861328
437.268555       655.3500366211
437.627014       673.7457885742
437.985474       717.4357910156
438.343903       666.8474121094
438.702240       678.3447875977
439.060577       632.3552856445
439.418854       708.2379150391
439.777130       701.3394775391
440.135315       673.7457885742
440.493500       620.8579101563
440.851654       653.0505371094
441.209717       593.2642211914
441.567810       639.2537231445
441.925781       678.3447875977
442.283783       696.7405395508
442.641663       676.0452880859
442.999573       618.5584716797
443.357483       678.3447875977
443.715240       703.6389770508
444.073029       708.2379150391
444.430725       699.0400390625
444.788452       676.0452880859
445.146149       687.5426635742
445.503723       632.3552856445
445.861359       574.8684692383
446.218842       639.2537231445
446.576355       676.0452880859
446.933777       648.4515991211
447.291199       671.4463500977
447.648621       648.4515991211
448.005920       616.2589721680
448.363251       701.3394775391
448.720459       620.8579101563
449.077728       694.4411010742
449.434875       634.6547851563
449.792023       655.3500366211
450.149170       666.8474121094
450.506195       694.4411010742
450.863220       699.0400390625
451.220184       657.6494750977
451.577118       685.2431640625
451.933990       639.2537231445
452.290894       719.7352905273
452.647736       616.2589721680
453.004456       678.3447875977
453.361237       687.5426635742
453.717926       726.6337280273
454.074585       657.6494750977
454.431244       653.0505371094
454.787811       687.5426635742
455.144379       671.4463500977
455.500824       657.6494750977
455.857300       641.5531616211
456.213715       639.2537231445
456.570099       650.7510986328
456.926483       627.7563476563
457.282745       710.5374145508
457.639038       701.3394775391
457.995209       671.4463500977
458.351440       673.7457885742
458.707550       685.2431640625
459.063660       735.8316040039
459.419769       616.2589721680
459.775757       641.5531616211
460.131744       650.7510986328
460.487671       717.4357910156
460.843597       673.7457885742
461.199493       657.6494750977
461.555267       678.3447875977
461.911072       705.9384155273
462.266785       620.8579101563
462.622498       609.3605346680
462.978119       731.2326660156
463.333771       724.3342285156
463.689392       609.3605346680
464.044891       687.5426635742
464.400421       708.2379150391
464.755859       701.3394775391
465.111298       671.4463500977
465.466675       643.8526611328
465.821991       650.7510986328
466.177338       623.1574096680
466.532562       696.7405395508
466.887817       699.0400390625
467.242981       648.4515991211
467.598114       666.8474121094
467.953247       597.8631591797
468.308289       733.5321044922
468.663330       701.3394775391
469.018280       659.9489746094
469.373230       609.3605346680
469.728119       687.5426635742
470.082977       657.6494750977
470.437836       659.9489746094
470.792572       632.3552856445
471.147339       701.3394775391
471.502014       650.7510986328
471.856720       609.3605346680
472.211273       699.0400390625
472.565918       673.7457885742
472.920471       639.2537231445
473.274933       696.7405395508
473.629395       664.5479125977
473.983795       636.9542236328
474.338165       685.2431640625
474.692505       689.8421020508
475.046814       689.8421020508
475.401123       666.8474121094
475.755280       689.8421020508
476.109497       650.7510986328
476.463593       620.8579101563
476.817688       717.4357910156
477.171783       710.5374145508
477.525757       692.1416015625
477.879761       682.9437255859
478.233673       676.0452880859
478.587585       650.7510986328
478.941406       685.2431640625
479.295258       643.8526611328
479.649048       689.8421020508
480.002747       687.5426635742
480.356445       680.6442260742
480.710052       689.8421020508
481.063690       636.9542236328
481.417236       659.9489746094
481.770782       687.5426635742
482.124329       694.4411010742
482.477722       689.8421020508
482.831177       669.1468505859
483.184509       653.0505371094
483.537842       653.0505371094
483.891144       696.7405395508
484.244385       625.4568481445
484.597626       666.8474121094
484.950714       648.4515991211
485.303894       662.2484130859
485.656921       659.9489746094
486.010010       588.6652832031
486.363068       728.9331665039
486.715973       657.6494750977
487.068909       705.9384155273
487.421783       659.9489746094
487.774628       685.2431640625
488.127411       699.0400390625
488.480194       680.6442260742
488.832947       701.3394775391
489.185577       618.5584716797
489.538239       648.4515991211
489.890839       671.4463500977
490.243378       735.8316040039
490.595917       749.6284179688
490.948395       659.9489746094
491.300842       641.5531616211
491.653198       657.6494750977
492.005585       680.6442260742
492.357880       705.9384155273
492.710144       648.4515991211
493.062439       648.4515991211
493.414581       602.4620971680
493.766754       648.4515991211
494.118835       643.8526611328
494.470917       676.0452880859
494.822937       655.3500366211
495.174927       646.1520996094
495.526917       673.7457885742
495.878784       738.1311035156
496.230682       655.3500366211
496.582489       643.8526611328
496.934296       618.5584716797
497.285980       678.3447875977
497.637695       655.3500366211
497.989410       687.5426635742
498.340973       669.1468505859
498.692596       671.4463500977
499.044128       648.4515991211
499.395630       662.2484130859
499.747101       659.9489746094
500.098480       600.1626586914
500.449921       694.4411010742
500.801208       685.2431640625
501.152527       699.0400390625
501.503754       669.1468505859
501.854980       662.2484130859
502.206177       655.3500366211
502.557281       689.8421020508
502.908386       655.3500366211
503.259430       623.1574096680
503.610443       671.4463500977
503.961365       666.8474121094
504.312317       653.0505371094
504.663239       756.5268554688
505.014069       694.4411010742
505.364899       648.4515991211
505.715607       632.3552856445
506.066376       689.8421020508
506.417084       666.8474121094
506.767670       630.0557861328
507.118317       604.7615966797
507.468842       666.8474121094
507.819397       722.0347900391
508.169830       687.5426635742
508.520294       627.7563476563
508.870697       648.4515991211
509.221039       699.0400390625
509.571381       662.2484130859
509.921631       673.7457885742
510.271851       648.4515991211
510.622009       685.2431640625
510.972198       687.5426635742
511.322327       703.6389770508
511.672394       680.6442260742
512.022461       694.4411010742
512.372375       586.3657836914
512.722351       634.6547851563
513.072266       680.6442260742
513.422058       611.6600341797
513.771912       669.1468505859
514.121704       689.8421020508
514.471436       643.8526611328
514.821167       618.5584716797
515.170776       653.0505371094
515.520447       703.6389770508
515.869995       708.2379150391
516.219543       636.9542236328
516.569031       664.5479125977
516.918518       692.1416015625
517.267822       630.0557861328
517.617249       616.2589721680
517.966614       664.5479125977
518.315796       680.6442260742
518.665161       662.2484130859
519.014282       659.9489746094
519.363464       701.3394775391
519.712585       611.6600341797
520.061646       726.6337280273
520.410706       708.2379150391
520.759705       712.8368530273
521.108704       669.1468505859
521.457520       728.9331665039
521.806458       717.4357910156
522.155334       678.3447875977
522.504089       705.9384155273
522.852844       682.9437255859
523.201538       657.6494750977
523.550232       705.9384155273
523.898804       678.3447875977
524.247437       685.2431640625
524.596008       726.6337280273
524.944458       641.5531616211
525.292969       618.5584716797
525.641357       657.6494750977
525.989746       719.7352905273
526.338074       715.1363525391
526.686401       694.4411010742
527.034607       630.0557861328
527.382813       676.0452880859
527.731018       682.9437255859
528.079102       611.6600341797
528.427246       590.9647827148
528.775330       636.9542236328
529.123291       731.2326660156
529.471252       643.8526611328
529.819153       639.2537231445
530.167053       636.9542236328
530.514832       618.5584716797
530.862732       646.1520996094
531.210510       682.9437255859
531.558167       634.6547851563
531.905884       676.0452880859
532.253479       692.1416015625
532.601074       715.1363525391
532.948608       696.7405395508
533.296143       717.4357910156
533.643616       632.3552856445
533.991028       648.4515991211
534.338379       715.1363525391
534.685730       669.1468505859
535.033081       657.6494750977
535.380371       694.4411010742
535.727478       724.3342285156
536.074707       662.2484130859
536.421875       577.1679077148
536.768921       650.7510986328
537.115967       669.1468505859
537.463013       655.3500366211
537.809998       643.8526611328
538.156860       643.8526611328
538.503784       627.7563476563
538.850647       726.6337280273
539.197449       694.4411010742
539.544189       694.4411010742
539.890930       655.3500366211
540.237610       685.2431640625
540.584229       636.9542236328
540.930847       666.8474121094
541.277344       694.4411010742
541.623901       692.1416015625
541.970337       639.2537231445
542.316772       701.3394775391
542.663208       671.4463500977
543.009521       694.4411010742
543.355835       731.2326660156
543.702026       687.5426635742
544.048279       699.0400390625
544.394470       646.1520996094
544.740601       689.8421020508
545.086731       669.1468505859
545.432739       650.7510986328
545.778809       669.1468505859
546.124695       756.5268554688
546.470703       703.6389770508
546.816589       646.1520996094
547.162415       696.7405395508
547.508240       722.0347900391
547.853943       659.9489746094
548.199646       699.0400390625
548.545349       715.1363525391
548.890930       664.5479125977
549.236633       666.8474121094
549.582092       671.4463500977
549.927673       699.0400390625
550.273071       664.5479125977
550.618530       687.5426635742
550.963928       664.5479125977
551.309204       632.3552856445
551.654602       627.7563476563
551.999756       731.2326660156
552.345093       685.2431640625
552.690186       643.8526611328
553.035339       666.8474121094
553.380493       657.6494750977
553.725464       666.8474121094
554.070496       689.8421020508
554.415405       597.8631591797
554.760376       685.2431640625
555.105225       708.2379150391
555.450073       712.8368530273
555.794922       671.4463500977
556.139648       623.1574096680
556.484375       613.9594726563
556.828979       708.2379150391
557.173645       595.5637207031
557.518311       632.3552856445
557.862793       678.3447875977
558.207275       641.5531616211
558.551697       747.3289794922
558.896118       627.7563476563
559.240479       694.4411010742
559.584839       680.6442260742
559.929199       659.9489746094
560.273376       669.1468505859
560.617676       680.6442260742
560.961792       682.9437255859
561.305908       650.7510986328
561.649963       678.3447875977
561.994019       685.2431640625
562.338074       657.6494750977
562.682007       664.5479125977
563.025879       705.9384155273
563.369751       673.7457885742
563.713623       609.3605346680
564.057373       676.0452880859
564.401123       701.3394775391
564.744873       662.2484130859
565.088501       600.1626586914
565.432129       722.0347900391
565.775635       722.0347900391
566.119263       742.7300415039
566.462769       687.5426635742
566.806152       694.4411010742
567.149597       685.2431640625
567.492920       768.0242309570
567.836243       747.3289794922
568.179504       643.8526611328
568.522827       648.4515991211
568.866028       678.3447875977
569.209106       641.5531616211
569.552307       657.6494750977
569.895325       726.6337280273
570.238403       678.3447875977
570.581299       719.7352905273
570.924255       680.6442260742
571.267212       673.7457885742
571.609985       609.3605346680
571.952881       678.3447875977
572.295593       664.5479125977
572.638367       648.4515991211
572.981079       620.8579101563
573.323730       692.1416015625
573.666260       699.0400390625
574.008850       678.3447875977
574.351440       643.8526611328
574.693848       659.9489746094
575.036255       692.1416015625
575.378723       692.1416015625
575.721008       699.0400390625
576.063354       643.8526611328
576.405579       669.1468505859
576.747803       657.6494750977
577.090027       682.9437255859
577.432129       770.3237304688
577.774231       641.5531616211
578.116272       639.2537231445
578.458313       593.2642211914
578.800232       641.5531616211
579.142212       655.3500366211
579.484070       653.0505371094
579.825928       699.0400390625
580.167725       657.6494750977
580.509460       604.7615966797
580.851196       650.7510986328
581.192810       673.7457885742
581.534485       745.0294799805
581.876099       655.3500366211
582.217590       618.5584716797
582.559143       676.0452880859
582.900574       662.2484130859
583.242004       728.9331665039
583.583313       653.0505371094
583.924683       650.7510986328
584.265991       676.0452880859
584.607239       643.8526611328
584.948425       689.8421020508
585.289551       641.5531616211
585.630737       632.3552856445
585.971802       694.4411010742
586.312805       692.1416015625
586.653870       641.5531616211
586.994751       653.0505371094
587.335693       641.5531616211
587.676453       669.1468505859
588.017334       659.9489746094
588.358154       611.6600341797
588.698853       655.3500366211
589.039551       685.2431640625
589.380188       696.7405395508
589.720825       708.2379150391
590.061340       678.3447875977
590.401917       627.7563476563
590.742432       710.5374145508
591.082825       715.1363525391
591.423218       666.8474121094
591.763550       696.7405395508
592.103882       653.0505371094
592.444092       678.3447875977
592.784363       742.7300415039
593.124512       634.6547851563
593.464600       708.2379150391
593.804749       731.2326660156
594.144775       636.9542236328
594.484802       627.7563476563
594.824829       643.8526611328
595.164734       659.9489746094
595.504578       685.2431640625
595.844360       655.3500366211
596.184204       687.5426635742
596.523926       685.2431640625
596.863647       701.3394775391
597.203369       634.6547851563
597.542969       724.3342285156
597.882507       623.1574096680
598.222046       611.6600341797
598.561584       680.6442260742
598.901001       717.4357910156
599.240417       627.7563476563
599.579834       671.4463500977
599.919067       694.4411010742
600.258423       763.4252929688
600.597595       595.5637207031
600.936829       717.4357910156
601.276001       710.5374145508
601.615051       676.0452880859
601.954163       705.9384155273
602.293091       586.3657836914
602.632141       643.8526611328
602.971069       733.5321044922
603.309998       708.2379150391
603.648865       689.8421020508
603.987610       719.7352905273
604.326416       662.2484130859
604.665100       689.8421020508
605.003845       676.0452880859
605.342407       618.5584716797
605.680969       685.2431640625
606.019592       694.4411010742
606.358093       712.8368530273
606.696533       687.5426635742
607.034973       609.3605346680
607.373291       710.5374145508
607.711609       685.2431640625
608.049927       662.2484130859
608.388245       689.8421020508
608.726379       657.6494750977
609.064575       659.9489746094
609.402710       696.7405395508
609.740723       673.7457885742
610.078796       689.8421020508
610.416748       671.4463500977
610.754761       701.3394775391
611.092590       641.5531616211
611.430481       636.9542236328
611.768311       694.4411010742
612.106018       705.9384155273
612.443787       685.2431640625
612.781494       639.2537231445
613.119141       657.6494750977
613.456726       650.7510986328
613.794250       692.1416015625
614.131775       673.7457885742
614.469299       655.3500366211
614.806763       673.7457885742
615.144043       646.1520996094
615.481384       655.3500366211
615.818726       703.6389770508
616.156006       646.1520996094
616.493225       650.7510986328
616.830322       655.3500366211
617.167480       726.6337280273
617.504578       597.8631591797
617.841614       630.0557861328
618.178528       648.4515991211
618.515503       666.8474121094
618.852478       584.0663452148
619.189270       611.6600341797
619.526184       671.4463500977
619.862854       648.4515991211
620.199646       685.2431640625
620.536316       648.4515991211
620.872986       611.6600341797
621.209595       625.4568481445
621.546143       719.7352905273
621.882629       696.7405395508
622.219116       630.0557861328
622.555542       671.4463500977
622.892029       630.0557861328
623.228333       659.9489746094
623.564636       664.5479125977
623.900818       643.8526611328
624.237061       689.8421020508
624.573242       710.5374145508
624.909363       717.4357910156
625.245483       717.4357910156
625.581482       685.2431640625
625.917480       657.6494750977
626.253418       705.9384155273
626.589355       648.4515991211
626.925171       646.1520996094
627.261047       616.2589721680
627.596863       643.8526611328
627.932556       712.8368530273
628.268250       673.7457885742
628.603882       676.0452880859
628.939514       678.3447875977
629.275024       623.1574096680
629.610596       669.1468505859
629.946045       703.6389770508
630.281494       687.5426635742
630.616882       650.7510986328
630.952209       659.9489746094
631.287537       657.6494750977
631.622803       673.7457885742
631.958008       659.9489746094
632.293213       692.1416015625
632.628296       731.2326660156
632.963379       692.1416015625
633.298401       636.9542236328
633.633423       703.6389770508
633.968384       694.4411010742
634.303284       726.6337280273
634.638123       641.5531616211
634.972900       662.2484130859
635.307739       641.5531616211
635.642456       648.4515991211
635.977112       722.0347900391
636.311829       673.7457885742
636.646362       678.3447875977
636.980957       662.2484130859
637.315430       669.1468505859
637.649963       653.0505371094
637.984436       616.2589721680
638.318726       625.4568481445
638.653137       669.1468505859
638.987366       659.9489746094
639.321655       689.8421020508
639.655823       657.6494750977
639.990051       685.2431640625
640.324158       703.6389770508
640.658203       634.6547851563
640.992249       634.6547851563
641.326172       669.1468505859
641.660156       687.5426635742
641.994019       696.7405395508
642.327942       726.6337280273
642.661804       685.2431640625
642.995483       699.0400390625
643.329224       604.7615966797
643.662964       671.4463500977
643.996582       701.3394775391
644.330200       685.2431640625
644.663696       630.0557861328
644.997253       636.9542236328
645.330688       641.5531616211
645.664124       673.7457885742
645.997437       701.3394775391
646.330811       646.1520996094
646.664124       669.1468505859
646.997375       712.8368530273
647.330566       678.3447875977
647.663696       662.2484130859
647.996826       735.8316040039
648.329895       724.3342285156
648.662903       657.6494750977
648.995911       657.6494750977
649.328796       609.3605346680
649.661682       680.6442260742
649.994568       657.6494750977
650.327393       655.3500366211
650.660095       705.9384155273
650.992859       616.2589721680
651.325500       616.2589721680
651.658142       680.6442260742
651.990723       687.5426635742
652.323242       671.4463500977
652.655762       632.3552856445
652.988220       696.7405395508
653.320618       740.4305419922
653.652954       669.1468505859
653.985291       669.1468505859
654.317566       699.0400390625
654.649780       671.4463500977
654.981995       648.4515991211
655.314148       703.6389770508
655.646240       751.9279174805
655.978271       685.2431640625
656.310303       676.0452880859
656.642273       666.8474121094
656.974182       749.6284179688
657.306091       687.5426635742
657.637939       712.8368530273
657.969666       676.0452880859
658.301453       643.8526611328
658.633179       657.6494750977
658.964844       613.9594726563
659.296448       623.1574096680
659.627991       722.0347900391
659.959534       699.0400390625
660.291016       715.1363525391
660.622437       694.4411010742
660.953796       673.7457885742
661.285156       696.7405395508
661.616516       687.5426635742
661.947754       639.2537231445
662.278931       694.4411010742
662.610107       618.5584716797
662.941284       673.7457885742
663.272339       682.9437255859
663.603394       618.5584716797
663.934387       666.8474121094
664.265320       657.6494750977
664.596252       715.1363525391
664.927063       659.9489746094
665.257935       749.6284179688
665.588684       712.8368530273
665.919434       646.1520996094
666.250061       646.1520996094
666.580688       710.5374145508
666.911316       742.7300415039
667.241821       673.7457885742
667.572327       643.8526611328
667.902832       666.8474121094
668.233276       662.2484130859
668.563660       657.6494750977
668.893982       666.8474121094
669.224243       646.1520996094
669.554504       708.2379150391
669.884705       722.0347900391
670.214844       703.6389770508
670.544922       676.0452880859
670.875000       639.2537231445
671.205078       648.4515991211
671.534973       699.0400390625
671.864929       632.3552856445
672.194824       770.3237304688
672.524658       708.2379150391
672.854431       650.7510986328
673.184204       657.6494750977
673.513916       669.1468505859
673.843567       687.5426635742
674.173218       708.2379150391
674.502747       646.1520996094
674.832275       680.6442260742
675.161804       655.3500366211
675.491211       699.0400390625
675.820679       673.7457885742
676.149963       676.0452880859
676.479248       696.7405395508
676.808533       728.9331665039
677.137756       747.3289794922
677.466919       689.8421020508
677.796021       703.6389770508
678.125122       722.0347900391
678.454163       682.9437255859
678.783142       703.6389770508
679.112122       655.3500366211
679.440979       662.2484130859
679.769897       659.9489746094
680.098694       627.7563476563
680.427490       643.8526611328
680.756165       664.5479125977
681.084900       728.9331665039
681.413513       694.4411010742
681.742065       666.8474121094
682.070679       625.4568481445
682.399170       636.9542236328
682.727600       632.3552856445
683.056030       745.0294799805
683.384399       699.0400390625
683.712708       639.2537231445
684.040955       653.0505371094
684.369263       689.8421020508
684.697388       726.6337280273
685.025574       655.3500366211
685.353638       703.6389770508
685.681702       678.3447875977
686.009766       669.1468505859
686.337708       659.9489746094
686.665588       710.5374145508
686.993469       655.3500366211
687.321289       607.0610961914
687.649048       673.7457885742
687.976807       662.2484130859
688.304565       710.5374145508
688.632141       687.5426635742
688.959839       749.6284179688
689.287354       646.1520996094
689.614868       671.4463500977
689.942383       682.9437255859
690.269775       653.0505371094
690.597168       696.7405395508
690.924500       722.0347900391
691.251770       664.5479125977
691.578979       611.6600341797
691.906250       655.3500366211
692.233398       726.6337280273
692.560486       634.6547851563
692.887573       701.3394775391
693.214539       641.5531616211
693.541565       664.5479125977
693.868469       620.8579101563
694.195374       751.9279174805
694.522217       703.6389770508
694.849060       659.9489746094
695.175781       627.7563476563
695.502441       650.7510986328
695.829163       673.7457885742
696.155823       673.7457885742
696.482300       708.2379150391
696.808899       655.3500366211
697.135315       627.7563476563
697.461792       712.8368530273
697.788147       715.1363525391
698.114563       641.5531616211
698.440857       763.4252929688
698.767029       742.7300415039
699.093323       662.2484130859
699.419495       763.4252929688
699.745605       735.8316040039
700.071655       676.0452880859
700.397705       747.3289794922
700.723694       671.4463500977
701.049622       648.4515991211
701.375549       703.6389770508
701.701355       687.5426635742
702.027222       712.8368530273
702.352905       676.0452880859
702.678711       749.6284179688
703.004395       620.8579101563
703.329956       611.6600341797
703.655579       650.7510986328
703.981018       650.7510986328
704.306580       662.2484130859
704.632080       699.0400390625
704.957397       703.6389770508
705.282776       616.2589721680
705.608093       590.9647827148
705.933350       728.9331665039
706.258545       701.3394775391
706.583740       733.5321044922
706.908875       636.9542236328
707.233948       659.9489746094
707.559021       669.1468505859
707.883972       671.4463500977
708.208984       722.0347900391
708.533813       653.0505371094
708.858704       715.1363525391
709.183533       618.5584716797
709.508240       676.0452880859
709.833008       726.6337280273
710.157654       666.8474121094
710.482300       708.2379150391
710.806885       694.4411010742
711.131409       634.6547851563
711.455933       715.1363525391
711.780334       627.7563476563
712.104797       613.9594726563
712.429138       747.3289794922
712.753479       696.7405395508
713.077759       682.9437255859
713.401917       662.2484130859
713.726135       696.7405395508
714.050232       648.4515991211
714.374329       754.2274169922
714.698364       632.3552856445
715.022339       662.2484130859
715.346313       655.3500366211
715.670166       777.2221069336
715.994080       673.7457885742
716.317871       735.8316040039
716.641663       671.4463500977
716.965393       641.5531616211
717.289001       641.5531616211
717.612732       646.1520996094
717.936279       618.5584716797
718.259827       731.2326660156
718.583313       680.6442260742
718.906738       673.7457885742
719.230225       731.2326660156
719.553528       685.2431640625
719.876892       708.2379150391
720.200134       662.2484130859
720.523315       639.2537231445
720.846497       712.8368530273
721.169617       705.9384155273
721.492737       653.0505371094
721.815735       726.6337280273
722.138733       653.0505371094
722.461670       671.4463500977
722.784607       692.1416015625
723.107544       659.9489746094
723.430298       643.8526611328
723.753113       685.2431640625
724.075745       632.3552856445
724.398438       664.5479125977
724.721008       600.1626586914
725.043640       712.8368530273
725.366211       689.8421020508
725.688660       687.5426635742
726.011169       657.6494750977
726.333496       687.5426635742
726.655884       650.7510986328
726.978149       747.3289794922
727.300476       719.7352905273
727.622681       666.8474121094
727.944824       659.9489746094
728.266968       719.7352905273
728.589050       708.2379150391
728.911133       689.8421020508
729.233032       666.8474121094
729.554993       676.0452880859
729.876953       680.6442260742
730.198792       630.0557861328
730.520569       655.3500366211
730.842346       680.6442260742
731.164063       712.8368530273
731.485718       616.2589721680
731.807373       712.8368530273
732.128967       586.3657836914
732.450439       648.4515991211
732.771973       689.8421020508
733.093323       678.3447875977
733.414795       657.6494750977
733.736145       646.1520996094
734.057373       673.7457885742
734.378662       685.2431640625
734.699890       761.1257934570
735.021057       666.8474121094
735.342163       710.5374145508
735.663269       643.8526611328
735.984314       765.7247924805
736.305237       673.7457885742
736.626160       692.1416015625
736.947083       590.9647827148
737.267883       717.4357910156
737.588745       692.1416015625
737.909485       666.8474121094
738.230225       664.5479125977
738.550781       703.6389770508
738.871460       699.0400390625
739.192017       653.0505371094
739.512573       657.6494750977
739.833069       634.6547851563
740.153442       673.7457885742
740.473877       636.9542236328
740.794128       740.4305419922
741.114441       694.4411010742
741.434692       669.1468505859
741.754883       692.1416015625
742.075073       653.0505371094
742.395142       648.4515991211
742.715210       653.0505371094
743.035217       639.2537231445
743.355225       703.6389770508
743.675049       664.5479125977
743.994995       671.4463500977
744.314880       662.2484130859
744.634583       659.9489746094
744.954407       699.0400390625
745.273987       657.6494750977
745.593689       632.3552856445
745.913330       728.9331665039
746.232849       749.6284179688
746.552368       699.0400390625
746.871826       669.1468505859
747.191223       671.4463500977
747.510559       703.6389770508
747.829956       648.4515991211
748.149231       687.5426635742
748.468384       653.0505371094
748.787659       678.3447875977
749.106750       685.2431640625
749.425842       655.3500366211
749.744873       581.7668457031
750.063904       745.0294799805
750.382874       664.5479125977
750.701721       650.7510986328
751.020630       666.8474121094
751.339417       666.8474121094
751.658203       664.5479125977
751.976990       630.0557861328
752.295593       717.4357910156
752.614258       616.2589721680
752.932800       712.8368530273
753.251404       673.7457885742
753.569824       696.7405395508
753.888306       669.1468505859
754.206726       676.0452880859
754.525024       696.7405395508
754.843323       708.2379150391
755.161621       607.0610961914
755.479797       657.6494750977
755.797974       701.3394775391
756.116089       655.3500366211
756.434204       678.3447875977
756.752197       636.9542236328
757.070190       671.4463500977
757.388123       680.6442260742
757.705994       650.7510986328
758.023865       639.2537231445
758.341675       726.6337280273
758.659363       648.4515991211
758.977112       696.7405395508
759.294739       632.3552856445
759.612305       653.0505371094
759.929932       666.8474121094
760.247498       687.5426635742
760.564880       639.2537231445
760.882385       687.5426635742
761.199707       646.1520996094
761.517090       650.7510986328
761.834290       659.9489746094
762.151611       655.3500366211
762.468811       678.3447875977
762.785889       685.2431640625
763.103027       696.7405395508
763.420044       724.3342285156
763.737061       593.2642211914
764.054077       701.3394775391
764.370972       699.0400390625
764.687805       719.7352905273
765.004639       676.0452880859
765.321411       761.1257934570
765.638123       680.6442260742
765.954834       607.0610961914
766.271484       687.5426635742
766.588074       671.4463500977
766.904602       689.8421020508
767.221069       636.9542236328
767.537537       676.0452880859
767.853882       671.4463500977
768.170288       664.5479125977
768.486572       648.4515991211
768.802856       600.1626586914
769.119080       653.0505371094
769.435181       703.6389770508
769.751343       655.3500366211
770.067322       710.5374145508
770.383423       643.8526611328
770.699402       717.4357910156
771.015320       659.9489746094
771.331238       692.1416015625
771.647095       708.2379150391
771.962891       650.7510986328
772.278625       701.3394775391
772.594299       692.1416015625
772.909973       676.0452880859
773.225586       673.7457885742
773.541138       669.1468505859
773.856567       625.4568481445
774.172119       630.0557861328
774.487549       694.4411010742
774.802856       653.0505371094
775.118286       655.3500366211
775.433472       678.3447875977
775.748718       618.5584716797
776.063904       657.6494750977
776.379028       613.9594726563
776.694153       666.8474121094
777.009155       659.9489746094
777.324158       678.3447875977
777.639099       715.1363525391
777.954041       705.9384155273
778.268921       659.9489746094
778.583740       687.5426635742
778.898499       604.7615966797
779.213196       648.4515991211
779.527832       696.7405395508
779.842468       676.0452880859
780.157043       604.7615966797
780.471619       694.4411010742
780.786072       673.7457885742
781.100525       655.3500366211
781.414856       694.4411010742
781.729248       648.4515991211
782.043457       724.3342285156
782.357788       646.1520996094
782.671997       703.6389770508
782.986084       712.8368530273
783.300293       673.7457885742
783.614258       632.3552856445
783.928345       694.4411010742
784.242249       653.0505371094
784.556213       669.1468505859
784.870117       611.6600341797
785.183899       646.1520996094
785.497681       692.1416015625
785.811340       639.2537231445
786.125061       636.9542236328
786.438721       678.3447875977
786.752258       646.1520996094
787.065857       650.7510986328
787.379333       699.0400390625
787.692810       669.1468505859
788.006165       722.0347900391
788.319519       604.7615966797
788.632874       643.8526611328
788.946106       648.4515991211
789.259338       639.2537231445
789.572449       692.1416015625
789.885559       673.7457885742
790.198608       682.9437255859
790.511719       735.8316040039
790.824707       682.9437255859
791.137573       733.5321044922
791.450500       641.5531616211
791.763306       657.6494750977
792.076111       717.4357910156
792.388855       763.4252929688
792.701538       712.8368530273
793.014221       643.8526611328
793.326782       710.5374145508
793.639343       717.4357910156
793.951843       595.5637207031
794.264282       593.2642211914
794.576721       662.2484130859
794.889099       657.6494750977
795.201416       669.1468505859
795.513611       597.8631591797
795.825867       646.1520996094
796.138000       641.5531616211
796.450195       724.3342285156
796.762268       648.4515991211
797.074280       712.8368530273
797.386292       659.9489746094
797.698181       685.2431640625
798.010071       666.8474121094
798.321960       699.0400390625
798.633728       692.1416015625
798.945496       754.2274169922
799.257202       680.6442260742
799.568787       662.2484130859
799.880432       641.5531616211
800.192017       659.9489746094
800.503540       625.4568481445
800.815002       712.8368530273
801.126404       613.9594726563
801.437744       689.8421020508
801.749084       611.6600341797
802.060364       689.8421020508
802.371582       728.9331665039
802.682800       696.7405395508
802.993835       664.5479125977
803.304993       664.5479125977
803.615967       664.5479125977
803.927002       724.3342285156
804.237976       659.9489746094
804.548828       613.9594726563
804.859741       726.6337280273
805.170471       685.2431640625
805.481201       724.3342285156
805.791931       733.5321044922
806.102600       625.4568481445
806.413208       590.9647827148
806.723755       722.0347900391
807.034241       669.1468505859
807.344727       710.5374145508
807.655151       689.8421020508
807.965515       643.8526611328
808.275879       678.3447875977
808.586182       699.0400390625
808.896362       641.5531616211
809.206604       609.3605346680
809.516663       639.2537231445
809.826782       634.6547851563
810.136780       669.1468505859
810.446777       735.8316040039
810.756775       664.5479125977
811.066650       643.8526611328
811.376465       715.1363525391
811.686279       687.5426635742
811.996033       650.7510986328
812.305786       648.4515991211
812.615417       680.6442260742
812.924988       682.9437255859
813.234558       687.5426635742
813.544128       662.2484130859
813.853516       715.1363525391
814.162964       735.8316040039
814.472351       646.1520996094
814.781616       710.5374145508
815.090942       712.8368530273
815.400146       632.3552856445
815.709351       657.6494750977
816.018433       653.0505371094
816.327515       655.3500366211
816.636597       662.2484130859
816.945557       678.3447875977
817.254578       696.7405395508
817.563416       669.1468505859
817.872253       655.3500366211
818.181091       657.6494750977
818.489807       653.0505371094
818.798523       705.9384155273
819.107178       595.5637207031
819.415833       692.1416015625
819.724365       694.4411010742
820.032837       696.7405395508
820.341370       659.9489746094
820.649719       643.8526611328
820.958130       699.0400390625
821.266357       655.3500366211
821.574707       625.4568481445
821.882874       696.7405395508
822.191040       655.3500366211
822.499207       703.6389770508
822.807251       620.8579101563
823.115356       664.5479125977
823.423279       666.8474121094
823.731262       678.3447875977
824.039124       715.1363525391
824.346985       696.7405395508
824.654846       699.0400390625
824.962524       699.0400390625
825.270264       710.5374145508
825.577820       735.8316040039
825.885437       705.9384155273
826.193054       678.3447875977
826.500488       657.6494750977
826.807983       710.5374145508
827.115356       689.8421020508
827.422729       659.9489746094
827.729980       669.1468505859
828.037292       590.9647827148
828.344543       643.8526611328
828.651733       671.4463500977
828.958862       653.0505371094
829.265869       666.8474121094
829.572937       722.0347900391
829.879883       682.9437255859
830.186829       630.0557861328
830.493713       705.9384155273
830.800537       641.5531616211
831.107361       643.8526611328
831.414063       671.4463500977
831.720764       703.6389770508
832.027405       659.9489746094
832.333984       699.0400390625
832.640564       712.8368530273
832.947021       696.7405395508
833.253479       731.2326660156
833.559814       689.8421020508
833.866211       666.8474121094
834.172546       653.0505371094
834.478760       657.6494750977
834.784973       611.6600341797
835.091125       676.0452880859
835.397278       701.3394775391
835.703247       689.8421020508
836.009277       636.9542236328
836.315247       655.3500366211
836.621155       620.8579101563
836.927063       627.7563476563
837.232849       646.1520996094
837.538635       678.3447875977
837.844421       664.5479125977
838.150085       565.6705322266
838.455688       689.8421020508
838.761292       655.3500366211
839.066833       671.4463500977
839.372253       653.0505371094
839.677734       669.1468505859
839.983093       687.5426635742
840.288391       731.2326660156
840.593689       678.3447875977
840.898926       692.1416015625
841.204102       671.4463500977
841.509277       630.0557861328
841.814392       671.4463500977
842.119446       632.3552856445
842.424438       625.4568481445
842.729370       676.0452880859
843.034241       745.0294799805
843.339111       738.1311035156
843.643982       694.4411010742
843.948669       680.6442260742
844.253479       669.1468505859
844.558105       680.6442260742
844.862671       627.7563476563
845.167236       694.4411010742
845.471741       680.6442260742
845.776245       671.4463500977
846.080627       669.1468505859
846.385071       682.9437255859
846.689331       671.4463500977
846.993591       655.3500366211
847.297791       676.0452880859
847.601990       646.1520996094
847.906128       650.7510986328
848.210205       692.1416015625
848.514282       669.1468505859
848.818237       731.2326660156
849.122131       692.1416015625
849.426025       682.9437255859
849.729919       623.1574096680
850.033691       703.6389770508
850.337402       657.6494750977
850.641113       671.4463500977
850.944702       678.3447875977
851.248352       659.9489746094
851.551941       733.5321044922
851.855347       616.2589721680
852.158813       643.8526611328
852.462219       682.9437255859
852.765564       742.7300415039
853.068848       634.6547851563
853.372070       623.1574096680
853.675354       648.4515991211
853.978455       689.8421020508
854.281555       705.9384155273
854.584656       747.3289794922
854.887634       680.6442260742
855.190552       653.0505371094
855.493530       687.5426635742
855.796387       623.1574096680
856.099182       662.2484130859
856.401978       659.9489746094
856.704651       694.4411010742
857.007324       733.5321044922
857.309998       692.1416015625
857.612549       648.4515991211
857.915100       641.5531616211
858.217529       682.9437255859
858.519958       673.7457885742
858.822266       574.8684692383
859.124634       699.0400390625
859.426941       655.3500366211
859.729187       636.9542236328
860.031372       671.4463500977
860.333435       673.7457885742
860.635559       682.9437255859
860.937622       632.3552856445
861.239563       600.1626586914
861.541504       664.5479125977
861.843384       646.1520996094
862.145264       694.4411010742
862.446960       705.9384155273
862.748779       703.6389770508
863.050476       648.4515991211
863.352051       705.9384155273
863.653748       641.5531616211
863.955200       694.4411010742
864.256714       680.6442260742
864.558167       733.5321044922
864.859619       701.3394775391
865.160950       623.1574096680
865.462219       719.7352905273
865.763489       699.0400390625
866.064697       682.9437255859
866.365845       664.5479125977
866.666931       749.6284179688
866.967957       676.0452880859
867.269043       689.8421020508
867.570007       738.1311035156
867.870911       641.5531616211
868.171692       740.4305419922
868.472595       692.1416015625
868.773254       641.5531616211
869.074036       630.0557861328
869.374695       717.4357910156
869.675293       609.3605346680
869.975891       657.6494750977
870.276367       609.3605346680
870.576843       719.7352905273
870.877319       715.1363525391
871.177612       650.7510986328
871.477966       738.1311035156
871.778198       770.3237304688
872.078491       710.5374145508
872.378601       715.1363525391
872.678711       613.9594726563
872.978882       682.9437255859
873.278870       682.9437255859
873.578857       705.9384155273
873.878784       692.1416015625
874.178650       643.8526611328
874.478394       611.6600341797
874.778259       689.8421020508
875.078003       754.2274169922
875.377625       754.2274169922
875.677307       574.8684692383
875.976868       659.9489746094
876.276428       625.4568481445
876.575928       634.6547851563
876.875366       676.0452880859
877.174744       682.9437255859
877.474060       705.9384155273
877.773376       666.8474121094
878.072571       696.7405395508
878.371826       701.3394775391
878.670959       676.0452880859
878.970032       641.5531616211
879.269043       705.9384155273
879.567993       634.6547851563
879.867004       682.9437255859
880.165894       623.1574096680
880.464722       632.3552856445
880.763550       703.6389770508
881.062256       703.6389770508
881.361023       655.3500366211
881.659607       680.6442260742
881.958252       696.7405395508
882.256836       689.8421020508
882.555298       666.8474121094
882.853760       666.8474121094
883.152100       692.1416015625
883.450500       703.6389770508
883.748779       722.0347900391
884.047058       634.6547851563
884.345276       696.7405395508
884.643372       701.3394775391
884.941528       648.4515991211
885.239502       751.9279174805
885.537598       643.8526611328
885.835510       657.6494750977
886.133423       676.0452880859
886.431335       758.8263549805
886.729065       738.1311035156
887.026855       648.4515991211
887.324524       634.6547851563
887.622253       634.6547851563
887.919800       643.8526611328
888.217407       581.7668457031
888.514954       742.7300415039
888.812317       671.4463500977
889.109802       620.8579101563
889.407166       577.1679077148
889.704407       740.4305419922
890.001770       630.0557861328
890.298889       602.4620971680
890.596130       673.7457885742
890.893188       676.0452880859
891.190308       703.6389770508
891.487244       600.1626586914
