0.011500
191.033081         0.0000000000
191.409973         0.0000000000
191.786819       838.9409790039
192.163651       759.9271240234
192.540451       869.1521606445
192.917221       910.9829711914
193.293961       824.9973754883
193.670670       948.1659545898
194.047348       934.2223510742
194.423981       855.2085571289
194.800613       901.6872558594
195.177200       908.6590576172
195.553757       910.9829711914
195.930283       927.2505493164
196.306778       906.3351440430
196.683258       952.8138427734
197.059677       883.0957641602
197.436081       880.7718505859
197.812454       938.8702392578
198.188812       943.5181274414
198.565125       924.9266357422
198.941406       920.2787475586
199.317673       864.5042724609
199.693893       883.0957641602
200.070099       852.8845825195
200.446259       924.9266357422
200.822388       904.0111694336
201.198486       892.3914794922
201.574570       929.5744628906
201.950607       899.3633422852
202.326614       962.1096191406
202.702606       850.5606689453
203.078568       857.5324707031
203.454483       890.0675659180
203.830383       878.4478759766
204.206253       890.0675659180
204.582077       885.4196777344
204.957870       878.4478759766
205.333633       887.7436523438
205.709396       813.3776855469
206.085098       820.3494873047
206.460785       901.6872558594
206.836426       887.7436523438
207.212051       936.5463256836
207.587646       917.9548339844
207.963196       862.1803588867
208.338730       855.2085571289
208.714218       897.0393676758
209.089691       829.6452026367
209.465134       878.4478759766
209.840530       934.2223510742
210.215897       799.4340820313
210.591263       906.3351440430
210.966583       924.9266357422
211.341858       899.3633422852
211.717102       904.0111694336
212.092331       901.6872558594
212.467529       910.9829711914
212.842697       952.8138427734
213.217819       936.5463256836
213.592926       859.8563842773
213.968002       924.9266357422
214.343018       862.1803588867
214.718033       917.9548339844
215.093018       883.0957641602
215.467972       910.9829711914
215.842880       873.8000488281
216.217773       897.0393676758
216.592636       862.1803588867
216.967453       866.8281860352
217.342255       955.1378173828
217.717026       929.5744628906
218.091766       931.8984375000
218.466446       901.6872558594
218.841125       871.4760742188
219.215759       948.1659545898
219.590378       880.7718505859
219.964966       857.5324707031
220.339508       883.0957641602
220.714020       845.9127807617
221.088516       934.2223510742
221.462967       766.8989257813
221.837402       824.9973754883
222.211792       808.7297973633
222.586166       927.2505493164
222.960510       936.5463256836
223.334793       915.6308593750
223.709061       848.2366943359
224.083313       843.5888671875
224.457520       913.3069458008
224.831696       845.9127807617
225.205856       906.3351440430
225.579987       866.8281860352
225.954056       904.0111694336
226.328110       978.3771362305
226.702148       873.8000488281
227.076126       894.7154541016
227.450104       866.8281860352
227.824036       927.2505493164
228.197937       920.2787475586
228.571823       890.0675659180
228.945648       871.4760742188
229.319473       934.2223510742
229.693237       769.2229003906
230.066986       906.3351440430
230.440704       855.2085571289
230.814392       892.3914794922
231.188034       873.8000488281
231.561661       862.1803588867
231.935257       859.8563842773
232.308823       885.4196777344
232.682343       899.3633422852
233.055847       862.1803588867
233.429321       801.7579956055
233.802750       831.9691772461
234.176147       852.8845825195
234.549530       915.6308593750
234.922882       878.4478759766
235.296188       929.5744628906
235.669464       920.2787475586
236.042725       871.4760742188
236.415924       950.4899291992
236.789139       850.5606689453
237.162292       869.1521606445
237.535416       901.6872558594
237.908508       934.2223510742
238.281570       859.8563842773
238.654617       836.6170654297
239.027618       878.4478759766
239.400574       931.8984375000
239.773514       822.6734008789
240.146423       920.2787475586
240.519302       869.1521606445
240.892136       901.6872558594
241.264969       906.3351440430
241.637726       862.1803588867
242.010498       857.5324707031
242.383209       880.7718505859
242.755905       899.3633422852
243.128555       850.5606689453
243.501190       904.0111694336
243.873779       862.1803588867
244.246353       924.9266357422
244.618866       897.0393676758
244.991379       831.9691772461
245.363861       838.9409790039
245.736282       901.6872558594
246.108688       934.2223510742
246.481079       873.8000488281
246.853409       936.5463256836
247.225723       859.8563842773
247.598007       876.1239624023
247.970261       836.6170654297
248.342468       827.3212890625
248.714645       857.5324707031
249.086823       913.3069458008
249.458954       859.8563842773
249.831024       855.2085571289
250.203094       894.7154541016
250.575134       904.0111694336
250.947113       822.6734008789
251.319092       834.2930908203
251.691025       887.7436523438
252.062912       920.2787475586
252.434784       910.9829711914
252.806641       876.1239624023
253.178452       838.9409790039
253.550232       866.8281860352
253.921967       873.8000488281
254.293686       885.4196777344
254.665359       908.6590576172
255.037003       885.4196777344
255.408630       938.8702392578
255.780228       894.7154541016
256.151764       976.0532226563
256.523285       857.5324707031
256.894806       834.2930908203
257.266235       859.8563842773
257.637695       871.4760742188
258.009064       864.5042724609
258.380432       831.9691772461
258.751770       869.1521606445
259.123077       880.7718505859
259.494385       901.6872558594
259.865601       917.9548339844
260.236816       880.7718505859
260.607941       873.8000488281
260.979126       850.5606689453
261.350220       908.6590576172
261.721344       831.9691772461
262.092346       834.2930908203
262.463379       887.7436523438
262.834351       904.0111694336
263.205292       899.3633422852
263.576233       864.5042724609
263.947144       815.7015991211
264.317993       913.3069458008
264.688812       857.5324707031
265.059631       969.0814208984
265.430359       894.7154541016
265.801117       880.7718505859
266.171783       904.0111694336
266.542450       880.7718505859
266.913086       883.0957641602
267.283691       892.3914794922
267.654266       892.3914794922
268.024811       924.9266357422
268.395325       790.1383056641
268.765778       862.1803588867
269.136230       813.3776855469
269.506653       899.3633422852
269.877045       917.9548339844
270.247375       955.1378173828
270.617676       813.3776855469
270.987946       897.0393676758
271.358246       845.9127807617
271.728424       904.0111694336
272.098633       869.1521606445
272.468781       915.6308593750
272.838867       894.7154541016
273.209015       929.5744628906
273.579041       794.7861938477
273.949066       873.8000488281
274.319061       899.3633422852
274.689056       848.2366943359
275.058960       824.9973754883
275.428864       857.5324707031
275.798737       871.4760742188
276.168579       899.3633422852
276.538361       820.3494873047
276.908142       811.0537719727
277.277832       892.3914794922
277.647583       873.8000488281
278.017242       831.9691772461
278.386902       890.0675659180
278.756500       894.7154541016
279.126038       885.4196777344
279.495636       890.0675659180
279.865143       890.0675659180
280.234619       864.5042724609
280.604065       862.1803588867
280.973450       869.1521606445
281.342834       894.7154541016
281.712189       913.3069458008
282.081512       901.6872558594
282.450836       887.7436523438
282.820038       945.8420410156
283.189270       952.8138427734
283.558502       806.4058837891
283.927612       883.0957641602
284.296722       917.9548339844
284.665863       831.9691772461
285.034912       901.6872558594
285.403931       917.9548339844
285.772919       913.3069458008
286.141876       904.0111694336
286.510834       878.4478759766
286.879730       915.6308593750
287.248596       866.8281860352
287.617401       883.0957641602
287.986206       945.8420410156
288.354950       985.3489379883
288.723724       838.9409790039
289.092407       831.9691772461
289.461060       843.5888671875
289.829742       878.4478759766
290.198334       929.5744628906
290.566925       841.2648925781
290.935455       848.2366943359
291.303925       906.3351440430
291.672394       934.2223510742
292.040894       941.1941528320
292.409271       845.9127807617
292.777679       885.4196777344
293.145996       820.3494873047
293.514313       834.2930908203
293.882599       934.2223510742
294.250824       894.7154541016
294.619049       892.3914794922
294.987244       924.9266357422
295.355377       885.4196777344
295.723480       890.0675659180
296.091614       917.9548339844
296.459625       962.1096191406
296.827667       866.8281860352
297.195648       845.9127807617
297.563599       885.4196777344
297.931488       904.0111694336
298.299408       880.7718505859
298.667267       885.4196777344
299.035095       904.0111694336
299.402893       869.1521606445
299.770599       838.9409790039
300.138367       850.5606689453
300.506042       883.0957641602
300.873718       880.7718505859
301.241333       952.8138427734
301.608917       857.5324707031
301.976471       831.9691772461
302.344025       927.2505493164
302.711487       936.5463256836
303.078979       894.7154541016
303.446411       864.5042724609
303.813782       969.0814208984
304.181183       908.6590576172
304.548492       864.5042724609
304.915771       850.5606689453
305.283051       927.2505493164
305.650299       859.8563842773
306.017456       827.3212890625
306.384644       913.3069458008
306.751770       873.8000488281
307.118896       943.5181274414
307.485962       797.1101074219
307.852966       841.2648925781
308.219971       890.0675659180
308.586945       883.0957641602
308.953888       841.2648925781
309.320801       910.9829711914
309.687653       829.6452026367
310.054504       876.1239624023
310.421326       797.1101074219
310.788086       883.0957641602
311.154846       880.7718505859
311.521515       838.9409790039
311.888184       869.1521606445
312.254822       899.3633422852
312.621429       904.0111694336
312.988007       871.4760742188
313.354553       869.1521606445
313.721039       955.1378173828
314.087494       910.9829711914
314.453949       850.5606689453
314.820343       864.5042724609
315.186737       792.4622802734
315.553101       862.1803588867
315.919373       934.2223510742
316.285645       901.6872558594
316.651886       808.7297973633
317.018066       815.7015991211
317.384308       864.5042724609
317.750427       862.1803588867
318.116516       917.9548339844
318.482574       855.2085571289
318.848633       945.8420410156
319.214661       913.3069458008
319.580627       983.0250244141
319.946564       864.5042724609
320.312439       885.4196777344
320.678314       931.8984375000
321.044159       843.5888671875
321.410004       848.2366943359
321.775757       864.5042724609
322.141510       938.8702392578
322.507202       913.3069458008
322.872894       890.0675659180
323.238525       813.3776855469
323.604156       864.5042724609
323.969696       885.4196777344
324.335266       894.7154541016
324.700745       883.0957641602
325.066223       834.2930908203
325.431702       864.5042724609
325.797089       901.6872558594
326.162445       862.1803588867
326.527802       864.5042724609
326.893097       931.8984375000
327.258362       910.9829711914
327.623657       878.4478759766
327.988861       850.5606689453
328.353973       910.9829711914
328.719116       880.7718505859
329.084259       936.5463256836
329.449341       887.7436523438
329.814392       899.3633422852
330.179352       913.3069458008
330.544312       813.3776855469
330.909241       880.7718505859
331.274170       829.6452026367
331.639069       887.7436523438
332.003906       876.1239624023
332.368713       859.8563842773
332.733459       915.6308593750
333.098206       897.0393676758
333.462921       862.1803588867
333.827606       829.6452026367
334.192230       883.0957641602
334.556824       820.3494873047
334.921356       845.9127807617
335.285919       864.5042724609
335.650452       908.6590576172
336.014893       836.6170654297
336.379333       862.1803588867
336.743744       831.9691772461
337.108124       904.0111694336
337.472443       834.2930908203
337.836731       950.4899291992
338.201019       948.1659545898
338.565247       890.0675659180
338.929413       864.5042724609
339.293579       952.8138427734
339.657776       899.3633422852
340.021851       904.0111694336
340.385895       878.4478759766
340.749908       904.0111694336
341.113922       885.4196777344
341.477875       850.5606689453
341.841827       897.0393676758
342.205688       920.2787475586
342.569580       924.9266357422
342.933380       890.0675659180
343.297211       915.6308593750
343.660950       852.8845825195
344.024658       885.4196777344
344.388367       852.8845825195
344.752014       894.7154541016
345.115601       915.6308593750
345.479218       901.6872558594
345.842804       894.7154541016
346.206299       811.0537719727
346.569763       908.6590576172
346.933228       908.6590576172
347.296661       901.6872558594
347.660034       876.1239624023
348.023407       869.1521606445
348.386719       845.9127807617
348.750000       924.9266357422
349.113220       885.4196777344
349.476471       857.5324707031
349.839661       915.6308593750
350.202820       852.8845825195
350.565887       824.9973754883
350.928955       908.6590576172
351.292023       855.2085571289
351.655029       843.5888671875
352.018036       850.5606689453
352.380981       901.6872558594
352.743866       899.3633422852
353.106720       880.7718505859
353.469574       887.7436523438
353.832397       906.3351440430
354.195160       901.6872558594
354.557892       829.6452026367
354.920593       841.2648925781
355.283234       822.6734008789
355.645905       857.5324707031
356.008514       850.5606689453
356.371094       922.6026611328
356.733612       899.3633422852
357.096100       906.3351440430
357.458588       899.3633422852
357.820984       913.3069458008
358.183411       924.9266357422
358.545746       894.7154541016
358.908081       831.9691772461
359.270355       885.4196777344
359.632629       797.1101074219
359.994873       945.8420410156
360.357056       850.5606689453
360.719208       862.1803588867
361.081329       880.7718505859
361.443420       852.8845825195
361.805481       908.6590576172
362.167511       857.5324707031
362.529480       897.0393676758
362.891418       852.8845825195
363.253326       845.9127807617
363.615234       848.2366943359
363.977081       917.9548339844
364.338867       820.3494873047
364.700653       890.0675659180
365.062378       887.7436523438
365.424103       843.5888671875
365.785767       848.2366943359
366.147430       841.2648925781
366.509033       892.3914794922
366.870605       859.8563842773
367.232117       838.9409790039
367.593628       838.9409790039
367.955109       804.0819091797
368.316559       838.9409790039
368.677917       894.7154541016
369.039307       910.9829711914
369.400635       869.1521606445
369.761902       852.8845825195
370.123199       845.9127807617
370.484436       864.5042724609
370.845581       897.0393676758
371.206726       878.4478759766
371.567871       871.4760742188
371.928955       862.1803588867
372.290039       880.7718505859
372.651062       850.5606689453
373.011993       915.6308593750
373.372955       834.2930908203
373.733887       899.3633422852
374.094788       941.1941528320
374.455627       901.6872558594
374.816406       897.0393676758
375.177185       871.4760742188
375.537903       943.5181274414
375.898651       894.7154541016
376.259338       950.4899291992
376.619965       880.7718505859
376.980530       915.6308593750
377.341095       917.9548339844
377.701660       876.1239624023
378.062134       869.1521606445
378.422607       855.2085571289
378.783020       883.0957641602
379.143402       920.2787475586
379.503784       864.5042724609
379.864105       915.6308593750
380.224396       883.0957641602
380.584656       859.8563842773
380.944855       859.8563842773
381.305054       899.3633422852
381.665192       901.6872558594
382.025299       857.5324707031
382.385406       908.6590576172
382.745453       822.6734008789
383.105438       804.0819091797
383.465424       852.8845825195
383.825348       880.7718505859
384.185272       899.3633422852
384.545135       890.0675659180
384.904968       917.9548339844
385.264771       885.4196777344
385.624512       950.4899291992
385.984253       876.1239624023
386.343964       910.9829711914
386.703613       822.6734008789
387.063232       904.0111694336
387.422821       834.2930908203
387.782379       841.2648925781
388.141907       845.9127807617
388.501404       885.4196777344
388.860840       857.5324707031
389.220215       964.4335327148
389.579620       927.2505493164
389.938995       848.2366943359
390.298279       904.0111694336
390.657562       964.4335327148
391.016785       831.9691772461
391.376007       908.6590576172
391.735168       936.5463256836
392.094299       883.0957641602
392.453430       873.8000488281
392.812469       866.8281860352
393.171478       864.5042724609
393.530457       897.0393676758
393.889435       885.4196777344
394.248383       890.0675659180
394.607269       936.5463256836
394.966125      1006.2644042969
395.324921       885.4196777344
395.683655       876.1239624023
396.042419       866.8281860352
396.401154       845.9127807617
396.759827       862.1803588867
397.118469       845.9127807617
397.477051       852.8845825195
397.835632       876.1239624023
398.194153       852.8845825195
398.552673       873.8000488281
398.911163       850.5606689453
399.269592       899.3633422852
399.627960       894.7154541016
399.986328       943.5181274414
400.344666       876.1239624023
400.702942       934.2223510742
401.061188       850.5606689453
401.419403       890.0675659180
401.777588       892.3914794922
402.135712       880.7718505859
402.493835       892.3914794922
402.851929       910.9829711914
403.209961       831.9691772461
403.567932       848.2366943359
403.925903       880.7718505859
404.283905       845.9127807617
404.641754       922.6026611328
404.999634       955.1378173828
405.357452       887.7436523438
405.715210       829.6452026367
406.072998       820.3494873047
406.430725       864.5042724609
406.788422       834.2930908203
407.146027       850.5606689453
407.503662       873.8000488281
407.861237       852.8845825195
408.218781       885.4196777344
408.576294       934.2223510742
408.933777       901.6872558594
409.291168       876.1239624023
409.648590       952.8138427734
410.005951       857.5324707031
410.363312       922.6026611328
410.720612       994.6447143555
411.077820       831.9691772461
411.435059       892.3914794922
411.792267       827.3212890625
412.149384       910.9829711914
412.506531       957.4617309570
412.863586       917.9548339844
413.220642       845.9127807617
413.577606       941.1941528320
413.934601       836.6170654297
414.291565       876.1239624023
414.648468       864.5042724609
415.005310       850.5606689453
415.362122       934.2223510742
415.718903       878.4478759766
416.075684       845.9127807617
416.432434       838.9409790039
416.789093       917.9548339844
417.145752       906.3351440430
417.502350       871.4760742188
417.858948       904.0111694336
418.215485       906.3351440430
418.571991       838.9409790039
418.928467       864.5042724609
419.284882       901.6872558594
419.641266       901.6872558594
419.997650       924.9266357422
420.354004       948.1659545898
420.710266       848.2366943359
421.066528       894.7154541016
421.422760       890.0675659180
421.778931       808.7297973633
422.135071       859.8563842773
422.491211       890.0675659180
422.847260       848.2366943359
423.203308       848.2366943359
423.559296       920.2787475586
423.915283       883.0957641602
424.271210       862.1803588867
424.627136       855.2085571289
424.982971       897.0393676758
425.338776       813.3776855469
425.694611       871.4760742188
426.050323       878.4478759766
426.406036       866.8281860352
426.761749       811.0537719727
427.117371       824.9973754883
427.472961       850.5606689453
427.828552       920.2787475586
428.184113       883.0957641602
428.539581       904.0111694336
428.895050       878.4478759766
429.250458       927.2505493164
429.605865       866.8281860352
429.961212       873.8000488281
430.316559       934.2223510742
430.671814       843.5888671875
431.027069       901.6872558594
431.382263       897.0393676758
431.737457       899.3633422852
432.092590       913.3069458008
432.447723       906.3351440430
432.802734       883.0957641602
433.157776       962.1096191406
433.512756       934.2223510742
433.867706       871.4760742188
434.222656       799.4340820313
434.577545       869.1521606445
434.932373       843.5888671875
435.287201       878.4478759766
435.641968       906.3351440430
435.996704       827.3212890625
436.351410       834.2930908203
436.706085       880.7718505859
437.060699       989.9968261719
437.415283       915.6308593750
437.769867       901.6872558594
438.124420       799.4340820313
438.478882       855.2085571289
438.833313       859.8563842773
439.187714       934.2223510742
439.542084       890.0675659180
439.896454       908.6590576172
440.250732       855.2085571289
440.605011       855.2085571289
440.959229       920.2787475586
441.313416       829.6452026367
441.667572       836.6170654297
442.021698       890.0675659180
442.375793       913.3069458008
442.729858       857.5324707031
443.083832       869.1521606445
443.437836       934.2223510742
443.791748       848.2366943359
444.145630       859.8563842773
444.499542       808.7297973633
444.853363       855.2085571289
445.207123       901.6872558594
445.560883       910.9829711914
445.914612       880.7718505859
446.268280       978.3771362305
446.621918       866.8281860352
446.975555       864.5042724609
447.329132       897.0393676758
447.682678       897.0393676758
448.036133       855.2085571289
448.389618       869.1521606445
448.743042       894.7154541016
449.096405       952.8138427734
449.449799       899.3633422852
449.803101       827.3212890625
450.156372       845.9127807617
450.509613       862.1803588867
450.862823       880.7718505859
451.216003       880.7718505859
451.569122       887.7436523438
451.922211       915.6308593750
452.275269       871.4760742188
452.628296       899.3633422852
452.981293       910.9829711914
453.334229       885.4196777344
453.687134       866.8281860352
454.040009       878.4478759766
454.392853       913.3069458008
454.745636       924.9266357422
455.098419       934.2223510742
455.451172       920.2787475586
455.803864       922.6026611328
456.156464       920.2787475586
456.509125       859.8563842773
456.861694       871.4760742188
457.214264       897.0393676758
457.566742       899.3633422852
457.919220       892.3914794922
458.271667       913.3069458008
458.624023       945.8420410156
458.976379       883.0957641602
459.328705       873.8000488281
459.681000       892.3914794922
460.033234       866.8281860352
460.385468       915.6308593750
460.737610       873.8000488281
461.089752       866.8281860352
461.441864       908.6590576172
461.793945       799.4340820313
462.145996       852.8845825195
462.497955       871.4760742188
462.849884       908.6590576172
463.201813       920.2787475586
463.553680       855.2085571289
463.905518       950.4899291992
464.257355       899.3633422852
464.609100       899.3633422852
464.960815       848.2366943359
465.312531       950.4899291992
465.664185       910.9829711914
466.015778       855.2085571289
466.367371       845.9127807617
466.718903       892.3914794922
467.070435       999.2926025391
467.421906       922.6026611328
467.773346       878.4478759766
468.124725       862.1803588867
468.476074       855.2085571289
468.827393       945.8420410156
469.178680       929.5744628906
469.529938       938.8702392578
469.881134       885.4196777344
470.232330       855.2085571289
470.583435       871.4760742188
470.934540       838.9409790039
471.285614       885.4196777344
471.636627       869.1521606445
471.987610       873.8000488281
472.338562       820.3494873047
472.689453       915.6308593750
473.040375       836.6170654297
473.391205       878.4478759766
473.741974       883.0957641602
474.092773       936.5463256836
474.443481       894.7154541016
474.794159       941.1941528320
475.144806       878.4478759766
475.495422       869.1521606445
475.846039       880.7718505859
476.196533       855.2085571289
476.547028       855.2085571289
476.897522       848.2366943359
477.247925       850.5606689453
477.598328       866.8281860352
477.948700       936.5463256836
478.299011       871.4760742188
478.649231       901.6872558594
478.999481       843.5888671875
479.349701       848.2366943359
479.699829       885.4196777344
480.049988       841.2648925781
480.400055       829.6452026367
480.750153       862.1803588867
481.100128       887.7436523438
481.450104       850.5606689453
481.800049       936.5463256836
482.149963       934.2223510742
482.499786       850.5606689453
482.849670       887.7436523438
483.199432       841.2648925781
483.549194       869.1521606445
483.898926       890.0675659180
484.248566       857.5324707031
484.598206       873.8000488281
484.947815       924.9266357422
485.297394       913.3069458008
485.646912       843.5888671875
485.996399       852.8845825195
486.345825       848.2366943359
486.695282       869.1521606445
487.044617       857.5324707031
487.393951       913.3069458008
487.743286       910.9829711914
488.092529       806.4058837891
488.441711       894.7154541016
488.790955       885.4196777344
489.140076       845.9127807617
489.489197       878.4478759766
489.838257       941.1941528320
490.187286       964.4335327148
490.536316       850.5606689453
490.885254       834.2930908203
491.234161       920.2787475586
491.583069       855.2085571289
491.931915       829.6452026367
492.280731       855.2085571289
492.629486       857.5324707031
492.978210       883.0957641602
493.326874       845.9127807617
493.675568       920.2787475586
494.024200       887.7436523438
494.372742       873.8000488281
494.721313       897.0393676758
495.069824       836.6170654297
495.418274       859.8563842773
495.766724       908.6590576172
496.115112       831.9691772461
496.463470       864.5042724609
496.811768       873.8000488281
497.160034       899.3633422852
497.508301       906.3351440430
497.856506       904.0111694336
498.204651       913.3069458008
498.552765       938.8702392578
498.900848       845.9127807617
499.248901       887.7436523438
499.596924       901.6872558594
499.944885       938.8702392578
500.292816       989.9968261719
500.640778       878.4478759766
500.988556       917.9548339844
501.336426       950.4899291992
501.684204       899.3633422852
502.031952       934.2223510742
502.379700       862.1803588867
502.727295       864.5042724609
503.074982       871.4760742188
503.422546       917.9548339844
503.770081       904.0111694336
504.117615       887.7436523438
504.465088       915.6308593750
504.812561       841.2648925781
505.159943       894.7154541016
505.507294       887.7436523438
505.854645       897.0393676758
506.201904       955.1378173828
506.549194       883.0957641602
506.896332       869.1521606445
507.243591       829.6452026367
507.590698       892.3914794922
507.937775       957.4617309570
508.284912       906.3351440430
508.631836       920.2787475586
508.978851       908.6590576172
509.325806       927.2505493164
509.672699       908.6590576172
510.019592       955.1378173828
510.366364       857.5324707031
510.713196       855.2085571289
511.059937       831.9691772461
511.406677       887.7436523438
511.753326       904.0111694336
512.099976       866.8281860352
512.446594       845.9127807617
512.793091       885.4196777344
513.139648       869.1521606445
513.486145       859.8563842773
513.832520       845.9127807617
514.179016       824.9973754883
514.525269       901.6872558594
514.871704       876.1239624023
515.217957       829.6452026367
515.564209       857.5324707031
515.910522       917.9548339844
516.256531       857.5324707031
516.602783       948.1659545898
516.948853       890.0675659180
517.294922       897.0393676758
517.640930       855.2085571289
517.986877       890.0675659180
518.332886       992.3207397461
518.678711       938.8702392578
519.024658       931.8984375000
519.370422       850.5606689453
519.716248       915.6308593750
520.062073       873.8000488281
520.407715       927.2505493164
520.753418       834.2930908203
521.099060       831.9691772461
521.444580       820.3494873047
521.790222       855.2085571289
522.135681       818.0255737305
522.481201       887.7436523438
522.826660       859.8563842773
523.172058       841.2648925781
523.517395       878.4478759766
523.862671       820.3494873047
524.208069       850.5606689453
524.553284       778.5186157227
524.898438       827.3212890625
525.243591       901.6872558594
525.588745       869.1521606445
525.933899       818.0255737305
526.278931       897.0393676758
526.623962       878.4478759766
526.968872       901.6872558594
527.313904       815.7015991211
527.658813       892.3914794922
528.003601       824.9973754883
528.348450       950.4899291992
528.693237       887.7436523438
529.037964       873.8000488281
529.382751       924.9266357422
529.727356       855.2085571289
530.072021       864.5042724609
530.416626       913.3069458008
530.761169       829.6452026367
531.105652       878.4478759766
531.450134       834.2930908203
531.794617       866.8281860352
532.138916       876.1239624023
532.483337       871.4760742188
532.827637       822.6734008789
533.171936       864.5042724609
533.516174       894.7154541016
533.860352       899.3633422852
534.204529       992.3207397461
534.548645       936.5463256836
534.892700       989.9968261719
535.236816       913.3069458008
535.580750       955.1378173828
535.924744       906.3351440430
536.268738       973.7292480469
536.612549       880.7718505859
536.956421       838.9409790039
537.300232       857.5324707031
537.644043       892.3914794922
537.987671       873.8000488281
538.331421       894.7154541016
538.675049       890.0675659180
539.018677       855.2085571289
539.362305       887.7436523438
539.705750       855.2085571289
540.049316       934.2223510742
540.392822       862.1803588867
540.736145       913.3069458008
541.079590       876.1239624023
541.422913       880.7718505859
541.766235       841.2648925781
542.109436       852.8845825195
542.452698       869.1521606445
542.795898       908.6590576172
543.138977       880.7718505859
543.482178       915.6308593750
543.825195       936.5463256836
544.168213       908.6590576172
544.511230       878.4478759766
544.854187       901.6872558594
545.197083       864.5042724609
545.539917       950.4899291992
545.882813       917.9548339844
546.225586       894.7154541016
546.568359       910.9829711914
546.911133       890.0675659180
547.253662       857.5324707031
547.596436       818.0255737305
547.938965       845.9127807617
548.281494       899.3633422852
548.624084       887.7436523438
548.966492       857.5324707031
549.308960       906.3351440430
549.651367       850.5606689453
549.993713       845.9127807617
550.336060       920.2787475586
550.678345       904.0111694336
551.020630       876.1239624023
551.362732       801.7579956055
551.704956       838.9409790039
552.047058       950.4899291992
552.389160       922.6026611328
552.731262       894.7154541016
553.073181       885.4196777344
553.415161       971.4053344727
553.757080       876.1239624023
554.098999       931.8984375000
554.440857       873.8000488281
554.782593       929.5744628906
555.124390       890.0675659180
555.466125       852.8845825195
555.807800       790.1383056641
556.149414       862.1803588867
556.491089       780.8425903320
556.832642       783.1665039063
557.174133       862.1803588867
557.515686       890.0675659180
557.857117       818.0255737305
558.198486       906.3351440430
558.539917       852.8845825195
558.881165       883.0957641602
559.222534       915.6308593750
559.563782       857.5324707031
559.904968       878.4478759766
560.246216       897.0393676758
560.587280       901.6872558594
560.928406       836.6170654297
561.269470       899.3633422852
561.610474       871.4760742188
561.951477       915.6308593750
562.292297       848.2366943359
562.633301       869.1521606445
562.974121       885.4196777344
563.315002       910.9829711914
563.655762       901.6872558594
563.996460       873.8000488281
564.337158       899.3633422852
564.677795       841.2648925781
565.018433       848.2366943359
565.359009       883.0957641602
565.699524       820.3494873047
566.040100       880.7718505859
566.380493       857.5324707031
566.720947       806.4058837891
567.061340       866.8281860352
567.401611       897.0393676758
567.742004       894.7154541016
568.082153       845.9127807617
568.422424       887.7436523438
568.762634       848.2366943359
569.102722       843.5888671875
569.442810       887.7436523438
569.782898       931.8984375000
570.122986       848.2366943359
570.462830       920.2787475586
570.802856       901.6872558594
571.142761       904.0111694336
571.482605       864.5042724609
571.822449       943.5181274414
572.162170       869.1521606445
572.501953       901.6872558594
572.841675       913.3069458008
573.181274       866.8281860352
573.520996       929.5744628906
573.860474       876.1239624023
574.200073       883.0957641602
574.539551       892.3914794922
574.878967       890.0675659180
575.218384       883.0957641602
575.557739       843.5888671875
575.897156       862.1803588867
576.236450       873.8000488281
576.575684       890.0675659180
576.914856       813.3776855469
577.254089       913.3069458008
577.593262       859.8563842773
577.932251       906.3351440430
578.271362       801.7579956055
578.610352       883.0957641602
578.949341       880.7718505859
579.288330       834.2930908203
579.627197       880.7718505859
579.966064       866.8281860352
580.304871       778.5186157227
580.643677       876.1239624023
580.982483       885.4196777344
581.321045       845.9127807617
581.659790       838.9409790039
581.998413       869.1521606445
582.336914       852.8845825195
582.675476       820.3494873047
583.013916       806.4058837891
583.352478       859.8563842773
583.690796       834.2930908203
584.029175       811.0537719727
584.367493       813.3776855469
584.705811       959.7856445313
585.044128       880.7718505859
585.382202       880.7718505859
585.720459       876.1239624023
586.058594       885.4196777344
586.396667       894.7154541016
586.734802       876.1239624023
587.072693       929.5744628906
587.410767       876.1239624023
587.748657       941.1941528320
588.086487       969.0814208984
588.424316       829.6452026367
588.762146       871.4760742188
589.099976       950.4899291992
589.437622       859.8563842773
589.775391       855.2085571289
590.113037       797.1101074219
590.450623       904.0111694336
590.788208       883.0957641602
591.125671       892.3914794922
591.463196       917.9548339844
591.800659       885.4196777344
592.138062       848.2366943359
592.475464       878.4478759766
592.812683       801.7579956055
593.150024       859.8563842773
593.487244       843.5888671875
593.824402       908.6590576172
594.161621       901.6872558594
594.498657       927.2505493164
594.835815       838.9409790039
595.172852       841.2648925781
595.509827       841.2648925781
595.846741       876.1239624023
596.183655       836.6170654297
596.520630       943.5181274414
596.857422       822.6734008789
597.194214       901.6872558594
597.530945       857.5324707031
597.867615       906.3351440430
598.204346       859.8563842773
598.540955       806.4058837891
598.877563       869.1521606445
599.214111       910.9829711914
599.550598       873.8000488281
599.887085       831.9691772461
600.223450       873.8000488281
600.559937       906.3351440430
600.896240       876.1239624023
601.232544       931.8984375000
601.568787       890.0675659180
601.905029       892.3914794922
602.241272       899.3633422852
602.577271       855.2085571289
602.913452       806.4058837891
603.249512       931.8984375000
603.585510       917.9548339844
603.921509       959.7856445313
604.257385       917.9548339844
604.593323       894.7154541016
604.929199       834.2930908203
605.264954       871.4760742188
605.600830       899.3633422852
605.936462       892.3914794922
606.272217       887.7436523438
606.607849       883.0957641602
606.943420       901.6872558594
607.278992       857.5324707031
607.614502       885.4196777344
607.950012       848.2366943359
608.285461       894.7154541016
608.620850       866.8281860352
608.956177       892.3914794922
609.291504       834.2930908203
609.626831       883.0957641602
609.962036       904.0111694336
610.297302       950.4899291992
610.632446       869.1521606445
610.967529       910.9829711914
611.302673       848.2366943359
611.637634       878.4478759766
611.972656       831.9691772461
612.307617       829.6452026367
612.642517       850.5606689453
612.977356       906.3351440430
613.312195       915.6308593750
613.646973       857.5324707031
613.981750       866.8281860352
614.316406       859.8563842773
614.651062       938.8702392578
614.985657       859.8563842773
615.320313       894.7154541016
615.654846       885.4196777344
615.989319       899.3633422852
616.323792       924.9266357422
616.658203       887.7436523438
616.992615       904.0111694336
617.326904       831.9691772461
617.661194       811.0537719727
617.995483       824.9973754883
618.329712       906.3351440430
618.663940       885.4196777344
618.997925       901.6872558594
619.332092       892.3914794922
619.666077       869.1521606445
620.000061       938.8702392578
620.334045       880.7718505859
620.667969       876.1239624023
621.001892       827.3212890625
621.335632       883.0957641602
621.669495       880.7718505859
622.003296       878.4478759766
622.336914       887.7436523438
622.670654       855.2085571289
623.004272       917.9548339844
623.337891       920.2787475586
623.671387       931.8984375000
624.004883       880.7718505859
624.338440       890.0675659180
624.671753       878.4478759766
625.005249       864.5042724609
625.338562       871.4760742188
625.671814       843.5888671875
626.005066       883.0957641602
626.338257       890.0675659180
626.671509       811.0537719727
627.004578       848.2366943359
627.337708       778.5186157227
627.670776       908.6590576172
628.003723       841.2648925781
628.336731       899.3633422852
628.669556       910.9829711914
629.002502       855.2085571289
629.335327       878.4478759766
629.668152       929.5744628906
630.000916       878.4478759766
630.333618       838.9409790039
630.666321       831.9691772461
630.998962       913.3069458008
631.331482       908.6590576172
631.664063       878.4478759766
631.996521       848.2366943359
632.329102       869.1521606445
632.661499       936.5463256836
632.993835       859.8563842773
633.326172       857.5324707031
633.658447       869.1521606445
633.990784       876.1239624023
634.322937       838.9409790039
634.655212       871.4760742188
634.987244       894.7154541016
635.319397       915.6308593750
635.651489       862.1803588867
635.983398       866.8281860352
636.315430       941.1941528320
636.647278       880.7718505859
636.979187       873.8000488281
637.311035       901.6872558594
637.642761       890.0675659180
637.974609       880.7718505859
638.306335       938.8702392578
638.637939       883.0957641602
638.969604       850.5606689453
639.301147       936.5463256836
639.632751       838.9409790039
639.964233       878.4478759766
640.295715       855.2085571289
640.627075       920.2787475586
640.958496       862.1803588867
641.289917       894.7154541016
641.621094       866.8281860352
641.952393       876.1239624023
642.283569       890.0675659180
642.614746       924.9266357422
642.945923       929.5744628906
643.276917       850.5606689453
643.608093       890.0675659180
643.939026       890.0675659180
644.269958       852.8845825195
644.600891       908.6590576172
644.931763       887.7436523438
645.262634       894.7154541016
645.593384       917.9548339844
645.924133       862.1803588867
646.254822       818.0255737305
646.585510       885.4196777344
646.916199       924.9266357422
647.246704       962.1096191406
647.577271       813.3776855469
647.907715       876.1239624023
648.238220       857.5324707031
648.568665       869.1521606445
648.898987       887.7436523438
649.229309       873.8000488281
649.559570       901.6872558594
649.889832       808.7297973633
650.220093       913.3069458008
650.550171       899.3633422852
650.880310       901.6872558594
651.210388       878.4478759766
651.540405       894.7154541016
651.870422       822.6734008789
652.200317       908.6590576172
652.530273       929.5744628906
652.860046       924.9266357422
653.189941       866.8281860352
653.519775       878.4478759766
653.849426       855.2085571289
654.179199       857.5324707031
654.508789       917.9548339844
654.838440       950.4899291992
655.168030       880.7718505859
655.497498       831.9691772461
655.827026       941.1941528320
656.156372       899.3633422852
656.485840       938.8702392578
656.815247       778.5186157227
657.144470       897.0393676758
657.473755       945.8420410156
657.802979       915.6308593750
658.132202       834.2930908203
658.461243       859.8563842773
658.790466       866.8281860352
659.119507       945.8420410156
659.448486       848.2366943359
659.777527       899.3633422852
660.106384       950.4899291992
660.435242       859.8563842773
660.764160       848.2366943359
661.092896       864.5042724609
661.421692       871.4760742188
661.750427       852.8845825195
662.079102       899.3633422852
662.407715       887.7436523438
662.736328       848.2366943359
663.064880       841.2648925781
663.393311       915.6308593750
663.721802       910.9829711914
664.050232       938.8702392578
664.378601       885.4196777344
664.706970       857.5324707031
665.035217       913.3069458008
665.363525       917.9548339844
665.691650       880.7718505859
666.019897       866.8281860352
666.347961       880.7718505859
666.676086       862.1803588867
667.004150       857.5324707031
667.332092       866.8281860352
667.660095       924.9266357422
667.987915       908.6590576172
668.315796       890.0675659180
668.643677       920.2787475586
668.971436       915.6308593750
669.299133       962.1096191406
669.626892       901.6872558594
669.954468       924.9266357422
670.282104       829.6452026367
670.609619       950.4899291992
670.937256       901.6872558594
671.264587       864.5042724609
671.592163       957.4617309570
671.919495       929.5744628906
672.246887       908.6590576172
672.574097       890.0675659180
672.901489       831.9691772461
673.228699       838.9409790039
673.555847       920.2787475586
673.882996       869.1521606445
674.210022       899.3633422852
674.537109       894.7154541016
674.864136       855.2085571289
675.191101       885.4196777344
675.518005       885.4196777344
675.844849       880.7718505859
676.171692       852.8845825195
676.498535       910.9829711914
676.825256       813.3776855469
677.151978       885.4196777344
677.478577       857.5324707031
677.805237       845.9127807617
678.131836       883.0957641602
678.458435       855.2085571289
678.784851       917.9548339844
679.111328       915.6308593750
679.437744       894.7154541016
679.764099       899.3633422852
680.090454       887.7436523438
680.416687       883.0957641602
680.742920       831.9691772461
681.069153       897.0393676758
681.395203       857.5324707031
681.721313       855.2085571289
682.047485       927.2505493164
682.373474       890.0675659180
682.699402       871.4760742188
683.025391       862.1803588867
683.351196       850.5606689453
683.677063       885.4196777344
684.002930       869.1521606445
684.328674       922.6026611328
684.654358       887.7436523438
684.980042       855.2085571289
685.305603       936.5463256836
685.631287       848.2366943359
685.956787       915.6308593750
686.282288       887.7436523438
686.607788       901.6872558594
686.933167       845.9127807617
687.258545       869.1521606445
687.583923       901.6872558594
687.909180       887.7436523438
688.234375       897.0393676758
688.559631       873.8000488281
688.884766       869.1521606445
689.209839       887.7436523438
689.534973       927.2505493164
689.859924       924.9266357422
690.184937       910.9829711914
690.509827       880.7718505859
690.834717       871.4760742188
691.159668       931.8984375000
691.484436       892.3914794922
691.809204       913.3069458008
692.133911       908.6590576172
692.458557       880.7718505859
692.783142       866.8281860352
693.107849       827.3212890625
693.432312       941.1941528320
693.756836       948.1659545898
694.081238       941.1941528320
694.405701       938.8702392578
694.730164       934.2223510742
695.054443       818.0255737305
695.378723       862.1803588867
695.702942       864.5042724609
696.027100       906.3351440430
696.351257       845.9127807617
696.675476       880.7718505859
696.999512       862.1803588867
697.323486       834.2930908203
697.647461       887.7436523438
697.971375       869.1521606445
698.295349       862.1803588867
698.619202       857.5324707031
698.942993       845.9127807617
699.266724       899.3633422852
699.590393       822.6734008789
699.914124       855.2085571289
700.237793       943.5181274414
700.561340       934.2223510742
700.884949       880.7718505859
701.208374       845.9127807617
701.531860       915.6308593750
701.855286       924.9266357422
702.178650       869.1521606445
702.501953       948.1659545898
702.825195       913.3069458008
703.148499       913.3069458008
703.471680       906.3351440430
703.794861       904.0111694336
704.117981       822.6734008789
704.440979       887.7436523438
704.764038       843.5888671875
705.086975       871.4760742188
705.409851       966.7574462891
705.732849       808.7297973633
706.055664       857.5324707031
706.378479       855.2085571289
706.701233       841.2648925781
707.023926       857.5324707031
707.346619       915.6308593750
707.669250       880.7718505859
707.991821       871.4760742188
708.314392       841.2648925781
708.636841       818.0255737305
708.959290       876.1239624023
709.281738       799.4340820313
709.604065       878.4478759766
709.926392       880.7718505859
710.248657       878.4478759766
710.570862       855.2085571289
710.893066       871.4760742188
711.215210       831.9691772461
711.537292       922.6026611328
711.859314       894.7154541016
712.181335       936.5463256836
712.503357       890.0675659180
712.825256       880.7718505859
713.147156       917.9548339844
713.468994       894.7154541016
713.790771       852.8845825195
714.112488       824.9973754883
714.434143       855.2085571289
714.755859       955.1378173828
715.077515       883.0957641602
715.399109       873.8000488281
715.720581       850.5606689453
716.042053       820.3494873047
716.363525       855.2085571289
716.684875       959.7856445313
717.006287       894.7154541016
717.327576       883.0957641602
717.648804       892.3914794922
717.969971       924.9266357422
718.291260       897.0393676758
718.612366       876.1239624023
718.933411       836.6170654297
719.254395       950.4899291992
719.575439       824.9973754883
719.896362       855.2085571289
720.217285       887.7436523438
720.538147       813.3776855469
720.859009       859.8563842773
721.179749       913.3069458008
721.500488       943.5181274414
721.821228       873.8000488281
722.141785       885.4196777344
722.462402       864.5042724609
722.782959       880.7718505859
723.103455       850.5606689453
723.423950       841.2648925781
723.744385       913.3069458008
724.064758       887.7436523438
724.385071       887.7436523438
724.705322       871.4760742188
725.025574       899.3633422852
725.345825       876.1239624023
725.665955       883.0957641602
725.986023       894.7154541016
726.306091       938.8702392578
726.626099       876.1239624023
726.946045       894.7154541016
727.266052       878.4478759766
727.585938       894.7154541016
727.905762       908.6590576172
728.225525       917.9548339844
728.545288       852.8845825195
728.864990       866.8281860352
729.184692       841.2648925781
729.504333       920.2787475586
729.823853       959.7856445313
730.143372       871.4760742188
730.462891       929.5744628906
730.782410       910.9829711914
731.101746       897.0393676758
731.421143       910.9829711914
731.740417       929.5744628906
732.059631       897.0393676758
732.378845       834.2930908203
732.698059       938.8702392578
733.017212       871.4760742188
733.336304       855.2085571289
733.655273       906.3351440430
733.974304       859.8563842773
734.293335       808.7297973633
734.612183       890.0675659180
734.931030       838.9409790039
735.249878       897.0393676758
735.568665       883.0957641602
735.887329       924.9266357422
736.206055       857.5324707031
736.524658       836.6170654297
736.843262       929.5744628906
737.161804       950.4899291992
737.480286       887.7436523438
737.798828       883.0957641602
738.117249       873.8000488281
738.435608       901.6872558594
738.753906       899.3633422852
739.072205       887.7436523438
739.390442       941.1941528320
739.708618       850.5606689453
740.026733       797.1101074219
740.344849       924.9266357422
740.662903       890.0675659180
740.980957       857.5324707031
741.298889       850.5606689453
741.616821       901.6872558594
741.934692       927.2505493164
742.252502       787.8143920898
742.570313       878.4478759766
742.888062       824.9973754883
743.205750       917.9548339844
743.523438       890.0675659180
743.841003       869.1521606445
744.158569       855.2085571289
744.476074       878.4478759766
744.793518       876.1239624023
745.111023       934.2223510742
745.428345       871.4760742188
745.745728      1003.9404296875
746.062988       964.4335327148
746.380249       899.3633422852
746.697449       922.6026611328
747.014648       910.9829711914
747.331726       855.2085571289
747.648804       845.9127807617
747.965759       876.1239624023
748.282776       894.7154541016
748.599731       885.4196777344
748.916626       864.5042724609
749.233459       822.6734008789
749.550232       834.2930908203
749.867004       901.6872558594
750.183655       924.9266357422
750.500366       894.7154541016
750.816956       955.1378173828
751.133545       892.3914794922
751.450073       862.1803588867
751.766479       964.4335327148
752.083008       852.8845825195
752.399414       857.5324707031
752.715698       873.8000488281
753.032043       878.4478759766
753.348328       859.8563842773
753.664429       878.4478759766
753.980713       773.8707885742
754.296814       848.2366943359
754.612854       869.1521606445
754.928833       841.2648925781
755.244873       822.6734008789
755.560852       841.2648925781
755.876709       890.0675659180
756.192505       850.5606689453
756.508362       901.6872558594
756.824097       841.2648925781
757.139771       806.4058837891
757.455505       822.6734008789
757.771118       855.2085571289
758.086670       952.8138427734
758.402222       845.9127807617
758.717712       855.2085571289
759.033081       887.7436523438
759.348511       876.1239624023
759.663879       862.1803588867
759.979187       871.4760742188
760.294434       822.6734008789
760.609619       941.1941528320
760.924805       848.2366943359
761.239929       894.7154541016
761.554993       878.4478759766
761.869995       885.4196777344
762.184998       866.8281860352
762.499939       864.5042724609
762.814880       850.5606689453
763.129700       966.7574462891
763.444519       890.0675659180
763.759277       862.1803588867
764.073975       827.3212890625
764.388672       876.1239624023
764.703308       936.5463256836
765.017883       955.1378173828
765.332397       890.0675659180
765.646851       831.9691772461
765.961304       824.9973754883
766.275696       897.0393676758
766.590088       892.3914794922
766.904358       887.7436523438
767.218628       894.7154541016
767.532776       845.9127807617
767.846924       845.9127807617
768.161072       841.2648925781
768.475159       841.2648925781
768.789185       869.1521606445
769.103149       871.4760742188
769.417114       945.8420410156
769.731079       910.9829711914
770.044861       820.3494873047
770.358643       838.9409790039
770.672363       931.8984375000
770.986084       880.7718505859
771.299683       887.7436523438
771.613403       880.7718505859
771.927002       836.6170654297
772.240479       901.6872558594
772.553955       915.6308593750
772.867371       948.1659545898
773.180847       869.1521606445
773.494141       938.8702392578
773.807434       948.1659545898
774.120667       920.2787475586
774.433899       899.3633422852
774.747009       922.6026611328
775.060181       883.0957641602
775.373230       892.3914794922
775.686218       892.3914794922
775.999207       904.0111694336
776.312073       915.6308593750
776.624939       855.2085571289
776.937866       829.6452026367
777.250671       920.2787475586
777.563416       843.5888671875
777.876099       899.3633422852
778.188721       885.4196777344
778.501343       831.9691772461
778.813904       885.4196777344
779.126404       885.4196777344
779.438904       862.1803588867
779.751282       966.7574462891
780.063660       959.7856445313
780.376038       869.1521606445
780.688293       885.4196777344
781.000549       915.6308593750
781.312683       917.9548339844
781.624817       885.4196777344
781.937012       952.8138427734
782.249023       941.1941528320
782.561035       850.5606689453
782.872986       892.3914794922
783.184937       899.3633422852
783.496765       904.0111694336
783.808655       913.3069458008
784.120422       841.2648925781
784.432129       855.2085571289
784.743774       931.8984375000
785.055420       883.0957641602
785.367004       910.9829711914
785.678589       908.6590576172
785.990051       941.1941528320
786.301514       866.8281860352
786.612976       906.3351440430
786.924316       845.9127807617
787.235657       883.0957641602
787.546936       855.2085571289
787.858154       894.7154541016
788.169312       906.3351440430
788.480408       855.2085571289
788.791504       906.3351440430
789.102600       841.2648925781
789.413513       917.9548339844
789.724487       910.9829711914
790.035400       850.5606689453
790.346191       829.6452026367
790.657043       915.6308593750
790.967834       841.2648925781
791.278564       873.8000488281
791.589172       904.0111694336
791.899780       852.8845825195
792.210327       850.5606689453
792.520935       850.5606689453
792.831421       917.9548339844
793.141846       948.1659545898
793.452209       862.1803588867
793.762573       806.4058837891
794.072815       850.5606689453
794.383118       910.9829711914
794.693359       878.4478759766
795.003479       850.5606689453
795.313538       827.3212890625
795.623596       885.4196777344
795.933716       924.9266357422
796.243652       890.0675659180
796.553589       838.9409790039
796.863464       892.3914794922
797.173218       920.2787475586
797.483032       845.9127807617
797.792786       950.4899291992
798.102478       862.1803588867
798.412109       927.2505493164
798.721741       894.7154541016
799.031250       792.4622802734
799.340820       862.1803588867
799.650269       871.4760742188
799.959656       827.3212890625
800.269043       864.5042724609
800.578369       936.5463256836
800.887573       927.2505493164
801.196899       906.3351440430
801.505981       887.7436523438
801.815186       862.1803588867
802.124207       864.5042724609
802.433289       913.3069458008
802.742188       869.1521606445
803.051270       873.8000488281
803.360168       887.7436523438
803.668945       869.1521606445
803.977783       908.6590576172
804.286499       873.8000488281
804.595276       901.6872558594
804.903931       857.5324707031
805.212524       866.8281860352
805.521057       866.8281860352
805.829590       920.2787475586
806.138062       850.5606689453
806.446533       899.3633422852
806.754944       848.2366943359
807.063293       880.7718505859
807.371521       855.2085571289
807.679749       859.8563842773
807.987976       883.0957641602
808.296143       890.0675659180
808.604248       892.3914794922
808.912292       910.9829711914
809.220276       845.9127807617
809.528198       920.2787475586
809.836182       904.0111694336
810.144043       862.1803588867
810.451843       904.0111694336
810.759644       878.4478759766
811.067322       922.6026611328
811.375061       899.3633422852
811.682678       862.1803588867
811.990295       869.1521606445
812.297791       880.7718505859
812.605286       924.9266357422
812.912720       859.8563842773
813.220154       938.8702392578
813.527527       850.5606689453
813.834839       894.7154541016
814.142029       915.6308593750
814.449219       876.1239624023
814.756409       927.2505493164
815.063538       917.9548339844
815.370605       813.3776855469
815.677612       908.6590576172
815.984619       892.3914794922
816.291504       878.4478759766
816.598389       836.6170654297
816.905273       915.6308593750
817.212036       876.1239624023
817.518738       887.7436523438
817.825439       901.6872558594
818.132080       855.2085571289
818.438721       887.7436523438
818.745239       855.2085571289
819.051758       827.3212890625
819.358215       799.4340820313
819.664612       873.8000488281
819.971008       906.3351440430
820.277344       862.1803588867
820.583557       862.1803588867
820.889771       871.4760742188
821.195923       901.6872558594
821.502075       878.4478759766
821.808167       873.8000488281
822.114197       850.5606689453
822.420166       894.7154541016
822.726074       862.1803588867
823.031921       906.3351440430
823.337769       855.2085571289
823.643677       904.0111694336
823.949402       843.5888671875
824.255066       876.1239624023
824.560730       818.0255737305
824.866272       941.1941528320
825.171936       843.5888671875
825.477356       883.0957641602
825.782837       864.5042724609
826.088257       841.2648925781
826.393616       862.1803588867
826.698914       831.9691772461
827.004272       871.4760742188
827.309448       838.9409790039
827.614624       831.9691772461
827.919739       843.5888671875
828.224854       922.6026611328
828.529907       901.6872558594
828.834839       885.4196777344
829.139832       829.6452026367
829.444702       871.4760742188
829.749512       845.9127807617
830.054260       885.4196777344
830.359131       855.2085571289
830.663818       908.6590576172
830.968506       836.6170654297
831.273071       850.5606689453
831.577576       862.1803588867
831.882080       864.5042724609
832.186646       857.5324707031
832.491028       855.2085571289
832.795410       855.2085571289
833.099731       813.3776855469
833.403931       904.0111694336
833.708191       931.8984375000
834.012390       864.5042724609
834.316467       878.4478759766
834.620605       871.4760742188
834.924622       841.2648925781
835.228577       920.2787475586
835.532593       876.1239624023
835.836426       922.6026611328
836.140320       894.7154541016
836.444031       848.2366943359
836.747803       855.2085571289
837.051514       897.0393676758
837.355225       904.0111694336
837.658752       859.8563842773
837.962341       864.5042724609
838.265808       869.1521606445
838.569336       866.8281860352
838.872742       855.2085571289
839.176147       908.6590576172
839.479370       843.5888671875
839.782715       887.7436523438
840.085876       924.9266357422
840.389038       873.8000488281
840.692261       931.8984375000
840.995300       887.7436523438
841.298340       838.9409790039
841.601257       843.5888671875
841.904236       848.2366943359
842.207153       843.5888671875
842.509949       901.6872558594
842.812805       950.4899291992
843.115540       876.1239624023
843.418152       862.1803588867
843.720825       859.8563842773
844.023438       824.9973754883
844.325989       845.9127807617
844.628540       924.9266357422
844.930969       883.0957641602
845.233337       929.5744628906
845.535767       931.8984375000
845.838013       801.7579956055
846.140259       871.4760742188
846.442505       878.4478759766
846.744690       890.0675659180
847.046753       869.1521606445
847.348877       890.0675659180
847.650879       876.1239624023
847.952881       836.6170654297
848.254761       959.7856445313
848.556641       901.6872558594
848.858459       883.0957641602
849.160278       841.2648925781
849.462036       920.2787475586
849.763733       845.9127807617
850.065308       876.1239624023
850.366882       899.3633422852
850.668518       941.1941528320
850.969971       938.8702392578
851.271423       880.7718505859
851.572815       848.2366943359
851.874084       978.3771362305
852.175476       890.0675659180
852.476685       855.2085571289
852.777893       943.5181274414
853.079041       843.5888671875
853.380127       917.9548339844
853.681213       831.9691772461
853.982239       873.8000488281
854.283203       894.7154541016
854.584106       901.6872558594
854.885010       887.7436523438
855.185791       899.3633422852
855.486572       871.4760742188
855.787292       857.5324707031
856.088013       887.7436523438
856.388611       899.3633422852
856.689148       820.3494873047
856.989685       859.8563842773
857.290161       850.5606689453
857.590637       866.8281860352
857.890991       934.2223510742
858.191284       813.3776855469
858.491577       885.4196777344
858.791809       950.4899291992
859.092041       901.6872558594
859.392212       880.7718505859
859.692261       906.3351440430
859.992310       855.2085571289
860.292297       885.4196777344
860.592224       880.7718505859
860.892151       845.9127807617
861.191956       841.2648925781
861.491760       841.2648925781
861.791565       792.4622802734
862.091248       885.4196777344
862.390930       885.4196777344
862.690552       820.3494873047
862.990051       864.5042724609
863.289551       852.8845825195
863.589050       959.7856445313
863.888428       906.3351440430
864.187805       871.4760742188
864.487122       806.4058837891
864.786377       831.9691772461
865.085632       897.0393676758
865.384705       850.5606689453
865.683838       864.5042724609
865.982971       906.3351440430
866.281982       897.0393676758
866.580933       871.4760742188
866.879883       864.5042724609
867.178711       910.9829711914
867.477600       869.1521606445
867.776367       838.9409790039
868.075134       892.3914794922
868.373718       901.6872558594
868.672424       913.3069458008
868.970947       894.7154541016
869.269531       787.8143920898
869.568054       915.6308593750
869.866455       859.8563842773
870.164856       897.0393676758
870.463196       845.9127807617
870.761536       897.0393676758
871.059753       887.7436523438
871.357971       869.1521606445
871.656067       843.5888671875
871.954102       871.4760742188
872.252197       936.5463256836
872.550232       887.7436523438
872.848206       892.3914794922
873.146057       924.9266357422
873.443848       829.6452026367
873.741638       952.8138427734
874.039429       878.4478759766
874.337158       910.9829711914
874.634827       859.8563842773
874.932373       910.9829711914
875.229980       892.3914794922
875.527466       890.0675659180
875.825012       815.7015991211
876.122375       899.3633422852
876.419739       913.3069458008
876.717041       885.4196777344
877.014282       906.3351440430
877.311462       843.5888671875
877.608704       920.2787475586
877.905762       915.6308593750
878.202881       887.7436523438
878.499817       927.2505493164
878.796814       859.8563842773
879.093811       894.7154541016
879.390625       885.4196777344
879.687439       894.7154541016
879.984253       843.5888671875
880.280884       827.3212890625
880.577637       857.5324707031
880.874268       841.2648925781
881.170837       883.0957641602
881.467346       901.6872558594
881.763855       915.6308593750
882.060242       885.4196777344
882.356567       878.4478759766
882.652954       801.7579956055
882.949280       915.6308593750
883.245483       838.9409790039
883.541626       887.7436523438
883.837830       806.4058837891
884.133911       843.5888671875
884.429932       845.9127807617
884.725952       883.0957641602
885.021851       859.8563842773
885.317688       836.6170654297
885.613525       878.4478759766
885.909363       873.8000488281
886.205078       920.2787475586
