0.252000
190.096298         0.0000000000
190.479492         0.0000000000
190.862656      1195.7263183594
191.245789      1248.6142578125
191.628876      1232.5179443359
192.011948      1239.4163818359
192.394958      1237.1169433594
192.777939      1250.9136962891
193.160904      1308.4005126953
193.543823      1253.2132568359
193.926697      1273.9084472656
194.309555      1232.5179443359
194.692368      1273.9084472656
195.075150      1329.0958251953
195.457886      1253.2132568359
195.840607      1308.4005126953
196.223282      1319.8979492188
196.605927      1292.3041992188
196.988541      1303.8016357422
197.371094      1278.5074462891
197.753632      1317.5985107422
198.136139      1347.4915771484
198.518600      1296.9031982422
198.901031      1308.4005126953
199.283432      1342.8927001953
199.665802      1280.8068847656
200.048126      1273.9084472656
200.430405      1303.8016357422
200.812668      1310.7000732422
201.194885      1239.4163818359
201.577072      1308.4005126953
201.959244      1280.8068847656
202.341354      1285.4058837891
202.723434      1248.6142578125
203.105499      1299.2026367188
203.487503      1283.1063232422
203.869461      1227.9189453125
204.251434      1232.5179443359
204.633331      1239.4163818359
205.015198      1290.0047607422
205.397049      1223.3200683594
205.778854      1225.6195068359
206.160614      1285.4058837891
206.542343      1211.8226318359
206.924042      1246.3148193359
207.305710      1202.6247558594
207.687332      1198.0258789063
208.068939      1202.6247558594
208.450485      1221.0205078125
208.832016      1246.3148193359
209.213501      1237.1169433594
209.594955      1133.6406250000
209.976379      1163.5336914063
210.357758      1267.0100097656
210.739105      1253.2132568359
211.120422      1299.2026367188
211.501694      1202.6247558594
211.882935      1193.4268798828
212.264145      1269.3095703125
212.645340      1267.0100097656
213.026474      1271.6090087891
213.407562      1250.9136962891
213.788620      1230.2185058594
214.169662      1227.9189453125
214.550659      1290.0047607422
214.931610      1299.2026367188
215.312561      1223.3200683594
215.693451      1255.5126953125
216.074295      1257.8121337891
216.455109      1246.3148193359
216.835922      1262.4111328125
217.216660      1292.3041992188
217.597382      1269.3095703125
217.978058      1273.9084472656
218.358704      1271.6090087891
218.739304      1237.1169433594
219.119888      1234.8173828125
219.500427      1267.0100097656
219.880920      1299.2026367188
220.261414      1246.3148193359
220.641830      1218.7210693359
221.022232      1271.6090087891
221.402603      1186.5284423828
221.782944      1287.7053222656
222.163223      1310.7000732422
222.543488      1280.8068847656
222.923706      1211.8226318359
223.303894      1264.7105712891
223.684036      1244.0152587891
224.064163      1207.2237548828
224.444244      1250.9136962891
224.824295      1278.5074462891
225.204300      1246.3148193359
225.584274      1172.7315673828
225.964203      1246.3148193359
226.344131      1253.2132568359
226.723999      1262.4111328125
227.103806      1255.5126953125
227.483627      1248.6142578125
227.863388      1310.7000732422
228.243118      1324.4968261719
228.622787      1152.0363769531
229.002472      1216.4216308594
229.382080      1260.1115722656
229.761688      1200.3253173828
230.141220      1273.9084472656
230.520721      1214.1221923828
230.900208      1216.4216308594
231.279663      1241.7158203125
231.659073      1262.4111328125
232.038452      1303.8016357422
232.417786      1246.3148193359
232.797073      1292.3041992188
233.176346      1221.0205078125
233.555573      1262.4111328125
233.934784      1237.1169433594
234.313934      1260.1115722656
234.693069      1264.7105712891
235.072144      1253.2132568359
235.451202      1225.6195068359
235.830215      1271.6090087891
236.209213      1211.8226318359
236.588165      1138.2395019531
236.967072      1283.1063232422
237.345947      1191.1274414063
237.724792      1322.1973876953
238.103577      1269.3095703125
238.482361      1303.8016357422
238.861084      1188.8278808594
239.239777      1250.9136962891
239.618454      1257.8121337891
239.997070      1273.9084472656
240.375671      1273.9084472656
240.754211      1244.0152587891
241.132751      1244.0152587891
241.511215      1246.3148193359
241.889694      1253.2132568359
242.268097      1239.4163818359
242.646469      1308.4005126953
243.024811      1230.2185058594
243.403122      1255.5126953125
243.781387      1301.5021972656
244.159622      1227.9189453125
244.537827      1191.1274414063
244.915985      1188.8278808594
245.294113      1267.0100097656
245.672195      1237.1169433594
246.050262      1198.0258789063
246.428268      1283.1063232422
246.806274      1207.2237548828
247.184219      1237.1169433594
247.562119      1202.6247558594
247.940002      1177.3305664063
248.317841      1216.4216308594
248.695648      1267.0100097656
249.073425      1244.0152587891
249.451157      1278.5074462891
249.828842      1193.4268798828
250.206512      1184.2290039063
250.584152      1200.3253173828
250.961731      1340.5932617188
251.339279      1232.5179443359
251.716812      1299.2026367188
252.094299      1283.1063232422
252.471725      1207.2237548828
252.849136      1248.6142578125
253.226517      1273.9084472656
253.603867      1365.8874511719
253.981171      1202.6247558594
254.358429      1227.9189453125
254.735672      1239.4163818359
255.112869      1209.5231933594
255.490021      1299.2026367188
255.867172      1232.5179443359
256.244263      1248.6142578125
256.621307      1239.4163818359
256.998291      1269.3095703125
257.375305      1227.9189453125
257.752228      1244.0152587891
258.129120      1227.9189453125
258.506012      1227.9189453125
258.882843      1232.5179443359
259.259644      1269.3095703125
259.636414      1287.7053222656
260.013123      1230.2185058594
260.389832      1250.9136962891
260.766479      1200.3253173828
261.143127      1280.8068847656
261.519714      1239.4163818359
261.896271      1278.5074462891
262.272736      1232.5179443359
262.649231      1239.4163818359
263.025696      1267.0100097656
263.402100      1223.3200683594
263.778473      1200.3253173828
264.154785      1290.0047607422
264.531097      1207.2237548828
264.907318      1248.6142578125
265.283569      1303.8016357422
265.659760      1306.1010742188
266.035919      1188.8278808594
266.412018      1271.6090087891
266.788086      1172.7315673828
267.164154      1186.5284423828
267.540192      1255.5126953125
267.916107      1230.2185058594
268.292084      1239.4163818359
268.667969      1273.9084472656
269.043793      1264.7105712891
269.419617      1244.0152587891
269.795410      1218.7210693359
270.171204      1260.1115722656
270.546875      1250.9136962891
270.922577      1198.0258789063
271.298248      1200.3253173828
271.673828      1168.1326904297
272.049408      1227.9189453125
272.424927      1248.6142578125
272.800446      1172.7315673828
273.175934      1225.6195068359
273.551361      1271.6090087891
273.926727      1250.9136962891
274.302063      1230.2185058594
274.677399      1186.5284423828
275.052673      1218.7210693359
275.427948      1223.3200683594
275.803131      1285.4058837891
276.178314      1232.5179443359
276.553436      1239.4163818359
276.928558      1188.8278808594
277.303650      1234.8173828125
277.678619      1239.4163818359
278.053650      1264.7105712891
278.428589      1207.2237548828
278.803528      1255.5126953125
279.178375      1207.2237548828
279.553253      1271.6090087891
279.928070      1276.2078857422
280.302826      1292.3041992188
280.677582      1230.2185058594
281.052277      1250.9136962891
281.426941      1232.5179443359
281.801544      1253.2132568359
282.176147      1232.5179443359
282.550720      1253.2132568359
282.925232      1248.6142578125
283.299683      1294.6037597656
283.674133      1278.5074462891
284.048553      1211.8226318359
284.422974      1271.6090087891
284.797241      1278.5074462891
285.171600      1246.3148193359
285.545837      1227.9189453125
285.920074      1280.8068847656
286.294250      1276.2078857422
286.668396      1198.0258789063
287.042511      1188.8278808594
287.416626      1214.1221923828
287.790649      1301.5021972656
288.164673      1223.3200683594
288.538635      1250.9136962891
288.912567      1285.4058837891
289.286438      1227.9189453125
289.660309      1218.7210693359
290.034149      1230.2185058594
290.407959      1246.3148193359
290.781677      1223.3200683594
291.155396      1271.6090087891
291.529083      1262.4111328125
291.902710      1315.2989501953
292.276337      1331.3952636719
292.649902      1257.8121337891
293.023407      1211.8226318359
293.396912      1250.9136962891
293.770386      1211.8226318359
294.143829      1290.0047607422
294.517181      1209.5231933594
294.890533      1250.9136962891
295.263824      1202.6247558594
295.637115      1299.2026367188
296.010345      1244.0152587891
296.383545      1292.3041992188
296.756744      1234.8173828125
297.129852      1319.8979492188
297.502960      1287.7053222656
297.875977      1324.4968261719
298.248993      1204.9241943359
298.621979      1290.0047607422
298.994934      1193.4268798828
299.367859      1296.9031982422
299.740723      1193.4268798828
300.113556      1179.6300048828
300.486359      1326.7963867188
300.859100      1244.0152587891
301.231842      1227.9189453125
301.604492      1207.2237548828
301.977173      1198.0258789063
302.349792      1232.5179443359
302.722351      1218.7210693359
303.094910      1234.8173828125
303.467377      1209.5231933594
303.839874      1158.9348144531
304.212311      1225.6195068359
304.584717      1232.5179443359
304.957062      1322.1973876953
305.329376      1255.5126953125
305.701630      1239.4163818359
306.073853      1278.5074462891
306.446106      1248.6142578125
306.818268      1290.0047607422
307.190399      1248.6142578125
307.562500      1230.2185058594
307.934540      1227.9189453125
308.306610      1292.3041992188
308.678558      1278.5074462891
309.050507      1204.9241943359
309.422424      1244.0152587891
309.794281      1283.1063232422
310.166138      1253.2132568359
310.537933      1230.2185058594
310.909729      1292.3041992188
311.281464      1292.3041992188
311.653107      1207.2237548828
312.024780      1276.2078857422
312.396393      1181.9295654297
312.767975      1161.2342529297
313.139496      1211.8226318359
313.511047      1257.8121337891
313.882507      1234.8173828125
314.253906      1253.2132568359
314.625305      1283.1063232422
314.996643      1218.7210693359
315.368011      1310.7000732422
315.739258      1244.0152587891
316.110504      1230.2185058594
316.481720      1188.8278808594
316.852905      1230.2185058594
317.223999      1230.2185058594
317.595123      1257.8121337891
317.966187      1273.9084472656
318.337189      1221.0205078125
318.708191      1262.4111328125
319.079163      1209.5231933594
319.450073      1204.9241943359
319.820923      1195.7263183594
320.191742      1292.3041992188
320.562561      1248.6142578125
320.933319      1287.7053222656
321.304047      1246.3148193359
321.674744      1241.7158203125
322.045380      1264.7105712891
322.416016      1230.2185058594
322.786560      1172.7315673828
323.157135      1280.8068847656
323.527618      1250.9136962891
323.898071      1260.1115722656
324.268494      1280.8068847656
324.638885      1312.9995117188
325.009277      1244.0152587891
325.379578      1257.8121337891
325.749847      1264.7105712891
326.120117      1200.3253173828
326.490295      1280.8068847656
326.860443      1250.9136962891
327.230591      1232.5179443359
327.600708      1287.7053222656
327.970703      1140.5389404297
328.340759      1239.4163818359
328.710724      1260.1115722656
329.080688      1276.2078857422
329.450592      1198.0258789063
329.820435      1260.1115722656
330.190277      1283.1063232422
330.560089      1262.4111328125
330.929810      1223.3200683594
331.299561      1204.9241943359
331.669220      1214.1221923828
332.038879      1246.3148193359
332.408447      1285.4058837891
332.778046      1225.6195068359
333.147583      1244.0152587891
333.517059      1285.4058837891
333.886505      1191.1274414063
334.255951      1283.1063232422
334.625336      1218.7210693359
334.994629      1253.2132568359
335.363983      1204.9241943359
335.733246      1227.9189453125
336.102478      1195.7263183594
336.471680      1292.3041992188
336.840820      1191.1274414063
337.209961      1278.5074462891
337.578979      1262.4111328125
337.948059      1306.1010742188
338.317078      1184.2290039063
338.686035      1264.7105712891
339.054962      1179.6300048828
339.423859      1200.3253173828
339.792725      1239.4163818359
340.161560      1260.1115722656
340.530334      1179.6300048828
340.899078      1225.6195068359
341.267761      1280.8068847656
341.636444      1301.5021972656
342.005066      1191.1274414063
342.373657      1227.9189453125
342.742218      1244.0152587891
343.110718      1255.5126953125
343.479218      1241.7158203125
343.847626      1294.6037597656
344.216064      1239.4163818359
344.584412      1276.2078857422
344.952759      1292.3041992188
345.321045      1234.8173828125
345.689270      1200.3253173828
346.057526      1244.0152587891
346.425659      1234.8173828125
346.793854      1317.5985107422
347.161957      1230.2185058594
347.529999      1179.6300048828
347.898041      1225.6195068359
348.266022      1260.1115722656
348.634003      1250.9136962891
349.001892      1262.4111328125
349.369781      1276.2078857422
349.737610      1223.3200683594
350.105408      1221.0205078125
350.473145      1237.1169433594
350.840912      1299.2026367188
351.208618      1211.8226318359
351.576233      1200.3253173828
351.943878      1227.9189453125
352.311401      1260.1115722656
352.678955      1253.2132568359
353.046478      1234.8173828125
353.413910      1227.9189453125
353.781372      1260.1115722656
354.148743      1262.4111328125
354.516083      1248.6142578125
354.883392      1283.1063232422
355.250641      1246.3148193359
355.617920      1299.2026367188
355.985077      1221.0205078125
356.352234      1232.5179443359
356.719360      1248.6142578125
357.086426      1280.8068847656
357.453491      1310.7000732422
357.820496      1271.6090087891
358.187469      1271.6090087891
358.554382      1290.0047607422
358.921295      1303.8016357422
359.288147      1163.5336914063
359.654968      1292.3041992188
360.021759      1285.4058837891
360.388489      1223.3200683594
360.755188      1186.5284423828
361.121826      1255.5126953125
361.488464      1209.5231933594
361.855072      1299.2026367188
362.221588      1262.4111328125
362.588135      1232.5179443359
362.954590      1211.8226318359
363.321075      1253.2132568359
363.687439      1257.8121337891
364.053802      1280.8068847656
364.420135      1271.6090087891
364.786407      1237.1169433594
365.152679      1299.2026367188
365.518860      1241.7158203125
365.885040      1255.5126953125
366.251190      1292.3041992188
366.617249      1269.3095703125
366.983337      1322.1973876953
367.349335      1260.1115722656
367.715332      1271.6090087891
368.081207      1260.1115722656
368.447174      1186.5284423828
368.813019      1244.0152587891
369.178833      1276.2078857422
369.544678      1278.5074462891
369.910400      1239.4163818359
370.276123      1234.8173828125
370.641785      1246.3148193359
371.007446      1248.6142578125
371.373016      1303.8016357422
371.738586      1221.0205078125
372.104126      1218.7210693359
372.469574      1244.0152587891
372.835022      1191.1274414063
373.200439      1154.3358154297
373.565796      1223.3200683594
373.931122      1246.3148193359
374.296417      1257.8121337891
374.661713      1255.5126953125
375.026886      1232.5179443359
375.392090      1257.8121337891
375.757202      1202.6247558594
376.122314      1260.1115722656
376.487396      1273.9084472656
376.852386      1225.6195068359
377.217407      1225.6195068359
377.582336      1202.6247558594
377.947235      1168.1326904297
378.312103      1253.2132568359
378.676941      1285.4058837891
379.041779      1221.0205078125
379.406494      1257.8121337891
379.771240      1283.1063232422
380.135925      1262.4111328125
380.500549      1296.9031982422
380.865143      1207.2237548828
381.229706      1221.0205078125
381.594269      1260.1115722656
381.958679      1301.5021972656
382.323181      1227.9189453125
382.687561      1227.9189453125
383.051971      1218.7210693359
383.416321      1232.5179443359
383.780579      1260.1115722656
384.144867      1186.5284423828
384.509033      1273.9084472656
384.873260      1278.5074462891
385.237366      1269.3095703125
385.601501      1262.4111328125
385.965576      1216.4216308594
386.329559      1221.0205078125
386.693573      1244.0152587891
387.057526      1241.7158203125
387.421417      1218.7210693359
387.785309      1232.5179443359
388.149109      1303.8016357422
388.512970      1301.5021972656
388.876678      1262.4111328125
389.240417      1216.4216308594
389.604065      1207.2237548828
389.967712      1255.5126953125
390.331360      1225.6195068359
390.694885      1202.6247558594
391.058411      1195.7263183594
391.421906      1221.0205078125
391.785370      1248.6142578125
392.148743      1218.7210693359
392.512115      1267.0100097656
392.875488      1250.9136962891
393.238739      1211.8226318359
393.602051      1239.4163818359
393.965240      1177.3305664063
394.328430      1294.6037597656
394.691559      1246.3148193359
395.054657      1188.8278808594
395.417725      1317.5985107422
395.780731      1225.6195068359
396.143738      1294.6037597656
396.506653      1276.2078857422
396.869568      1216.4216308594
397.232422      1324.4968261719
397.595245      1248.6142578125
397.958069      1202.6247558594
398.320770      1216.4216308594
398.683533      1244.0152587891
399.046204      1255.5126953125
399.408813      1223.3200683594
399.771454      1181.9295654297
400.133972      1269.3095703125
400.496521      1241.7158203125
400.859009      1319.8979492188
401.221436      1172.7315673828
401.583832      1230.2185058594
401.946198      1225.6195068359
402.308563      1234.8173828125
402.670807      1253.2132568359
403.033051      1285.4058837891
403.395294      1278.5074462891
403.757416      1262.4111328125
404.119568      1338.2937011719
404.481659      1287.7053222656
404.843719      1255.5126953125
405.205719      1221.0205078125
405.567719      1290.0047607422
405.929657      1283.1063232422
406.291534      1255.5126953125
406.653442      1269.3095703125
407.015228      1216.4216308594
407.377014      1207.2237548828
407.738739      1181.9295654297
408.100464      1227.9189453125
408.462128      1221.0205078125
408.823730      1232.5179443359
409.185364      1267.0100097656
409.546875      1301.5021972656
409.908386      1186.5284423828
410.269867      1248.6142578125
410.631287      1181.9295654297
410.992676      1223.3200683594
411.354034      1209.5231933594
411.715363      1241.7158203125
412.076630      1264.7105712891
412.437866      1257.8121337891
412.799072      1230.2185058594
413.160217      1280.8068847656
413.521362      1172.7315673828
413.882416      1221.0205078125
414.243469      1225.6195068359
414.604462      1273.9084472656
414.965424      1207.2237548828
415.326355      1158.9348144531
415.687225      1225.6195068359
416.048096      1237.1169433594
416.408875      1267.0100097656
416.769653      1186.5284423828
417.130402      1276.2078857422
417.491058      1257.8121337891
417.851715      1248.6142578125
418.212311      1273.9084472656
418.572906      1172.7315673828
418.933411      1246.3148193359
419.293945      1200.3253173828
419.654388      1306.1010742188
420.014801      1234.8173828125
420.375183      1255.5126953125
420.735504      1239.4163818359
421.095825      1232.5179443359
421.456055      1234.8173828125
421.816315      1165.8332519531
422.176453      1204.9241943359
422.536621      1271.6090087891
422.896729      1301.5021972656
423.256775      1246.3148193359
423.616821      1303.8016357422
423.976807      1181.9295654297
424.336731      1322.1973876953
424.696625      1244.0152587891
425.056488      1241.7158203125
425.416351      1253.2132568359
425.776093      1234.8173828125
426.135864      1211.8226318359
426.495575      1193.4268798828
426.855225      1257.8121337891
427.214874      1264.7105712891
427.574432      1234.8173828125
427.934052      1250.9136962891
428.293518      1218.7210693359
428.653015      1285.4058837891
429.012421      1271.6090087891
429.371826      1216.4216308594
429.731232      1198.0258789063
430.090485      1207.2237548828
430.449799      1191.1274414063
430.808990      1230.2185058594
431.168213      1221.0205078125
431.527374      1234.8173828125
431.886475      1170.4321289063
432.245605      1216.4216308594
432.604584      1246.3148193359
432.963623      1262.4111328125
433.322571      1218.7210693359
433.681488      1264.7105712891
434.040344      1221.0205078125
434.399200      1278.5074462891
434.758026      1218.7210693359
435.116760      1257.8121337891
435.475494      1225.6195068359
435.834198      1216.4216308594
436.192841      1175.0311279297
436.551453      1223.3200683594
436.910004      1214.1221923828
437.268555      1230.2185058594
437.627014      1239.4163818359
437.985474      1253.2132568359
438.343903      1221.0205078125
438.702240      1211.8226318359
439.060577      1283.1063232422
439.418854      1290.0047607422
439.777130      1287.7053222656
440.135315      1237.1169433594
440.493500      1271.6090087891
440.851654      1255.5126953125
441.209717      1188.8278808594
441.567810      1230.2185058594
441.925781      1241.7158203125
442.283783      1253.2132568359
442.641663      1248.6142578125
442.999573      1175.0311279297
443.357483      1244.0152587891
443.715240      1271.6090087891
444.073029      1209.5231933594
444.430725      1278.5074462891
444.788452      1250.9136962891
445.146149      1193.4268798828
445.503723      1244.0152587891
445.861359      1234.8173828125
446.218842      1294.6037597656
446.576355      1221.0205078125
446.933777      1255.5126953125
447.291199      1280.8068847656
447.648621      1239.4163818359
448.005920      1200.3253173828
448.363251      1207.2237548828
448.720459      1255.5126953125
449.077728      1145.1379394531
449.434875      1290.0047607422
449.792023      1207.2237548828
450.149170      1204.9241943359
450.506195      1241.7158203125
450.863220      1223.3200683594
451.220184      1273.9084472656
451.577118      1255.5126953125
451.933990      1239.4163818359
452.290894      1269.3095703125
452.647736      1278.5074462891
453.004456      1269.3095703125
453.361237      1223.3200683594
453.717926      1234.8173828125
454.074585      1211.8226318359
454.431244      1223.3200683594
454.787811      1218.7210693359
455.144379      1317.5985107422
455.500824      1239.4163818359
455.857300      1223.3200683594
456.213715      1260.1115722656
456.570099      1299.2026367188
456.926483      1204.9241943359
457.282745      1306.1010742188
457.639038      1230.2185058594
457.995209      1214.1221923828
458.351440      1186.5284423828
458.707550      1200.3253173828
459.063660      1241.7158203125
459.419769      1221.0205078125
459.775757      1195.7263183594
460.131744      1253.2132568359
460.487671      1241.7158203125
460.843597      1287.7053222656
461.199493      1241.7158203125
461.555267      1296.9031982422
461.911072      1257.8121337891
462.266785      1218.7210693359
462.622498      1241.7158203125
462.978119      1255.5126953125
463.333771      1276.2078857422
463.689392      1264.7105712891
464.044891      1255.5126953125
464.400421      1260.1115722656
464.755859      1239.4163818359
465.111298      1234.8173828125
465.466675      1315.2989501953
465.821991      1283.1063232422
466.177338      1209.5231933594
466.532562      1285.4058837891
466.887817      1227.9189453125
467.242981      1214.1221923828
467.598114      1202.6247558594
467.953247      1200.3253173828
468.308289      1296.9031982422
468.663330      1280.8068847656
469.018280      1290.0047607422
469.373230      1250.9136962891
469.728119      1198.0258789063
470.082977      1260.1115722656
470.437836      1271.6090087891
470.792572      1246.3148193359
471.147339      1264.7105712891
471.502014      1156.6352539063
471.856720      1250.9136962891
472.211273      1223.3200683594
472.565918      1255.5126953125
472.920471      1232.5179443359
473.274933      1181.9295654297
473.629395      1198.0258789063
473.983795      1303.8016357422
474.338165      1248.6142578125
474.692505      1255.5126953125
475.046814      1253.2132568359
475.401123      1264.7105712891
475.755280      1255.5126953125
476.109497      1175.0311279297
476.463593      1273.9084472656
476.817688      1667.1185302734
477.171783      1214.1221923828
477.525757      1246.3148193359
477.879761      1253.2132568359
478.233673      1209.5231933594
478.587585      1207.2237548828
478.941406      1271.6090087891
479.295258      1234.8173828125
479.649048      1225.6195068359
480.002747      1269.3095703125
480.356445      1241.7158203125
480.710052      1223.3200683594
481.063690      1195.7263183594
481.417236      1271.6090087891
481.770782      1177.3305664063
482.124329      1287.7053222656
482.477722      1269.3095703125
482.831177      1223.3200683594
483.184509      1292.3041992188
483.537842      1250.9136962891
483.891144      1200.3253173828
484.244385      1225.6195068359
484.597626      1264.7105712891
484.950714      1232.5179443359
485.303894      1218.7210693359
485.656921      1195.7263183594
486.010010      1299.2026367188
486.363068      1250.9136962891
486.715973      1246.3148193359
487.068909      1195.7263183594
487.421783      1216.4216308594
487.774628      1257.8121337891
488.127411      1230.2185058594
488.480194      1349.7911376953
488.832947      1290.0047607422
489.185577      1200.3253173828
489.538239      1280.8068847656
489.890839      1260.1115722656
490.243378      1209.5231933594
490.595917      1188.8278808594
490.948395      1227.9189453125
491.300842      1315.2989501953
491.653198      1223.3200683594
492.005585      1115.2447509766
492.357880      1234.8173828125
492.710144      1232.5179443359
493.062439      1260.1115722656
493.414581      1230.2185058594
493.766754      1255.5126953125
494.118835      1292.3041992188
494.470917      1239.4163818359
494.822937      1292.3041992188
495.174927      1287.7053222656
495.526917      1204.9241943359
495.878784      1315.2989501953
496.230682      1283.1063232422
496.582489      1244.0152587891
496.934296      1255.5126953125
497.285980      1227.9189453125
497.637695      1260.1115722656
497.989410      1361.2884521484
498.340973      1335.9942626953
498.692596      1198.0258789063
499.044128      1317.5985107422
499.395630      1296.9031982422
499.747101      1244.0152587891
500.098480      1248.6142578125
500.449921      1168.1326904297
500.801208      1290.0047607422
501.152527      1260.1115722656
501.503754      1204.9241943359
501.854980      1214.1221923828
502.206177      1260.1115722656
502.557281      1198.0258789063
502.908386      1248.6142578125
503.259430      1276.2078857422
503.610443      1248.6142578125
503.961365      1319.8979492188
504.312317      1267.0100097656
504.663239      1257.8121337891
505.014069      1349.7911376953
505.364899      1301.5021972656
505.715607      1257.8121337891
506.066376      1292.3041992188
506.417084      1234.8173828125
506.767670      1232.5179443359
507.118317      1278.5074462891
507.468842      1271.6090087891
507.819397      1221.0205078125
508.169830      1301.5021972656
508.520294      1285.4058837891
508.870697      1225.6195068359
509.221039      1237.1169433594
509.571381      1200.3253173828
509.921631      1227.9189453125
510.271851      1253.2132568359
510.622009      1283.1063232422
510.972198      1239.4163818359
511.322327      1241.7158203125
511.672394      1278.5074462891
512.022461      1306.1010742188
512.372375      1241.7158203125
512.722351      1310.7000732422
513.072266      1250.9136962891
513.422058      1292.3041992188
513.771912      1271.6090087891
514.121704      1257.8121337891
514.471436      1262.4111328125
514.821167      1207.2237548828
515.170776      1195.7263183594
515.520447      1287.7053222656
515.869995      1278.5074462891
516.219543      1202.6247558594
516.569031      1301.5021972656
516.918518      1280.8068847656
517.267822      1239.4163818359
517.617249      1221.0205078125
517.966614      1312.9995117188
518.315796      1278.5074462891
518.665161      1230.2185058594
519.014282      1257.8121337891
519.363464      1248.6142578125
519.712585      1214.1221923828
520.061646      1244.0152587891
520.410706      1237.1169433594
520.759705      1267.0100097656
521.108704      1267.0100097656
521.457520      1269.3095703125
521.806458      1227.9189453125
522.155334      1285.4058837891
522.504089      1248.6142578125
522.852844      1227.9189453125
523.201538      1299.2026367188
523.550232      1294.6037597656
523.898804      1179.6300048828
524.247437      1191.1274414063
524.596008      1246.3148193359
524.944458      1204.9241943359
525.292969      1273.9084472656
525.641357      1172.7315673828
525.989746      1193.4268798828
526.338074      1285.4058837891
526.686401      1230.2185058594
527.034607      1202.6247558594
527.382813      1260.1115722656
527.731018      1244.0152587891
528.079102      1335.9942626953
528.427246      1209.5231933594
528.775330      1255.5126953125
529.123291      1292.3041992188
529.471252      1255.5126953125
529.819153      1223.3200683594
530.167053      1276.2078857422
530.514832      1181.9295654297
530.862732      1257.8121337891
531.210510      1299.2026367188
531.558167      1204.9241943359
531.905884      1248.6142578125
532.253479      1246.3148193359
532.601074      1246.3148193359
532.948608      1271.6090087891
533.296143      1250.9136962891
533.643616      1241.7158203125
533.991028      1253.2132568359
534.338379      1248.6142578125
534.685730      1340.5932617188
535.033081      1280.8068847656
535.380371      1195.7263183594
535.727478      1234.8173828125
536.074707      1253.2132568359
536.421875      1255.5126953125
536.768921      1250.9136962891
537.115967      1264.7105712891
537.463013      1230.2185058594
537.809998      1283.1063232422
538.156860      1207.2237548828
538.503784      1234.8173828125
538.850647      1271.6090087891
539.197449      1239.4163818359
539.544189      1237.1169433594
539.890930      1280.8068847656
540.237610      1186.5284423828
540.584229      1290.0047607422
540.930847      1246.3148193359
541.277344      1246.3148193359
541.623901      1230.2185058594
541.970337      1193.4268798828
542.316772      1207.2237548828
542.663208      1241.7158203125
543.009521      1234.8173828125
543.355835      1253.2132568359
543.702026      1257.8121337891
544.048279      1255.5126953125
544.394470      1239.4163818359
544.740601      1241.7158203125
545.086731      1246.3148193359
545.432739      1271.6090087891
545.778809      1255.5126953125
546.124695      1280.8068847656
546.470703      1310.7000732422
546.816589      1230.2185058594
547.162415      1234.8173828125
547.508240      1301.5021972656
547.853943      1306.1010742188
548.199646      1223.3200683594
548.545349      1230.2185058594
548.890930      1310.7000732422
549.236633      1278.5074462891
549.582092      1262.4111328125
549.927673      1186.5284423828
550.273071      1248.6142578125
550.618530      1239.4163818359
550.963928      1253.2132568359
551.309204      1230.2185058594
551.654602      1204.9241943359
551.999756      1207.2237548828
552.345093      1264.7105712891
552.690186      1278.5074462891
553.035339      1301.5021972656
553.380493      1230.2185058594
553.725464      1253.2132568359
554.070496      1237.1169433594
554.415405      1237.1169433594
554.760376      1262.4111328125
555.105225      1227.9189453125
555.450073      1239.4163818359
555.794922      1225.6195068359
556.139648      1273.9084472656
556.484375      1306.1010742188
556.828979      1260.1115722656
557.173645      1200.3253173828
557.518311      1230.2185058594
557.862793      1253.2132568359
558.207275      1280.8068847656
558.551697      1214.1221923828
558.896118      1241.7158203125
559.240479      1262.4111328125
559.584839      1248.6142578125
559.929199      1324.4968261719
560.273376      1278.5074462891
560.617676      1285.4058837891
560.961792      1260.1115722656
561.305908      1175.0311279297
561.649963      1283.1063232422
561.994019      1225.6195068359
562.338074      1280.8068847656
562.682007      1227.9189453125
563.025879      1248.6142578125
563.369751      1250.9136962891
563.713623      1264.7105712891
564.057373      1271.6090087891
564.401123      1230.2185058594
564.744873      1260.1115722656
565.088501      1290.0047607422
565.432129      1264.7105712891
565.775635      1264.7105712891
566.119263      1207.2237548828
566.462769      1207.2237548828
566.806152      1331.3952636719
567.149597      1317.5985107422
567.492920      1198.0258789063
567.836243      1225.6195068359
568.179504      1126.7421875000
568.522827      1202.6247558594
568.866028      1411.8768310547
569.209106      1241.7158203125
569.552307      1239.4163818359
569.895325      1278.5074462891
570.238403      1296.9031982422
570.581299      1276.2078857422
570.924255      1262.4111328125
571.267212      1214.1221923828
571.609985      1253.2132568359
571.952881      1234.8173828125
572.295593      1260.1115722656
572.638367      1292.3041992188
572.981079      1264.7105712891
573.323730      1237.1169433594
573.666260      1170.4321289063
574.008850      1209.5231933594
574.351440      1216.4216308594
574.693848      1315.2989501953
575.036255      1308.4005126953
575.378723      1273.9084472656
575.721008      1276.2078857422
576.063354      1283.1063232422
576.405579      1216.4216308594
576.747803      1193.4268798828
577.090027      1214.1221923828
577.432129      1315.2989501953
577.774231      1264.7105712891
578.116272      1223.3200683594
578.458313      1195.7263183594
578.800232      1248.6142578125
579.142212      1225.6195068359
579.484070      1244.0152587891
579.825928      1283.1063232422
580.167725      1345.1921386719
580.509460      1232.5179443359
580.851196      1239.4163818359
581.192810      1239.4163818359
581.534485      1232.5179443359
581.876099      1204.9241943359
582.217590      1285.4058837891
582.559143      1278.5074462891
582.900574      1257.8121337891
583.242004      1223.3200683594
583.583313      1260.1115722656
583.924683      1301.5021972656
584.265991      1237.1169433594
584.607239      1239.4163818359
584.948425      1232.5179443359
585.289551      1184.2290039063
585.630737      1195.7263183594
585.971802      1211.8226318359
586.312805      1255.5126953125
586.653870      1280.8068847656
586.994751      1285.4058837891
587.335693      1204.9241943359
587.676453      1250.9136962891
588.017334      1237.1169433594
588.358154      1303.8016357422
588.698853      1214.1221923828
589.039551      1244.0152587891
589.380188      1271.6090087891
589.720825      1287.7053222656
590.061340      1294.6037597656
590.401917      1237.1169433594
590.742432      1214.1221923828
591.082825      1227.9189453125
591.423218      1211.8226318359
591.763550      1241.7158203125
592.103882      1326.7963867188
592.444092      1204.9241943359
592.784363      1248.6142578125
593.124512      1248.6142578125
593.464600      1303.8016357422
593.804749      1267.0100097656
594.144775      1255.5126953125
594.484802      1317.5985107422
594.824829      1312.9995117188
595.164734      1267.0100097656
595.504578      1294.6037597656
595.844360      1181.9295654297
596.184204      1285.4058837891
596.523926      1280.8068847656
596.863647      1237.1169433594
597.203369      1278.5074462891
597.542969      1246.3148193359
597.882507      1269.3095703125
598.222046      1234.8173828125
598.561584      1262.4111328125
598.901001      1230.2185058594
599.240417      1260.1115722656
599.579834      1260.1115722656
599.919067      1250.9136962891
600.258423      1285.4058837891
600.597595      1227.9189453125
600.936829      1290.0047607422
601.276001      1227.9189453125
601.615051      1257.8121337891
601.954163      1273.9084472656
602.293091      1244.0152587891
602.632141      1223.3200683594
602.971069      1204.9241943359
603.309998      1223.3200683594
603.648865      1292.3041992188
603.987610      1276.2078857422
604.326416      1255.5126953125
604.665100      1156.6352539063
605.003845      1223.3200683594
605.342407      1248.6142578125
605.680969      1283.1063232422
606.019592      1230.2185058594
606.358093      1269.3095703125
606.696533      1280.8068847656
607.034973      1216.4216308594
607.373291      1271.6090087891
607.711609      1303.8016357422
608.049927      1230.2185058594
608.388245      1211.8226318359
608.726379      1227.9189453125
609.064575      1267.0100097656
609.402710      1306.1010742188
609.740723      1211.8226318359
610.078796      1200.3253173828
610.416748      1204.9241943359
610.754761      1218.7210693359
611.092590      1214.1221923828
611.430481      1345.1921386719
611.768311      1260.1115722656
612.106018      1232.5179443359
612.443787      1292.3041992188
612.781494      1227.9189453125
613.119141      1165.8332519531
613.456726      1283.1063232422
613.794250      1241.7158203125
614.131775      1283.1063232422
614.469299      1140.5389404297
614.806763      1191.1274414063
615.144043      1264.7105712891
615.481384      1257.8121337891
615.818726      1331.3952636719
616.156006      1244.0152587891
616.493225      1278.5074462891
616.830322      1276.2078857422
617.167480      1283.1063232422
617.504578      1301.5021972656
617.841614      1246.3148193359
618.178528      1317.5985107422
618.515503      1244.0152587891
618.852478      1294.6037597656
619.189270      1186.5284423828
619.526184      1257.8121337891
619.862854      1225.6195068359
620.199646      1283.1063232422
620.536316      1260.1115722656
620.872986      1303.8016357422
621.209595      1278.5074462891
621.546143      1267.0100097656
621.882629      1248.6142578125
622.219116      1255.5126953125
622.555542      1250.9136962891
622.892029      1214.1221923828
623.228333      1193.4268798828
623.564636      1248.6142578125
623.900818      1246.3148193359
624.237061      1218.7210693359
624.573242      1257.8121337891
624.909363      1257.8121337891
625.245483      1207.2237548828
625.581482      1257.8121337891
625.917480      1246.3148193359
626.253418      1250.9136962891
626.589355      1267.0100097656
626.925171      1290.0047607422
627.261047      1244.0152587891
627.596863      1294.6037597656
627.932556      1308.4005126953
628.268250      1163.5336914063
628.603882      1262.4111328125
628.939514      1257.8121337891
629.275024      1292.3041992188
629.610596      1186.5284423828
629.946045      1239.4163818359
630.281494      1319.8979492188
630.616882      1225.6195068359
630.952209      1230.2185058594
631.287537      1147.4373779297
631.622803      1287.7053222656
631.958008      1225.6195068359
632.293213      1250.9136962891
632.628296      1209.5231933594
632.963379      1303.8016357422
633.298401      1260.1115722656
633.633423      1253.2132568359
633.968384      1253.2132568359
634.303284      1273.9084472656
634.638123      1287.7053222656
634.972900      1172.7315673828
635.307739      1278.5074462891
635.642456      1188.8278808594
635.977112      1248.6142578125
636.311829      1218.7210693359
636.646362      1262.4111328125
636.980957      1221.0205078125
637.315430      1239.4163818359
637.649963      1253.2132568359
637.984436      1253.2132568359
638.318726      1296.9031982422
638.653137      1230.2185058594
638.987366      1301.5021972656
639.321655      1299.2026367188
639.655823      1335.9942626953
639.990051      1198.0258789063
640.324158      1352.0905761719
640.658203      1246.3148193359
640.992249      1294.6037597656
641.326172      1239.4163818359
641.660156      1253.2132568359
641.994019      1191.1274414063
642.327942      1223.3200683594
642.661804      1207.2237548828
642.995483      1301.5021972656
643.329224      1241.7158203125
643.662964      1237.1169433594
643.996582      1209.5231933594
644.330200      1306.1010742188
644.663696      1214.1221923828
644.997253      1218.7210693359
645.330688      1214.1221923828
645.664124      1221.0205078125
645.997437      1342.8927001953
646.330811      1250.9136962891
646.664124      1186.5284423828
646.997375      1290.0047607422
647.330566      1214.1221923828
647.663696      1225.6195068359
647.996826      1209.5231933594
648.329895      1223.3200683594
648.662903      1232.5179443359
648.995911      1308.4005126953
649.328796      1198.0258789063
649.661682      1255.5126953125
649.994568      1269.3095703125
650.327393      1283.1063232422
650.660095      1193.4268798828
650.992859      1225.6195068359
651.325500      1273.9084472656
651.658142      1253.2132568359
651.990723      1285.4058837891
652.323242      1253.2132568359
652.655762      1271.6090087891
652.988220      1329.0958251953
653.320618      1301.5021972656
653.652954      1257.8121337891
653.985291      1248.6142578125
654.317566      1273.9084472656
654.649780      1278.5074462891
654.981995      1271.6090087891
655.314148      1244.0152587891
655.646240      1237.1169433594
655.978271      1223.3200683594
656.310303      1280.8068847656
656.642273      1216.4216308594
656.974182      1246.3148193359
657.306091      1214.1221923828
657.637939      1257.8121337891
657.969666      1269.3095703125
658.301453      1195.7263183594
658.633179      1168.1326904297
658.964844      1248.6142578125
659.296448      1179.6300048828
659.627991      1211.8226318359
659.959534      1230.2185058594
660.291016      1234.8173828125
660.622437      1246.3148193359
660.953796      1260.1115722656
661.285156      1278.5074462891
661.616516      1285.4058837891
661.947754      1283.1063232422
662.278931      1319.8979492188
662.610107      1287.7053222656
662.941284      1283.1063232422
663.272339      1283.1063232422
663.603394      1276.2078857422
663.934387      1188.8278808594
664.265320      1269.3095703125
664.596252      1188.8278808594
664.927063      1292.3041992188
665.257935      1241.7158203125
665.588684      1246.3148193359
665.919434      1264.7105712891
666.250061      1269.3095703125
666.580688      1278.5074462891
666.911316      1250.9136962891
667.241821      1241.7158203125
667.572327      1267.0100097656
667.902832      1271.6090087891
668.233276      1271.6090087891
668.563660      1218.7210693359
668.893982      1273.9084472656
669.224243      1241.7158203125
669.554504      1306.1010742188
669.884705      1223.3200683594
670.214844      1280.8068847656
670.544922      1246.3148193359
670.875000      1214.1221923828
671.205078      1232.5179443359
671.534973      1186.5284423828
671.864929      1177.3305664063
672.194824      1244.0152587891
672.524658      1317.5985107422
672.854431      1283.1063232422
673.184204      1227.9189453125
673.513916      1310.7000732422
673.843567      1223.3200683594
674.173218      1292.3041992188
674.502747      1250.9136962891
674.832275      1216.4216308594
675.161804      1287.7053222656
675.491211      1255.5126953125
675.820679      1200.3253173828
676.149963      1239.4163818359
676.479248      1241.7158203125
676.808533      1133.6406250000
677.137756      1285.4058837891
677.466919      1223.3200683594
677.796021      1255.5126953125
678.125122      1209.5231933594
678.454163      1299.2026367188
678.783142      1262.4111328125
679.112122      1191.1274414063
679.440979      1248.6142578125
679.769897      1239.4163818359
680.098694      1262.4111328125
680.427490      1230.2185058594
680.756165      1276.2078857422
681.084900      2062.6279296875
681.413513      1262.4111328125
681.742065      1285.4058837891
682.070679      1191.1274414063
682.399170      1145.1379394531
682.727600      1244.0152587891
683.056030      1198.0258789063
683.384399      1257.8121337891
683.712708      1322.1973876953
684.040955      1260.1115722656
684.369263      1267.0100097656
684.697388      1306.1010742188
685.025574      1349.7911376953
685.353638      1257.8121337891
685.681702      1306.1010742188
686.009766      1296.9031982422
686.337708      1255.5126953125
686.665588      1303.8016357422
686.993469      1227.9189453125
687.321289      1257.8121337891
687.649048      1195.7263183594
687.976807      1234.8173828125
688.304565      1287.7053222656
688.632141      1234.8173828125
688.959839      1285.4058837891
689.287354      1223.3200683594
689.614868      1246.3148193359
689.942383      1227.9189453125
690.269775      1195.7263183594
690.597168      1198.0258789063
690.924500      1285.4058837891
691.251770      1216.4216308594
691.578979      1273.9084472656
691.906250      1223.3200683594
692.233398      1285.4058837891
692.560486      1181.9295654297
692.887573      1260.1115722656
693.214539      1278.5074462891
693.541565      1244.0152587891
693.868469      1273.9084472656
694.195374      1310.7000732422
694.522217      1315.2989501953
694.849060      1195.7263183594
695.175781      1244.0152587891
695.502441      1262.4111328125
695.829163      1260.1115722656
696.155823      1278.5074462891
696.482300      1198.0258789063
696.808899      1250.9136962891
697.135315      1294.6037597656
697.461792      1191.1274414063
697.788147      1237.1169433594
698.114563      1308.4005126953
698.440857      1175.0311279297
698.767029      1296.9031982422
699.093323      1202.6247558594
699.419495      1195.7263183594
699.745605      1315.2989501953
700.071655      1248.6142578125
700.397705      1269.3095703125
700.723694      1306.1010742188
701.049622      1214.1221923828
701.375549      1244.0152587891
701.701355      1299.2026367188
702.027222      1257.8121337891
702.352905      1296.9031982422
702.678711      1230.2185058594
703.004395      1264.7105712891
703.329956      1218.7210693359
703.655579      1244.0152587891
703.981018      1237.1169433594
704.306580      1303.8016357422
704.632080      1345.1921386719
704.957397      1310.7000732422
705.282776      1290.0047607422
705.608093      1227.9189453125
705.933350      1255.5126953125
706.258545      1225.6195068359
706.583740      1198.0258789063
706.908875      1241.7158203125
707.233948      1276.2078857422
707.559021      1244.0152587891
707.883972      1216.4216308594
708.208984      1296.9031982422
708.533813      1207.2237548828
708.858704      1250.9136962891
709.183533      1257.8121337891
709.508240      1299.2026367188
709.833008      1234.8173828125
710.157654      1285.4058837891
710.482300      1227.9189453125
710.806885      1188.8278808594
711.131409      1264.7105712891
711.455933      1204.9241943359
711.780334      1188.8278808594
712.104797      1253.2132568359
712.429138      1161.2342529297
712.753479      1294.6037597656
713.077759      1230.2185058594
713.401917      1204.9241943359
713.726135      1234.8173828125
714.050232      1287.7053222656
714.374329      1211.8226318359
714.698364      1262.4111328125
715.022339      1193.4268798828
715.346313      1244.0152587891
715.670166      1248.6142578125
715.994080      1257.8121337891
716.317871      1250.9136962891
716.641663      1280.8068847656
716.965393      1271.6090087891
717.289001      1301.5021972656
717.612732      1285.4058837891
717.936279      1253.2132568359
718.259827      1280.8068847656
718.583313      1198.0258789063
718.906738      1333.6948242188
719.230225      1250.9136962891
719.553528      1306.1010742188
719.876892      1335.9942626953
720.200134      1267.0100097656
720.523315      1204.9241943359
720.846497      1257.8121337891
721.169617      1241.7158203125
721.492737      1184.2290039063
721.815735      1253.2132568359
722.138733      1234.8173828125
722.461670      1191.1274414063
722.784607      1324.4968261719
723.107544      1287.7053222656
723.430298      1184.2290039063
723.753113      1292.3041992188
724.075745      1283.1063232422
724.398438      1280.8068847656
724.721008      1264.7105712891
725.043640      1218.7210693359
725.366211      1315.2989501953
725.688660      1250.9136962891
726.011169      1257.8121337891
726.333496      1271.6090087891
726.655884      1262.4111328125
726.978149      1248.6142578125
727.300476      1287.7053222656
727.622681      1237.1169433594
727.944824      1278.5074462891
728.266968      1322.1973876953
728.589050      1225.6195068359
728.911133      1230.2185058594
729.233032      1260.1115722656
729.554993      1292.3041992188
729.876953      1221.0205078125
730.198792      1287.7053222656
730.520569      1267.0100097656
730.842346      1262.4111328125
731.164063      1285.4058837891
731.485718      1232.5179443359
731.807373      1253.2132568359
732.128967      1253.2132568359
732.450439      1276.2078857422
732.771973      1264.7105712891
733.093323      1152.0363769531
733.414795      1225.6195068359
733.736145      1241.7158203125
734.057373      1161.2342529297
734.378662      1280.8068847656
734.699890      1255.5126953125
735.021057      1218.7210693359
735.342163      1246.3148193359
735.663269      1214.1221923828
735.984314      1267.0100097656
736.305237      1285.4058837891
736.626160      1230.2185058594
736.947083      1223.3200683594
737.267883      1237.1169433594
737.588745      1218.7210693359
737.909485      1177.3305664063
738.230225      1227.9189453125
738.550781      1260.1115722656
738.871460      1315.2989501953
739.192017      1276.2078857422
739.512573      1175.0311279297
739.833069      1186.5284423828
740.153442      1292.3041992188
740.473877      1299.2026367188
740.794128      1191.1274414063
741.114441      1239.4163818359
741.434692      1331.3952636719
741.754883      1257.8121337891
742.075073      1326.7963867188
742.395142      1248.6142578125
742.715210      1241.7158203125
743.035217      1260.1115722656
743.355225      1216.4216308594
743.675049      1227.9189453125
743.994995      1204.9241943359
744.314880      1257.8121337891
744.634583      1271.6090087891
744.954407      1262.4111328125
745.273987      1244.0152587891
745.593689      1264.7105712891
745.913330      1246.3148193359
746.232849      1271.6090087891
746.552368      1312.9995117188
746.871826      1232.5179443359
747.191223      1230.2185058594
747.510559      1280.8068847656
747.829956      1308.4005126953
748.149231      1260.1115722656
748.468384      1227.9189453125
748.787659      1234.8173828125
749.106750      1230.2185058594
749.425842      1239.4163818359
749.744873      1290.0047607422
750.063904      1244.0152587891
750.382874      1294.6037597656
750.701721      1267.0100097656
751.020630      1267.0100097656
751.339417      1283.1063232422
751.658203      1184.2290039063
751.976990      1244.0152587891
752.295593      1292.3041992188
752.614258      1276.2078857422
752.932800      1255.5126953125
753.251404      1244.0152587891
753.569824      1299.2026367188
753.888306      1177.3305664063
754.206726      1227.9189453125
754.525024      1260.1115722656
754.843323      1202.6247558594
755.161621      1285.4058837891
755.479797      1280.8068847656
755.797974      1221.0205078125
756.116089      1271.6090087891
756.434204      1223.3200683594
756.752197      1230.2185058594
757.070190      1267.0100097656
757.388123      1290.0047607422
757.705994      1269.3095703125
758.023865      1253.2132568359
758.341675      1267.0100097656
758.659363      1322.1973876953
758.977112      1248.6142578125
759.294739      1223.3200683594
759.612305      1250.9136962891
759.929932      1223.3200683594
760.247498      1255.5126953125
760.564880      1280.8068847656
760.882385      1234.8173828125
761.199707      1234.8173828125
761.517090      1271.6090087891
761.834290      1273.9084472656
762.151611      1285.4058837891
762.468811      1244.0152587891
762.785889      1296.9031982422
763.103027      1227.9189453125
763.420044      1264.7105712891
763.737061      1232.5179443359
764.054077      1241.7158203125
764.370972      1292.3041992188
764.687805      1273.9084472656
765.004639      1290.0047607422
765.321411      1241.7158203125
765.638123      1269.3095703125
765.954834      1253.2132568359
766.271484      1230.2185058594
766.588074      1191.1274414063
766.904602      1262.4111328125
767.221069      1225.6195068359
767.537537      1280.8068847656
767.853882      1273.9084472656
768.170288      1329.0958251953
768.486572      1191.1274414063
768.802856      1264.7105712891
769.119080      1244.0152587891
769.435181      1290.0047607422
769.751343      1211.8226318359
770.067322      1253.2132568359
770.383423      1241.7158203125
770.699402      1232.5179443359
771.015320      1248.6142578125
771.331238      1264.7105712891
771.647095      1244.0152587891
771.962891      1290.0047607422
772.278625      1283.1063232422
772.594299      1232.5179443359
772.909973      1331.3952636719
773.225586      1322.1973876953
773.541138      1255.5126953125
773.856567      1221.0205078125
774.172119      1267.0100097656
774.487549      1269.3095703125
774.802856      1271.6090087891
775.118286      1264.7105712891
775.433472      1290.0047607422
775.748718      1246.3148193359
776.063904      1342.8927001953
776.379028      1204.9241943359
776.694153      1202.6247558594
777.009155      1172.7315673828
777.324158      1223.3200683594
777.639099      1218.7210693359
777.954041      1234.8173828125
778.268921      1234.8173828125
778.583740      1306.1010742188
778.898499      1250.9136962891
779.213196      1230.2185058594
779.527832      1290.0047607422
779.842468      1308.4005126953
780.157043      1264.7105712891
780.471619      1248.6142578125
780.786072      1285.4058837891
781.100525      1188.8278808594
781.414856      1248.6142578125
781.729248      1168.1326904297
782.043457      1276.2078857422
782.357788      1246.3148193359
782.671997      1271.6090087891
782.986084      1276.2078857422
783.300293      1225.6195068359
783.614258      1230.2185058594
783.928345      1250.9136962891
784.242249      1244.0152587891
784.556213      1276.2078857422
784.870117      1161.2342529297
785.183899      1237.1169433594
785.497681      1292.3041992188
785.811340      1234.8173828125
786.125061      1241.7158203125
786.438721      1248.6142578125
786.752258      1186.5284423828
787.065857      1188.8278808594
787.379333      1257.8121337891
787.692810      1257.8121337891
788.006165      1207.2237548828
788.319519      1296.9031982422
788.632874      1221.0205078125
788.946106      1204.9241943359
789.259338      1221.0205078125
789.572449      1218.7210693359
789.885559      1223.3200683594
790.198608      1267.0100097656
790.511719      1200.3253173828
790.824707      1225.6195068359
791.137573      1232.5179443359
791.450500      1255.5126953125
791.763306      1253.2132568359
792.076111      1248.6142578125
792.388855      1285.4058837891
792.701538      1278.5074462891
793.014221      1223.3200683594
793.326782      1324.4968261719
793.639343      1306.1010742188
793.951843      1232.5179443359
794.264282      1250.9136962891
794.576721      1260.1115722656
794.889099      1306.1010742188
795.201416      1317.5985107422
795.513611      1221.0205078125
795.825867      1253.2132568359
796.138000      1264.7105712891
796.450195      1273.9084472656
796.762268      1290.0047607422
797.074280      1221.0205078125
797.386292      1216.4216308594
797.698181      1204.9241943359
798.010071      1280.8068847656
798.321960      1209.5231933594
798.633728      1290.0047607422
798.945496      1200.3253173828
799.257202      1211.8226318359
799.568787      1227.9189453125
799.880432      1283.1063232422
800.192017      1310.7000732422
800.503540      1306.1010742188
800.815002      1195.7263183594
801.126404      1204.9241943359
801.437744      1172.7315673828
801.749084      1255.5126953125
802.060364      1267.0100097656
802.371582      1294.6037597656
802.682800      1253.2132568359
802.993835      1248.6142578125
803.304993      1207.2237548828
803.615967      1223.3200683594
803.927002      1221.0205078125
804.237976      1227.9189453125
804.548828      1262.4111328125
804.859741      1216.4216308594
805.170471      1273.9084472656
805.481201      1246.3148193359
805.791931      1260.1115722656
806.102600      1280.8068847656
806.413208      1299.2026367188
806.723755      1193.4268798828
807.034241      1223.3200683594
807.344727      1280.8068847656
807.655151      1280.8068847656
807.965515      1255.5126953125
808.275879      1255.5126953125
808.586182      1218.7210693359
808.896362      1264.7105712891
809.206604      1267.0100097656
809.516663      1227.9189453125
809.826782      1237.1169433594
810.136780      1207.2237548828
810.446777      1211.8226318359
810.756775      1287.7053222656
811.066650      1253.2132568359
811.376465      1204.9241943359
811.686279      1239.4163818359
811.996033      1262.4111328125
812.305786      1292.3041992188
812.615417      1273.9084472656
812.924988      1276.2078857422
813.234558      1255.5126953125
813.544128      1204.9241943359
813.853516      1250.9136962891
814.162964      1257.8121337891
814.472351      1326.7963867188
814.781616      1188.8278808594
815.090942      1269.3095703125
815.400146      1248.6142578125
815.709351      1227.9189453125
816.018433      1296.9031982422
816.327515      1237.1169433594
816.636597      1271.6090087891
816.945557      1195.7263183594
817.254578      1218.7210693359
817.563416      1195.7263183594
817.872253      1264.7105712891
818.181091      1303.8016357422
818.489807      1271.6090087891
818.798523      1218.7210693359
819.107178      1287.7053222656
819.415833      1255.5126953125
819.724365      1230.2185058594
820.032837      1246.3148193359
820.341370      1283.1063232422
820.649719      1244.0152587891
820.958130      1308.4005126953
821.266357      1186.5284423828
821.574707      1250.9136962891
821.882874      1179.6300048828
822.191040      1296.9031982422
822.499207      1301.5021972656
822.807251      1250.9136962891
823.115356      1202.6247558594
823.423279      1283.1063232422
823.731262      1227.9189453125
824.039124      1257.8121337891
824.346985      1184.2290039063
824.654846      1216.4216308594
824.962524      1214.1221923828
825.270264      1285.4058837891
825.577820      1273.9084472656
825.885437      1333.6948242188
826.193054      1257.8121337891
826.500488      1221.0205078125
826.807983      1188.8278808594
827.115356      1225.6195068359
827.422729      1299.2026367188
827.729980      1260.1115722656
828.037292      1294.6037597656
828.344543      1202.6247558594
828.651733      1276.2078857422
828.958862      1253.2132568359
829.265869      1287.7053222656
829.572937      1294.6037597656
829.879883      1225.6195068359
830.186829      1255.5126953125
830.493713      1296.9031982422
830.800537      1181.9295654297
831.107361      1248.6142578125
831.414063      1283.1063232422
831.720764      1301.5021972656
832.027405      1329.0958251953
832.333984      1267.0100097656
832.640564      1211.8226318359
832.947021      1276.2078857422
833.253479      1241.7158203125
833.559814      1246.3148193359
833.866211      1294.6037597656
834.172546      1237.1169433594
834.478760      1262.4111328125
834.784973      1237.1169433594
835.091125      1262.4111328125
835.397278      1230.2185058594
835.703247      1301.5021972656
836.009277      1352.0905761719
836.315247      1273.9084472656
836.621155      1200.3253173828
836.927063      1308.4005126953
837.232849      1283.1063232422
837.538635      1310.7000732422
837.844421      1221.0205078125
838.150085      1257.8121337891
838.455688      1193.4268798828
838.761292      1269.3095703125
839.066833      1257.8121337891
839.372253      1290.0047607422
839.677734      1260.1115722656
839.983093      1207.2237548828
840.288391      1225.6195068359
840.593689      1276.2078857422
840.898926      1310.7000732422
841.204102      1209.5231933594
841.509277      1209.5231933594
841.814392      1283.1063232422
842.119446      1271.6090087891
842.424438      1264.7105712891
842.729370      1246.3148193359
843.034241      1299.2026367188
843.339111      1260.1115722656
843.643982      1317.5985107422
843.948669      1234.8173828125
844.253479      1216.4216308594
844.558105      1278.5074462891
844.862671      1184.2290039063
845.167236      1230.2185058594
845.471741      1214.1221923828
845.776245      1200.3253173828
846.080627      1273.9084472656
846.385071      1292.3041992188
846.689331      1227.9189453125
846.993591      1241.7158203125
847.297791      1253.2132568359
847.601990      1230.2185058594
847.906128      1246.3148193359
848.210205      1244.0152587891
848.514282      1283.1063232422
848.818237      1273.9084472656
849.122131      1239.4163818359
849.426025      1285.4058837891
849.729919      1267.0100097656
850.033691      1223.3200683594
850.337402      1278.5074462891
850.641113      1283.1063232422
850.944702      1280.8068847656
851.248352      1315.2989501953
851.551941      1230.2185058594
851.855347      1179.6300048828
852.158813      1232.5179443359
852.462219      1218.7210693359
852.765564      1246.3148193359
853.068848      1218.7210693359
853.372070      1202.6247558594
853.675354      1218.7210693359
853.978455      1301.5021972656
854.281555      1255.5126953125
854.584656      1209.5231933594
854.887634      1290.0047607422
855.190552      1244.0152587891
855.493530      1280.8068847656
855.796387      1257.8121337891
856.099182      1278.5074462891
856.401978      1200.3253173828
856.704651      1209.5231933594
857.007324      1227.9189453125
857.309998      1179.6300048828
857.612549      1230.2185058594
857.915100      1312.9995117188
858.217529      1232.5179443359
858.519958      1303.8016357422
858.822266      1292.3041992188
859.124634      1186.5284423828
859.426941      1216.4216308594
859.729187      1232.5179443359
860.031372      1193.4268798828
860.333435      1184.2290039063
860.635559      1246.3148193359
860.937622      1216.4216308594
861.239563      1221.0205078125
861.541504      1308.4005126953
861.843384      1278.5074462891
862.145264      1216.4216308594
862.446960      1156.6352539063
862.748779      1264.7105712891
863.050476      1255.5126953125
863.352051      1221.0205078125
863.653748      1262.4111328125
863.955200      1267.0100097656
864.256714      1186.5284423828
864.558167      1296.9031982422
864.859619      1262.4111328125
865.160950      1276.2078857422
865.462219      1292.3041992188
865.763489      1191.1274414063
866.064697      1331.3952636719
866.365845      1301.5021972656
866.666931      1312.9995117188
866.967957      1283.1063232422
867.269043      1287.7053222656
867.570007      1329.0958251953
867.870911      1200.3253173828
868.171692      1278.5074462891
868.472595      1230.2185058594
868.773254      1260.1115722656
869.074036      1269.3095703125
869.374695      1283.1063232422
869.675293      1308.4005126953
869.975891      1264.7105712891
870.276367      1303.8016357422
870.576843      1250.9136962891
870.877319      1308.4005126953
871.177612      1267.0100097656
871.477966      1264.7105712891
871.778198      1276.2078857422
872.078491      1287.7053222656
872.378601      1287.7053222656
872.678711      1246.3148193359
872.978882      1280.8068847656
873.278870      1232.5179443359
873.578857      1301.5021972656
873.878784      1216.4216308594
874.178650      1299.2026367188
874.478394      1262.4111328125
874.778259      1287.7053222656
875.078003      1204.9241943359
875.377625      1283.1063232422
875.677307      1250.9136962891
875.976868      1248.6142578125
876.276428      1207.2237548828
876.575928      1292.3041992188
876.875366      1241.7158203125
877.174744      1264.7105712891
877.474060      1280.8068847656
877.773376      1317.5985107422
878.072571      1317.5985107422
878.371826      1221.0205078125
878.670959      1241.7158203125
878.970032      1232.5179443359
879.269043      1184.2290039063
879.567993      1170.4321289063
879.867004      1260.1115722656
880.165894      1299.2026367188
880.464722      1250.9136962891
880.763550      1239.4163818359
881.062256      1232.5179443359
881.361023      1262.4111328125
881.659607      1264.7105712891
881.958252      1273.9084472656
882.256836      1227.9189453125
882.555298      1308.4005126953
882.853760      1255.5126953125
883.152100      1255.5126953125
883.450500      1299.2026367188
883.748779      1294.6037597656
884.047058      1248.6142578125
884.345276      1198.0258789063
884.643372      1207.2237548828
884.941528      1232.5179443359
885.239502      1299.2026367188
885.537598      1312.9995117188
885.835510      1230.2185058594
886.133423      1269.3095703125
886.431335      1280.8068847656
886.729065      1142.8385009766
887.026855      1214.1221923828
887.324524      1161.2342529297
887.622253      1285.4058837891
887.919800      1246.3148193359
888.217407      1253.2132568359
888.514954      1239.4163818359
888.812317      1198.0258789063
889.109802      1195.7263183594
889.407166      1299.2026367188
889.704407      1338.2937011719
890.001770      1255.5126953125
890.298889      1244.0152587891
890.596130      1267.0100097656
890.893188      1269.3095703125
891.190308      1234.8173828125
891.487244      1200.3253173828
