0.939000
190.489868         0.0000000000
190.870819         0.0000000000
191.251740      1408.4471435547
191.632629      1435.1054687500
192.013474      1372.9027099609
192.394302      1368.4597167969
192.775101      1592.8337402344
193.155838      1508.4157714844
193.536575      1501.7512207031
193.917267      1497.3081054688
194.297943      1537.2956542969
194.678574      1583.9476318359
195.059174      1537.2956542969
195.439743      1577.2830810547
195.820282      1526.1879882813
196.200790      1510.6373291016
196.581268      1532.8525390625
196.961700      1499.5296630859
197.342117      1479.5358886719
197.722488      1517.3018798828
198.102829      1450.6561279297
198.483154      1586.1691894531
198.863434      1490.6435546875
199.243698      1552.8463134766
199.623901      1615.0489501953
200.004089      1439.5484619141
200.384247      1552.8463134766
200.764389      1526.1879882813
201.144485      1477.3144531250
201.524536      1515.0803222656
201.904572      1452.8776855469
202.284561      1537.2956542969
202.664520      1501.7512207031
203.044449      1537.2956542969
203.424362      1521.7448730469
203.804214      1503.9726562500
204.184067      1499.5296630859
204.563858      1557.2893066406
204.943649      1461.7637939453
205.323380      1497.3081054688
205.703094      1481.7574462891
206.082764      1501.7512207031
206.462418      1466.2067871094
206.842026      1468.4283447266
207.221588      1512.8587646484
207.601166      1566.1754150391
207.980667      1475.0928955078
208.360153      1519.5234375000
208.739609      1415.1116943359
209.119034      1479.5358886719
209.498428      1457.3206787109
209.877777      1519.5234375000
210.257111      1592.8337402344
210.636398      1486.2005615234
211.015656      1439.5484619141
211.394882      1475.0928955078
211.774094      1495.0866699219
212.153244      1439.5484619141
212.532394      1483.9790039063
212.911484      1372.9027099609
213.290543      1526.1879882813
213.669571      1450.6561279297
214.048584      1463.9852294922
214.427567      1441.7700195313
214.806488      1483.9790039063
215.185410      1466.2067871094
215.564270      1384.0103759766
215.943115      1528.4095458984
216.321930      1477.3144531250
216.700714      1515.0803222656
217.079437      1503.9726562500
217.458176      1530.6309814453
217.836838      1508.4157714844
218.215485      1521.7448730469
218.594101      1423.9978027344
218.972687      1419.5548095703
219.351227      1421.7762451172
219.729752      1543.9602050781
220.108246      1521.7448730469
220.486694      1430.6623535156
220.865128      1470.6497802734
221.243515      1499.5296630859
221.621872      1532.8525390625
222.000183      1492.8651123047
222.378494      1439.5484619141
222.756744      1468.4283447266
223.134964      1475.0928955078
223.513153      1499.5296630859
223.891327      1632.8211669922
224.269455      1497.3081054688
224.647552      1461.7637939453
225.025620      1506.1942138672
225.403656      1543.9602050781
225.781647      1486.2005615234
226.159622      1439.5484619141
226.537552      1579.5046386719
226.915436      1523.9664306641
227.293335      1495.0866699219
227.671158      1468.4283447266
228.048950      1468.4283447266
228.426727      1415.1116943359
228.804459      1475.0928955078
229.182175      1408.4471435547
229.559845      1481.7574462891
229.937500      1435.1054687500
230.315094      1506.1942138672
230.692673      1481.7574462891
231.070221      1537.2956542969
231.447723      1506.1942138672
231.825180      1410.6687011719
232.202652      1497.3081054688
232.580048      1481.7574462891
232.957428      1517.3018798828
233.334778      1590.6121826172
233.712097      1483.9790039063
234.089386      1559.5108642578
234.466614      1510.6373291016
234.843842      1441.7700195313
235.221024      1481.7574462891
235.598175      1506.1942138672
235.975281      1441.7700195313
236.352386      1483.9790039063
236.729431      1439.5484619141
237.106445      1439.5484619141
237.483414      1468.4283447266
237.860382      1408.4471435547
238.237305      1477.3144531250
238.614182      1575.0615234375
238.991043      1395.1179199219
239.367859      1466.2067871094
239.744644      1446.2130126953
240.121414      1392.8964843750
240.498138      1495.0866699219
240.874817      1439.5484619141
241.251480      1506.1942138672
241.628098      1406.2255859375
242.004700      1430.6623535156
242.381241      1506.1942138672
242.757782      1477.3144531250
243.134262      1523.9664306641
243.510727      1481.7574462891
243.887146      1541.7386474609
244.263535      1446.2130126953
244.639893      1521.7448730469
245.016220      1508.4157714844
245.392517      1450.6561279297
245.768768      1519.5234375000
246.145020      1399.5610351563
246.521194      1421.7762451172
246.897354      1455.0991210938
247.273483      1410.6687011719
247.649567      1448.4345703125
248.025650      1510.6373291016
248.401672      1486.2005615234
248.777664      1448.4345703125
249.153641      1461.7637939453
249.529556      1501.7512207031
249.905457      1477.3144531250
250.281326      1423.9978027344
250.657135      1479.5358886719
251.032959      1466.2067871094
251.408707      1570.6185302734
251.784424      1523.9664306641
252.160126      1457.3206787109
252.535797      1450.6561279297
252.911423      1430.6623535156
253.287018      1492.8651123047
253.662582      1521.7448730469
254.038116      1530.6309814453
254.413605      1519.5234375000
254.789063      1432.8839111328
255.164505      1563.9538574219
255.539886      1575.0615234375
255.915268      1446.2130126953
256.290588      1450.6561279297
256.665894      1490.6435546875
257.041168      1490.6435546875
257.416351      1477.3144531250
257.791565      1475.0928955078
258.166779      1395.1179199219
258.541870      1472.8713378906
258.916962      1450.6561279297
259.292023      1452.8776855469
259.667023      1475.0928955078
260.042053      1472.8713378906
260.416992      1475.0928955078
260.791931      1439.5484619141
261.166809      1439.5484619141
261.541687      1375.1242675781
261.916504      1388.4533691406
262.291321      1506.1942138672
262.666077      1466.2067871094
263.040802      1501.7512207031
263.415497      1443.9915771484
263.790161      1441.7700195313
264.164795      1501.7512207031
264.539368      1430.6623535156
264.913910      1417.3332519531
265.288452      1528.4095458984
265.662964      1537.2956542969
266.037384      1432.8839111328
266.411865      1515.0803222656
266.786224      1581.7260742188
267.160583      1448.4345703125
267.534912      1481.7574462891
267.909210      1512.8587646484
268.283447      1412.8901367188
268.657654      1506.1942138672
269.031860      1448.4345703125
269.406006      1510.6373291016
269.780151      1510.6373291016
270.154236      1506.1942138672
270.528290      1450.6561279297
270.902283      1475.0928955078
271.276306      1435.1054687500
271.650238      1568.3969726563
272.024170      1503.9726562500
272.398041      1577.2830810547
272.771881      1535.0740966797
273.145721      1586.1691894531
273.519531      1430.6623535156
273.893219      1501.7512207031
274.266937      1450.6561279297
274.640656      1466.2067871094
275.014282      1452.8776855469
275.387909      1450.6561279297
275.761475      1455.0991210938
276.135040      1528.4095458984
276.508514      1426.2193603516
276.882019      1452.8776855469
277.255463      1455.0991210938
277.628906      1448.4345703125
278.002258      1417.3332519531
278.375549      1528.4095458984
278.748901      1508.4157714844
279.122162      1475.0928955078
279.495392      1650.5933837891
279.868622      1512.8587646484
280.241791      1501.7512207031
280.614929      1410.6687011719
280.988007      1446.2130126953
281.361084      1501.7512207031
281.734131      1575.0615234375
282.107117      1515.0803222656
282.480072      1523.9664306641
282.853027      1523.9664306641
283.225952      1563.9538574219
283.598785      1552.8463134766
283.971619      1475.0928955078
284.344452      1457.3206787109
284.717194      1443.9915771484
285.089905      1499.5296630859
285.462616      1537.2956542969
285.835297      1423.9978027344
286.207886      1463.9852294922
286.580475      1395.1179199219
286.953064      1510.6373291016
287.325592      1506.1942138672
287.698059      1441.7700195313
288.070496      1479.5358886719
288.442963      1490.6435546875
288.815308      1512.8587646484
289.187683      1497.3081054688
289.559998      1497.3081054688
289.932281      1512.8587646484
290.304504      1528.4095458984
290.676727      1459.5422363281
291.048920      1432.8839111328
291.421082      1499.5296630859
291.793182      1468.4283447266
292.165222      1377.3458251953
292.537292      1441.7700195313
292.909332      1461.7637939453
293.281281      1563.9538574219
293.653198      1455.0991210938
294.025116      1546.1816406250
294.397003      1481.7574462891
294.768860      1495.0866699219
295.140656      1557.2893066406
295.512390      1452.8776855469
295.884125      1452.8776855469
296.255829      1486.2005615234
296.627502      1490.6435546875
296.999146      1559.5108642578
297.370728      1399.5610351563
297.742249      1508.4157714844
298.113831      1483.9790039063
298.485291      1512.8587646484
298.856781      1452.8776855469
299.228149      1517.3018798828
299.599579      1483.9790039063
299.970917      1459.5422363281
300.342224      1506.1942138672
300.713531      1506.1942138672
301.084778      1468.4283447266
301.455994      1446.2130126953
301.827148      1441.7700195313
302.198334      1477.3144531250
302.569427      1555.0677490234
302.940521      1492.8651123047
303.311554      1437.3269042969
303.682556      1575.0615234375
304.053528      1415.1116943359
304.424469      1417.3332519531
304.795380      1395.1179199219
305.166260      1499.5296630859
305.537048      1466.2067871094
305.907837      1519.5234375000
306.278625      1517.3018798828
306.649384      1472.8713378906
307.020050      1406.2255859375
307.390686      1479.5358886719
307.761353      1512.8587646484
308.131897      1488.4219970703
308.502502      1443.9915771484
308.872986      1432.8839111328
309.243500      1488.4219970703
309.613922      1521.7448730469
309.984344      1497.3081054688
310.354736      1535.0740966797
310.725098      1443.9915771484
311.095398      1461.7637939453
311.465637      1466.2067871094
311.835907      1523.9664306641
312.206116      1501.7512207031
312.576294      1468.4283447266
312.946411      1428.4407958984
313.316528      1506.1942138672
313.686584      1455.0991210938
314.056610      1450.6561279297
314.426605      1446.2130126953
314.796570      1417.3332519531
315.166504      1535.0740966797
315.536377      1479.5358886719
315.906250      1410.6687011719
316.276093      1466.2067871094
316.645844      1510.6373291016
317.015594      1523.9664306641
317.385315      1430.6623535156
317.755035      1526.1879882813
318.124603      1481.7574462891
318.494263      1535.0740966797
318.863831      1452.8776855469
319.233368      1477.3144531250
319.602875      1510.6373291016
319.972351      1439.5484619141
320.341797      1470.6497802734
320.711182      1555.0677490234
321.080536      1468.4283447266
321.449890      1384.0103759766
321.819183      1623.9350585938
322.188446      1463.9852294922
322.557648      1466.2067871094
322.926880      1490.6435546875
323.295990      1523.9664306641
323.665100      1455.0991210938
324.034210      1421.7762451172
324.403259      1563.9538574219
324.772247      1441.7700195313
325.141205      1461.7637939453
325.510193      1490.6435546875
325.879120      1515.0803222656
326.247955      1448.4345703125
326.616791      1499.5296630859
326.985596      1421.7762451172
327.354340      1410.6687011719
327.723053      1508.4157714844
328.091797      1428.4407958984
328.460449      1483.9790039063
328.829071      1423.9978027344
329.197632      1519.5234375000
329.566193      1399.5610351563
329.934753      1364.0166015625
330.303192      1488.4219970703
330.671631      1486.2005615234
331.040070      1448.4345703125
331.408478      1448.4345703125
331.776794      1479.5358886719
332.145081      1450.6561279297
332.513367      1361.7950439453
332.881592      1479.5358886719
333.249756      1575.0615234375
333.617920      1543.9602050781
333.986084      1479.5358886719
334.354156      1490.6435546875
334.722229      1450.6561279297
335.090240      1439.5484619141
335.458252      1592.8337402344
335.826202      1410.6687011719
336.194092      1468.4283447266
336.561951      1497.3081054688
336.929779      1532.8525390625
337.297577      1332.9152832031
337.665375      1477.3144531250
338.033142      1499.5296630859
338.400787      1481.7574462891
338.768463      1459.5422363281
339.136108      1499.5296630859
339.503693      1466.2067871094
339.871246      1461.7637939453
340.238770      1488.4219970703
340.606262      1415.1116943359
340.973755      1406.2255859375
341.341125      1695.0239257813
341.708527      1495.0866699219
342.075867      1499.5296630859
342.443146      1455.0991210938
342.810425      1457.3206787109
343.177673      1530.6309814453
343.544861      1450.6561279297
343.912018      1377.3458251953
344.279114      1781.6634521484
344.646271      1459.5422363281
345.013336      1417.3332519531
345.380341      1492.8651123047
345.747314      1479.5358886719
346.114258      1523.9664306641
346.481171      1368.4597167969
346.848022      1508.4157714844
347.214905      1423.9978027344
347.581726      1495.0866699219
347.948456      1477.3144531250
348.315186      1452.8776855469
348.681885      1379.5672607422
349.048584      1517.3018798828
349.415161      1481.7574462891
349.781738      1503.9726562500
350.148346      1546.1816406250
350.514862      1568.3969726563
350.881287      1492.8651123047
351.247742      1543.9602050781
351.614197      1583.9476318359
351.980530      1526.1879882813
352.346863      1535.0740966797
352.713165      1459.5422363281
353.079437      1479.5358886719
353.445679      1519.5234375000
353.811859      1519.5234375000
354.178009      1497.3081054688
354.544159      1590.6121826172
354.910217      1401.7825927734
355.276276      1446.2130126953
355.642303      1479.5358886719
356.008270      1441.7700195313
356.374176      1568.3969726563
356.740112      1446.2130126953
357.105988      1463.9852294922
357.471802      1452.8776855469
357.837585      1475.0928955078
358.203339      1408.4471435547
358.569092      1483.9790039063
358.934753      1459.5422363281
359.300415      1517.3018798828
359.666016      1510.6373291016
360.031616      1528.4095458984
360.397125      1466.2067871094
360.762634      1501.7512207031
361.128143      1406.2255859375
361.493530      1599.4982910156
361.858917      1519.5234375000
362.224274      1486.2005615234
362.589630      1561.7324218750
362.954895      1506.1942138672
363.320160      1468.4283447266
363.685394      1575.0615234375
364.050568      1495.0866699219
364.415680      1479.5358886719
364.780792      1432.8839111328
365.145874      1401.7825927734
365.510895      1581.7260742188
365.875854      1397.3394775391
366.240845      1561.7324218750
366.605774      1492.8651123047
366.970642      1435.1054687500
367.335480      1452.8776855469
367.700317      1517.3018798828
368.065125      1497.3081054688
368.429840      1490.6435546875
368.794525      1557.2893066406
369.159241      1483.9790039063
369.523834      1490.6435546875
369.888397      1537.2956542969
370.252991      1450.6561279297
370.617554      1488.4219970703
370.981995      1470.6497802734
371.346436      1415.1116943359
371.710846      1446.2130126953
372.075256      1432.8839111328
372.439545      1537.2956542969
372.803864      1470.6497802734
373.168121      1423.9978027344
373.532379      1548.4031982422
373.896545      1419.5548095703
374.260681      1439.5484619141
374.624847      1477.3144531250
374.988892      1428.4407958984
375.352936      1430.6623535156
375.716949      1521.7448730469
376.080933      1477.3144531250
376.444855      1452.8776855469
376.808716      1528.4095458984
377.172638      1430.6623535156
377.536469      1470.6497802734
377.900208      1479.5358886719
378.263947      1561.7324218750
378.627686      1550.6247558594
378.991364      1439.5484619141
379.354980      1499.5296630859
379.718628      1439.5484619141
380.082214      1546.1816406250
380.445709      1555.0677490234
380.809174      1410.6687011719
381.172668      1503.9726562500
381.536072      1555.0677490234
381.899475      1486.2005615234
382.262787      1468.4283447266
382.626129      1463.9852294922
382.989380      1626.1566162109
383.352631      1606.1628417969
383.715790      1370.6811523438
384.078979      1357.3520507813
384.442078      1459.5422363281
384.805145      1432.8839111328
385.168243      1526.1879882813
385.531250      1490.6435546875
385.894226      1479.5358886719
386.257141      1512.8587646484
386.620056      1515.0803222656
386.982941      1432.8839111328
387.345734      1463.9852294922
387.708527      1512.8587646484
388.071289      1517.3018798828
388.433990      1510.6373291016
388.796661      1446.2130126953
389.159332      1470.6497802734
389.521942      1517.3018798828
389.884491      1441.7700195313
390.247040      1452.8776855469
390.609528      1479.5358886719
390.971985      1517.3018798828
391.334412      1506.1942138672
391.696747      1461.7637939453
392.059143      1461.7637939453
392.421478      1468.4283447266
392.783691      1446.2130126953
393.145935      1379.5672607422
393.508148      1577.2830810547
393.870270      1455.0991210938
394.232391      1479.5358886719
394.594482      1508.4157714844
394.956573      1495.0866699219
395.318542      1426.2193603516
395.680511      1535.0740966797
396.042450      1443.9915771484
396.404388      1519.5234375000
396.766235      1510.6373291016
397.128021      1417.3332519531
397.489838      1468.4283447266
397.851563      1528.4095458984
398.213257      1477.3144531250
398.574951      1486.2005615234
398.936615      1406.2255859375
399.298187      1437.3269042969
399.659729      1421.7762451172
400.021271      1646.1503906250
400.382751      1552.8463134766
400.744202      1583.9476318359
401.105621      1479.5358886719
401.466980      1495.0866699219
401.828339      1461.7637939453
402.189606      1386.2318115234
402.550873      1481.7574462891
402.912140      1472.8713378906
403.273285      1450.6561279297
403.634430      1461.7637939453
403.995544      1479.5358886719
404.356659      1399.5610351563
404.717651      1457.3206787109
405.078674      1528.4095458984
405.439636      1481.7574462891
405.800568      1483.9790039063
406.161438      1499.5296630859
406.522278      1461.7637939453
406.883118      1510.6373291016
407.243866      1423.9978027344
407.604584      1457.3206787109
407.965302      1477.3144531250
408.325989      1481.7574462891
408.686584      1443.9915771484
409.047150      1541.7386474609
409.407715      1432.8839111328
409.768250      1430.6623535156
410.128723      1443.9915771484
410.489136      1381.7888183594
410.849518      1419.5548095703
411.209900      1450.6561279297
411.570190      1497.3081054688
411.930511      1523.9664306641
412.290741      1421.7762451172
412.650940      1559.5108642578
413.011078      1399.5610351563
413.371246      1535.0740966797
413.731354      1519.5234375000
414.091400      1483.9790039063
414.451385      1461.7637939453
414.811401      1619.4920654297
415.171356      1557.2893066406
415.531281      1446.2130126953
415.891113      1523.9664306641
416.250946      1432.8839111328
416.610718      1417.3332519531
416.970490      1388.4533691406
417.330200      1443.9915771484
417.689911      1448.4345703125
418.049530      1588.3906250000
418.409119      1455.0991210938
418.768707      1428.4407958984
419.128235      1450.6561279297
419.487701      1501.7512207031
419.847137      1577.2830810547
420.206573      1475.0928955078
420.565948      1419.5548095703
420.925232      1417.3332519531
421.284576      1521.7448730469
421.643860      1483.9790039063
422.003052      1417.3332519531
422.362213      1417.3332519531
422.721375      1472.8713378906
423.080536      1459.5422363281
423.439575      1441.7700195313
423.798584      1466.2067871094
424.157593      1397.3394775391
424.516571      1441.7700195313
424.875458      1463.9852294922
425.234314      1412.8901367188
425.593201      1443.9915771484
425.951965      1477.3144531250
426.310699      1466.2067871094
426.669495      1475.0928955078
427.028168      1457.3206787109
427.386810      1406.2255859375
427.745392      1461.7637939453
428.103973      1521.7448730469
428.462524      1499.5296630859
428.821045      1552.8463134766
429.179504      1515.0803222656
429.537903      1512.8587646484
429.896271      1490.6435546875
430.254608      1470.6497802734
430.612915      1430.6623535156
430.971222      1455.0991210938
431.329437      1497.3081054688
431.687622      1528.4095458984
432.045776      1501.7512207031
432.403900      1446.2130126953
432.761993      1426.2193603516
433.119995      1446.2130126953
433.477997      1526.1879882813
433.835968      1415.1116943359
434.193909      1475.0928955078
434.551758      1477.3144531250
434.909637      1475.0928955078
435.267395      1523.9664306641
435.625183      1526.1879882813
435.982910      1539.5170898438
436.340607      1466.2067871094
436.698273      1479.5358886719
437.055878      1479.5358886719
437.413452      1501.7512207031
437.770996      1452.8776855469
438.128479      1370.6811523438
438.485962      1475.0928955078
438.843384      1390.6749267578
439.200775      1446.2130126953
439.558136      1483.9790039063
439.915405      1468.4283447266
440.272705      1523.9664306641
440.629883      1468.4283447266
440.987091      1481.7574462891
441.344238      1490.6435546875
441.701355      1430.6623535156
442.058441      1466.2067871094
442.415436      1479.5358886719
442.772461      1463.9852294922
443.129425      1528.4095458984
443.486359      1548.4031982422
443.843231      1412.8901367188
444.200104      1477.3144531250
444.556885      1461.7637939453
444.913635      1537.2956542969
445.270355      1421.7762451172
445.627075      1450.6561279297
445.983704      1390.6749267578
446.340302      1417.3332519531
446.696869      1430.6623535156
447.053436      1466.2067871094
447.409912      1388.4533691406
447.766357      1466.2067871094
448.122803      1455.0991210938
448.479156      1421.7762451172
448.835510      1461.7637939453
449.191772      1543.9602050781
449.548096      1450.6561279297
449.904297      1426.2193603516
450.260437      1457.3206787109
450.616608      1359.5736083984
450.972687      1372.9027099609
451.328796      1455.0991210938
451.684814      1488.4219970703
452.040833      1468.4283447266
452.396729      1475.0928955078
452.752655      1586.1691894531
453.108551      1435.1054687500
453.464355      1537.2956542969
453.820160      1497.3081054688
454.175934      1455.0991210938
454.531616      1506.1942138672
454.887299      1386.2318115234
455.242950      1528.4095458984
455.598541      1519.5234375000
455.954102      1486.2005615234
456.309601      1535.0740966797
456.665131      1488.4219970703
457.020538      1510.6373291016
457.375977      1481.7574462891
457.731323      1446.2130126953
458.086670      1466.2067871094
458.441956      1479.5358886719
458.797211      1397.3394775391
459.152405      1501.7512207031
459.507538      1459.5422363281
459.862701      1423.9978027344
460.217773      1635.0427246094
460.572845      1526.1879882813
460.927856      1497.3081054688
461.282837      1448.4345703125
461.637756      1461.7637939453
461.992645      1452.8776855469
462.347504      1530.6309814453
462.702332      1492.8651123047
463.057129      1463.9852294922
463.411835      1523.9664306641
463.766541      1477.3144531250
464.121185      1528.4095458984
464.475830      1475.0928955078
464.830383      1468.4283447266
465.184937      1459.5422363281
465.539429      1490.6435546875
465.893921      1561.7324218750
466.248322      1546.1816406250
466.602753      1455.0991210938
466.957062      1475.0928955078
467.311371      1412.8901367188
467.665619      1512.8587646484
468.019897      1437.3269042969
468.374054      1519.5234375000
468.728180      1463.9852294922
469.082306      1490.6435546875
469.436371      1490.6435546875
469.790405      1448.4345703125
470.144379      1450.6561279297
470.498352      1486.2005615234
470.852264      1459.5422363281
471.206146      1466.2067871094
471.559967      1490.6435546875
471.913788      1499.5296630859
472.267487      1486.2005615234
472.621246      1463.9852294922
472.974915      1486.2005615234
473.328522      1428.4407958984
473.682129      1455.0991210938
474.035675      1470.6497802734
474.389191      1439.5484619141
474.742676      1572.8399658203
475.096130      1539.5170898438
475.449493      1452.8776855469
475.802856      1470.6497802734
476.156189      1497.3081054688
476.509460      1466.2067871094
476.862732      1377.3458251953
477.215912      1448.4345703125
477.569061      1406.2255859375
477.922150      1466.2067871094
478.275299      1468.4283447266
478.628296      1399.5610351563
478.981323      1486.2005615234
479.334259      1439.5484619141
479.687195      1388.4533691406
480.040070      1435.1054687500
480.392914      1443.9915771484
480.745728      1532.8525390625
481.098511      1483.9790039063
481.451202      1468.4283447266
481.803925      1419.5548095703
482.156525      1472.8713378906
482.509125      1441.7700195313
482.861694      1435.1054687500
483.214233      1583.9476318359
483.566711      1452.8776855469
483.919128      1497.3081054688
484.271576      1426.2193603516
484.623901      1415.1116943359
484.976257      1437.3269042969
485.328522      1450.6561279297
485.680786      1483.9790039063
486.032959      1384.0103759766
486.385132      1483.9790039063
486.737274      1475.0928955078
487.089325      1428.4407958984
487.441376      1486.2005615234
487.793396      1404.0040283203
488.145386      1459.5422363281
488.497284      1428.4407958984
488.849182      1463.9852294922
489.201019      1481.7574462891
489.552826      1397.3394775391
489.904572      1468.4283447266
490.256317      1475.0928955078
490.608002      1595.0552978516
490.959656      1448.4345703125
491.311249      1432.8839111328
491.662811      1537.2956542969
492.014343      1443.9915771484
492.365814      1521.7448730469
492.717285      1455.0991210938
493.068665      1503.9726562500
493.420044      1499.5296630859
493.771362      1430.6623535156
494.122650      1483.9790039063
494.473877      1555.0677490234
494.825104      1399.5610351563
495.176270      1421.7762451172
495.527374      1463.9852294922
495.878479      1412.8901367188
496.229492      1372.9027099609
496.580536      1426.2193603516
496.931458      1450.6561279297
497.282379      1441.7700195313
497.633270      1477.3144531250
497.984131      1463.9852294922
498.334900      1599.4982910156
498.685669      1539.5170898438
499.036377      1499.5296630859
499.387115      1479.5358886719
499.737701      1495.0866699219
500.088318      1386.2318115234
500.438904      1526.1879882813
500.789429      1417.3332519531
501.139893      1432.8839111328
501.490295      1448.4345703125
501.840729      1488.4219970703
502.191040      1437.3269042969
502.541382      1479.5358886719
502.891663      1466.2067871094
503.241913      1510.6373291016
503.592133      1528.4095458984
503.942322      1463.9852294922
504.292358      1446.2130126953
504.642395      1419.5548095703
504.992432      1437.3269042969
505.342468      1446.2130126953
505.692413      1443.9915771484
506.042358      1430.6623535156
506.392242      1450.6561279297
506.742035      1528.4095458984
507.091858      1483.9790039063
507.441528      1428.4407958984
507.791290      1499.5296630859
508.140961      1455.0991210938
508.490601      1455.0991210938
508.840210      1439.5484619141
509.189697      1495.0866699219
509.539215      1475.0928955078
509.888641      1443.9915771484
510.238098      1470.6497802734
510.587494      1430.6623535156
510.936859      1463.9852294922
511.286194      1503.9726562500
511.635498      1481.7574462891
511.984650      1490.6435546875
512.333862      1523.9664306641
512.682922      1468.4283447266
513.032043      1435.1054687500
513.381104      1468.4283447266
513.730164      1541.7386474609
514.079163      1392.8964843750
514.428040      1432.8839111328
514.776978      1437.3269042969
515.125793      1497.3081054688
515.474609      1457.3206787109
515.823425      1477.3144531250
516.172180      1457.3206787109
516.520813      1448.4345703125
516.869568      1461.7637939453
517.218079      1463.9852294922
517.566650      1583.9476318359
517.915161      1486.2005615234
518.263672      1461.7637939453
518.612183      1421.7762451172
518.960571      1535.0740966797
519.308899      1479.5358886719
519.657227      1519.5234375000
520.005554      1466.2067871094
520.353699      1501.7512207031
520.701904      1606.1628417969
521.050110      1446.2130126953
521.398254      1481.7574462891
521.746338      1503.9726562500
522.094421      1397.3394775391
522.442383      1466.2067871094
522.790222      1512.8587646484
523.138184      1515.0803222656
523.486145      1552.8463134766
523.833984      1468.4283447266
524.181763      1457.3206787109
524.529541      1390.6749267578
524.877197      1530.6309814453
525.224915      1466.2067871094
525.572449      1441.7700195313
525.920105      1455.0991210938
526.267639      1432.8839111328
526.615173      1503.9726562500
526.962646      1406.2255859375
527.309998      1459.5422363281
527.657410      1535.0740966797
528.004700      1488.4219970703
528.351990      1519.5234375000
528.699280      1475.0928955078
529.046509      1521.7448730469
529.393677      1475.0928955078
529.740845      1439.5484619141
530.087891      1432.8839111328
530.434998      1463.9852294922
530.781921      1492.8651123047
531.128906      1481.7574462891
531.475891      1459.5422363281
531.822815      1503.9726562500
532.169617      1457.3206787109
532.516418      1395.1179199219
532.863159      1437.3269042969
533.209839      1437.3269042969
533.556580      1455.0991210938
533.903198      1441.7700195313
534.249817      1423.9978027344
534.596436      1415.1116943359
534.942932      1455.0991210938
535.289368      1499.5296630859
535.635803      1526.1879882813
535.982178      1457.3206787109
536.328552      1477.3144531250
536.674805      1406.2255859375
537.021118      1388.4533691406
537.367371      1455.0991210938
537.713501      1450.6561279297
538.059692      1404.0040283203
538.405701      1417.3332519531
538.751831      1443.9915771484
539.097839      1495.0866699219
539.443787      1517.3018798828
539.789734      1392.8964843750
540.135620      1430.6623535156
540.481506      1539.5170898438
540.827209      1395.1179199219
541.173035      1499.5296630859
541.518799      1546.1816406250
541.864502      1432.8839111328
542.210144      1415.1116943359
542.555786      1404.0040283203
542.901245      1450.6561279297
543.246826      1466.2067871094
543.592285      1432.8839111328
543.937683      1488.4219970703
544.283142      1481.7574462891
544.628479      1426.2193603516
544.973816      1517.3018798828
545.319031      1497.3081054688
545.664307      1535.0740966797
546.009399      1481.7574462891
546.354614      1601.7198486328
546.699707      1503.9726562500
547.044739      1428.4407958984
547.389832      1452.8776855469
547.734802      1492.8651123047
548.079712      1510.6373291016
548.424622      1495.0866699219
548.769409      1510.6373291016
549.114258      1415.1116943359
549.459045      1430.6623535156
549.803772      1475.0928955078
550.148499      1421.7762451172
550.493103      1426.2193603516
550.837708      1508.4157714844
551.182190      1488.4219970703
551.526733      1435.1054687500
551.871216      1457.3206787109
552.215698      1486.2005615234
552.560120      1495.0866699219
552.904480      1406.2255859375
553.248718      1448.4345703125
553.592957      1472.8713378906
553.937195      1503.9726562500
554.281372      1499.5296630859
554.625549      1470.6497802734
554.969666      1468.4283447266
555.313721      1523.9664306641
555.657654      1488.4219970703
556.001709      1461.7637939453
556.345581      1426.2193603516
556.689514      1421.7762451172
557.033325      1472.8713378906
557.377197      1479.5358886719
557.720947      1477.3144531250
558.064575      1468.4283447266
558.408264      1521.7448730469
558.751892      1461.7637939453
559.095520      1508.4157714844
559.439087      1470.6497802734
559.782654      1501.7512207031
560.126099      1488.4219970703
560.469543      1475.0928955078
560.812927      1475.0928955078
561.156250      1486.2005615234
561.499512      1501.7512207031
561.842773      1559.5108642578
562.185974      1561.7324218750
562.529175      1432.8839111328
562.872314      1428.4407958984
563.215332      1461.7637939453
563.558472      1459.5422363281
563.901367      1446.2130126953
564.244385      1506.1942138672
564.587341      1499.5296630859
564.930237      1448.4345703125
565.273071      1508.4157714844
565.615845      1450.6561279297
565.958557      1486.2005615234
566.301331      1546.1816406250
566.643860      1404.0040283203
566.986511      1503.9726562500
567.329163      1439.5484619141
567.671692      1586.1691894531
568.014221      1468.4283447266
568.356628      1501.7512207031
568.699036      1446.2130126953
569.041321      1428.4407958984
569.383728      1517.3018798828
569.726013      1470.6497802734
570.068298      1441.7700195313
570.410461      1435.1054687500
570.752686      1463.9852294922
571.094727      1432.8839111328
571.436768      1532.8525390625
571.778809      1468.4283447266
572.120850      1446.2130126953
572.462769      1415.1116943359
572.804688      1404.0040283203
573.146606      1517.3018798828
573.488342      1503.9726562500
573.830139      1384.0103759766
574.171814      1519.5234375000
574.513550      1439.5484619141
574.855164      1521.7448730469
575.196838      1477.3144531250
575.538391      1492.8651123047
575.879883      1448.4345703125
576.221375      1495.0866699219
576.562744      1448.4345703125
576.904175      1543.9602050781
577.245483      1483.9790039063
577.586792      1399.5610351563
577.928101      1488.4219970703
578.269348      1539.5170898438
578.610535      1506.1942138672
578.951660      1552.8463134766
579.292664      1452.8776855469
579.633728      1441.7700195313
579.974792      1470.6497802734
580.315796      1446.2130126953
580.656677      1526.1879882813
580.997498      1515.0803222656
581.338379      1497.3081054688
581.679138      1452.8776855469
582.019897      1401.7825927734
582.360657      1459.5422363281
582.701294      1530.6309814453
583.041931      1415.1116943359
583.382507      1535.0740966797
583.723022      1441.7700195313
584.063538      1517.3018798828
584.403931      1597.2767333984
584.744385      1459.5422363281
585.084778      1517.3018798828
585.425110      1475.0928955078
585.765381      1510.6373291016
586.105591      1508.4157714844
586.445801      1441.7700195313
586.785889      1432.8839111328
587.125977      1421.7762451172
587.466064      1463.9852294922
587.806152      1490.6435546875
588.146118      1575.0615234375
588.486023      1479.5358886719
588.825928      1404.0040283203
589.165710      1555.0677490234
589.505554      1466.2067871094
589.845337      1523.9664306641
590.185120      1452.8776855469
590.524780      1526.1879882813
590.864441      1499.5296630859
591.203918      1481.7574462891
591.543518      1443.9915771484
591.882996      1426.2193603516
592.222473      1575.0615234375
592.561890      1441.7700195313
592.901306      1408.4471435547
593.240662      1432.8839111328
593.579895      1517.3018798828
593.919128      1435.1054687500
594.258301      1412.8901367188
594.597473      1517.3018798828
594.936646      1512.8587646484
595.275696      1503.9726562500
595.614807      1459.5422363281
595.953796      1439.5484619141
596.292725      1563.9538574219
596.631592      1468.4283447266
596.970398      1450.6561279297
597.309204      1423.9978027344
597.648010      1510.6373291016
597.986755      1506.1942138672
598.325500      1439.5484619141
598.664124      1583.9476318359
599.002686      1499.5296630859
599.341187      1452.8776855469
599.679749      1428.4407958984
600.018250      1508.4157714844
600.356628      1423.9978027344
600.695068      1515.0803222656
601.033386      1483.9790039063
601.371643      1428.4407958984
601.709900      1490.6435546875
602.048035      1508.4157714844
602.386292      1406.2255859375
602.724426      1590.6121826172
603.062500      1492.8651123047
603.400574      1466.2067871094
603.738525      1490.6435546875
604.076477      1435.1054687500
604.414307      1537.2956542969
604.752197      1546.1816406250
605.090027      1470.6497802734
605.427795      1452.8776855469
605.765564      1488.4219970703
606.103210      1470.6497802734
606.440857      1557.2893066406
606.778442      1501.7512207031
607.115967      1406.2255859375
607.453552      1495.0866699219
607.791016      1430.6623535156
608.128418      1521.7448730469
608.465820      1486.2005615234
608.803162      1435.1054687500
609.140442      1488.4219970703
609.477661      1421.7762451172
609.814880      1526.1879882813
610.152100      1441.7700195313
610.489258      1463.9852294922
610.826294      1446.2130126953
611.163269      1548.4031982422
611.500305      1372.9027099609
611.837219      1475.0928955078
612.174072      1459.5422363281
612.510986      1459.5422363281
612.847839      1437.3269042969
613.184570      1443.9915771484
613.521362      1515.0803222656
613.857971      1486.2005615234
614.194641      1508.4157714844
614.531189      1532.8525390625
614.867737      1499.5296630859
615.204285      1506.1942138672
615.540771      1475.0928955078
615.877197      1532.8525390625
616.213562      1441.7700195313
616.549927      1479.5358886719
616.886169      1510.6373291016
617.222351      1370.6811523438
617.558594      1479.5358886719
617.894775      1477.3144531250
618.230896      1499.5296630859
618.566956      1526.1879882813
618.902954      1539.5170898438
619.238953      1512.8587646484
619.574890      1490.6435546875
619.910767      1572.8399658203
620.246643      1470.6497802734
620.582458      1499.5296630859
620.918213      1443.9915771484
621.253967      1384.0103759766
621.589661      1439.5484619141
621.925232      1399.5610351563
622.260803      1477.3144531250
622.596375      1517.3018798828
622.931885      1459.5422363281
623.267334      1459.5422363281
623.602722      1579.5046386719
623.938110      1526.1879882813
624.273376      1463.9852294922
624.608643      1399.5610351563
624.943848      1523.9664306641
625.279114      1455.0991210938
625.614258      1555.0677490234
625.949341      1390.6749267578
626.284424      1583.9476318359
626.619446      1532.8525390625
626.954407      1479.5358886719
627.289307      1450.6561279297
627.624207      1461.7637939453
627.959045      1543.9602050781
628.293884      1415.1116943359
628.628601      1517.3018798828
628.963257      1435.1054687500
629.297913      1428.4407958984
629.632507      1488.4219970703
629.967102      1448.4345703125
630.301697      1486.2005615234
630.636169      1497.3081054688
630.970581      1457.3206787109
631.304993      1457.3206787109
631.639282      1459.5422363281
631.973572      1503.9726562500
632.307861      1455.0991210938
632.642090      1472.8713378906
632.976257      1455.0991210938
633.310425      1468.4283447266
633.644470      1450.6561279297
633.978516      1530.6309814453
634.312439      1592.8337402344
634.646423      1435.1054687500
634.980347      1437.3269042969
635.314209      1532.8525390625
635.648071      1455.0991210938
635.981812      1461.7637939453
636.315552      1423.9978027344
636.649170      1404.0040283203
636.982849      1481.7574462891
637.316406      1479.5358886719
637.649963      1439.5484619141
637.983521      1448.4345703125
638.317017      1481.7574462891
638.650391      1495.0866699219
638.983765      1517.3018798828
639.317078      1490.6435546875
639.650391      1510.6373291016
639.983643      1446.2130126953
640.316833      1468.4283447266
640.649963      1523.9664306641
640.983032      1461.7637939453
641.316101      1548.4031982422
641.649109      1486.2005615234
641.982056      1559.5108642578
642.315002      1466.2067871094
642.647888      1452.8776855469
642.980774      1483.9790039063
643.313538      1503.9726562500
643.646301      1419.5548095703
643.979004      1523.9664306641
644.311646      1515.0803222656
644.644226      1535.0740966797
644.976868      1532.8525390625
645.309387      1359.5736083984
645.641846      1510.6373291016
645.974243      1495.0866699219
646.306702      1463.9852294922
646.638977      1412.8901367188
646.971252      1441.7700195313
647.303528      1415.1116943359
647.635803      1430.6623535156
647.967957      1497.3081054688
648.300110      1495.0866699219
648.632141      1457.3206787109
648.964111      1490.6435546875
649.296082      1448.4345703125
649.628113      1492.8651123047
649.960022      1501.7512207031
650.291870      1523.9664306641
650.623718      1441.7700195313
650.955383      1530.6309814453
651.287109      1475.0928955078
651.618774      1481.7574462891
651.950378      1475.0928955078
652.281982      1468.4283447266
652.613586      1508.4157714844
652.945068      1384.0103759766
653.276489      1406.2255859375
653.607910      1470.6497802734
653.939209      1610.6059570313
654.270569      1475.0928955078
654.601807      1492.8651123047
654.933105      1452.8776855469
655.264221      1541.7386474609
655.595398      1508.4157714844
655.926453      1468.4283447266
656.257507      1448.4345703125
656.588440      1472.8713378906
656.919434      1515.0803222656
657.250366      1481.7574462891
657.581238      1588.3906250000
657.912048      1419.5548095703
658.242798      1495.0866699219
658.573486      1426.2193603516
658.904114      1401.7825927734
659.234802      1488.4219970703
659.565430      1530.6309814453
659.895996      1457.3206787109
660.226501      1417.3332519531
660.556946      1548.4031982422
660.887329      1515.0803222656
661.217712      1459.5422363281
661.547974      1415.1116943359
661.878296      1470.6497802734
662.208557      1472.8713378906
662.538757      1470.6497802734
662.868896      1532.8525390625
663.198975      1450.6561279297
663.528992      1521.7448730469
663.859009      1448.4345703125
664.188904      1495.0866699219
664.518860      1448.4345703125
664.848755      1448.4345703125
665.178589      1377.3458251953
665.508362      1412.8901367188
665.838013      1468.4283447266
666.167725      1459.5422363281
666.497375      1468.4283447266
666.826965      1477.3144531250
667.156494      1479.5358886719
667.486084      1495.0866699219
667.815552      1506.1942138672
668.144897      1566.1754150391
668.474304      1528.4095458984
668.803528      1470.6497802734
669.132813      1526.1879882813
669.462036      1404.0040283203
669.791260      1448.4345703125
670.120422      1448.4345703125
670.449463      1428.4407958984
670.778564      1477.3144531250
671.107544      1432.8839111328
671.436523      1526.1879882813
671.765381      1446.2130126953
672.094299      1486.2005615234
672.423157      1443.9915771484
672.751831      1448.4345703125
673.080627      1495.0866699219
673.409302      1499.5296630859
673.737976      1455.0991210938
674.066528      1510.6373291016
674.395081      1472.8713378906
674.723572      1550.6247558594
675.052002      1510.6373291016
675.380432      1490.6435546875
675.708801      1515.0803222656
676.037170      1439.5484619141
676.365417      1430.6623535156
676.693665      1492.8651123047
677.021851      1441.7700195313
677.349976      1426.2193603516
677.678040      1515.0803222656
678.006042      1546.1816406250
678.334106      1608.3843994141
678.662048      1415.1116943359
678.989929      1483.9790039063
679.317810      1412.8901367188
679.645630      1535.0740966797
679.973389      1519.5234375000
680.301086      1459.5422363281
680.628845      1550.6247558594
680.956482      1530.6309814453
681.283997      1492.8651123047
681.611572      1506.1942138672
681.939087      1404.0040283203
682.266541      1515.0803222656
682.593872      1559.5108642578
682.921265      1448.4345703125
683.248596      1528.4095458984
683.575806      1575.0615234375
683.903076      1426.2193603516
684.230286      1406.2255859375
684.557373      1419.5548095703
684.884399      1415.1116943359
685.211487      1430.6623535156
685.538513      1488.4219970703
685.865417      1501.7512207031
686.192261      1430.6623535156
686.519165      1486.2005615234
686.845947      1530.6309814453
687.172729      1479.5358886719
687.499451      1435.1054687500
687.826111      1479.5358886719
688.152771      1463.9852294922
688.479248      1417.3332519531
688.805847      1530.6309814453
689.132324      1490.6435546875
689.458801      1506.1942138672
689.785095      1452.8776855469
690.111511      1477.3144531250
690.437805      1483.9790039063
690.764038      1457.3206787109
691.090210      1443.9915771484
691.416443      1519.5234375000
691.742554      1508.4157714844
692.068604      1503.9726562500
692.394592      1497.3081054688
692.720581      1468.4283447266
693.046509      1515.0803222656
693.372375      1397.3394775391
693.698242      1461.7637939453
694.023987      1486.2005615234
694.349792      1532.8525390625
694.675476      1450.6561279297
695.001099      1450.6561279297
695.326721      1439.5484619141
695.652222      1557.2893066406
695.977783      1537.2956542969
696.303284      1521.7448730469
696.628723      1515.0803222656
696.954041      1532.8525390625
697.279358      1432.8839111328
697.604675      1443.9915771484
697.929871      1430.6623535156
698.255066      1410.6687011719
698.580200      1481.7574462891
698.905334      1543.9602050781
699.230286      1370.6811523438
699.555359      1439.5484619141
699.880310      1483.9790039063
700.205261      1508.4157714844
700.530029      1506.1942138672
700.854919      1423.9978027344
701.179688      1428.4407958984
701.504456      1483.9790039063
701.829102      1492.8651123047
702.153687      1428.4407958984
702.478271      1419.5548095703
702.802856      1483.9790039063
703.127319      1419.5548095703
703.451721      1455.0991210938
703.776123      1510.6373291016
704.100464      1468.4283447266
704.424805      1406.2255859375
704.749084      1435.1054687500
705.073303      1526.1879882813
705.397461      1477.3144531250
705.721558      1519.5234375000
706.045654      1459.5422363281
706.369690      1537.2956542969
706.693604      1448.4345703125
707.017578      1448.4345703125
707.341431      1432.8839111328
707.665283      1419.5548095703
707.989075      1475.0928955078
708.312805      1457.3206787109
708.636536      1481.7574462891
708.960144      1443.9915771484
709.283752      1497.3081054688
709.607361      1461.7637939453
709.930847      1466.2067871094
710.254333      1437.3269042969
710.577759      1550.6247558594
710.901062      1423.9978027344
711.224426      1401.7825927734
711.547668      1417.3332519531
711.870911      1501.7512207031
712.194153      1441.7700195313
712.517212      1435.1054687500
712.840332      1450.6561279297
713.163391      1404.0040283203
713.486389      1539.5170898438
713.809326      1501.7512207031
714.132202      1535.0740966797
714.455078      1475.0928955078
714.777893      1503.9726562500
715.100586      1428.4407958984
715.423401      1472.8713378906
715.746094      1406.2255859375
716.068604      1466.2067871094
716.391235      1410.6687011719
716.713745      1419.5548095703
717.036255      1441.7700195313
717.358643      1539.5170898438
717.681030      1401.7825927734
718.003418      1488.4219970703
718.325745      1417.3332519531
718.647888      1355.1304931641
718.970154      1503.9726562500
719.292297      1423.9978027344
719.614380      1523.9664306641
719.936401      1448.4345703125
720.258423      1437.3269042969
720.580383      1570.6185302734
720.902283      1559.5108642578
721.224182      1497.3081054688
721.545959      1443.9915771484
721.867737      1501.7512207031
722.189453      1535.0740966797
722.511169      1497.3081054688
722.832764      1466.2067871094
723.154419      1532.8525390625
723.475952      1559.5108642578
723.797424      1632.8211669922
724.118896      1528.4095458984
724.440247      1448.4345703125
724.761597      1368.4597167969
725.082886      1417.3332519531
725.404175      1452.8776855469
725.725342      1466.2067871094
726.046509      1441.7700195313
726.367615      1466.2067871094
726.688721      1481.7574462891
727.009644      1470.6497802734
727.330688      1401.7825927734
727.651611      1492.8651123047
727.972473      1435.1054687500
728.293274      1423.9978027344
728.614075      1417.3332519531
728.934814      1492.8651123047
729.255493      1539.5170898438
729.576172      1555.0677490234
729.896729      1437.3269042969
730.217285      1526.1879882813
730.537720      1488.4219970703
730.858215      1537.2956542969
731.178650      1419.5548095703
731.498962      1492.8651123047
731.819214      1432.8839111328
732.139526      1457.3206787109
732.459778      1470.6497802734
732.779846      1479.5358886719
733.100037      1519.5234375000
733.420105      1457.3206787109
733.740112      1501.7512207031
734.060059      1435.1054687500
734.380066      1452.8776855469
734.699890      1421.7762451172
735.019775      1459.5422363281
735.339478      1486.2005615234
735.659241      1490.6435546875
735.978943      1479.5358886719
736.298584      1452.8776855469
736.618164      1443.9915771484
736.937744      1468.4283447266
737.257263      1499.5296630859
737.576599      1446.2130126953
737.896057      1415.1116943359
738.215393      1448.4345703125
738.534729      1448.4345703125
738.853943      1643.9288330078
739.173157      1443.9915771484
739.492371      1443.9915771484
739.811523      1499.5296630859
740.130493      1492.8651123047
740.449524      1448.4345703125
740.768555      1410.6687011719
741.087463      1397.3394775391
741.406311      1468.4283447266
741.725159      1457.3206787109
742.043945      1517.3018798828
742.362610      1406.2255859375
742.681396      1515.0803222656
743.000061      1486.2005615234
743.318604      1443.9915771484
743.637146      1457.3206787109
743.955627      1521.7448730469
744.274109      1497.3081054688
744.592407      1417.3332519531
744.910828      1541.7386474609
745.229126      1439.5484619141
745.547424      1410.6687011719
745.865540      1472.8713378906
746.183777      1517.3018798828
746.501892      1461.7637939453
746.819946      1535.0740966797
747.137939      1503.9726562500
747.455872      1430.6623535156
747.773865      1459.5422363281
748.091736      1519.5234375000
748.409485      1519.5234375000
748.727295      1457.3206787109
749.045044      1477.3144531250
749.362671      1532.8525390625
749.680298      1499.5296630859
749.997925      1486.2005615234
750.315491      1463.9852294922
750.632874      1508.4157714844
750.950378      1488.4219970703
751.267822      1468.4283447266
751.585083      1426.2193603516
751.902405      1497.3081054688
752.219666      1439.5484619141
752.536865      1421.7762451172
752.854004      1515.0803222656
753.171082      1523.9664306641
753.488159      1497.3081054688
753.805176      1468.4283447266
754.122070      1455.0991210938
754.439026      1501.7512207031
754.755920      1526.1879882813
755.072693      1510.6373291016
755.389465      1481.7574462891
755.706177      1419.5548095703
756.022888      1372.9027099609
756.339478      1503.9726562500
756.656006      1435.1054687500
756.972595      1510.6373291016
757.289063      1530.6309814453
757.605408      1519.5234375000
757.921814      1503.9726562500
758.238159      1443.9915771484
758.554443      1466.2067871094
758.870667      1488.4219970703
759.186890      1490.6435546875
759.503052      1426.2193603516
759.819092      1475.0928955078
760.135132      1528.4095458984
760.451172      1483.9790039063
760.767029      1517.3018798828
761.082947      1463.9852294922
761.398804      1466.2067871094
761.714600      1443.9915771484
762.030396      1457.3206787109
762.346008      1557.2893066406
762.661682      1415.1116943359
762.977295      1432.8839111328
763.292908      1515.0803222656
763.608337      1530.6309814453
763.923828      1430.6623535156
764.239258      1430.6623535156
764.554626      1461.7637939453
764.869873      1501.7512207031
765.185181      1463.9852294922
765.500427      1530.6309814453
765.815491      1483.9790039063
766.130615      1506.1942138672
766.445740      1497.3081054688
766.760803      1441.7700195313
767.075745      1517.3018798828
767.390686      1488.4219970703
767.705566      1479.5358886719
768.020386      1390.6749267578
768.335144      1432.8839111328
768.649902      1483.9790039063
768.964539      1528.4095458984
769.279175      1399.5610351563
769.593750      1483.9790039063
769.908264      1463.9852294922
770.222839      1446.2130126953
770.537170      1421.7762451172
770.851624      1477.3144531250
771.165955      1552.8463134766
771.480286      1537.2956542969
771.794495      1423.9978027344
772.108704      1523.9664306641
772.422852      1537.2956542969
772.736938      1461.7637939453
773.050964      1477.3144531250
773.364990      1448.4345703125
773.678894      1463.9852294922
773.992798      1446.2130126953
774.306641      1503.9726562500
774.620422      1492.8651123047
774.934204      1461.7637939453
775.247864      1412.8901367188
775.561584      1408.4471435547
775.875183      1508.4157714844
776.188721      1441.7700195313
776.502197      1495.0866699219
776.815735      1499.5296630859
777.129150      1443.9915771484
777.442444      1470.6497802734
777.755737      1530.6309814453
778.069092      1435.1054687500
778.382324      1470.6497802734
778.695435      1483.9790039063
779.008545      1404.0040283203
779.321594      1479.5358886719
779.634644      1508.4157714844
779.947571      1395.1179199219
780.260498      1432.8839111328
780.573364      1439.5484619141
780.886169      1457.3206787109
781.198975      1397.3394775391
781.511719      1530.6309814453
781.824402      1486.2005615234
782.136963      1457.3206787109
782.449585      1468.4283447266
782.762146      1457.3206787109
783.074646      1381.7888183594
783.387024      1421.7762451172
783.699402      1655.0364990234
784.011719      1415.1116943359
784.324097      1412.8901367188
784.636230      1457.3206787109
784.948425      1479.5358886719
785.260620      1401.7825927734
785.572632      1472.8713378906
785.884644      1468.4283447266
786.196655      1452.8776855469
786.508667      1435.1054687500
786.820496      1521.7448730469
787.132324      1386.2318115234
787.444153      1419.5548095703
787.755859      1463.9852294922
788.067566      1497.3081054688
788.379211      1435.1054687500
788.690796      1495.0866699219
789.002319      1477.3144531250
789.313782      1483.9790039063
789.625305      1472.8713378906
789.936707      1503.9726562500
790.247986      1523.9664306641
790.559326      1515.0803222656
790.870605      1421.7762451172
791.181763      1528.4095458984
791.492920      1472.8713378906
791.803955      1490.6435546875
792.115051      1463.9852294922
792.426086      1541.7386474609
792.737000      1481.7574462891
793.047913      1499.5296630859
793.358765      1428.4407958984
793.669495      1561.7324218750
793.980347      1475.0928955078
794.291016      1446.2130126953
794.601685      1495.0866699219
794.912292      1492.8651123047
795.222778      1415.1116943359
795.533325      1466.2067871094
795.843811      1448.4345703125
796.154175      1486.2005615234
796.464539      1526.1879882813
796.774902      1466.2067871094
797.085022      1379.5672607422
797.395325      1479.5358886719
797.705505      1530.6309814453
798.015625      1479.5358886719
798.325623      1455.0991210938
798.635620      1390.6749267578
798.945618      1472.8713378906
799.255554      1572.8399658203
799.565369      1390.6749267578
799.875183      1410.6687011719
800.184998      1477.3144531250
800.494690      1404.0040283203
800.804321      1463.9852294922
801.113953      1570.6185302734
801.423462      1486.2005615234
801.732910      1499.5296630859
802.042419      1481.7574462891
802.351868      1566.1754150391
802.661255      1468.4283447266
802.970520      1499.5296630859
803.279785      1490.6435546875
803.588989      1437.3269042969
803.898193      1530.6309814453
804.207275      1439.5484619141
804.516357      1577.2830810547
804.825378      1557.2893066406
805.134277      1497.3081054688
805.443176      1426.2193603516
805.752136      1483.9790039063
806.060974      1483.9790039063
806.369629      1439.5484619141
806.678406      1392.8964843750
806.987061      1499.5296630859
807.295715      1470.6497802734
807.604187      1561.7324218750
807.912720      1519.5234375000
808.221191      1499.5296630859
808.529663      1395.1179199219
808.837952      1439.5484619141
809.146301      1423.9978027344
809.454590      1463.9852294922
809.762756      1495.0866699219
810.070923      1470.6497802734
810.379028      1501.7512207031
810.687073      1423.9978027344
810.995117      1486.2005615234
811.303040      1588.3906250000
811.611023      1399.5610351563
811.918884      1517.3018798828
812.226624      1441.7700195313
812.534424      1392.8964843750
812.842163      1459.5422363281
813.149719      1439.5484619141
813.457397      1472.8713378906
813.764954      1443.9915771484
814.072510      1499.5296630859
814.379883      1526.1879882813
814.687378      1446.2130126953
814.994690      1481.7574462891
815.302063      1510.6373291016
815.609314      1452.8776855469
815.916504      1426.2193603516
816.223694      1457.3206787109
816.530762      1448.4345703125
816.837830      1470.6497802734
817.144836      1388.4533691406
817.451843      1552.8463134766
817.758667      1455.0991210938
818.065552      1503.9726562500
818.372375      1401.7825927734
818.679138      1468.4283447266
818.985779      1419.5548095703
819.292480      1461.7637939453
819.599121      1586.1691894531
819.905701      1483.9790039063
820.212158      1452.8776855469
820.518616      1441.7700195313
820.825012      1517.3018798828
821.131348      1455.0991210938
821.437683      1517.3018798828
821.743896      1443.9915771484
822.050110      1448.4345703125
822.356262      1481.7574462891
822.662415      1426.2193603516
822.968445      1532.8525390625
823.274475      1432.8839111328
823.580322      1404.0040283203
823.886292      1503.9726562500
824.192200      1512.8587646484
824.497864      1550.6247558594
824.803711      1510.6373291016
825.109375      1452.8776855469
825.415039      1437.3269042969
825.720581      1406.2255859375
826.026184      1568.3969726563
826.331665      1430.6623535156
826.637146      1610.6059570313
826.942444      1532.8525390625
827.247803      1457.3206787109
827.553162      1499.5296630859
827.858398      1461.7637939453
828.163574      1543.9602050781
828.468750      1526.1879882813
828.773804      1439.5484619141
829.078796      1510.6373291016
829.383850      1404.0040283203
829.688782      1475.0928955078
829.993713      1523.9664306641
830.298462      1477.3144531250
830.603271      1450.6561279297
830.908020      1490.6435546875
831.212708      1455.0991210938
831.517273      1548.4031982422
831.821960      1468.4283447266
832.126465      1457.3206787109
832.430908      1512.8587646484
832.735352      1515.0803222656
833.039734      1535.0740966797
833.344116      1539.5170898438
833.648315      1441.7700195313
833.952576      1463.9852294922
834.256714      1479.5358886719
834.560913      1526.1879882813
834.864929      1446.2130126953
835.169006      1475.0928955078
835.472961      1503.9726562500
835.776917      1492.8651123047
836.080750      1446.2130126953
836.384583      1495.0866699219
836.688354      1430.6623535156
836.992004      1386.2318115234
837.295654      1443.9915771484
837.599365      1579.5046386719
837.902893      1412.8901367188
838.206360      1563.9538574219
838.509827      1517.3018798828
838.813293      1486.2005615234
839.116699      1488.4219970703
839.419922      1432.8839111328
839.723206      1461.7637939453
840.026428      1430.6623535156
840.329590      1430.6623535156
840.632690      1428.4407958984
840.935730      1423.9978027344
841.238708      1490.6435546875
841.541626      1523.9664306641
841.844543      1508.4157714844
842.147461      1364.0166015625
842.450256      1470.6497802734
842.752930      1455.0991210938
843.055664      1483.9790039063
843.358337      1437.3269042969
843.660889      1477.3144531250
843.963440      1497.3081054688
844.265930      1477.3144531250
844.568420      1508.4157714844
844.870728      1517.3018798828
845.173096      1506.1942138672
845.475403      1457.3206787109
845.777649      1501.7512207031
846.079834      1523.9664306641
846.381958      1415.1116943359
846.684021      1617.2705078125
846.986145      1448.4345703125
847.288025      1530.6309814453
847.589966      1572.8399658203
847.891846      1477.3144531250
848.193665      1426.2193603516
848.495483      1523.9664306641
848.797180      1497.3081054688
849.098877      1495.0866699219
849.400452      1535.0740966797
849.702026      1508.4157714844
850.003540      1466.2067871094
850.304993      1457.3206787109
850.606445      1615.0489501953
850.907776      1492.8651123047
851.209106      1435.1054687500
851.510315      1441.7700195313
851.811584      1450.6561279297
852.112671      1419.5548095703
852.413879      1508.4157714844
852.714844      1479.5358886719
853.015869      1459.5422363281
853.316833      1423.9978027344
853.617737      1497.3081054688
853.918579      1492.8651123047
854.219360      1439.5484619141
854.520142      1466.2067871094
854.820862      1526.1879882813
855.121399      1466.2067871094
855.421997      1550.6247558594
855.722595      1530.6309814453
856.023071      1439.5484619141
856.323486      1423.9978027344
856.623901      1555.0677490234
856.924255      1501.7512207031
857.224487      1459.5422363281
857.524719      1503.9726562500
857.824890      1490.6435546875
858.125000      1501.7512207031
858.425049      1646.1503906250
858.725098      1470.6497802734
859.025085      1466.2067871094
859.325012      1535.0740966797
859.624817      1423.9978027344
859.924683      1521.7448730469
860.224487      1488.4219970703
860.524170      1443.9915771484
860.823792      1406.2255859375
861.123474      1472.8713378906
861.422974      1517.3018798828
861.722412      1497.3081054688
862.021912      1559.5108642578
862.321350      1492.8651123047
862.620728      1468.4283447266
862.919983      1497.3081054688
863.219238      1492.8651123047
863.518433      1457.3206787109
863.817505      1428.4407958984
864.116638      1450.6561279297
864.415710      1501.7512207031
864.714722      1439.5484619141
865.013550      1537.2956542969
865.312439      1548.4031982422
865.611328      1443.9915771484
865.910156      1499.5296630859
866.208801      1515.0803222656
866.507507      1384.0103759766
866.806091      1437.3269042969
867.104614      1437.3269042969
867.403137      1481.7574462891
867.701660      1481.7574462891
868.000061      1388.4533691406
868.298401      1552.8463134766
868.596741      1519.5234375000
868.894958      1490.6435546875
869.193237      1388.4533691406
869.491333      1515.0803222656
869.789429      1450.6561279297
870.087524      1439.5484619141
870.385498      1443.9915771484
870.683411      1441.7700195313
870.981323      1455.0991210938
871.279236      1483.9790039063
871.576965      1517.3018798828
871.874695      1475.0928955078
872.172363      1457.3206787109
872.470032      1535.0740966797
872.767578      1435.1054687500
873.065125      1441.7700195313
873.362549      1446.2130126953
873.660034      1435.1054687500
873.957397      1501.7512207031
874.254700      1439.5484619141
874.552002      1501.7512207031
874.849182      1510.6373291016
875.146362      1501.7512207031
875.443481      1437.3269042969
875.740540      1501.7512207031
876.037476      1583.9476318359
876.334473      1486.2005615234
876.631348      1435.1054687500
876.928223      1477.3144531250
877.224976      1495.0866699219
877.521729      1483.9790039063
877.818420      1439.5484619141
878.115112      1479.5358886719
878.411621      1455.0991210938
878.708191      1463.9852294922
879.004700      1470.6497802734
879.301086      1463.9852294922
879.597473      1423.9978027344
879.893799      1486.2005615234
880.190063      1597.2767333984
880.486267      1432.8839111328
880.782471      1430.6623535156
881.078613      1446.2130126953
881.374695      1448.4345703125
881.670654      1532.8525390625
881.966614      1479.5358886719
882.262573      1446.2130126953
882.558350      1439.5484619141
882.854126      1495.0866699219
883.149902      1426.2193603516
883.445618      1423.9978027344
883.741211      1410.6687011719
884.036865      1517.3018798828
884.332336      1552.8463134766
884.627869      1528.4095458984
884.923218      1461.7637939453
885.218689      1503.9726562500
885.513977      1450.6561279297
885.809265      1437.3269042969
886.104492      1450.6561279297
886.399658      1455.0991210938
886.694763      1528.4095458984
886.989807      1495.0866699219
887.284790      1535.0740966797
887.579773      1419.5548095703
887.874695      1575.0615234375
888.169495      1537.2956542969
888.464355      1535.0740966797
888.759094      1508.4157714844
889.053772      1479.5358886719
889.348389      1430.6623535156
