1.400000
190.489868         0.0000000000
190.870819         0.0000000000
191.251740      1332.9152832031
191.632629      1341.8013916016
192.013474      1388.4533691406
192.394302      1384.0103759766
192.775101      1643.9288330078
193.155838      1530.6309814453
193.536575      1523.9664306641
193.917267      1517.3018798828
194.297943      1697.2454833984
194.678574      1615.0489501953
195.059174      1559.5108642578
195.439743      1621.7136230469
195.820282      1528.4095458984
196.200790      1623.9350585938
196.581268      1577.2830810547
196.961700      1537.2956542969
197.342117      1521.7448730469
197.722488      1608.3843994141
198.102829      1503.9726562500
198.483154      1552.8463134766
198.863434      1492.8651123047
199.243698      1603.9414062500
199.623901      1750.5620117188
200.004089      1475.0928955078
200.384247      1552.8463134766
200.764389      1481.7574462891
201.144485      1506.1942138672
201.524536      1541.7386474609
201.904572      1461.7637939453
202.284561      1497.3081054688
202.664520      1579.5046386719
203.044449      1630.5996093750
203.424362      1510.6373291016
203.804214      1548.4031982422
204.184067      1503.9726562500
204.563858      1588.3906250000
204.943649      1557.2893066406
205.323380      1577.2830810547
205.703094      1486.2005615234
206.082764      1512.8587646484
206.462418      1415.1116943359
206.842026      1590.6121826172
207.221588      1528.4095458984
207.601166      1619.4920654297
207.980667      1497.3081054688
208.360153      1681.6947021484
208.739609      1481.7574462891
209.119034      1523.9664306641
209.498428      1528.4095458984
209.877777      1559.5108642578
210.257111      1528.4095458984
210.636398      1508.4157714844
211.015656      1452.8776855469
211.394882      1637.2642822266
211.774094      1481.7574462891
212.153244      1461.7637939453
212.532394      1417.3332519531
212.911484      1443.9915771484
213.290543      1532.8525390625
213.669571      1541.7386474609
214.048584      1495.0866699219
214.427567      1499.5296630859
214.806488      1603.9414062500
215.185410      1615.0489501953
215.564270      1495.0866699219
215.943115      1612.8275146484
216.321930      1550.6247558594
216.700714      1570.6185302734
217.079437      1610.6059570313
217.458176      1579.5046386719
217.836838      1483.9790039063
218.215485      1526.1879882813
218.594101      1488.4219970703
218.972687      1488.4219970703
219.351227      1561.7324218750
219.729752      1695.0239257813
220.108246      1497.3081054688
220.486694      1450.6561279297
220.865128      1459.5422363281
221.243515      1566.1754150391
221.621872      1641.7072753906
222.000183      1521.7448730469
222.378494      1488.4219970703
222.756744      1601.7198486328
223.134964      1595.0552978516
223.513153      1586.1691894531
223.891327      1746.1190185547
224.269455      1563.9538574219
224.647552      1510.6373291016
225.025620      1530.6309814453
225.403656      1550.6247558594
225.781647      1515.0803222656
226.159622      1557.2893066406
226.537552      1672.8085937500
226.915436      1643.9288330078
227.293335      1546.1816406250
227.671158      1546.1816406250
228.048950      1515.0803222656
228.426727      1463.9852294922
228.804459      1501.7512207031
229.182175      1508.4157714844
229.559845      1577.2830810547
229.937500      1495.0866699219
230.315094      1530.6309814453
230.692673      1483.9790039063
231.070221      1608.3843994141
231.447723      1517.3018798828
231.825180      1428.4407958984
232.202652      1543.9602050781
232.580048      1561.7324218750
232.957428      1548.4031982422
233.334778      1688.3593750000
233.712097      1561.7324218750
234.089386      1621.7136230469
234.466614      1570.6185302734
234.843842      1590.6121826172
235.221024      1503.9726562500
235.598175      1463.9852294922
235.975281      1490.6435546875
236.352386      1552.8463134766
236.729431      1543.9602050781
237.106445      1515.0803222656
237.483414      1555.0677490234
237.860382      1561.7324218750
238.237305      1550.6247558594
238.614182      1641.7072753906
238.991043      1477.3144531250
239.367859      1555.0677490234
239.744644      1528.4095458984
240.121414      1508.4157714844
240.498138      1415.1116943359
240.874817      1439.5484619141
241.251480      1559.5108642578
241.628098      1477.3144531250
242.004700      1597.2767333984
242.381241      1503.9726562500
242.757782      1597.2767333984
243.134262      1588.3906250000
243.510727      1519.5234375000
243.887146      1603.9414062500
244.263535      1546.1816406250
244.639893      1608.3843994141
245.016220      1448.4345703125
245.392517      1528.4095458984
245.768768      1481.7574462891
246.145020      1461.7637939453
246.521194      1448.4345703125
246.897354      1432.8839111328
247.273483      1506.1942138672
247.649567      1497.3081054688
248.025650      1561.7324218750
248.401672      1466.2067871094
248.777664      1463.9852294922
249.153641      1632.8211669922
249.529556      1608.3843994141
249.905457      1488.4219970703
250.281326      1543.9602050781
250.657135      1541.7386474609
251.032959      1521.7448730469
251.408707      1595.0552978516
251.784424      1603.9414062500
252.160126      1463.9852294922
252.535797      1501.7512207031
252.911423      1488.4219970703
253.287018      1517.3018798828
253.662582      1486.2005615234
254.038116      1526.1879882813
254.413605      1592.8337402344
254.789063      1497.3081054688
255.164505      1583.9476318359
255.539886      1621.7136230469
255.915268      1466.2067871094
256.290588      1537.2956542969
256.665894      1495.0866699219
257.041168      1577.2830810547
257.416351      1561.7324218750
257.791565      1495.0866699219
258.166779      1441.7700195313
258.541870      1457.3206787109
258.916962      1479.5358886719
259.292023      1446.2130126953
259.667023      1486.2005615234
260.042053      1475.0928955078
260.416992      1510.6373291016
260.791931      1432.8839111328
261.166809      1423.9978027344
261.541687      1423.9978027344
261.916504      1479.5358886719
262.291321      1550.6247558594
262.666077      1483.9790039063
263.040802      1492.8651123047
263.415497      1510.6373291016
263.790161      1557.2893066406
264.164795      1503.9726562500
264.539368      1528.4095458984
264.913910      1399.5610351563
265.288452      1526.1879882813
265.662964      1581.7260742188
266.037384      1510.6373291016
266.411865      1597.2767333984
266.786224      1652.8149414063
267.160583      1470.6497802734
267.534912      1528.4095458984
267.909210      1521.7448730469
268.283447      1537.2956542969
268.657654      1508.4157714844
269.031860      1415.1116943359
269.406006      1575.0615234375
269.780151      1546.1816406250
270.154236      1508.4157714844
270.528290      1517.3018798828
270.902283      1519.5234375000
271.276306      1501.7512207031
271.650238      1619.4920654297
272.024170      1466.2067871094
272.398041      1741.6759033203
272.771881      1528.4095458984
273.145721      1681.6947021484
273.519531      1452.8776855469
273.893219      1426.2193603516
274.266937      1528.4095458984
274.640656      1506.1942138672
275.014282      1468.4283447266
275.387909      1495.0866699219
275.761475      1488.4219970703
276.135040      1470.6497802734
276.508514      1423.9978027344
276.882019      1543.9602050781
277.255463      1541.7386474609
277.628906      1601.7198486328
278.002258      1459.5422363281
278.375549      1481.7574462891
278.748901      1461.7637939453
279.122162      1550.6247558594
279.495392      1852.7521972656
279.868622      1583.9476318359
280.241791      1579.5046386719
280.614929      1501.7512207031
280.988007      1517.3018798828
281.361084      1648.3718261719
281.734131      1679.4732666016
282.107117      1512.8587646484
282.480072      1461.7637939453
282.853027      1635.0427246094
283.225952      1666.1440429688
283.598785      1583.9476318359
283.971619      1526.1879882813
284.344452      1497.3081054688
284.717194      1470.6497802734
285.089905      1448.4345703125
285.462616      1626.1566162109
285.835297      1515.0803222656
286.207886      1477.3144531250
286.580475      1421.7762451172
286.953064      1648.3718261719
287.325592      1555.0677490234
287.698059      1423.9978027344
288.070496      1512.8587646484
288.442963      1550.6247558594
288.815308      1466.2067871094
289.187683      1548.4031982422
289.559998      1421.7762451172
289.932281      1557.2893066406
290.304504      1559.5108642578
290.676727      1552.8463134766
291.048920      1497.3081054688
291.421082      1539.5170898438
291.793182      1501.7512207031
292.165222      1532.8525390625
292.537292      1461.7637939453
292.909332      1577.2830810547
293.281281      1559.5108642578
293.653198      1506.1942138672
294.025116      1499.5296630859
294.397003      1519.5234375000
294.768860      1557.2893066406
295.140656      1577.2830810547
295.512390      1512.8587646484
295.884125      1572.8399658203
296.255829      1608.3843994141
296.627502      1586.1691894531
296.999146      1628.3781738281
297.370728      1532.8525390625
297.742249      1559.5108642578
298.113831      1523.9664306641
298.485291      1646.1503906250
298.856781      1572.8399658203
299.228149      1581.7260742188
299.599579      1552.8463134766
299.970917      1401.7825927734
300.342224      1417.3332519531
300.713531      1479.5358886719
301.084778      1541.7386474609
301.455994      1517.3018798828
301.827148      1510.6373291016
302.198334      1443.9915771484
302.569427      1586.1691894531
302.940521      1455.0991210938
303.311554      1466.2067871094
303.682556      1741.6759033203
304.053528      1523.9664306641
304.424469      1435.1054687500
304.795380      1475.0928955078
305.166260      1499.5296630859
305.537048      1515.0803222656
305.907837      1468.4283447266
306.278625      1579.5046386719
306.649384      1555.0677490234
307.020050      1535.0740966797
307.390686      1537.2956542969
307.761353      1603.9414062500
308.131897      1543.9602050781
308.502502      1446.2130126953
308.872986      1455.0991210938
309.243500      1597.2767333984
309.613922      1490.6435546875
309.984344      1528.4095458984
310.354736      1439.5484619141
310.725098      1459.5422363281
311.095398      1423.9978027344
311.465637      1435.1054687500
311.835907      1615.0489501953
312.206116      1486.2005615234
312.576294      1475.0928955078
312.946411      1548.4031982422
313.316528      1523.9664306641
313.686584      1475.0928955078
314.056610      1566.1754150391
314.426605      1446.2130126953
314.796570      1517.3018798828
315.166504      1739.4544677734
315.536377      1470.6497802734
315.906250      1557.2893066406
316.276093      1526.1879882813
316.645844      1575.0615234375
317.015594      1559.5108642578
317.385315      1466.2067871094
317.755035      1506.1942138672
318.124603      1555.0677490234
318.494263      1566.1754150391
318.863831      1572.8399658203
319.233368      1608.3843994141
319.602875      1570.6185302734
319.972351      1568.3969726563
320.341797      1481.7574462891
320.711182      1586.1691894531
321.080536      1517.3018798828
321.449890      1443.9915771484
321.819183      1668.3656005859
322.188446      1492.8651123047
322.557648      1486.2005615234
322.926880      1515.0803222656
323.295990      1530.6309814453
323.665100      1523.9664306641
324.034210      1499.5296630859
324.403259      1608.3843994141
324.772247      1492.8651123047
325.141205      1523.9664306641
325.510193      1563.9538574219
325.879120      1541.7386474609
326.247955      1497.3081054688
326.616791      1503.9726562500
326.985596      1546.1816406250
327.354340      1481.7574462891
327.723053      1528.4095458984
328.091797      1428.4407958984
328.460449      1503.9726562500
328.829071      1539.5170898438
329.197632      1399.5610351563
329.566193      1428.4407958984
329.934753      1459.5422363281
330.303192      1470.6497802734
330.671631      1608.3843994141
331.040070      1586.1691894531
331.408478      1483.9790039063
331.776794      1508.4157714844
332.145081      1384.0103759766
332.513367      1428.4407958984
332.881592      1521.7448730469
333.249756      1672.8085937500
333.617920      1563.9538574219
333.986084      1435.1054687500
334.354156      1523.9664306641
334.722229      1515.0803222656
335.090240      1519.5234375000
335.458252      1597.2767333984
335.826202      1466.2067871094
336.194092      1512.8587646484
336.561951      1535.0740966797
336.929779      1532.8525390625
337.297577      1495.0866699219
337.665375      1577.2830810547
338.033142      1470.6497802734
338.400787      1532.8525390625
338.768463      1477.3144531250
339.136108      1563.9538574219
339.503693      1481.7574462891
339.871246      1437.3269042969
340.238770      1475.0928955078
340.606262      1503.9726562500
340.973755      1457.3206787109
341.341125      1710.5745849609
341.708527      1630.5996093750
342.075867      1459.5422363281
342.443146      1488.4219970703
342.810425      1468.4283447266
343.177673      1550.6247558594
343.544861      1435.1054687500
343.912018      1466.2067871094
344.279114      2010.4804687500
344.646271      1623.9350585938
345.013336      1537.2956542969
345.380341      1543.9602050781
345.747314      1468.4283447266
346.114258      1615.0489501953
346.481171      1557.2893066406
346.848022      1557.2893066406
347.214905      1572.8399658203
347.581726      1517.3018798828
347.948456      1499.5296630859
348.315186      1450.6561279297
348.681885      1463.9852294922
349.048584      1610.6059570313
349.415161      1483.9790039063
349.781738      1519.5234375000
350.148346      1577.2830810547
350.514862      1466.2067871094
350.881287      1532.8525390625
351.247742      1535.0740966797
351.614197      1648.3718261719
351.980530      1477.3144531250
352.346863      1488.4219970703
352.713165      1526.1879882813
353.079437      1541.7386474609
353.445679      1568.3969726563
353.811859      1566.1754150391
354.178009      1490.6435546875
354.544159      1530.6309814453
354.910217      1541.7386474609
355.276276      1466.2067871094
355.642303      1561.7324218750
356.008270      1483.9790039063
356.374176      1595.0552978516
356.740112      1472.8713378906
357.105988      1470.6497802734
357.471802      1437.3269042969
357.837585      1510.6373291016
358.203339      1492.8651123047
358.569092      1479.5358886719
358.934753      1517.3018798828
359.300415      1746.1190185547
359.666016      1563.9538574219
360.031616      1568.3969726563
360.397125      1643.9288330078
360.762634      1517.3018798828
361.128143      1503.9726562500
361.493530      1652.8149414063
361.858917      1592.8337402344
362.224274      1559.5108642578
362.589630      1606.1628417969
362.954895      1510.6373291016
363.320160      1539.5170898438
363.685394      1721.6822509766
364.050568      1497.3081054688
364.415680      1481.7574462891
364.780792      1506.1942138672
365.145874      1508.4157714844
365.510895      1475.0928955078
365.875854      1466.2067871094
366.240845      1599.4982910156
366.605774      1472.8713378906
366.970642      1506.1942138672
367.335480      1410.6687011719
367.700317      1603.9414062500
368.065125      1492.8651123047
368.429840      1572.8399658203
368.794525      1568.3969726563
369.159241      1501.7512207031
369.523834      1452.8776855469
369.888397      1475.0928955078
370.252991      1435.1054687500
370.617554      1535.0740966797
370.981995      1466.2067871094
371.346436      1437.3269042969
371.710846      1503.9726562500
372.075256      1475.0928955078
372.439545      1486.2005615234
372.803864      1397.3394775391
373.168121      1410.6687011719
373.532379      1639.4857177734
373.896545      1550.6247558594
374.260681      1488.4219970703
374.624847      1401.7825927734
374.988892      1486.2005615234
375.352936      1448.4345703125
375.716949      1572.8399658203
376.080933      1526.1879882813
376.444855      1501.7512207031
376.808716      1561.7324218750
377.172638      1466.2067871094
377.536469      1468.4283447266
377.900208      1475.0928955078
378.263947      1510.6373291016
378.627686      1577.2830810547
378.991364      1470.6497802734
379.354980      1419.5548095703
379.718628      1472.8713378906
380.082214      1648.3718261719
380.445709      1483.9790039063
380.809174      1443.9915771484
381.172668      1606.1628417969
381.536072      1483.9790039063
381.899475      1532.8525390625
382.262787      1441.7700195313
382.626129      1455.0991210938
382.989380      1617.2705078125
383.352631      1695.0239257813
383.715790      1430.6623535156
384.078979      1535.0740966797
384.442078      1470.6497802734
384.805145      1506.1942138672
385.168243      1506.1942138672
385.531250      1535.0740966797
385.894226      1552.8463134766
386.257141      1441.7700195313
386.620056      1503.9726562500
386.982941      1495.0866699219
387.345734      1499.5296630859
387.708527      1508.4157714844
388.071289      1592.8337402344
388.433990      1523.9664306641
388.796661      1466.2067871094
389.159332      1495.0866699219
389.521942      1428.4407958984
389.884491      1512.8587646484
390.247040      1532.8525390625
390.609528      1539.5170898438
390.971985      1575.0615234375
391.334412      1506.1942138672
391.696747      1495.0866699219
392.059143      1503.9726562500
392.421478      1490.6435546875
392.783691      1499.5296630859
393.145935      1452.8776855469
393.508148      1566.1754150391
393.870270      1459.5422363281
394.232391      1539.5170898438
394.594482      1377.3458251953
394.956573      1543.9602050781
395.318542      1572.8399658203
395.680511      1701.6884765625
396.042450      1408.4471435547
396.404388      1523.9664306641
396.766235      1597.2767333984
397.128021      1479.5358886719
397.489838      1535.0740966797
397.851563      1515.0803222656
398.213257      1483.9790039063
398.574951      1528.4095458984
398.936615      1455.0991210938
399.298187      1521.7448730469
399.659729      1492.8651123047
400.021271      1686.1378173828
400.382751      1570.6185302734
400.744202      1557.2893066406
401.105621      1555.0677490234
401.466980      1530.6309814453
401.828339      1499.5296630859
402.189606      1515.0803222656
402.550873      1475.0928955078
402.912140      1561.7324218750
403.273285      1450.6561279297
403.634430      1486.2005615234
403.995544      1486.2005615234
404.356659      1517.3018798828
404.717651      1486.2005615234
405.078674      1510.6373291016
405.439636      1492.8651123047
405.800568      1501.7512207031
406.161438      1488.4219970703
406.522278      1492.8651123047
406.883118      1537.2956542969
407.243866      1450.6561279297
407.604584      1470.6497802734
407.965302      1575.0615234375
408.325989      1475.0928955078
408.686584      1470.6497802734
409.047150      1515.0803222656
409.407715      1475.0928955078
409.768250      1475.0928955078
410.128723      1437.3269042969
410.489136      1423.9978027344
410.849518      1441.7700195313
411.209900      1515.0803222656
411.570190      1503.9726562500
411.930511      1517.3018798828
412.290741      1381.7888183594
412.650940      1601.7198486328
413.011078      1488.4219970703
413.371246      1508.4157714844
413.731354      1550.6247558594
414.091400      1563.9538574219
414.451385      1481.7574462891
414.811401      1519.5234375000
415.171356      1448.4345703125
415.531281      1479.5358886719
415.891113      1397.3394775391
416.250946      1461.7637939453
416.610718      1530.6309814453
416.970490      1472.8713378906
417.330200      1512.8587646484
417.689911      1532.8525390625
418.049530      1610.6059570313
418.409119      1581.7260742188
418.768707      1475.0928955078
419.128235      1548.4031982422
419.487701      1421.7762451172
419.847137      1619.4920654297
420.206573      1512.8587646484
420.565948      1450.6561279297
420.925232      1457.3206787109
421.284576      1492.8651123047
421.643860      1468.4283447266
422.003052      1517.3018798828
422.362213      1497.3081054688
422.721375      1541.7386474609
423.080536      1541.7386474609
423.439575      1568.3969726563
423.798584      1488.4219970703
424.157593      1461.7637939453
424.516571      1503.9726562500
424.875458      1561.7324218750
425.234314      1517.3018798828
425.593201      1492.8651123047
425.951965      1483.9790039063
426.310699      1479.5358886719
426.669495      1541.7386474609
427.028168      1432.8839111328
427.386810      1446.2130126953
427.745392      1432.8839111328
428.103973      1566.1754150391
428.462524      1599.4982910156
428.821045      1679.4732666016
429.179504      1439.5484619141
429.537903      1543.9602050781
429.896271      1499.5296630859
430.254608      1432.8839111328
430.612915      1488.4219970703
430.971222      1483.9790039063
431.329437      1550.6247558594
431.687622      1546.1816406250
432.045776      1497.3081054688
432.403900      1452.8776855469
432.761993      1461.7637939453
433.119995      1572.8399658203
433.477997      1601.7198486328
433.835968      1450.6561279297
434.193909      1461.7637939453
434.551758      1519.5234375000
434.909637      1463.9852294922
435.267395      1597.2767333984
435.625183      1490.6435546875
435.982910      1541.7386474609
436.340607      1503.9726562500
436.698273      1550.6247558594
437.055878      1450.6561279297
437.413452      1479.5358886719
437.770996      1546.1816406250
438.128479      1597.2767333984
438.485962      1463.9852294922
438.843384      1586.1691894531
439.200775      1528.4095458984
439.558136      1523.9664306641
439.915405      1557.2893066406
440.272705      1586.1691894531
440.629883      1455.0991210938
440.987091      1470.6497802734
441.344238      1537.2956542969
441.701355      1499.5296630859
442.058441      1503.9726562500
442.415436      1446.2130126953
442.772461      1481.7574462891
443.129425      1526.1879882813
443.486359      1530.6309814453
443.843231      1501.7512207031
444.200104      1437.3269042969
444.556885      1497.3081054688
444.913635      1588.3906250000
445.270355      1486.2005615234
445.627075      1452.8776855469
445.983704      1426.2193603516
446.340302      1459.5422363281
446.696869      1483.9790039063
447.053436      1510.6373291016
447.409912      1495.0866699219
447.766357      1532.8525390625
448.122803      1488.4219970703
448.479156      1466.2067871094
448.835510      1479.5358886719
449.191772      1492.8651123047
449.548096      1423.9978027344
449.904297      1443.9915771484
450.260437      1455.0991210938
450.616608      1501.7512207031
450.972687      1437.3269042969
451.328796      1459.5422363281
451.684814      1448.4345703125
452.040833      1606.1628417969
452.396729      1455.0991210938
452.752655      1528.4095458984
453.108551      1457.3206787109
453.464355      1526.1879882813
453.820160      1457.3206787109
454.175934      1497.3081054688
454.531616      1501.7512207031
454.887299      1506.1942138672
455.242950      1508.4157714844
455.598541      1552.8463134766
455.954102      1459.5422363281
456.309601      1561.7324218750
456.665131      1515.0803222656
457.020538      1419.5548095703
457.375977      1488.4219970703
457.731323      1528.4095458984
458.086670      1568.3969726563
458.441956      1523.9664306641
458.797211      1455.0991210938
459.152405      1468.4283447266
459.507538      1510.6373291016
459.862701      1517.3018798828
460.217773      1679.4732666016
460.572845      1532.8525390625
460.927856      1477.3144531250
461.282837      1477.3144531250
461.637756      1470.6497802734
461.992645      1455.0991210938
462.347504      1595.0552978516
462.702332      1526.1879882813
463.057129      1472.8713378906
463.411835      1557.2893066406
463.766541      1448.4345703125
464.121185      1448.4345703125
464.475830      1548.4031982422
464.830383      1499.5296630859
465.184937      1510.6373291016
465.539429      1592.8337402344
465.893921      1548.4031982422
466.248322      1592.8337402344
466.602753      1592.8337402344
466.957062      1537.2956542969
467.311371      1475.0928955078
467.665619      1459.5422363281
468.019897      1439.5484619141
468.374054      1535.0740966797
468.728180      1468.4283447266
469.082306      1448.4345703125
469.436371      1517.3018798828
469.790405      1526.1879882813
470.144379      1475.0928955078
470.498352      1510.6373291016
470.852264      1486.2005615234
471.206146      1466.2067871094
471.559967      1435.1054687500
471.913788      1535.0740966797
472.267487      1450.6561279297
472.621246      1475.0928955078
472.974915      1503.9726562500
473.328522      1508.4157714844
473.682129      1506.1942138672
474.035675      1546.1816406250
474.389191      1539.5170898438
474.742676      1597.2767333984
475.096130      1435.1054687500
475.449493      1468.4283447266
475.802856      1517.3018798828
476.156189      1608.3843994141
476.509460      1550.6247558594
476.862732      1486.2005615234
477.215912      1523.9664306641
477.569061      1430.6623535156
477.922150      1521.7448730469
478.275299      1546.1816406250
478.628296      1412.8901367188
478.981323      1515.0803222656
479.334259      1508.4157714844
479.687195      1510.6373291016
480.040070      1399.5610351563
480.392914      1450.6561279297
480.745728      1483.9790039063
481.098511      1508.4157714844
481.451202      1539.5170898438
481.803925      1457.3206787109
482.156525      1530.6309814453
482.509125      1477.3144531250
482.861694      1401.7825927734
483.214233      1595.0552978516
483.566711      1452.8776855469
483.919128      1559.5108642578
484.271576      1506.1942138672
484.623901      1435.1054687500
484.976257      1410.6687011719
485.328522      1532.8525390625
485.680786      1463.9852294922
486.032959      1472.8713378906
486.385132      1455.0991210938
486.737274      1548.4031982422
487.089325      1452.8776855469
487.441376      1379.5672607422
487.793396      1470.6497802734
488.145386      1439.5484619141
488.497284      1501.7512207031
488.849182      1461.7637939453
489.201019      1497.3081054688
489.552826      1479.5358886719
489.904572      1472.8713378906
490.256317      1472.8713378906
490.608002      1575.0615234375
490.959656      1486.2005615234
491.311249      1446.2130126953
491.662811      1552.8463134766
492.014343      1530.6309814453
492.365814      1499.5296630859
492.717285      1430.6623535156
493.068665      1463.9852294922
493.420044      1523.9664306641
493.771362      1479.5358886719
494.122650      1495.0866699219
494.473877      1481.7574462891
494.825104      1472.8713378906
495.176270      1430.6623535156
495.527374      1470.6497802734
495.878479      1448.4345703125
496.229492      1452.8776855469
496.580536      1390.6749267578
496.931458      1432.8839111328
497.282379      1437.3269042969
497.633270      1441.7700195313
497.984131      1550.6247558594
498.334900      1575.0615234375
498.685669      1512.8587646484
499.036377      1468.4283447266
499.387115      1501.7512207031
499.737701      1499.5296630859
500.088318      1523.9664306641
500.438904      1563.9538574219
500.789429      1410.6687011719
501.139893      1470.6497802734
501.490295      1410.6687011719
501.840729      1446.2130126953
502.191040      1439.5484619141
502.541382      1506.1942138672
502.891663      1419.5548095703
503.241913      1563.9538574219
503.592133      1603.9414062500
503.942322      1517.3018798828
504.292358      1492.8651123047
504.642395      1488.4219970703
504.992432      1508.4157714844
505.342468      1430.6623535156
505.692413      1446.2130126953
506.042358      1463.9852294922
506.392242      1437.3269042969
506.742035      1541.7386474609
507.091858      1468.4283447266
507.441528      1466.2067871094
507.791290      1606.1628417969
508.140961      1457.3206787109
508.490601      1526.1879882813
508.840210      1461.7637939453
509.189697      1579.5046386719
509.539215      1455.0991210938
509.888641      1421.7762451172
510.238098      1475.0928955078
510.587494      1481.7574462891
510.936859      1541.7386474609
511.286194      1483.9790039063
511.635498      1446.2130126953
511.984650      1503.9726562500
512.333862      1530.6309814453
512.682922      1439.5484619141
513.032043      1435.1054687500
513.381104      1515.0803222656
513.730164      1570.6185302734
514.079163      1532.8525390625
514.428040      1515.0803222656
514.776978      1503.9726562500
515.125793      1535.0740966797
515.474609      1519.5234375000
515.823425      1475.0928955078
516.172180      1406.2255859375
516.520813      1577.2830810547
516.869568      1537.2956542969
517.218079      1555.0677490234
517.566650      1601.7198486328
517.915161      1503.9726562500
518.263672      1437.3269042969
518.612183      1395.1179199219
518.960571      1492.8651123047
519.308899      1435.1054687500
519.657227      1526.1879882813
520.005554      1466.2067871094
520.353699      1570.6185302734
520.701904      1652.8149414063
521.050110      1401.7825927734
521.398254      1483.9790039063
521.746338      1466.2067871094
522.094421      1428.4407958984
522.442383      1603.9414062500
522.790222      1552.8463134766
523.138184      1572.8399658203
523.486145      1510.6373291016
523.833984      1528.4095458984
524.181763      1386.2318115234
524.529541      1401.7825927734
524.877197      1517.3018798828
525.224915      1572.8399658203
525.572449      1499.5296630859
525.920105      1508.4157714844
526.267639      1439.5484619141
526.615173      1435.1054687500
526.962646      1439.5484619141
527.309998      1552.8463134766
527.657410      1461.7637939453
528.004700      1530.6309814453
528.351990      1450.6561279297
528.699280      1435.1054687500
529.046509      1630.5996093750
529.393677      1439.5484619141
529.740845      1395.1179199219
530.087891      1481.7574462891
530.434998      1546.1816406250
530.781921      1530.6309814453
531.128906      1637.2642822266
531.475891      1446.2130126953
531.822815      1508.4157714844
532.169617      1439.5484619141
532.516418      1481.7574462891
532.863159      1559.5108642578
533.209839      1452.8776855469
533.556580      1575.0615234375
533.903198      1479.5358886719
534.249817      1452.8776855469
534.596436      1523.9664306641
534.942932      1499.5296630859
535.289368      1532.8525390625
535.635803      1506.1942138672
535.982178      1463.9852294922
536.328552      1490.6435546875
536.674805      1435.1054687500
537.021118      1457.3206787109
537.367371      1486.2005615234
537.713501      1512.8587646484
538.059692      1401.7825927734
538.405701      1455.0991210938
538.751831      1510.6373291016
539.097839      1408.4471435547
539.443787      1472.8713378906
539.789734      1448.4345703125
540.135620      1406.2255859375
540.481506      1466.2067871094
540.827209      1501.7512207031
541.173035      1506.1942138672
541.518799      1463.9852294922
541.864502      1483.9790039063
542.210144      1506.1942138672
542.555786      1475.0928955078
542.901245      1441.7700195313
543.246826      1457.3206787109
543.592285      1459.5422363281
543.937683      1535.0740966797
544.283142      1615.0489501953
544.628479      1510.6373291016
544.973816      1550.6247558594
545.319031      1539.5170898438
545.664307      1543.9602050781
546.009399      1492.8651123047
546.354614      1515.0803222656
546.699707      1490.6435546875
547.044739      1490.6435546875
547.389832      1439.5484619141
547.734802      1497.3081054688
548.079712      1606.1628417969
548.424622      1468.4283447266
548.769409      1492.8651123047
549.114258      1477.3144531250
549.459045      1457.3206787109
549.803772      1457.3206787109
550.148499      1412.8901367188
550.493103      1508.4157714844
550.837708      1401.7825927734
551.182190      1499.5296630859
551.526733      1483.9790039063
551.871216      1659.4794921875
552.215698      1439.5484619141
552.560120      1475.0928955078
552.904480      1419.5548095703
553.248718      1506.1942138672
553.592957      1468.4283447266
553.937195      1517.3018798828
554.281372      1539.5170898438
554.625549      1508.4157714844
554.969666      1470.6497802734
555.313721      1639.4857177734
555.657654      1592.8337402344
556.001709      1490.6435546875
556.345581      1430.6623535156
556.689514      1499.5296630859
557.033325      1481.7574462891
557.377197      1521.7448730469
557.720947      1459.5422363281
558.064575      1506.1942138672
558.408264      1657.2579345703
558.751892      1432.8839111328
559.095520      1486.2005615234
559.439087      1479.5358886719
559.782654      1621.7136230469
560.126099      1468.4283447266
560.469543      1483.9790039063
560.812927      1537.2956542969
561.156250      1455.0991210938
561.499512      1537.2956542969
561.842773      1557.2893066406
562.185974      1537.2956542969
562.529175      1490.6435546875
562.872314      1483.9790039063
563.215332      1461.7637939453
563.558472      1490.6435546875
563.901367      1543.9602050781
564.244385      1428.4407958984
564.587341      1423.9978027344
564.930237      1486.2005615234
565.273071      1577.2830810547
565.615845      1432.8839111328
565.958557      1499.5296630859
566.301331      1603.9414062500
566.643860      1441.7700195313
566.986511      1508.4157714844
567.329163      1415.1116943359
567.671692      1563.9538574219
568.014221      1421.7762451172
568.356628      1455.0991210938
568.699036      1483.9790039063
569.041321      1432.8839111328
569.383728      1557.2893066406
569.726013      1401.7825927734
570.068298      1548.4031982422
570.410461      1503.9726562500
570.752686      1426.2193603516
571.094727      1443.9915771484
571.436768      1546.1816406250
571.778809      1521.7448730469
572.120850      1526.1879882813
572.462769      1532.8525390625
572.804688      1468.4283447266
573.146606      1561.7324218750
573.488342      1521.7448730469
573.830139      1499.5296630859
574.171814      1550.6247558594
574.513550      1479.5358886719
574.855164      1459.5422363281
575.196838      1535.0740966797
575.538391      1477.3144531250
575.879883      1517.3018798828
576.221375      1495.0866699219
576.562744      1555.0677490234
576.904175      1588.3906250000
577.245483      1435.1054687500
577.586792      1497.3081054688
577.928101      1535.0740966797
578.269348      1548.4031982422
578.610535      1555.0677490234
578.951660      1597.2767333984
579.292664      1404.0040283203
579.633728      1426.2193603516
579.974792      1439.5484619141
580.315796      1466.2067871094
580.656677      1495.0866699219
580.997498      1521.7448730469
581.338379      1495.0866699219
581.679138      1470.6497802734
582.019897      1450.6561279297
582.360657      1586.1691894531
582.701294      1626.1566162109
583.041931      1506.1942138672
583.382507      1599.4982910156
583.723022      1555.0677490234
584.063538      1486.2005615234
584.403931      1535.0740966797
584.744385      1555.0677490234
585.084778      1539.5170898438
585.425110      1479.5358886719
585.765381      1490.6435546875
586.105591      1539.5170898438
586.445801      1455.0991210938
586.785889      1521.7448730469
587.125977      1552.8463134766
587.466064      1483.9790039063
587.806152      1490.6435546875
588.146118      1541.7386474609
588.486023      1417.3332519531
588.825928      1468.4283447266
589.165710      1535.0740966797
589.505554      1503.9726562500
589.845337      1532.8525390625
590.185120      1450.6561279297
590.524780      1586.1691894531
590.864441      1523.9664306641
591.203918      1477.3144531250
591.543518      1490.6435546875
591.882996      1543.9602050781
592.222473      1588.3906250000
592.561890      1495.0866699219
592.901306      1457.3206787109
593.240662      1486.2005615234
593.579895      1475.0928955078
593.919128      1512.8587646484
594.258301      1457.3206787109
594.597473      1497.3081054688
594.936646      1552.8463134766
595.275696      1421.7762451172
595.614807      1537.2956542969
595.953796      1468.4283447266
596.292725      1699.4669189453
596.631592      1550.6247558594
596.970398      1506.1942138672
597.309204      1503.9726562500
597.648010      1446.2130126953
597.986755      1430.6623535156
598.325500      1430.6623535156
598.664124      1546.1816406250
599.002686      1561.7324218750
599.341187      1419.5548095703
599.679749      1477.3144531250
600.018250      1550.6247558594
600.356628      1508.4157714844
600.695068      1501.7512207031
601.033386      1461.7637939453
601.371643      1515.0803222656
601.709900      1568.3969726563
602.048035      1577.2830810547
602.386292      1501.7512207031
602.724426      1588.3906250000
603.062500      1448.4345703125
603.400574      1535.0740966797
603.738525      1626.1566162109
604.076477      1443.9915771484
604.414307      1566.1754150391
604.752197      1508.4157714844
605.090027      1486.2005615234
605.427795      1417.3332519531
605.765564      1446.2130126953
606.103210      1448.4345703125
606.440857      1459.5422363281
606.778442      1532.8525390625
607.115967      1555.0677490234
607.453552      1461.7637939453
607.791016      1546.1816406250
608.128418      1577.2830810547
608.465820      1561.7324218750
608.803162      1477.3144531250
609.140442      1575.0615234375
609.477661      1486.2005615234
609.814880      1497.3081054688
610.152100      1399.5610351563
610.489258      1466.2067871094
610.826294      1437.3269042969
611.163269      1503.9726562500
611.500305      1439.5484619141
611.837219      1517.3018798828
612.174072      1595.0552978516
612.510986      1543.9602050781
612.847839      1475.0928955078
613.184570      1457.3206787109
613.521362      1443.9915771484
613.857971      1390.6749267578
614.194641      1488.4219970703
614.531189      1486.2005615234
614.867737      1475.0928955078
615.204285      1412.8901367188
615.540771      1552.8463134766
615.877197      1472.8713378906
616.213562      1501.7512207031
616.549927      1446.2130126953
616.886169      1530.6309814453
617.222351      1399.5610351563
617.558594      1466.2067871094
617.894775      1495.0866699219
618.230896      1606.1628417969
618.566956      1663.9226074219
618.902954      1397.3394775391
619.238953      1535.0740966797
619.574890      1535.0740966797
619.910767      1688.3593750000
620.246643      1615.0489501953
620.582458      1470.6497802734
620.918213      1443.9915771484
621.253967      1446.2130126953
621.589661      1439.5484619141
621.925232      1428.4407958984
622.260803      1557.2893066406
622.596375      1461.7637939453
622.931885      1488.4219970703
623.267334      1595.0552978516
623.602722      1699.4669189453
623.938110      1539.5170898438
624.273376      1463.9852294922
624.608643      1508.4157714844
624.943848      1557.2893066406
625.279114      1510.6373291016
625.614258      1512.8587646484
625.949341      1517.3018798828
626.284424      1626.1566162109
626.619446      1570.6185302734
626.954407      1566.1754150391
627.289307      1523.9664306641
627.624207      1455.0991210938
627.959045      1510.6373291016
628.293884      1481.7574462891
628.628601      1512.8587646484
628.963257      1499.5296630859
629.297913      1557.2893066406
629.632507      1610.6059570313
629.967102      1532.8525390625
630.301697      1430.6623535156
630.636169      1472.8713378906
630.970581      1523.9664306641
631.304993      1512.8587646484
631.639282      1486.2005615234
631.973572      1490.6435546875
632.307861      1470.6497802734
632.642090      1479.5358886719
632.976257      1423.9978027344
633.310425      1379.5672607422
633.644470      1419.5548095703
633.978516      1548.4031982422
634.312439      1583.9476318359
634.646423      1481.7574462891
634.980347      1563.9538574219
635.314209      1588.3906250000
635.648071      1492.8651123047
635.981812      1539.5170898438
636.315552      1472.8713378906
636.649170      1437.3269042969
636.982849      1483.9790039063
637.316406      1492.8651123047
637.649963      1528.4095458984
637.983521      1521.7448730469
638.317017      1528.4095458984
638.650391      1512.8587646484
638.983765      1650.5933837891
639.317078      1406.2255859375
639.650391      1539.5170898438
639.983643      1475.0928955078
640.316833      1472.8713378906
640.649963      1515.0803222656
640.983032      1548.4031982422
641.316101      1539.5170898438
641.649109      1497.3081054688
641.982056      1657.2579345703
642.315002      1512.8587646484
642.647888      1503.9726562500
642.980774      1537.2956542969
643.313538      1572.8399658203
643.646301      1386.2318115234
643.979004      1477.3144531250
644.311646      1530.6309814453
644.644226      1590.6121826172
644.976868      1532.8525390625
645.309387      1470.6497802734
645.641846      1537.2956542969
645.974243      1606.1628417969
646.306702      1488.4219970703
646.638977      1492.8651123047
646.971252      1475.0928955078
647.303528      1439.5484619141
647.635803      1537.2956542969
647.967957      1548.4031982422
648.300110      1530.6309814453
648.632141      1528.4095458984
648.964111      1501.7512207031
649.296082      1457.3206787109
649.628113      1432.8839111328
649.960022      1495.0866699219
650.291870      1539.5170898438
650.623718      1412.8901367188
650.955383      1548.4031982422
651.287109      1479.5358886719
651.618774      1523.9664306641
651.950378      1528.4095458984
652.281982      1452.8776855469
652.613586      1401.7825927734
652.945068      1410.6687011719
653.276489      1455.0991210938
653.607910      1506.1942138672
653.939209      1717.2391357422
654.270569      1470.6497802734
654.601807      1492.8651123047
654.933105      1532.8525390625
655.264221      1470.6497802734
655.595398      1497.3081054688
655.926453      1517.3018798828
656.257507      1481.7574462891
656.588440      1475.0928955078
656.919434      1521.7448730469
657.250366      1619.4920654297
657.581238      1577.2830810547
657.912048      1477.3144531250
658.242798      1499.5296630859
658.573486      1506.1942138672
658.904114      1412.8901367188
659.234802      1423.9978027344
659.565430      1501.7512207031
659.895996      1563.9538574219
660.226501      1412.8901367188
660.556946      1546.1816406250
660.887329      1517.3018798828
661.217712      1439.5484619141
661.547974      1443.9915771484
661.878296      1488.4219970703
662.208557      1523.9664306641
662.538757      1561.7324218750
662.868896      1508.4157714844
663.198975      1450.6561279297
663.528992      1486.2005615234
663.859009      1479.5358886719
664.188904      1528.4095458984
664.518860      1475.0928955078
664.848755      1486.2005615234
665.178589      1523.9664306641
665.508362      1412.8901367188
665.838013      1468.4283447266
666.167725      1601.7198486328
666.497375      1555.0677490234
666.826965      1490.6435546875
667.156494      1457.3206787109
667.486084      1501.7512207031
667.815552      1621.7136230469
668.144897      1595.0552978516
668.474304      1577.2830810547
668.803528      1515.0803222656
669.132813      1455.0991210938
669.462036      1501.7512207031
669.791260      1486.2005615234
670.120422      1503.9726562500
670.449463      1463.9852294922
670.778564      1539.5170898438
671.107544      1599.4982910156
671.436523      1512.8587646484
671.765381      1481.7574462891
672.094299      1612.8275146484
672.423157      1519.5234375000
672.751831      1537.2956542969
673.080627      1483.9790039063
673.409302      1495.0866699219
673.737976      1419.5548095703
674.066528      1501.7512207031
674.395081      1512.8587646484
674.723572      1630.5996093750
675.052002      1499.5296630859
675.380432      1532.8525390625
675.708801      1588.3906250000
676.037170      1495.0866699219
676.365417      1497.3081054688
676.693665      1490.6435546875
677.021851      1492.8651123047
677.349976      1466.2067871094
677.678040      1637.2642822266
678.006042      1579.5046386719
678.334106      1599.4982910156
678.662048      1497.3081054688
678.989929      1646.1503906250
679.317810      1479.5358886719
679.645630      1639.4857177734
679.973389      1412.8901367188
680.301086      1495.0866699219
680.628845      1583.9476318359
680.956482      1492.8651123047
681.283997      1501.7512207031
681.611572      1470.6497802734
681.939087      1432.8839111328
682.266541      1632.8211669922
682.593872      1606.1628417969
682.921265      1495.0866699219
683.248596      1550.6247558594
683.575806      1626.1566162109
683.903076      1479.5358886719
684.230286      1381.7888183594
684.557373      1495.0866699219
684.884399      1495.0866699219
685.211487      1432.8839111328
685.538513      1486.2005615234
685.865417      1486.2005615234
686.192261      1450.6561279297
686.519165      1483.9790039063
686.845947      1588.3906250000
687.172729      1428.4407958984
687.499451      1437.3269042969
687.826111      1561.7324218750
688.152771      1457.3206787109
688.479248      1446.2130126953
688.805847      1543.9602050781
689.132324      1512.8587646484
689.458801      1475.0928955078
689.785095      1548.4031982422
690.111511      1435.1054687500
690.437805      1541.7386474609
690.764038      1455.0991210938
691.090210      1470.6497802734
691.416443      1570.6185302734
691.742554      1521.7448730469
692.068604      1586.1691894531
692.394592      1397.3394775391
692.720581      1523.9664306641
693.046509      1546.1816406250
693.372375      1517.3018798828
693.698242      1486.2005615234
694.023987      1537.2956542969
694.349792      1555.0677490234
694.675476      1483.9790039063
695.001099      1459.5422363281
695.326721      1495.0866699219
695.652222      1670.5871582031
695.977783      1515.0803222656
696.303284      1543.9602050781
696.628723      1590.6121826172
696.954041      1583.9476318359
697.279358      1430.6623535156
697.604675      1550.6247558594
697.929871      1472.8713378906
698.255066      1483.9790039063
698.580200      1548.4031982422
698.905334      1457.3206787109
699.230286      1395.1179199219
699.555359      1550.6247558594
699.880310      1481.7574462891
700.205261      1472.8713378906
700.530029      1608.3843994141
700.854919      1448.4345703125
701.179688      1535.0740966797
701.504456      1475.0928955078
701.829102      1448.4345703125
702.153687      1401.7825927734
702.478271      1455.0991210938
702.802856      1479.5358886719
703.127319      1495.0866699219
703.451721      1519.5234375000
703.776123      1583.9476318359
704.100464      1512.8587646484
704.424805      1532.8525390625
704.749084      1519.5234375000
705.073303      1617.2705078125
705.397461      1435.1054687500
705.721558      1421.7762451172
706.045654      1506.1942138672
706.369690      1503.9726562500
706.693604      1432.8839111328
707.017578      1606.1628417969
707.341431      1515.0803222656
707.665283      1488.4219970703
707.989075      1521.7448730469
708.312805      1515.0803222656
708.636536      1468.4283447266
708.960144      1486.2005615234
709.283752      1506.1942138672
709.607361      1508.4157714844
709.930847      1539.5170898438
710.254333      1517.3018798828
710.577759      1497.3081054688
710.901062      1417.3332519531
711.224426      1463.9852294922
711.547668      1526.1879882813
711.870911      1497.3081054688
712.194153      1519.5234375000
712.517212      1506.1942138672
712.840332      1423.9978027344
713.163391      1426.2193603516
713.486389      1579.5046386719
713.809326      1521.7448730469
714.132202      1543.9602050781
714.455078      1517.3018798828
714.777893      1455.0991210938
715.100586      1539.5170898438
715.423401      1483.9790039063
715.746094      1461.7637939453
716.068604      1550.6247558594
716.391235      1486.2005615234
716.713745      1457.3206787109
717.036255      1477.3144531250
717.358643      1497.3081054688
717.681030      1503.9726562500
718.003418      1577.2830810547
718.325745      1463.9852294922
718.647888      1461.7637939453
718.970154      1608.3843994141
719.292297      1470.6497802734
719.614380      1555.0677490234
719.936401      1430.6623535156
720.258423      1455.0991210938
720.580383      1648.3718261719
720.902283      1472.8713378906
721.224182      1466.2067871094
721.545959      1486.2005615234
721.867737      1452.8776855469
722.189453      1490.6435546875
722.511169      1475.0928955078
722.832764      1521.7448730469
723.154419      1601.7198486328
723.475952      1499.5296630859
723.797424      1668.3656005859
724.118896      1561.7324218750
724.440247      1523.9664306641
724.761597      1430.6623535156
725.082886      1539.5170898438
725.404175      1483.9790039063
725.725342      1459.5422363281
726.046509      1463.9852294922
726.367615      1497.3081054688
726.688721      1537.2956542969
727.009644      1546.1816406250
727.330688      1463.9852294922
727.651611      1441.7700195313
727.972473      1419.5548095703
728.293274      1490.6435546875
728.614075      1421.7762451172
728.934814      1546.1816406250
729.255493      1606.1628417969
729.576172      1557.2893066406
729.896729      1472.8713378906
730.217285      1546.1816406250
730.537720      1539.5170898438
730.858215      1590.6121826172
731.178650      1499.5296630859
731.498962      1503.9726562500
731.819214      1439.5484619141
732.139526      1441.7700195313
732.459778      1488.4219970703
732.779846      1479.5358886719
733.100037      1432.8839111328
733.420105      1541.7386474609
733.740112      1528.4095458984
734.060059      1428.4407958984
734.380066      1399.5610351563
734.699890      1528.4095458984
735.019775      1481.7574462891
735.339478      1555.0677490234
735.659241      1543.9602050781
735.978943      1537.2956542969
736.298584      1457.3206787109
736.618164      1499.5296630859
736.937744      1532.8525390625
737.257263      1477.3144531250
737.576599      1530.6309814453
737.896057      1486.2005615234
738.215393      1488.4219970703
738.534729      1568.3969726563
738.853943      1681.6947021484
739.173157      1490.6435546875
739.492371      1546.1816406250
739.811523      1477.3144531250
740.130493      1515.0803222656
740.449524      1470.6497802734
740.768555      1441.7700195313
741.087463      1472.8713378906
741.406311      1477.3144531250
741.725159      1459.5422363281
742.043945      1497.3081054688
742.362610      1510.6373291016
742.681396      1619.4920654297
743.000061      1328.4721679688
743.318604      1492.8651123047
743.637146      1523.9664306641
743.955627      1612.8275146484
744.274109      1481.7574462891
744.592407      1490.6435546875
744.910828      1528.4095458984
745.229126      1475.0928955078
745.547424      1543.9602050781
745.865540      1546.1816406250
746.183777      1410.6687011719
746.501892      1563.9538574219
746.819946      1588.3906250000
747.137939      1472.8713378906
747.455872      1410.6687011719
747.773865      1532.8525390625
748.091736      1579.5046386719
748.409485      1515.0803222656
748.727295      1530.6309814453
749.045044      1483.9790039063
749.362671      1483.9790039063
749.680298      1488.4219970703
749.997925      1466.2067871094
750.315491      1408.4471435547
750.632874      1468.4283447266
750.950378      1575.0615234375
751.267822      1450.6561279297
751.585083      1417.3332519531
751.902405      1515.0803222656
752.219666      1426.2193603516
752.536865      1468.4283447266
752.854004      1506.1942138672
753.171082      1472.8713378906
753.488159      1510.6373291016
753.805176      1506.1942138672
754.122070      1521.7448730469
754.439026      1495.0866699219
754.755920      1450.6561279297
755.072693      1532.8525390625
755.389465      1461.7637939453
755.706177      1479.5358886719
756.022888      1430.6623535156
756.339478      1546.1816406250
756.656006      1526.1879882813
756.972595      1543.9602050781
757.289063      1526.1879882813
757.605408      1515.0803222656
757.921814      1521.7448730469
758.238159      1477.3144531250
758.554443      1495.0866699219
758.870667      1528.4095458984
759.186890      1461.7637939453
759.503052      1546.1816406250
759.819092      1466.2067871094
760.135132      1492.8651123047
760.451172      1586.1691894531
760.767029      1559.5108642578
761.082947      1450.6561279297
761.398804      1539.5170898438
761.714600      1437.3269042969
762.030396      1483.9790039063
762.346008      1555.0677490234
762.661682      1515.0803222656
762.977295      1523.9664306641
763.292908      1543.9602050781
763.608337      1461.7637939453
763.923828      1506.1942138672
764.239258      1483.9790039063
764.554626      1384.0103759766
764.869873      1548.4031982422
765.185181      1506.1942138672
765.500427      1426.2193603516
765.815491      1521.7448730469
766.130615      1599.4982910156
766.445740      1486.2005615234
766.760803      1443.9915771484
767.075745      1519.5234375000
767.390686      1537.2956542969
767.705566      1615.0489501953
768.020386      1490.6435546875
768.335144      1512.8587646484
768.649902      1641.7072753906
768.964539      1497.3081054688
769.279175      1463.9852294922
769.593750      1548.4031982422
769.908264      1437.3269042969
770.222839      1508.4157714844
770.537170      1479.5358886719
770.851624      1475.0928955078
771.165955      1703.9100341797
771.480286      1486.2005615234
771.794495      1435.1054687500
772.108704      1526.1879882813
772.422852      1512.8587646484
772.736938      1539.5170898438
773.050964      1570.6185302734
773.364990      1483.9790039063
773.678894      1510.6373291016
773.992798      1548.4031982422
774.306641      1526.1879882813
774.620422      1472.8713378906
774.934204      1466.2067871094
775.247864      1510.6373291016
775.561584      1488.4219970703
775.875183      1492.8651123047
776.188721      1428.4407958984
776.502197      1530.6309814453
776.815735      1555.0677490234
777.129150      1526.1879882813
777.442444      1408.4471435547
777.755737      1497.3081054688
778.069092      1423.9978027344
778.382324      1488.4219970703
778.695435      1468.4283447266
779.008545      1428.4407958984
779.321594      1619.4920654297
779.634644      1492.8651123047
779.947571      1428.4407958984
780.260498      1452.8776855469
780.573364      1430.6623535156
780.886169      1503.9726562500
781.198975      1448.4345703125
781.511719      1577.2830810547
781.824402      1572.8399658203
782.136963      1443.9915771484
782.449585      1583.9476318359
782.762146      1452.8776855469
783.074646      1399.5610351563
783.387024      1506.1942138672
783.699402      1819.4293212891
784.011719      1521.7448730469
784.324097      1428.4407958984
784.636230      1501.7512207031
784.948425      1528.4095458984
785.260620      1503.9726562500
785.572632      1548.4031982422
785.884644      1459.5422363281
786.196655      1459.5422363281
786.508667      1428.4407958984
786.820496      1490.6435546875
787.132324      1495.0866699219
787.444153      1483.9790039063
787.755859      1559.5108642578
788.067566      1463.9852294922
788.379211      1419.5548095703
788.690796      1483.9790039063
789.002319      1539.5170898438
789.313782      1508.4157714844
789.625305      1481.7574462891
789.936707      1526.1879882813
790.247986      1648.3718261719
790.559326      1588.3906250000
790.870605      1543.9602050781
791.181763      1603.9414062500
791.492920      1479.5358886719
791.803955      1515.0803222656
792.115051      1535.0740966797
792.426086      1595.0552978516
792.737000      1470.6497802734
793.047913      1499.5296630859
793.358765      1601.7198486328
793.669495      1715.0175781250
793.980347      1557.2893066406
794.291016      1512.8587646484
794.601685      1592.8337402344
794.912292      1566.1754150391
795.222778      1430.6623535156
795.533325      1501.7512207031
795.843811      1446.2130126953
796.154175      1461.7637939453
796.464539      1492.8651123047
796.774902      1566.1754150391
797.085022      1408.4471435547
797.395325      1479.5358886719
797.705505      1541.7386474609
798.015625      1508.4157714844
798.325623      1488.4219970703
798.635620      1466.2067871094
798.945618      1597.2767333984
799.255554      1663.9226074219
799.565369      1479.5358886719
799.875183      1501.7512207031
800.184998      1412.8901367188
800.494690      1532.8525390625
800.804321      1452.8776855469
801.113953      1570.6185302734
801.423462      1510.6373291016
801.732910      1479.5358886719
802.042419      1419.5548095703
802.351868      1668.3656005859
802.661255      1590.6121826172
802.970520      1466.2067871094
803.279785      1508.4157714844
803.588989      1510.6373291016
803.898193      1495.0866699219
804.207275      1503.9726562500
804.516357      1563.9538574219
804.825378      1619.4920654297
805.134277      1606.1628417969
805.443176      1495.0866699219
805.752136      1479.5358886719
806.060974      1461.7637939453
806.369629      1468.4283447266
806.678406      1483.9790039063
806.987061      1490.6435546875
807.295715      1439.5484619141
807.604187      1677.2517089844
807.912720      1519.5234375000
808.221191      1581.7260742188
808.529663      1490.6435546875
808.837952      1461.7637939453
809.146301      1512.8587646484
809.454590      1559.5108642578
809.762756      1523.9664306641
810.070923      1486.2005615234
810.379028      1568.3969726563
810.687073      1479.5358886719
810.995117      1515.0803222656
811.303040      1515.0803222656
811.611023      1443.9915771484
811.918884      1619.4920654297
812.226624      1470.6497802734
812.534424      1599.4982910156
812.842163      1481.7574462891
813.149719      1508.4157714844
813.457397      1541.7386474609
813.764954      1415.1116943359
814.072510      1557.2893066406
814.379883      1628.3781738281
814.687378      1430.6623535156
814.994690      1588.3906250000
815.302063      1586.1691894531
815.609314      1510.6373291016
815.916504      1490.6435546875
816.223694      1495.0866699219
816.530762      1479.5358886719
816.837830      1497.3081054688
817.144836      1446.2130126953
817.451843      1503.9726562500
817.758667      1488.4219970703
818.065552      1561.7324218750
818.372375      1443.9915771484
818.679138      1557.2893066406
818.985779      1443.9915771484
819.292480      1523.9664306641
819.599121      1575.0615234375
819.905701      1475.0928955078
820.212158      1463.9852294922
820.518616      1437.3269042969
820.825012      1437.3269042969
821.131348      1368.4597167969
821.437683      1417.3332519531
821.743896      1506.1942138672
822.050110      1486.2005615234
822.356262      1459.5422363281
822.662415      1406.2255859375
822.968445      1477.3144531250
823.274475      1441.7700195313
823.580322      1439.5484619141
823.886292      1472.8713378906
824.192200      1512.8587646484
824.497864      1606.1628417969
824.803711      1555.0677490234
825.109375      1512.8587646484
825.415039      1461.7637939453
825.720581      1537.2956542969
826.026184      1650.5933837891
826.331665      1519.5234375000
826.637146      1539.5170898438
826.942444      1508.4157714844
827.247803      1499.5296630859
827.553162      1501.7512207031
827.858398      1586.1691894531
828.163574      1643.9288330078
828.468750      1410.6687011719
828.773804      1617.2705078125
829.078796      1515.0803222656
829.383850      1448.4345703125
829.688782      1472.8713378906
829.993713      1599.4982910156
830.298462      1483.9790039063
830.603271      1437.3269042969
830.908020      1506.1942138672
831.212708      1548.4031982422
831.517273      1532.8525390625
831.821960      1501.7512207031
832.126465      1528.4095458984
832.430908      1699.4669189453
832.735352      1539.5170898438
833.039734      1515.0803222656
833.344116      1508.4157714844
833.648315      1475.0928955078
833.952576      1510.6373291016
834.256714      1499.5296630859
834.560913      1526.1879882813
834.864929      1526.1879882813
835.169006      1515.0803222656
835.472961      1450.6561279297
835.776917      1539.5170898438
836.080750      1486.2005615234
836.384583      1468.4283447266
836.688354      1521.7448730469
836.992004      1472.8713378906
837.295654      1499.5296630859
837.599365      1592.8337402344
837.902893      1479.5358886719
838.206360      1686.1378173828
838.509827      1452.8776855469
838.813293      1508.4157714844
839.116699      1670.5871582031
839.419922      1475.0928955078
839.723206      1386.2318115234
840.026428      1446.2130126953
840.329590      1475.0928955078
840.632690      1515.0803222656
840.935730      1450.6561279297
841.238708      1530.6309814453
841.541626      1472.8713378906
841.844543      1528.4095458984
842.147461      1455.0991210938
842.450256      1497.3081054688
842.752930      1463.9852294922
843.055664      1435.1054687500
843.358337      1510.6373291016
843.660889      1466.2067871094
843.963440      1532.8525390625
844.265930      1510.6373291016
844.568420      1423.9978027344
844.870728      1557.2893066406
845.173096      1477.3144531250
845.475403      1392.8964843750
845.777649      1486.2005615234
846.079834      1601.7198486328
846.381958      1475.0928955078
846.684021      1721.6822509766
846.986145      1428.4407958984
847.288025      1626.1566162109
847.589966      1555.0677490234
847.891846      1479.5358886719
848.193665      1475.0928955078
848.495483      1610.6059570313
848.797180      1563.9538574219
849.098877      1381.7888183594
849.400452      1541.7386474609
849.702026      1528.4095458984
850.003540      1579.5046386719
850.304993      1557.2893066406
850.606445      1590.6121826172
850.907776      1537.2956542969
851.209106      1519.5234375000
851.510315      1450.6561279297
851.811584      1406.2255859375
852.112671      1519.5234375000
852.413879      1535.0740966797
852.714844      1519.5234375000
853.015869      1586.1691894531
853.316833      1519.5234375000
853.617737      1570.6185302734
853.918579      1510.6373291016
854.219360      1523.9664306641
854.520142      1526.1879882813
854.820862      1483.9790039063
855.121399      1530.6309814453
855.421997      1572.8399658203
855.722595      1697.2454833984
856.023071      1468.4283447266
856.323486      1417.3332519531
856.623901      1557.2893066406
856.924255      1637.2642822266
857.224487      1423.9978027344
857.524719      1539.5170898438
857.824890      1486.2005615234
858.125000      1528.4095458984
858.425049      1619.4920654297
858.725098      1510.6373291016
859.025085      1375.1242675781
859.325012      1483.9790039063
859.624817      1486.2005615234
859.924683      1592.8337402344
860.224487      1475.0928955078
860.524170      1446.2130126953
860.823792      1495.0866699219
861.123474      1450.6561279297
861.422974      1537.2956542969
861.722412      1457.3206787109
862.021912      1615.0489501953
862.321350      1541.7386474609
862.620728      1477.3144531250
862.919983      1497.3081054688
863.219238      1583.9476318359
863.518433      1506.1942138672
863.817505      1561.7324218750
864.116638      1537.2956542969
864.415710      1528.4095458984
864.714722      1448.4345703125
865.013550      1523.9664306641
865.312439      1555.0677490234
865.611328      1535.0740966797
865.910156      1523.9664306641
866.208801      1570.6185302734
866.507507      1461.7637939453
866.806091      1506.1942138672
867.104614      1408.4471435547
867.403137      1488.4219970703
867.701660      1446.2130126953
868.000061      1419.5548095703
868.298401      1619.4920654297
868.596741      1543.9602050781
868.894958      1508.4157714844
869.193237      1479.5358886719
869.491333      1612.8275146484
869.789429      1430.6623535156
870.087524      1477.3144531250
870.385498      1468.4283447266
870.683411      1595.0552978516
870.981323      1512.8587646484
871.279236      1537.2956542969
871.576965      1459.5422363281
871.874695      1417.3332519531
872.172363      1495.0866699219
872.470032      1568.3969726563
872.767578      1459.5422363281
873.065125      1546.1816406250
873.362549      1450.6561279297
873.660034      1423.9978027344
873.957397      1468.4283447266
874.254700      1517.3018798828
874.552002      1563.9538574219
874.849182      1492.8651123047
875.146362      1537.2956542969
875.443481      1432.8839111328
875.740540      1566.1754150391
876.037476      1568.3969726563
876.334473      1488.4219970703
876.631348      1397.3394775391
876.928223      1459.5422363281
877.224976      1423.9978027344
877.521729      1499.5296630859
877.818420      1530.6309814453
878.115112      1523.9664306641
878.411621      1408.4471435547
878.708191      1526.1879882813
879.004700      1559.5108642578
879.301086      1492.8651123047
879.597473      1512.8587646484
879.893799      1548.4031982422
880.190063      1597.2767333984
880.486267      1475.0928955078
880.782471      1415.1116943359
881.078613      1421.7762451172
881.374695      1446.2130126953
881.670654      1563.9538574219
881.966614      1530.6309814453
882.262573      1503.9726562500
882.558350      1475.0928955078
882.854126      1575.0615234375
883.149902      1570.6185302734
883.445618      1455.0991210938
883.741211      1539.5170898438
884.036865      1530.6309814453
884.332336      1475.0928955078
884.627869      1490.6435546875
884.923218      1497.3081054688
885.218689      1508.4157714844
885.513977      1490.6435546875
885.809265      1415.1116943359
886.104492      1521.7448730469
886.399658      1492.8651123047
886.694763      1586.1691894531
886.989807      1455.0991210938
887.284790      1479.5358886719
887.579773      1435.1054687500
887.874695      1546.1816406250
888.169495      1577.2830810547
888.464355      1548.4031982422
888.759094      1501.7512207031
889.053772      1515.0803222656
889.348389      1519.5234375000
