0.391000
190.489868         0.0000000000
190.870819         0.0000000000
191.251740       973.0281372070
191.632629       955.2559204102
192.013474       933.0407104492
192.394302       948.5913696289
192.775101       966.3635864258
193.155838       977.4711914063
193.536575      1004.1295166016
193.917267       979.6926879883
194.297943      1024.1231689453
194.678574      1015.2371215820
195.059174       988.5787963867
195.439743      1019.6801757813
195.820282       975.2496337891
196.200790      1050.7814941406
196.581268       999.6864624023
196.961700      1006.3510131836
197.342117       970.8066406250
197.722488       968.5850830078
198.102829       944.1483154297
198.483154      1008.5725708008
198.863434       964.1420288086
199.243698      1037.4523925781
199.623901      1099.6550292969
200.004089       926.3760986328
200.384247       973.0281372070
200.764389       973.0281372070
201.144485       921.9330444336
201.524536       977.4711914063
201.904572       961.9205322266
202.284561       950.8128662109
202.664520      1004.1295166016
203.044449      1015.2371215820
203.424362       988.5787963867
203.804214       979.6926879883
204.184067       964.1420288086
204.563858       979.6926879883
204.943649      1041.8953857422
205.323380       946.3698120117
205.703094       935.2622070313
206.082764      1046.3385009766
206.462418       984.1357421875
206.842026       870.8379516602
207.221588       928.5976562500
207.601166      1081.8829345703
207.980667       977.4711914063
208.360153      1017.4586181641
208.739609       995.2434082031
209.119034       957.4774780273
209.498428       964.1420288086
209.877777       904.1608276367
210.257111       988.5787963867
210.636398      1021.9016723633
211.015656       924.1546020508
211.394882       937.4837036133
211.774094      1001.9079589844
212.153244       899.7177734375
212.532394       899.7177734375
212.911484       990.8003540039
213.290543      1019.6801757813
213.669571      1061.8891601563
214.048584       979.6926879883
214.427567       921.9330444336
214.806488       930.8191528320
215.185410       990.8003540039
215.564270       901.9393310547
215.943115      1015.2371215820
216.321930      1046.3385009766
216.700714       928.5976562500
217.079437       990.8003540039
217.458176       995.2434082031
217.836838       937.4837036133
218.215485       955.2559204102
218.594101       973.0281372070
218.972687       921.9330444336
219.351227       990.8003540039
219.729752      1035.2308349609
220.108246      1021.9016723633
220.486694      1035.2308349609
220.865128      1035.2308349609
221.243515       926.3760986328
221.621872      1084.1043701172
222.000183      1013.0156250000
222.378494       973.0281372070
222.756744       935.2622070313
223.134964       953.0344238281
223.513153       990.8003540039
223.891327      1044.1169433594
224.269455      1001.9079589844
224.647552       904.1608276367
225.025620       997.4649047852
225.403656       955.2559204102
225.781647       959.6989746094
226.159622       933.0407104492
226.537552       919.7115478516
226.915436       999.6864624023
227.293335      1026.3447265625
227.671158       999.6864624023
228.048950       919.7115478516
228.426727       964.1420288086
228.804459       910.8254394531
229.182175       895.2747192383
229.559845       930.8191528320
229.937500       970.8066406250
230.315094      1013.0156250000
230.692673       977.4711914063
231.070221      1021.9016723633
231.447723       917.4899902344
231.825180       964.1420288086
232.202652       944.1483154297
232.580048       933.0407104492
232.957428       941.9267578125
233.334778       959.6989746094
233.712097       988.5787963867
234.089386       961.9205322266
234.466614      1008.5725708008
234.843842      1013.0156250000
235.221024       970.8066406250
235.598175       946.3698120117
235.975281       946.3698120117
236.352386       950.8128662109
236.729431       964.1420288086
237.106445       944.1483154297
237.483414       921.9330444336
237.860382       950.8128662109
238.237305      1017.4586181641
238.614182      1041.8953857422
238.991043       915.2684936523
239.367859       975.2496337891
239.744644       966.3635864258
240.121414       921.9330444336
240.498138       968.5850830078
240.874817       897.4962768555
241.251480      1008.5725708008
241.628098       873.0595092773
242.004700       975.2496337891
242.381241       955.2559204102
242.757782      1017.4586181641
243.134262      1026.3447265625
243.510727       966.3635864258
243.887146       979.6926879883
244.263535       966.3635864258
244.639893       990.8003540039
245.016220       937.4837036133
245.392517      1021.9016723633
245.768768       933.0407104492
246.145020       997.4649047852
246.521194       944.1483154297
246.897354       979.6926879883
247.273483       988.5787963867
247.649567       966.3635864258
248.025650      1026.3447265625
248.401672       977.4711914063
248.777664       959.6989746094
249.153641       988.5787963867
249.529556      1006.3510131836
249.905457       939.7052612305
250.281326       939.7052612305
250.657135       981.9142456055
251.032959       955.2559204102
251.408707       935.2622070313
251.784424       981.9142456055
252.160126       995.2434082031
252.535797       999.6864624023
252.911423      1008.5725708008
253.287018       955.2559204102
253.662582       937.4837036133
254.038116      1055.2246093750
254.413605      1030.7878417969
254.789063       928.5976562500
255.164505       935.2622070313
255.539886       981.9142456055
255.915268       975.2496337891
256.290588       921.9330444336
256.665894      1001.9079589844
257.041168       815.2998046875
257.416351       946.3698120117
257.791565       926.3760986328
258.166779       944.1483154297
258.541870       964.1420288086
258.916962       973.0281372070
259.292023       981.9142456055
259.667023       915.2684936523
260.042053       939.7052612305
260.416992       953.0344238281
260.791931       928.5976562500
261.166809       948.5913696289
261.541687       919.7115478516
261.916504       933.0407104492
262.291321       988.5787963867
262.666077       955.2559204102
263.040802       961.9205322266
263.415497       921.9330444336
263.790161       997.4649047852
264.164795       993.0218505859
264.539368       926.3760986328
264.913910       959.6989746094
265.288452       944.1483154297
265.662964       990.8003540039
266.037384       888.6101684570
266.411865       957.4774780273
266.786224       970.8066406250
267.160583      1001.9079589844
267.534912      1026.3447265625
267.909210       975.2496337891
268.283447       999.6864624023
268.657654       937.4837036133
269.031860       933.0407104492
269.406006      1055.2246093750
269.780151      1017.4586181641
270.154236      1021.9016723633
270.528290       937.4837036133
270.902283       957.4774780273
271.276306       959.6989746094
271.650238      1010.7940673828
272.024170       939.7052612305
272.398041       917.4899902344
272.771881       964.1420288086
273.145721      1066.3321533203
273.519531       890.8317260742
273.893219       901.9393310547
274.266937       999.6864624023
274.640656      1035.2308349609
275.014282       946.3698120117
275.387909       937.4837036133
275.761475       921.9330444336
276.135040       957.4774780273
276.508514       926.3760986328
276.882019       999.6864624023
277.255463       966.3635864258
277.628906       933.0407104492
278.002258       946.3698120117
278.375549       979.6926879883
278.748901       970.8066406250
279.122162      1021.9016723633
279.495392      1084.1043701172
279.868622      1024.1231689453
280.241791      1010.7940673828
280.614929       935.2622070313
280.988007       975.2496337891
281.361084       946.3698120117
281.734131       993.0218505859
282.107117       968.5850830078
282.480072       979.6926879883
282.853027       953.0344238281
283.225952      1061.8891601563
283.598785      1008.5725708008
283.971619      1039.6739501953
284.344452       946.3698120117
284.717194       921.9330444336
285.089905       904.1608276367
285.462616       941.9267578125
285.835297      1015.2371215820
286.207886       999.6864624023
286.580475       926.3760986328
286.953064       997.4649047852
287.325592       964.1420288086
287.698059       937.4837036133
288.070496       977.4711914063
288.442963       917.4899902344
288.815308       955.2559204102
289.187683       990.8003540039
289.559998       866.3948974609
289.932281       995.2434082031
290.304504       964.1420288086
290.676727       921.9330444336
291.048920       946.3698120117
291.421082       957.4774780273
291.793182       904.1608276367
292.165222       950.8128662109
292.537292       897.4962768555
292.909332       995.2434082031
293.281281      1006.3510131836
293.653198       953.0344238281
294.025116       973.0281372070
294.397003       961.9205322266
294.768860      1084.1043701172
295.140656      1044.1169433594
295.512390       941.9267578125
295.884125      1072.9968261719
296.255829       966.3635864258
296.627502       977.4711914063
296.999146      1041.8953857422
297.370728       890.8317260742
297.742249       993.0218505859
298.113831      1021.9016723633
298.485291       953.0344238281
298.856781       981.9142456055
299.228149       957.4774780273
299.599579       964.1420288086
299.970917       957.4774780273
300.342224       964.1420288086
300.713531       995.2434082031
301.084778       933.0407104492
301.455994       970.8066406250
301.827148      1035.2308349609
302.198334       981.9142456055
302.569427       993.0218505859
302.940521       995.2434082031
303.311554       906.3823852539
303.682556      1059.6676025391
304.053528       977.4711914063
304.424469       979.6926879883
304.795380       959.6989746094
305.166260       944.1483154297
305.537048       950.8128662109
305.907837       966.3635864258
306.278625       966.3635864258
306.649384       921.9330444336
307.020050       941.9267578125
307.390686       959.6989746094
307.761353       928.5976562500
308.131897       921.9330444336
308.502502       984.1357421875
308.872986      1035.2308349609
309.243500      1026.3447265625
309.613922      1013.0156250000
309.984344      1030.7878417969
310.354736       930.8191528320
310.725098       957.4774780273
311.095398       990.8003540039
311.465637       915.2684936523
311.835907      1001.9079589844
312.206116       957.4774780273
312.576294       961.9205322266
312.946411       939.7052612305
313.316528       935.2622070313
313.686584      1013.0156250000
314.056610       968.5850830078
314.426605       895.2747192383
314.796570       975.2496337891
315.166504      1099.6550292969
315.536377       993.0218505859
315.906250       926.3760986328
316.276093      1017.4586181641
316.645844       955.2559204102
317.015594       946.3698120117
317.385315      1017.4586181641
317.755035       988.5787963867
318.124603      1001.9079589844
318.494263       999.6864624023
318.863831       984.1357421875
319.233368       970.8066406250
319.602875      1035.2308349609
319.972351      1064.1107177734
320.341797       959.6989746094
320.711182       979.6926879883
321.080536      1026.3447265625
321.449890       944.1483154297
321.819183      1021.9016723633
322.188446       919.7115478516
322.557648       968.5850830078
322.926880       950.8128662109
323.295990       928.5976562500
323.665100       986.3572998047
324.034210       941.9267578125
324.403259       977.4711914063
324.772247       933.0407104492
325.141205       993.0218505859
325.510193       993.0218505859
325.879120       995.2434082031
326.247955       977.4711914063
326.616791      1037.4523925781
326.985596      1028.5662841797
327.354340       941.9267578125
327.723053       919.7115478516
328.091797       957.4774780273
328.460449       953.0344238281
328.829071       955.2559204102
329.197632       930.8191528320
329.566193       955.2559204102
329.934753       968.5850830078
330.303192       913.0469360352
330.671631      1026.3447265625
331.040070       915.2684936523
331.408478       868.6164550781
331.776794       961.9205322266
332.145081       935.2622070313
332.513367       999.6864624023
332.881592       977.4711914063
333.249756      1046.3385009766
333.617920       973.0281372070
333.986084       970.8066406250
334.354156       999.6864624023
334.722229       986.3572998047
335.090240       964.1420288086
335.458252       966.3635864258
335.826202       924.1546020508
336.194092       924.1546020508
336.561951       928.5976562500
336.929779       928.5976562500
337.297577       879.7240600586
337.665375       928.5976562500
338.033142       977.4711914063
338.400787       953.0344238281
338.768463       968.5850830078
339.136108      1019.6801757813
339.503693       944.1483154297
339.871246       939.7052612305
340.238770       977.4711914063
340.606262       935.2622070313
340.973755       935.2622070313
341.341125      1132.9780273438
341.708527       961.9205322266
342.075867       955.2559204102
342.443146       913.0469360352
342.810425       928.5976562500
343.177673       964.1420288086
343.544861       984.1357421875
343.912018       984.1357421875
344.279114      1177.4084472656
344.646271       970.8066406250
345.013336       904.1608276367
345.380341       990.8003540039
345.747314       997.4649047852
346.114258       973.0281372070
346.481171       904.1608276367
346.848022      1041.8953857422
347.214905      1013.0156250000
347.581726       986.3572998047
347.948456       993.0218505859
348.315186       946.3698120117
348.681885       906.3823852539
349.048584      1066.3321533203
349.415161      1004.1295166016
349.781738      1008.5725708008
350.148346       986.3572998047
350.514862       948.5913696289
350.881287       930.8191528320
351.247742       997.4649047852
351.614197      1006.3510131836
351.980530       939.7052612305
352.346863       990.8003540039
352.713165      1033.0092773438
353.079437      1013.0156250000
353.445679      1039.6739501953
353.811859      1035.2308349609
354.178009       928.5976562500
354.544159       999.6864624023
354.910217       997.4649047852
355.276276       917.4899902344
355.642303       939.7052612305
356.008270       997.4649047852
356.374176       964.1420288086
356.740112       959.6989746094
357.105988       924.1546020508
357.471802       966.3635864258
357.837585       930.8191528320
358.203339       953.0344238281
358.569092      1013.0156250000
358.934753       986.3572998047
359.300415      1088.5474853516
359.666016       941.9267578125
360.031616       953.0344238281
360.397125       917.4899902344
360.762634       984.1357421875
361.128143       944.1483154297
361.493530      1075.2182617188
361.858917      1046.3385009766
362.224274       984.1357421875
362.589630       944.1483154297
362.954895       979.6926879883
363.320160       950.8128662109
363.685394      1026.3447265625
364.050568       870.8379516602
364.415680       910.8254394531
364.780792       953.0344238281
365.145874       939.7052612305
365.510895      1013.0156250000
365.875854      1001.9079589844
366.240845       935.2622070313
366.605774       999.6864624023
366.970642       948.5913696289
367.335480       961.9205322266
367.700317       984.1357421875
368.065125       953.0344238281
368.429840      1021.9016723633
368.794525      1039.6739501953
369.159241       933.0407104492
369.523834       966.3635864258
369.888397      1024.1231689453
370.252991       975.2496337891
370.617554      1019.6801757813
370.981995       966.3635864258
371.346436       975.2496337891
371.710846       944.1483154297
372.075256      1001.9079589844
372.439545       970.8066406250
372.803864       913.0469360352
373.168121       986.3572998047
373.532379      1015.2371215820
373.896545      1030.7878417969
374.260681       946.3698120117
374.624847       924.1546020508
374.988892       946.3698120117
375.352936       928.5976562500
375.716949       964.1420288086
376.080933       937.4837036133
376.444855       939.7052612305
376.808716       941.9267578125
377.172638       964.1420288086
377.536469       970.8066406250
377.900208       988.5787963867
378.263947       966.3635864258
378.627686       990.8003540039
378.991364       933.0407104492
379.354980      1006.3510131836
379.718628       959.6989746094
380.082214      1015.2371215820
380.445709       999.6864624023
380.809174       981.9142456055
381.172668       948.5913696289
381.536072       968.5850830078
381.899475       937.4837036133
382.262787       959.6989746094
382.626129       955.2559204102
382.989380       957.4774780273
383.352631      1013.0156250000
383.715790       977.4711914063
384.078979       937.4837036133
384.442078       948.5913696289
384.805145       997.4649047852
385.168243       921.9330444336
385.531250       966.3635864258
385.894226       937.4837036133
386.257141       953.0344238281
386.620056       904.1608276367
386.982941      1019.6801757813
387.345734       955.2559204102
387.708527      1006.3510131836
388.071289      1021.9016723633
388.433990       981.9142456055
388.796661       866.3948974609
389.159332       941.9267578125
389.521942       904.1608276367
389.884491       937.4837036133
390.247040       955.2559204102
390.609528       946.3698120117
390.971985      1035.2308349609
391.334412       948.5913696289
391.696747       915.2684936523
392.059143       953.0344238281
392.421478       999.6864624023
392.783691      1001.9079589844
393.145935       968.5850830078
393.508148       997.4649047852
393.870270       961.9205322266
394.232391       988.5787963867
394.594482       921.9330444336
394.956573       995.2434082031
395.318542      1001.9079589844
395.680511      1053.0030517578
396.042450       888.6101684570
396.404388       968.5850830078
396.766235       906.3823852539
397.128021       988.5787963867
397.489838       937.4837036133
397.851563       928.5976562500
398.213257       899.7177734375
398.574951       935.2622070313
398.936615       948.5913696289
399.298187       970.8066406250
399.659729       986.3572998047
400.021271      1006.3510131836
400.382751       997.4649047852
400.744202       957.4774780273
401.105621       930.8191528320
401.466980       964.1420288086
401.828339       935.2622070313
402.189606       993.0218505859
402.550873       895.2747192383
402.912140       939.7052612305
403.273285       977.4711914063
403.634430       946.3698120117
403.995544       955.2559204102
404.356659       970.8066406250
404.717651       919.7115478516
405.078674      1004.1295166016
405.439636       926.3760986328
405.800568       973.0281372070
406.161438       928.5976562500
406.522278       930.8191528320
406.883118       975.2496337891
407.243866       975.2496337891
407.604584       961.9205322266
407.965302      1055.2246093750
408.325989       933.0407104492
408.686584       933.0407104492
409.047150       981.9142456055
409.407715       999.6864624023
409.768250       953.0344238281
410.128723       970.8066406250
410.489136       941.9267578125
410.849518       964.1420288086
411.209900      1024.1231689453
411.570190       966.3635864258
411.930511      1004.1295166016
412.290741       908.6038818359
412.650940       948.5913696289
413.011078       946.3698120117
413.371246       984.1357421875
413.731354       975.2496337891
414.091400       988.5787963867
414.451385       924.1546020508
414.811401       968.5850830078
415.171356       966.3635864258
415.531281       921.9330444336
415.891113       901.9393310547
416.250946       986.3572998047
416.610718      1004.1295166016
416.970490       990.8003540039
417.330200       919.7115478516
417.689911       977.4711914063
418.049530       935.2622070313
418.409119       961.9205322266
418.768707       988.5787963867
419.128235       981.9142456055
419.487701       917.4899902344
419.847137       964.1420288086
420.206573       935.2622070313
420.565948       935.2622070313
420.925232      1039.6739501953
421.284576       953.0344238281
421.643860       961.9205322266
422.003052       950.8128662109
422.362213       921.9330444336
422.721375       941.9267578125
423.080536       946.3698120117
423.439575      1033.0092773438
423.798584       930.8191528320
424.157593       984.1357421875
424.516571       948.5913696289
424.875458       995.2434082031
425.234314       984.1357421875
425.593201       968.5850830078
425.951965       997.4649047852
426.310699       937.4837036133
426.669495       937.4837036133
427.028168       928.5976562500
427.386810       966.3635864258
427.745392       999.6864624023
428.103973       930.8191528320
428.462524      1066.3321533203
428.821045       984.1357421875
429.179504       986.3572998047
429.537903      1010.7940673828
429.896271       924.1546020508
430.254608       970.8066406250
430.612915      1006.3510131836
430.971222       873.0595092773
431.329437       970.8066406250
431.687622       979.6926879883
432.045776       904.1608276367
432.403900      1017.4586181641
432.761993       968.5850830078
433.119995       915.2684936523
433.477997      1035.2308349609
433.835968       966.3635864258
434.193909       988.5787963867
434.551758       953.0344238281
434.909637       855.2872924805
435.267395       966.3635864258
435.625183       973.0281372070
435.982910      1033.0092773438
436.340607       941.9267578125
436.698273       981.9142456055
437.055878       933.0407104492
437.413452       908.6038818359
437.770996       999.6864624023
438.128479       995.2434082031
438.485962       988.5787963867
438.843384       944.1483154297
439.200775       881.9456176758
439.558136       984.1357421875
439.915405       937.4837036133
440.272705      1001.9079589844
440.629883      1004.1295166016
440.987091       993.0218505859
441.344238       948.5913696289
441.701355       917.4899902344
442.058441      1001.9079589844
442.415436       946.3698120117
442.772461       981.9142456055
443.129425       959.6989746094
443.486359      1024.1231689453
443.843231       928.5976562500
444.200104       921.9330444336
444.556885       895.2747192383
444.913635      1055.2246093750
445.270355       944.1483154297
445.627075       979.6926879883
445.983704       975.2496337891
446.340302       939.7052612305
446.696869       964.1420288086
447.053436       941.9267578125
447.409912       955.2559204102
447.766357       970.8066406250
448.122803       973.0281372070
448.479156       946.3698120117
448.835510       970.8066406250
449.191772      1004.1295166016
449.548096       953.0344238281
449.904297       873.0595092773
450.260437       939.7052612305
450.616608       946.3698120117
450.972687       915.2684936523
451.328796       973.0281372070
451.684814       921.9330444336
452.040833       926.3760986328
452.396729       926.3760986328
452.752655       981.9142456055
453.108551       988.5787963867
453.464355      1024.1231689453
453.820160       935.2622070313
454.175934       895.2747192383
454.531616       893.0532226563
454.887299       935.2622070313
455.242950       953.0344238281
455.598541       928.5976562500
455.954102       919.7115478516
456.309601       979.6926879883
456.665131      1004.1295166016
457.020538       984.1357421875
457.375977       986.3572998047
457.731323       968.5850830078
458.086670       957.4774780273
458.441956       968.5850830078
458.797211       935.2622070313
459.152405       926.3760986328
459.507538      1008.5725708008
459.862701       957.4774780273
460.217773      1004.1295166016
460.572845       990.8003540039
460.927856       964.1420288086
461.282837       953.0344238281
461.637756       908.6038818359
461.992645       928.5976562500
462.347504       928.5976562500
462.702332      1035.2308349609
463.057129       975.2496337891
463.411835       981.9142456055
463.766541       959.6989746094
464.121185      1030.7878417969
464.475830       904.1608276367
464.830383       977.4711914063
465.184937      1004.1295166016
465.539429       977.4711914063
465.893921      1013.0156250000
466.248322       986.3572998047
466.602753      1088.5474853516
466.957062      1028.5662841797
467.311371       939.7052612305
467.665619      1006.3510131836
468.019897       948.5913696289
468.374054       986.3572998047
468.728180       984.1357421875
469.082306       835.2935791016
469.436371      1004.1295166016
469.790405       948.5913696289
470.144379       864.1734008789
470.498352       977.4711914063
470.852264      1001.9079589844
471.206146       948.5913696289
471.559967       950.8128662109
471.913788       935.2622070313
472.267487       977.4711914063
472.621246       999.6864624023
472.974915       948.5913696289
473.328522       973.0281372070
473.682129       939.7052612305
474.035675       953.0344238281
474.389191       924.1546020508
474.742676       975.2496337891
475.096130       961.9205322266
475.449493       986.3572998047
475.802856       999.6864624023
476.156189       913.0469360352
476.509460       988.5787963867
476.862732       921.9330444336
477.215912      1039.6739501953
477.569061       957.4774780273
477.922150       993.0218505859
478.275299       999.6864624023
478.628296       866.3948974609
478.981323       961.9205322266
479.334259      1004.1295166016
479.687195       839.7366333008
480.040070       979.6926879883
480.392914       910.8254394531
480.745728       997.4649047852
481.098511       968.5850830078
481.451202       917.4899902344
481.803925       917.4899902344
482.156525       961.9205322266
482.509125       964.1420288086
482.861694       944.1483154297
483.214233       955.2559204102
483.566711       977.4711914063
483.919128      1021.9016723633
484.271576       979.6926879883
484.623901       939.7052612305
484.976257       950.8128662109
485.328522       908.6038818359
485.680786      1021.9016723633
486.032959       997.4649047852
486.385132       959.6989746094
486.737274       939.7052612305
487.089325       877.5025634766
487.441376       946.3698120117
487.793396       895.2747192383
488.145386       973.0281372070
488.497284       930.8191528320
488.849182       941.9267578125
489.201019       913.0469360352
489.552826       933.0407104492
489.904572       968.5850830078
490.256317       979.6926879883
490.608002       984.1357421875
490.959656       966.3635864258
491.311249       966.3635864258
491.662811       935.2622070313
492.014343       966.3635864258
492.365814       966.3635864258
492.717285       948.5913696289
493.068665       895.2747192383
493.420044       979.6926879883
493.771362       990.8003540039
494.122650      1017.4586181641
494.473877       941.9267578125
494.825104       933.0407104492
495.176270       955.2559204102
495.527374       937.4837036133
495.878479       979.6926879883
496.229492       928.5976562500
496.580536       961.9205322266
496.931458       939.7052612305
497.282379       946.3698120117
497.633270       937.4837036133
497.984131       990.8003540039
498.334900       997.4649047852
498.685669       939.7052612305
499.036377       961.9205322266
499.387115      1019.6801757813
499.737701       924.1546020508
500.088318       859.7303466797
500.438904       981.9142456055
500.789429      1015.2371215820
501.139893       944.1483154297
501.490295       999.6864624023
501.840729       899.7177734375
502.191040       855.2872924805
502.541382       937.4837036133
502.891663       955.2559204102
503.241913       948.5913696289
503.592133       953.0344238281
503.942322       968.5850830078
504.292358       986.3572998047
504.642395       893.0532226563
504.992432       950.8128662109
505.342468       841.9581298828
505.692413       910.8254394531
506.042358      1004.1295166016
506.392242      1037.4523925781
506.742035       981.9142456055
507.091858       970.8066406250
507.441528       919.7115478516
507.791290       921.9330444336
508.140961       906.3823852539
508.490601      1061.8891601563
508.840210       970.8066406250
509.189697       944.1483154297
509.539215       873.0595092773
509.888641       913.0469360352
510.238098       928.5976562500
510.587494       937.4837036133
510.936859       997.4649047852
511.286194       924.1546020508
511.635498       995.2434082031
511.984650       995.2434082031
512.333862      1004.1295166016
512.682922       975.2496337891
513.032043      1024.1231689453
513.381104       995.2434082031
513.730164       995.2434082031
514.079163       964.1420288086
514.428040       930.8191528320
514.776978       939.7052612305
515.125793      1006.3510131836
515.474609       979.6926879883
515.823425       910.8254394531
516.172180       986.3572998047
516.520813       881.9456176758
516.869568       919.7115478516
517.218079       946.3698120117
517.566650       981.9142456055
517.915161       939.7052612305
518.263672       930.8191528320
518.612183       910.8254394531
518.960571       984.1357421875
519.308899       961.9205322266
519.657227       961.9205322266
520.005554       946.3698120117
520.353699       961.9205322266
520.701904      1033.0092773438
521.050110       895.2747192383
521.398254      1028.5662841797
521.746338      1068.5537109375
522.094421       890.8317260742
522.442383      1015.2371215820
522.790222       964.1420288086
523.138184      1028.5662841797
523.486145       981.9142456055
523.833984       926.3760986328
524.181763       917.4899902344
524.529541       986.3572998047
524.877197       953.0344238281
525.224915       946.3698120117
525.572449      1030.7878417969
525.920105       937.4837036133
526.267639       848.6227416992
526.615173       888.6101684570
526.962646       973.0281372070
527.309998       986.3572998047
527.657410       964.1420288086
528.004700       970.8066406250
528.351990       919.7115478516
528.699280       890.8317260742
529.046509       948.5913696289
529.393677       977.4711914063
529.740845      1004.1295166016
530.087891       941.9267578125
530.434998       995.2434082031
530.781921       933.0407104492
531.128906       993.0218505859
531.475891       939.7052612305
531.822815       884.1671142578
532.169617       966.3635864258
532.516418       957.4774780273
532.863159       961.9205322266
533.209839       913.0469360352
533.556580       908.6038818359
533.903198       975.2496337891
534.249817       917.4899902344
534.596436       973.0281372070
534.942932       977.4711914063
535.289368       924.1546020508
535.635803       981.9142456055
535.982178       935.2622070313
536.328552       915.2684936523
536.674805       939.7052612305
537.021118       961.9205322266
537.367371      1001.9079589844
537.713501       975.2496337891
538.059692       941.9267578125
538.405701       988.5787963867
538.751831      1030.7878417969
539.097839       986.3572998047
539.443787       864.1734008789
539.789734       946.3698120117
540.135620       957.4774780273
540.481506       979.6926879883
540.827209       926.3760986328
541.173035       966.3635864258
541.518799       913.0469360352
541.864502       893.0532226563
542.210144       921.9330444336
542.555786       961.9205322266
542.901245       906.3823852539
543.246826       944.1483154297
543.592285       950.8128662109
543.937683       926.3760986328
544.283142       990.8003540039
544.628479       930.8191528320
544.973816       975.2496337891
545.319031       979.6926879883
545.664307      1024.1231689453
546.009399       950.8128662109
546.354614       979.6926879883
546.699707      1037.4523925781
547.044739       908.6038818359
547.389832       964.1420288086
547.734802       924.1546020508
548.079712       979.6926879883
548.424622       926.3760986328
548.769409       988.5787963867
549.114258       968.5850830078
549.459045       924.1546020508
549.803772       979.6926879883
550.148499       910.8254394531
550.493103      1001.9079589844
550.837708      1017.4586181641
551.182190       986.3572998047
551.526733       941.9267578125
551.871216       961.9205322266
552.215698       999.6864624023
552.560120       921.9330444336
552.904480       988.5787963867
553.248718       964.1420288086
553.592957       906.3823852539
553.937195       939.7052612305
554.281372       930.8191528320
554.625549       979.6926879883
554.969666       888.6101684570
555.313721       990.8003540039
555.657654      1015.2371215820
556.001709       946.3698120117
556.345581       966.3635864258
556.689514       961.9205322266
557.033325       906.3823852539
557.377197       941.9267578125
557.720947       941.9267578125
558.064575       915.2684936523
558.408264      1075.2182617188
558.751892       946.3698120117
559.095520       984.1357421875
559.439087       955.2559204102
559.782654      1037.4523925781
560.126099       926.3760986328
560.469543       988.5787963867
560.812927       950.8128662109
561.156250       995.2434082031
561.499512       964.1420288086
561.842773      1019.6801757813
562.185974      1059.6676025391
562.529175       937.4837036133
562.872314      1024.1231689453
563.215332       955.2559204102
563.558472       893.0532226563
563.901367       924.1546020508
564.244385       908.6038818359
564.587341       921.9330444336
564.930237       975.2496337891
565.273071       861.9518432617
565.615845       966.3635864258
565.958557       879.7240600586
566.301331       993.0218505859
566.643860       986.3572998047
566.986511       981.9142456055
567.329163       957.4774780273
567.671692      1017.4586181641
568.014221      1001.9079589844
568.356628       864.1734008789
568.699036       955.2559204102
569.041321       884.1671142578
569.383728      1013.0156250000
569.726013       933.0407104492
570.068298      1006.3510131836
570.410461       977.4711914063
570.752686       964.1420288086
571.094727       924.1546020508
571.436768       897.4962768555
571.778809       939.7052612305
572.120850       901.9393310547
572.462769       957.4774780273
572.804688       919.7115478516
573.146606       875.2810058594
573.488342      1015.2371215820
573.830139       961.9205322266
574.171814       948.5913696289
574.513550       950.8128662109
574.855164      1030.7878417969
575.196838       961.9205322266
575.538391       937.4837036133
575.879883       910.8254394531
576.221375       917.4899902344
576.562744       973.0281372070
576.904175       926.3760986328
577.245483       888.6101684570
577.586792       939.7052612305
577.928101       935.2622070313
578.269348       950.8128662109
578.610535       899.7177734375
578.951660       921.9330444336
579.292664       966.3635864258
579.633728       924.1546020508
579.974792      1013.0156250000
580.315796       966.3635864258
580.656677      1019.6801757813
580.997498      1037.4523925781
581.338379       948.5913696289
581.679138       926.3760986328
582.019897       895.2747192383
582.360657      1015.2371215820
582.701294      1013.0156250000
583.041931       984.1357421875
583.382507       988.5787963867
583.723022       928.5976562500
584.063538       930.8191528320
584.403931       917.4899902344
584.744385       944.1483154297
585.084778       981.9142456055
585.425110       888.6101684570
585.765381       895.2747192383
586.105591       944.1483154297
586.445801       975.2496337891
586.785889      1015.2371215820
587.125977      1037.4523925781
587.466064       977.4711914063
587.806152       910.8254394531
588.146118       990.8003540039
588.486023       973.0281372070
588.825928       888.6101684570
589.165710       953.0344238281
589.505554       959.6989746094
589.845337       986.3572998047
590.185120       984.1357421875
590.524780       986.3572998047
590.864441       966.3635864258
591.203918       948.5913696289
591.543518       950.8128662109
591.882996       973.0281372070
592.222473       986.3572998047
592.561890       966.3635864258
592.901306       937.4837036133
593.240662       986.3572998047
593.579895       953.0344238281
593.919128       919.7115478516
594.258301       979.6926879883
594.597473       975.2496337891
594.936646       921.9330444336
595.275696       953.0344238281
595.614807       961.9205322266
595.953796      1024.1231689453
596.292725       941.9267578125
596.631592       995.2434082031
596.970398       961.9205322266
597.309204       988.5787963867
597.648010       935.2622070313
597.986755       906.3823852539
598.325500       915.2684936523
598.664124       988.5787963867
599.002686       953.0344238281
599.341187       946.3698120117
599.679749       937.4837036133
600.018250       901.9393310547
600.356628       928.5976562500
600.695068      1035.2308349609
601.033386       941.9267578125
601.371643       921.9330444336
601.709900       977.4711914063
602.048035       955.2559204102
602.386292       901.9393310547
602.724426       975.2496337891
603.062500       919.7115478516
603.400574       950.8128662109
603.738525      1013.0156250000
604.076477       935.2622070313
604.414307       955.2559204102
604.752197       968.5850830078
605.090027       981.9142456055
605.427795       957.4774780273
605.765564       921.9330444336
606.103210       975.2496337891
606.440857      1046.3385009766
606.778442       997.4649047852
607.115967      1021.9016723633
607.453552       981.9142456055
607.791016       873.0595092773
608.128418       948.5913696289
608.465820       933.0407104492
608.803162       930.8191528320
609.140442       948.5913696289
609.477661       999.6864624023
609.814880       961.9205322266
610.152100       933.0407104492
610.489258      1030.7878417969
610.826294       953.0344238281
611.163269       995.2434082031
611.500305       968.5850830078
611.837219       990.8003540039
612.174072      1001.9079589844
612.510986       997.4649047852
612.847839       955.2559204102
613.184570       939.7052612305
613.521362       913.0469360352
613.857971       977.4711914063
614.194641       957.4774780273
614.531189       968.5850830078
614.867737       919.7115478516
615.204285       979.6926879883
615.540771       948.5913696289
615.877197       968.5850830078
616.213562       877.5025634766
616.549927       953.0344238281
616.886169       993.0218505859
617.222351       937.4837036133
617.558594       921.9330444336
617.894775       977.4711914063
618.230896      1024.1231689453
618.566956       984.1357421875
618.902954       941.9267578125
619.238953       948.5913696289
619.574890       877.5025634766
619.910767       970.8066406250
620.246643      1026.3447265625
620.582458       970.8066406250
620.918213       926.3760986328
621.253967       973.0281372070
621.589661       933.0407104492
621.925232       906.3823852539
622.260803       995.2434082031
622.596375       970.8066406250
622.931885       926.3760986328
623.267334       959.6989746094
623.602722      1030.7878417969
623.938110       955.2559204102
624.273376      1004.1295166016
624.608643       973.0281372070
624.943848       986.3572998047
625.279114       961.9205322266
625.614258       973.0281372070
625.949341       944.1483154297
626.284424       961.9205322266
626.619446       990.8003540039
626.954407      1028.5662841797
627.289307       999.6864624023
627.624207       995.2434082031
627.959045       948.5913696289
628.293884       999.6864624023
628.628601       939.7052612305
628.963257       935.2622070313
629.297913       975.2496337891
629.632507      1037.4523925781
629.967102       968.5850830078
630.301697       957.4774780273
630.636169      1015.2371215820
630.970581       941.9267578125
631.304993      1039.6739501953
631.639282       908.6038818359
631.973572       964.1420288086
632.307861       986.3572998047
632.642090       919.7115478516
632.976257       950.8128662109
633.310425       915.2684936523
633.644470       948.5913696289
633.978516       997.4649047852
634.312439       988.5787963867
634.646423       955.2559204102
634.980347       961.9205322266
635.314209      1017.4586181641
635.648071       977.4711914063
635.981812       981.9142456055
636.315552       979.6926879883
636.649170       961.9205322266
636.982849       888.6101684570
637.316406       990.8003540039
637.649963       950.8128662109
637.983521       977.4711914063
638.317017       935.2622070313
638.650391       948.5913696289
638.983765      1008.5725708008
639.317078       939.7052612305
639.650391       946.3698120117
639.983643       930.8191528320
640.316833       917.4899902344
640.649963       928.5976562500
640.983032       955.2559204102
641.316101       966.3635864258
641.649109       961.9205322266
641.982056       988.5787963867
642.315002       970.8066406250
642.647888       953.0344238281
642.980774       973.0281372070
643.313538      1010.7940673828
643.646301       870.8379516602
643.979004       933.0407104492
644.311646      1004.1295166016
644.644226       899.7177734375
644.976868       999.6864624023
645.309387       977.4711914063
645.641846      1004.1295166016
645.974243      1033.0092773438
646.306702       981.9142456055
646.638977       893.0532226563
646.971252       946.3698120117
647.303528       924.1546020508
647.635803       917.4899902344
647.967957      1028.5662841797
648.300110      1017.4586181641
648.632141       937.4837036133
648.964111      1017.4586181641
649.296082       973.0281372070
649.628113       921.9330444336
649.960022       861.9518432617
650.291870       941.9267578125
650.623718       899.7177734375
650.955383       959.6989746094
651.287109       959.6989746094
651.618774       915.2684936523
651.950378       981.9142456055
652.281982       955.2559204102
652.613586       946.3698120117
652.945068       906.3823852539
653.276489       924.1546020508
653.607910       961.9205322266
653.939209       999.6864624023
654.270569       926.3760986328
654.601807       924.1546020508
654.933105       937.4837036133
655.264221       953.0344238281
655.595398       906.3823852539
655.926453       955.2559204102
656.257507       941.9267578125
656.588440       921.9330444336
656.919434       997.4649047852
657.250366       993.0218505859
657.581238       964.1420288086
657.912048       921.9330444336
658.242798       933.0407104492
658.573486       928.5976562500
658.904114       875.2810058594
659.234802       964.1420288086
659.565430       948.5913696289
659.895996       990.8003540039
660.226501       959.6989746094
660.556946       961.9205322266
660.887329       884.1671142578
661.217712       926.3760986328
661.547974       933.0407104492
661.878296       864.1734008789
662.208557      1037.4523925781
662.538757       919.7115478516
662.868896       990.8003540039
663.198975       946.3698120117
663.528992       953.0344238281
663.859009       944.1483154297
664.188904       944.1483154297
664.518860       964.1420288086
664.848755       997.4649047852
665.178589       973.0281372070
665.508362       864.1734008789
665.838013       944.1483154297
666.167725      1006.3510131836
666.497375       977.4711914063
666.826965       973.0281372070
667.156494       999.6864624023
667.486084       977.4711914063
667.815552      1072.9968261719
668.144897      1035.2308349609
668.474304       959.6989746094
668.803528       908.6038818359
669.132813       977.4711914063
669.462036       937.4837036133
669.791260       959.6989746094
670.120422       935.2622070313
670.449463       913.0469360352
670.778564       984.1357421875
671.107544       986.3572998047
671.436523       973.0281372070
671.765381       959.6989746094
672.094299       990.8003540039
672.423157      1026.3447265625
672.751831       970.8066406250
673.080627       966.3635864258
673.409302       995.2434082031
673.737976       964.1420288086
674.066528      1001.9079589844
674.395081       930.8191528320
674.723572       924.1546020508
675.052002       904.1608276367
675.380432       959.6989746094
675.708801       981.9142456055
676.037170       917.4899902344
676.365417       933.0407104492
676.693665       955.2559204102
677.021851       964.1420288086
677.349976       984.1357421875
677.678040       946.3698120117
678.006042      1033.0092773438
678.334106      1019.6801757813
678.662048       981.9142456055
678.989929      1053.0030517578
679.317810      1006.3510131836
679.645630      1059.6676025391
679.973389       919.7115478516
680.301086      1017.4586181641
680.628845       919.7115478516
680.956482       926.3760986328
681.283997       968.5850830078
681.611572       966.3635864258
681.939087       955.2559204102
682.266541      1013.0156250000
682.593872       948.5913696289
682.921265       884.1671142578
683.248596       939.7052612305
683.575806       997.4649047852
683.903076       879.7240600586
684.230286       888.6101684570
684.557373       933.0407104492
684.884399       924.1546020508
685.211487      1019.6801757813
685.538513       959.6989746094
685.865417       973.0281372070
686.192261       924.1546020508
686.519165       895.2747192383
686.845947       986.3572998047
687.172729       950.8128662109
687.499451       979.6926879883
687.826111       944.1483154297
688.152771       939.7052612305
688.479248       910.8254394531
688.805847       988.5787963867
689.132324       955.2559204102
689.458801       930.8191528320
689.785095       921.9330444336
690.111511       910.8254394531
690.437805       955.2559204102
690.764038      1004.1295166016
691.090210       955.2559204102
691.416443      1013.0156250000
691.742554      1013.0156250000
692.068604       964.1420288086
692.394592       899.7177734375
692.720581       977.4711914063
693.046509      1013.0156250000
693.372375       937.4837036133
693.698242       941.9267578125
694.023987       966.3635864258
694.349792      1039.6739501953
694.675476       917.4899902344
695.001099       919.7115478516
695.326721       973.0281372070
695.652222      1028.5662841797
695.977783      1001.9079589844
696.303284       993.0218505859
696.628723      1055.2246093750
696.954041       928.5976562500
697.279358       955.2559204102
697.604675      1015.2371215820
697.929871       948.5913696289
698.255066      1004.1295166016
698.580200       941.9267578125
698.905334       984.1357421875
699.230286       973.0281372070
699.555359       875.2810058594
699.880310       933.0407104492
700.205261       933.0407104492
700.530029       955.2559204102
700.854919       933.0407104492
701.179688       959.6989746094
701.504456       924.1546020508
701.829102       944.1483154297
702.153687      1095.2120361328
702.478271       901.9393310547
702.802856       959.6989746094
703.127319       886.3886718750
703.451721       988.5787963867
703.776123       977.4711914063
704.100464       946.3698120117
704.424805       959.6989746094
704.749084       915.2684936523
705.073303       977.4711914063
705.397461       995.2434082031
705.721558       897.4962768555
706.045654       961.9205322266
706.369690       910.8254394531
706.693604       910.8254394531
707.017578       966.3635864258
707.341431       901.9393310547
707.665283       957.4774780273
707.989075       933.0407104492
708.312805       921.9330444336
708.636536       948.5913696289
708.960144       917.4899902344
709.283752       917.4899902344
709.607361       953.0344238281
709.930847      1028.5662841797
710.254333       995.2434082031
710.577759       948.5913696289
710.901062       859.7303466797
711.224426       933.0407104492
711.547668       950.8128662109
711.870911       926.3760986328
712.194153       913.0469360352
712.517212       886.3886718750
712.840332       908.6038818359
713.163391       921.9330444336
713.486389       984.1357421875
713.809326       964.1420288086
714.132202      1004.1295166016
714.455078       957.4774780273
714.777893       908.6038818359
715.100586       933.0407104492
715.423401       968.5850830078
715.746094       937.4837036133
716.068604       979.6926879883
716.391235      1010.7940673828
716.713745       977.4711914063
717.036255       999.6864624023
717.358643       968.5850830078
717.681030       899.7177734375
718.003418       966.3635864258
718.325745       935.2622070313
718.647888       995.2434082031
718.970154      1024.1231689453
719.292297       888.6101684570
719.614380       970.8066406250
719.936401       928.5976562500
720.258423       930.8191528320
720.580383      1004.1295166016
720.902283       855.2872924805
721.224182       946.3698120117
721.545959       913.0469360352
721.867737       977.4711914063
722.189453       935.2622070313
722.511169       957.4774780273
722.832764       921.9330444336
723.154419       997.4649047852
723.475952       999.6864624023
723.797424       988.5787963867
724.118896       990.8003540039
724.440247       921.9330444336
724.761597      1004.1295166016
725.082886       933.0407104492
725.404175       939.7052612305
725.725342       939.7052612305
726.046509       964.1420288086
726.367615       933.0407104492
726.688721       935.2622070313
727.009644       984.1357421875
727.330688       904.1608276367
727.651611       913.0469360352
727.972473       941.9267578125
728.293274       901.9393310547
728.614075       901.9393310547
728.934814      1053.0030517578
729.255493      1035.2308349609
729.576172      1026.3447265625
729.896729       933.0407104492
730.217285      1013.0156250000
730.537720       999.6864624023
730.858215       926.3760986328
731.178650       906.3823852539
731.498962       908.6038818359
731.819214       959.6989746094
732.139526       910.8254394531
732.459778       993.0218505859
732.779846       933.0407104492
733.100037       897.4962768555
733.420105       897.4962768555
733.740112       988.5787963867
734.060059       850.8442382813
734.380066       957.4774780273
734.699890       928.5976562500
735.019775       957.4774780273
735.339478      1035.2308349609
735.659241       913.0469360352
735.978943       995.2434082031
736.298584       910.8254394531
736.618164       944.1483154297
736.937744       981.9142456055
737.257263      1006.3510131836
737.576599       939.7052612305
737.896057       975.2496337891
738.215393       995.2434082031
738.534729       946.3698120117
738.853943      1024.1231689453
739.173157       961.9205322266
739.492371       959.6989746094
739.811523       950.8128662109
740.130493       970.8066406250
740.449524       993.0218505859
740.768555       964.1420288086
741.087463       957.4774780273
741.406311       899.7177734375
741.725159      1008.5725708008
742.043945       919.7115478516
742.362610       904.1608276367
742.681396       966.3635864258
743.000061       890.8317260742
743.318604      1004.1295166016
743.637146       946.3698120117
743.955627       970.8066406250
744.274109      1008.5725708008
744.592407       944.1483154297
744.910828       935.2622070313
745.229126       977.4711914063
745.547424      1013.0156250000
745.865540       921.9330444336
746.183777      1021.9016723633
746.501892       919.7115478516
746.819946       926.3760986328
747.137939       977.4711914063
747.455872       959.6989746094
747.773865       919.7115478516
748.091736       990.8003540039
748.409485       957.4774780273
748.727295       915.2684936523
749.045044       941.9267578125
749.362671       981.9142456055
749.680298       979.6926879883
749.997925       933.0407104492
750.315491       924.1546020508
750.632874       915.2684936523
750.950378       957.4774780273
751.267822       893.0532226563
751.585083       944.1483154297
751.902405       944.1483154297
752.219666       928.5976562500
752.536865       948.5913696289
752.854004       961.9205322266
753.171082       915.2684936523
753.488159       941.9267578125
753.805176       948.5913696289
754.122070       899.7177734375
754.439026       979.6926879883
754.755920       970.8066406250
755.072693      1035.2308349609
755.389465       999.6864624023
755.706177       928.5976562500
756.022888       904.1608276367
756.339478      1008.5725708008
756.656006       930.8191528320
756.972595       953.0344238281
757.289063       981.9142456055
757.605408       910.8254394531
757.921814       970.8066406250
758.238159      1033.0092773438
758.554443       899.7177734375
758.870667      1024.1231689453
759.186890       930.8191528320
759.503052       966.3635864258
759.819092       926.3760986328
760.135132       968.5850830078
760.451172       957.4774780273
760.767029       986.3572998047
761.082947       904.1608276367
761.398804       884.1671142578
761.714600       870.8379516602
762.030396       984.1357421875
762.346008       964.1420288086
762.661682       957.4774780273
762.977295       953.0344238281
763.292908       981.9142456055
763.608337       924.1546020508
763.923828       990.8003540039
764.239258       950.8128662109
764.554626       953.0344238281
764.869873       981.9142456055
765.185181       964.1420288086
765.500427       955.2559204102
765.815491       941.9267578125
766.130615       946.3698120117
766.445740       937.4837036133
766.760803       935.2622070313
767.075745       933.0407104492
767.390686       975.2496337891
767.705566       973.0281372070
768.020386       917.4899902344
768.335144       970.8066406250
768.649902       961.9205322266
768.964539      1028.5662841797
769.279175       870.8379516602
769.593750      1001.9079589844
769.908264       959.6989746094
770.222839       944.1483154297
770.537170       928.5976562500
770.851624       937.4837036133
771.165955      1057.4460449219
771.480286       959.6989746094
771.794495       877.5025634766
772.108704      1019.6801757813
772.422852       950.8128662109
772.736938       950.8128662109
773.050964       928.5976562500
773.364990       955.2559204102
773.678894       964.1420288086
773.992798       899.7177734375
774.306641       995.2434082031
774.620422       870.8379516602
774.934204       986.3572998047
775.247864       884.1671142578
775.561584       919.7115478516
775.875183       993.0218505859
776.188721       966.3635864258
776.502197       913.0469360352
776.815735       959.6989746094
777.129150       906.3823852539
777.442444       835.2935791016
777.755737       948.5913696289
778.069092       844.1796875000
778.382324       935.2622070313
778.695435       926.3760986328
779.008545       924.1546020508
779.321594       990.8003540039
779.634644       966.3635864258
779.947571       928.5976562500
780.260498       926.3760986328
780.573364       981.9142456055
780.886169       990.8003540039
781.198975       935.2622070313
781.511719      1046.3385009766
781.824402       999.6864624023
782.136963       955.2559204102
782.449585       935.2622070313
782.762146       910.8254394531
783.074646       941.9267578125
783.387024       970.8066406250
783.699402      1035.2308349609
784.011719       968.5850830078
784.324097       966.3635864258
784.636230       979.6926879883
784.948425       964.1420288086
785.260620       908.6038818359
785.572632       948.5913696289
785.884644       904.1608276367
786.196655       915.2684936523
786.508667       939.7052612305
786.820496       968.5850830078
787.132324       928.5976562500
787.444153       933.0407104492
787.755859       981.9142456055
788.067566       970.8066406250
788.379211       906.3823852539
788.690796       941.9267578125
789.002319       959.6989746094
789.313782       901.9393310547
789.625305       979.6926879883
789.936707       901.9393310547
790.247986      1035.2308349609
790.559326      1008.5725708008
790.870605       941.9267578125
791.181763      1039.6739501953
791.492920      1024.1231689453
791.803955       977.4711914063
792.115051       997.4649047852
792.426086       948.5913696289
792.737000       959.6989746094
793.047913       973.0281372070
793.358765       955.2559204102
793.669495       993.0218505859
793.980347      1019.6801757813
794.291016       930.8191528320
794.601685      1019.6801757813
794.912292       948.5913696289
795.222778       955.2559204102
795.533325       921.9330444336
795.843811       908.6038818359
796.154175       990.8003540039
796.464539       964.1420288086
796.774902       984.1357421875
797.085022       964.1420288086
797.395325       986.3572998047
797.705505       966.3635864258
798.015625       957.4774780273
798.325623       926.3760986328
798.635620       970.8066406250
798.945618       926.3760986328
799.255554      1053.0030517578
799.565369       988.5787963867
799.875183       988.5787963867
800.184998      1064.1107177734
800.494690       966.3635864258
800.804321       988.5787963867
801.113953      1035.2308349609
801.423462       964.1420288086
801.732910       957.4774780273
802.042419       855.2872924805
802.351868      1001.9079589844
802.661255       984.1357421875
802.970520       968.5850830078
803.279785       984.1357421875
803.588989       937.4837036133
803.898193       990.8003540039
804.207275       937.4837036133
804.516357      1006.3510131836
804.825378       953.0344238281
805.134277       973.0281372070
805.443176       930.8191528320
805.752136       959.6989746094
806.060974       895.2747192383
806.369629       939.7052612305
806.678406       946.3698120117
806.987061       957.4774780273
807.295715       946.3698120117
807.604187      1048.5600585938
807.912720       968.5850830078
808.221191       968.5850830078
808.529663       864.1734008789
808.837952       928.5976562500
809.146301       981.9142456055
809.454590       928.5976562500
809.762756       981.9142456055
810.070923       901.9393310547
810.379028       921.9330444336
810.687073       941.9267578125
810.995117       919.7115478516
811.303040       968.5850830078
811.611023       935.2622070313
811.918884       977.4711914063
812.226624       939.7052612305
812.534424       999.6864624023
812.842163       979.6926879883
813.149719       946.3698120117
813.457397       961.9205322266
813.764954       919.7115478516
814.072510       910.8254394531
814.379883      1026.3447265625
814.687378       961.9205322266
814.994690       997.4649047852
815.302063      1017.4586181641
815.609314       995.2434082031
815.916504       926.3760986328
816.223694       961.9205322266
816.530762       964.1420288086
816.837830       950.8128662109
817.144836       977.4711914063
817.451843       928.5976562500
817.758667       937.4837036133
818.065552       939.7052612305
818.372375       919.7115478516
818.679138       933.0407104492
818.985779       935.2622070313
819.292480       921.9330444336
819.599121      1035.2308349609
819.905701       939.7052612305
820.212158       959.6989746094
820.518616       888.6101684570
820.825012       973.0281372070
821.131348       926.3760986328
821.437683       904.1608276367
821.743896       975.2496337891
822.050110      1004.1295166016
822.356262       973.0281372070
822.662415       899.7177734375
822.968445      1019.6801757813
823.274475       948.5913696289
823.580322       913.0469360352
823.886292       946.3698120117
824.192200       926.3760986328
824.497864       953.0344238281
824.803711       977.4711914063
825.109375      1017.4586181641
825.415039      1024.1231689453
825.720581      1015.2371215820
826.026184       906.3823852539
826.331665       921.9330444336
826.637146       964.1420288086
826.942444       968.5850830078
827.247803       986.3572998047
827.553162       961.9205322266
827.858398       979.6926879883
828.163574       999.6864624023
828.468750       979.6926879883
828.773804      1019.6801757813
829.078796       995.2434082031
829.383850       906.3823852539
829.688782       986.3572998047
829.993713       981.9142456055
830.298462       917.4899902344
830.603271       959.6989746094
830.908020       957.4774780273
831.212708       988.5787963867
831.517273       961.9205322266
831.821960       961.9205322266
832.126465       910.8254394531
832.430908      1044.1169433594
832.735352       959.6989746094
833.039734       990.8003540039
833.344116      1024.1231689453
833.648315       915.2684936523
833.952576       955.2559204102
834.256714      1001.9079589844
834.560913       975.2496337891
834.864929       964.1420288086
835.169006       993.0218505859
835.472961       930.8191528320
835.776917       921.9330444336
836.080750       933.0407104492
836.384583       930.8191528320
836.688354       959.6989746094
836.992004       961.9205322266
837.295654       899.7177734375
837.599365       935.2622070313
837.902893       968.5850830078
838.206360      1039.6739501953
838.509827       933.0407104492
838.813293       981.9142456055
839.116699       968.5850830078
839.419922       933.0407104492
839.723206       957.4774780273
840.026428       926.3760986328
840.329590       975.2496337891
840.632690       955.2559204102
840.935730       924.1546020508
841.238708       950.8128662109
841.541626      1068.5537109375
841.844543       941.9267578125
842.147461       953.0344238281
842.450256      1008.5725708008
842.752930       977.4711914063
843.055664       919.7115478516
843.358337       990.8003540039
843.660889      1015.2371215820
843.963440      1010.7940673828
844.265930       968.5850830078
844.568420       941.9267578125
844.870728      1041.8953857422
845.173096       915.2684936523
845.475403       877.5025634766
845.777649       937.4837036133
846.079834       930.8191528320
846.381958       884.1671142578
846.684021      1106.3197021484
846.986145       968.5850830078
847.288025      1015.2371215820
847.589966       984.1357421875
847.891846       899.7177734375
848.193665       946.3698120117
848.495483       984.1357421875
848.797180       970.8066406250
849.098877       979.6926879883
849.400452      1004.1295166016
849.702026       939.7052612305
850.003540       886.3886718750
850.304993       884.1671142578
850.606445      1066.3321533203
850.907776       939.7052612305
851.209106       915.2684936523
851.510315       939.7052612305
851.811584       866.3948974609
852.112671       959.6989746094
852.413879       884.1671142578
852.714844       988.5787963867
853.015869      1035.2308349609
853.316833       877.5025634766
853.617737       941.9267578125
853.918579       928.5976562500
854.219360       939.7052612305
854.520142       981.9142456055
854.820862       937.4837036133
855.121399       915.2684936523
855.421997      1001.9079589844
855.722595      1028.5662841797
856.023071       944.1483154297
856.323486       959.6989746094
856.623901       928.5976562500
856.924255       964.1420288086
857.224487       924.1546020508
857.524719       984.1357421875
857.824890       999.6864624023
858.125000       941.9267578125
858.425049       921.9330444336
858.725098       919.7115478516
859.025085       964.1420288086
859.325012       930.8191528320
859.624817       946.3698120117
859.924683       999.6864624023
860.224487       977.4711914063
860.524170       990.8003540039
860.823792       933.0407104492
861.123474       828.6289672852
861.422974      1048.5600585938
861.722412       977.4711914063
862.021912       997.4649047852
862.321350       973.0281372070
862.620728       901.9393310547
862.919983       981.9142456055
863.219238      1075.2182617188
863.518433       966.3635864258
863.817505       859.7303466797
864.116638       981.9142456055
864.415710       959.6989746094
864.714722       870.8379516602
865.013550       944.1483154297
865.312439       995.2434082031
865.611328       946.3698120117
865.910156       928.5976562500
866.208801      1035.2308349609
866.507507       988.5787963867
866.806091       915.2684936523
867.104614       906.3823852539
867.403137       961.9205322266
867.701660       964.1420288086
868.000061       826.4074707031
868.298401      1039.6739501953
868.596741       973.0281372070
868.894958       993.0218505859
869.193237       873.0595092773
869.491333       953.0344238281
869.789429       948.5913696289
870.087524       890.8317260742
870.385498       955.2559204102
870.683411       984.1357421875
870.981323       921.9330444336
871.279236       928.5976562500
871.576965      1010.7940673828
871.874695       961.9205322266
872.172363       933.0407104492
872.470032       957.4774780273
872.767578       861.9518432617
873.065125      1001.9079589844
873.362549       921.9330444336
873.660034       924.1546020508
873.957397       901.9393310547
874.254700       981.9142456055
874.552002       928.5976562500
874.849182       948.5913696289
875.146362       964.1420288086
875.443481       901.9393310547
875.740540      1039.6739501953
876.037476       937.4837036133
876.334473       915.2684936523
876.631348       935.2622070313
876.928223       899.7177734375
877.224976       946.3698120117
877.521729       904.1608276367
877.818420       926.3760986328
878.115112       968.5850830078
878.411621       928.5976562500
878.708191       977.4711914063
879.004700      1008.5725708008
879.301086       853.0657958984
879.597473       975.2496337891
879.893799       966.3635864258
880.190063      1013.0156250000
880.486267       966.3635864258
880.782471       966.3635864258
881.078613       928.5976562500
881.374695       928.5976562500
881.670654       937.4837036133
881.966614      1008.5725708008
882.262573       935.2622070313
882.558350       957.4774780273
882.854126      1010.7940673828
883.149902       961.9205322266
883.445618       957.4774780273
883.741211       879.7240600586
884.036865       939.7052612305
884.332336       975.2496337891
884.627869       979.6926879883
884.923218       944.1483154297
885.218689       999.6864624023
885.513977       977.4711914063
885.809265       928.5976562500
886.104492       953.0344238281
886.399658      1010.7940673828
886.694763       964.1420288086
886.989807       928.5976562500
887.284790       924.1546020508
887.579773       961.9205322266
887.874695       950.8128662109
888.169495       948.5913696289
888.464355       975.2496337891
888.759094       950.8128662109
889.053772      1015.2371215820
889.348389       941.9267578125
