0.008120
191.033081         0.0000000000
191.409973         0.0000000000
191.786819       864.5042724609
192.163651       887.7436523438
192.540451       899.3633422852
192.917221       855.2085571289
193.293961       838.9409790039
193.670670       983.0250244141
194.047348       938.8702392578
194.423981       952.8138427734
194.800613       950.4899291992
195.177200       943.5181274414
195.553757       890.0675659180
195.930283       927.2505493164
196.306778       992.3207397461
196.683258       971.4053344727
197.059677       973.7292480469
197.436081      1008.5883178711
197.812454       936.5463256836
198.188812       955.1378173828
198.565125       971.4053344727
198.941406       934.2223510742
199.317673       976.0532226563
199.693893       897.0393676758
200.070099       985.3489379883
200.446259       843.5888671875
200.822388       899.3633422852
201.198486       897.0393676758
201.574570       908.6590576172
201.950607       894.7154541016
202.326614       915.6308593750
202.702606       869.1521606445
203.078568       929.5744628906
203.454483       843.5888671875
203.830383       899.3633422852
204.206253       950.4899291992
204.582077       827.3212890625
204.957870       836.6170654297
205.333633       885.4196777344
205.709396       834.2930908203
206.085098       864.5042724609
206.460785       924.9266357422
206.836426       876.1239624023
207.212051       869.1521606445
207.587646       890.0675659180
207.963196       894.7154541016
208.338730       913.3069458008
208.714218       908.6590576172
209.089691       873.8000488281
209.465134       908.6590576172
209.840530       913.3069458008
210.215897       908.6590576172
210.591263       876.1239624023
210.966583       950.4899291992
211.341858       948.1659545898
211.717102       915.6308593750
212.092331       945.8420410156
212.467529       876.1239624023
212.842697       890.0675659180
213.217819       913.3069458008
213.592926       838.9409790039
213.968002       859.8563842773
214.343018       866.8281860352
214.718033       931.8984375000
215.093018       955.1378173828
215.467972       913.3069458008
215.842880       948.1659545898
216.217773       908.6590576172
216.592636       917.9548339844
216.967453       855.2085571289
217.342255       897.0393676758
217.717026       887.7436523438
218.091766       922.6026611328
218.466446       952.8138427734
218.841125       922.6026611328
219.215759       866.8281860352
219.590378       904.0111694336
219.964966       869.1521606445
220.339508       920.2787475586
220.714020       950.4899291992
221.088516       910.9829711914
221.462967       857.5324707031
221.837402       855.2085571289
222.211792       906.3351440430
222.586166       894.7154541016
222.960510       894.7154541016
223.334793       929.5744628906
223.709061       850.5606689453
224.083313       871.4760742188
224.457520       929.5744628906
224.831696       885.4196777344
225.205856       894.7154541016
225.579987       910.9829711914
225.954056       957.4617309570
226.328110       869.1521606445
226.702148       878.4478759766
227.076126       899.3633422852
227.450104       871.4760742188
227.824036       910.9829711914
228.197937       894.7154541016
228.571823       843.5888671875
228.945648       908.6590576172
229.319473       852.8845825195
229.693237       904.0111694336
230.066986       927.2505493164
230.440704       908.6590576172
230.814392       873.8000488281
231.188034       845.9127807617
231.561661       920.2787475586
231.935257       862.1803588867
232.308823       876.1239624023
232.682343       971.4053344727
233.055847       885.4196777344
233.429321       883.0957641602
233.802750       950.4899291992
234.176147       943.5181274414
234.549530       892.3914794922
234.922882       936.5463256836
235.296188       827.3212890625
235.669464       931.8984375000
236.042725       897.0393676758
236.415924       992.3207397461
236.789139       869.1521606445
237.162292       880.7718505859
237.535416       945.8420410156
237.908508       913.3069458008
238.281570       885.4196777344
238.654617       864.5042724609
239.027618       892.3914794922
239.400574       924.9266357422
239.773514       845.9127807617
240.146423       883.0957641602
240.519302       894.7154541016
240.892136       876.1239624023
241.264969       864.5042724609
241.637726       892.3914794922
242.010498       969.0814208984
242.383209       871.4760742188
242.755905       908.6590576172
243.128555       931.8984375000
243.501190       931.8984375000
243.873779       890.0675659180
244.246353       841.2648925781
244.618866       850.5606689453
244.991379       915.6308593750
245.363861       941.1941528320
245.736282       952.8138427734
246.108688       922.6026611328
246.481079       904.0111694336
246.853409       964.4335327148
247.225723       894.7154541016
247.598007       908.6590576172
247.970261       927.2505493164
248.342468       885.4196777344
248.714645       934.2223510742
249.086823       941.1941528320
249.458954       922.6026611328
249.831024       885.4196777344
250.203094       862.1803588867
250.575134       910.9829711914
250.947113       913.3069458008
251.319092       855.2085571289
251.691025       876.1239624023
252.062912       850.5606689453
252.434784       945.8420410156
252.806641       906.3351440430
253.178452       915.6308593750
253.550232       883.0957641602
253.921967       890.0675659180
254.293686       869.1521606445
254.665359       948.1659545898
255.037003       894.7154541016
255.408630       917.9548339844
255.780228       948.1659545898
256.151764       897.0393676758
256.523285       969.0814208984
256.894806       873.8000488281
257.266235       876.1239624023
257.637695       859.8563842773
258.009064       855.2085571289
258.380432       941.1941528320
258.751770       834.2930908203
259.123077       827.3212890625
259.494385       943.5181274414
259.865601       931.8984375000
260.236816       901.6872558594
260.607941       859.8563842773
260.979126       904.0111694336
261.350220       978.3771362305
261.721344       964.4335327148
262.092346       917.9548339844
262.463379       971.4053344727
262.834351       880.7718505859
263.205292       883.0957641602
263.576233       883.0957641602
263.947144       899.3633422852
264.317993       904.0111694336
264.688812       908.6590576172
265.059631       915.6308593750
265.430359       897.0393676758
265.801117       922.6026611328
266.171783       901.6872558594
266.542450       827.3212890625
266.913086       869.1521606445
267.283691       862.1803588867
267.654266       871.4760742188
268.024811       836.6170654297
268.395325       934.2223510742
268.765778       927.2505493164
269.136230       899.3633422852
269.506653       899.3633422852
269.877045       848.2366943359
270.247375       924.9266357422
270.617676       834.2930908203
270.987946       929.5744628906
271.358246       869.1521606445
271.728424       869.1521606445
272.098633       876.1239624023
272.468781       869.1521606445
272.838867       966.7574462891
273.209015       822.6734008789
273.579041       857.5324707031
273.949066       917.9548339844
274.319061       890.0675659180
274.689056       927.2505493164
275.058960       934.2223510742
275.428864       897.0393676758
275.798737       917.9548339844
276.168579       915.6308593750
276.538361       850.5606689453
276.908142       850.5606689453
277.277832       897.0393676758
277.647583       892.3914794922
278.017242       950.4899291992
278.386902       869.1521606445
278.756500       890.0675659180
279.126038       906.3351440430
279.495636       876.1239624023
279.865143       852.8845825195
280.234619       897.0393676758
280.604065       938.8702392578
280.973450       941.1941528320
281.342834       862.1803588867
281.712189       901.6872558594
282.081512       959.7856445313
282.450836       908.6590576172
282.820038       901.6872558594
283.189270       871.4760742188
283.558502       871.4760742188
283.927612       950.4899291992
284.296722       943.5181274414
284.665863       871.4760742188
285.034912       890.0675659180
285.403931       855.2085571289
285.772919       883.0957641602
286.141876       864.5042724609
286.510834       862.1803588867
286.879730       885.4196777344
287.248596       883.0957641602
287.617401       920.2787475586
287.986206       910.9829711914
288.354950       901.6872558594
288.723724       876.1239624023
289.092407       913.3069458008
289.461060       948.1659545898
289.829742       943.5181274414
290.198334       927.2505493164
290.566925       857.5324707031
290.935455       948.1659545898
291.303925       892.3914794922
291.672394       845.9127807617
292.040894       934.2223510742
292.409271       843.5888671875
292.777679       908.6590576172
293.145996       827.3212890625
293.514313       931.8984375000
293.882599       883.0957641602
294.250824       962.1096191406
294.619049       897.0393676758
294.987244       890.0675659180
295.355377       859.8563842773
295.723480       920.2787475586
296.091614       901.6872558594
296.459625       908.6590576172
296.827667       820.3494873047
297.195648       852.8845825195
297.563599       873.8000488281
297.931488       899.3633422852
298.299408       904.0111694336
298.667267       929.5744628906
299.035095       820.3494873047
299.402893       922.6026611328
299.770599       866.8281860352
300.138367       897.0393676758
300.506042       929.5744628906
300.873718       922.6026611328
301.241333       906.3351440430
301.608917       883.0957641602
301.976471       871.4760742188
302.344025       957.4617309570
302.711487       890.0675659180
303.078979       859.8563842773
303.446411       862.1803588867
303.813782       901.6872558594
304.181183       827.3212890625
304.548492       945.8420410156
304.915771       959.7856445313
305.283051       920.2787475586
305.650299       845.9127807617
306.017456       941.1941528320
306.384644       908.6590576172
306.751770       890.0675659180
307.118896       945.8420410156
307.485962       852.8845825195
307.852966       890.0675659180
308.219971       962.1096191406
308.586945       929.5744628906
308.953888       866.8281860352
309.320801       934.2223510742
309.687653       922.6026611328
310.054504       894.7154541016
310.421326       887.7436523438
310.788086       929.5744628906
311.154846       913.3069458008
311.521515       915.6308593750
311.888184       827.3212890625
312.254822       927.2505493164
312.621429       880.7718505859
312.988007       852.8845825195
313.354553       908.6590576172
313.721039       917.9548339844
314.087494       897.0393676758
314.453949       950.4899291992
314.820343       899.3633422852
315.186737       938.8702392578
315.553101       808.7297973633
315.919373       876.1239624023
316.285645       941.1941528320
316.651886       938.8702392578
317.018066       892.3914794922
317.384308       908.6590576172
317.750427       899.3633422852
318.116516       901.6872558594
318.482574       955.1378173828
318.848633       899.3633422852
319.214661       845.9127807617
319.580627       906.3351440430
319.946564       883.0957641602
320.312439       887.7436523438
320.678314       962.1096191406
321.044159       899.3633422852
321.410004       894.7154541016
321.775757       836.6170654297
322.141510       913.3069458008
322.507202       943.5181274414
322.872894       959.7856445313
323.238525       892.3914794922
323.604156       913.3069458008
323.969696       924.9266357422
324.335266       964.4335327148
324.700745       920.2787475586
325.066223       887.7436523438
325.431702       924.9266357422
325.797089       904.0111694336
326.162445       922.6026611328
326.527802       929.5744628906
326.893097       883.0957641602
327.258362       917.9548339844
327.623657       871.4760742188
327.988861       920.2787475586
328.353973       971.4053344727
328.719116       843.5888671875
329.084259       920.2787475586
329.449341       843.5888671875
329.814392       906.3351440430
330.179352       922.6026611328
330.544312       915.6308593750
330.909241       834.2930908203
331.274170       890.0675659180
331.639069       883.0957641602
332.003906       906.3351440430
332.368713       901.6872558594
332.733459       871.4760742188
333.098206       920.2787475586
333.462921       866.8281860352
333.827606       852.8845825195
334.192230       920.2787475586
334.556824       959.7856445313
334.921356       871.4760742188
335.285919       950.4899291992
335.650452       836.6170654297
336.014893       955.1378173828
336.379333       892.3914794922
336.743744       938.8702392578
337.108124       924.9266357422
337.472443       873.8000488281
337.836731       917.9548339844
338.201019       864.5042724609
338.565247       845.9127807617
338.929413       943.5181274414
339.293579       945.8420410156
339.657776       952.8138427734
340.021851       899.3633422852
340.385895       980.7011108398
340.749908       885.4196777344
341.113922       892.3914794922
341.477875       878.4478759766
341.841827       897.0393676758
342.205688       873.8000488281
342.569580       904.0111694336
342.933380       822.6734008789
343.297211       857.5324707031
343.660950       959.7856445313
344.024658       850.5606689453
344.388367       869.1521606445
344.752014       843.5888671875
345.115601       818.0255737305
345.479218       917.9548339844
345.842804       880.7718505859
346.206299       959.7856445313
346.569763       859.8563842773
346.933228       959.7856445313
347.296661       904.0111694336
347.660034       848.2366943359
348.023407       952.8138427734
348.386719       927.2505493164
348.750000       871.4760742188
349.113220       883.0957641602
349.476471       892.3914794922
349.839661       820.3494873047
350.202820       894.7154541016
350.565887       934.2223510742
350.928955       883.0957641602
351.292023       845.9127807617
351.655029       871.4760742188
352.018036       908.6590576172
352.380981       892.3914794922
352.743866       878.4478759766
353.106720       871.4760742188
353.469574       920.2787475586
353.832397       894.7154541016
354.195160       910.9829711914
354.557892       941.1941528320
354.920593       924.9266357422
355.283234       864.5042724609
355.645905       885.4196777344
356.008514       943.5181274414
356.371094       906.3351440430
356.733612       906.3351440430
357.096100       885.4196777344
357.458588       931.8984375000
357.820984       945.8420410156
358.183411       922.6026611328
358.545746       973.7292480469
358.908081       829.6452026367
359.270355       883.0957641602
359.632629       876.1239624023
359.994873       864.5042724609
360.357056       880.7718505859
360.719208       885.4196777344
361.081329       887.7436523438
361.443420       910.9829711914
361.805481       890.0675659180
362.167511       913.3069458008
362.529480       901.6872558594
362.891418       897.0393676758
363.253326       827.3212890625
363.615234       901.6872558594
363.977081       866.8281860352
364.338867       910.9829711914
364.700653       841.2648925781
365.062378       904.0111694336
365.424103       815.7015991211
365.785767       873.8000488281
366.147430       908.6590576172
366.509033       894.7154541016
366.870605       927.2505493164
367.232117       908.6590576172
367.593628       880.7718505859
367.955109       852.8845825195
368.316559       890.0675659180
368.677917       848.2366943359
369.039307       955.1378173828
369.400635       857.5324707031
369.761902       910.9829711914
370.123199       848.2366943359
370.484436       892.3914794922
370.845581       887.7436523438
371.206726       831.9691772461
371.567871       866.8281860352
371.928955       934.2223510742
372.290039       894.7154541016
372.651062       927.2505493164
373.011993       934.2223510742
373.372955       927.2505493164
373.733887       859.8563842773
374.094788       890.0675659180
374.455627       894.7154541016
374.816406       964.4335327148
375.177185       962.1096191406
375.537903       978.3771362305
375.898651       899.3633422852
376.259338       864.5042724609
376.619965       915.6308593750
376.980530       952.8138427734
377.341095       899.3633422852
377.701660       897.0393676758
378.062134       929.5744628906
378.422607       857.5324707031
378.783020       869.1521606445
379.143402       959.7856445313
379.503784       841.2648925781
379.864105       887.7436523438
380.224396       862.1803588867
380.584656       880.7718505859
380.944855       820.3494873047
381.305054       878.4478759766
381.665192       880.7718505859
382.025299       852.8845825195
382.385406       866.8281860352
382.745453       892.3914794922
383.105438       936.5463256836
383.465424       852.8845825195
383.825348       910.9829711914
384.185272       852.8845825195
384.545135       959.7856445313
384.904968       852.8845825195
385.264771       834.2930908203
385.624512       948.1659545898
385.984253       885.4196777344
386.343964       836.6170654297
386.703613       924.9266357422
387.063232       922.6026611328
387.422821       920.2787475586
387.782379       843.5888671875
388.141907       890.0675659180
388.501404       878.4478759766
388.860840       866.8281860352
389.220215       908.6590576172
389.579620       899.3633422852
389.938995       952.8138427734
390.298279       910.9829711914
390.657562       957.4617309570
391.016785       878.4478759766
391.376007       938.8702392578
391.735168       948.1659545898
392.094299       906.3351440430
392.453430       859.8563842773
392.812469       915.6308593750
393.171478       943.5181274414
393.530457       876.1239624023
393.889435       894.7154541016
394.248383       966.7574462891
394.607269       934.2223510742
394.966125       894.7154541016
395.324921       915.6308593750
395.683655       852.8845825195
396.042419       920.2787475586
396.401154       869.1521606445
396.759827       864.5042724609
397.118469       873.8000488281
397.477051       887.7436523438
397.835632       855.2085571289
398.194153       852.8845825195
398.552673       980.7011108398
398.911163       924.9266357422
399.269592       887.7436523438
399.627960       906.3351440430
399.986328       843.5888671875
400.344666       906.3351440430
400.702942       924.9266357422
401.061188       906.3351440430
401.419403       927.2505493164
401.777588       820.3494873047
402.135712       927.2505493164
402.493835       864.5042724609
402.851929       897.0393676758
403.209961       890.0675659180
403.567932       945.8420410156
403.925903       959.7856445313
404.283905       857.5324707031
404.641754       894.7154541016
404.999634       955.1378173828
405.357452       892.3914794922
405.715210       885.4196777344
406.072998       908.6590576172
406.430725       917.9548339844
406.788422       922.6026611328
407.146027       943.5181274414
407.503662       871.4760742188
407.861237       955.1378173828
408.218781       859.8563842773
408.576294       873.8000488281
408.933777       917.9548339844
409.291168       887.7436523438
409.648590       901.6872558594
410.005951       948.1659545898
410.363312       931.8984375000
410.720612       897.0393676758
411.077820       931.8984375000
411.435059       906.3351440430
411.792267       869.1521606445
412.149384       836.6170654297
412.506531       864.5042724609
412.863586       855.2085571289
413.220642       927.2505493164
413.577606       892.3914794922
413.934601       964.4335327148
414.291565       943.5181274414
414.648468       873.8000488281
415.005310       899.3633422852
415.362122       913.3069458008
415.718903       878.4478759766
416.075684       871.4760742188
416.432434       913.3069458008
416.789093       941.1941528320
417.145752       883.0957641602
417.502350       834.2930908203
417.858948       885.4196777344
418.215485       917.9548339844
418.571991       917.9548339844
418.928467       859.8563842773
419.284882       920.2787475586
419.641266       952.8138427734
419.997650       931.8984375000
420.354004       880.7718505859
420.710266       931.8984375000
421.066528       945.8420410156
421.422760       873.8000488281
421.778931       948.1659545898
422.135071       943.5181274414
422.491211       864.5042724609
422.847260       866.8281860352
423.203308       924.9266357422
423.559296       883.0957641602
423.915283       897.0393676758
424.271210       913.3069458008
424.627136       859.8563842773
424.982971       901.6872558594
425.338776       871.4760742188
425.694611       834.2930908203
426.050323       917.9548339844
426.406036       910.9829711914
426.761749       922.6026611328
427.117371       901.6872558594
427.472961       906.3351440430
427.828552       931.8984375000
428.184113       901.6872558594
428.539581       880.7718505859
428.895050       869.1521606445
429.250458       945.8420410156
429.605865       841.2648925781
429.961212       883.0957641602
430.316559       910.9829711914
430.671814       855.2085571289
431.027069       890.0675659180
431.382263       859.8563842773
431.737457       894.7154541016
432.092590       880.7718505859
432.447723       945.8420410156
432.802734       880.7718505859
433.157776       897.0393676758
433.512756       971.4053344727
433.867706       929.5744628906
434.222656       938.8702392578
434.577545       901.6872558594
434.932373       945.8420410156
435.287201       878.4478759766
435.641968       876.1239624023
435.996704       878.4478759766
436.351410       892.3914794922
436.706085       948.1659545898
437.060699       859.8563842773
437.415283       850.5606689453
437.769867       924.9266357422
438.124420       885.4196777344
438.478882       943.5181274414
438.833313       869.1521606445
439.187714       917.9548339844
439.542084       952.8138427734
439.896454       862.1803588867
440.250732       841.2648925781
440.605011       931.8984375000
440.959229       892.3914794922
441.313416       948.1659545898
441.667572       908.6590576172
442.021698       866.8281860352
442.375793       913.3069458008
442.729858       969.0814208984
443.083832       885.4196777344
443.437836       852.8845825195
443.791748       929.5744628906
444.145630       908.6590576172
444.499542       917.9548339844
444.853363       864.5042724609
445.207123       901.6872558594
445.560883       829.6452026367
445.914612       901.6872558594
446.268280       887.7436523438
446.621918       887.7436523438
446.975555       880.7718505859
447.329132       897.0393676758
447.682678       799.4340820313
448.036133       910.9829711914
448.389618       934.2223510742
448.743042       855.2085571289
449.096405       957.4617309570
449.449799       885.4196777344
449.803101       827.3212890625
450.156372       969.0814208984
450.509613       934.2223510742
450.862823       834.2930908203
451.216003       876.1239624023
451.569122       864.5042724609
451.922211       871.4760742188
452.275269       929.5744628906
452.628296       838.9409790039
452.981293       927.2505493164
453.334229       999.2926025391
453.687134       924.9266357422
454.040009       917.9548339844
454.392853       866.8281860352
454.745636       822.6734008789
455.098419       885.4196777344
455.451172       866.8281860352
455.803864       850.5606689453
456.156464       885.4196777344
456.509125       920.2787475586
456.861694       885.4196777344
457.214264       938.8702392578
457.566742       924.9266357422
457.919220       866.8281860352
458.271667       883.0957641602
458.624023       869.1521606445
458.976379       901.6872558594
459.328705       901.6872558594
459.681000       829.6452026367
460.033234       894.7154541016
460.385468       866.8281860352
460.737610       894.7154541016
461.089752       885.4196777344
461.441864       917.9548339844
461.793945       922.6026611328
462.145996       913.3069458008
462.497955       897.0393676758
462.849884       899.3633422852
463.201813       899.3633422852
463.553680       929.5744628906
463.905518       910.9829711914
464.257355       920.2787475586
464.609100       899.3633422852
464.960815       901.6872558594
465.312531       880.7718505859
465.664185       862.1803588867
466.015778       941.1941528320
466.367371       859.8563842773
466.718903       938.8702392578
467.070435       941.1941528320
467.421906       827.3212890625
467.773346       862.1803588867
468.124725       906.3351440430
468.476074       927.2505493164
468.827393       859.8563842773
469.178680       980.7011108398
469.529938       917.9548339844
469.881134       915.6308593750
470.232330       920.2787475586
470.583435       936.5463256836
470.934540       906.3351440430
471.285614       887.7436523438
471.636627       910.9829711914
471.987610       929.5744628906
472.338562       885.4196777344
472.689453       929.5744628906
473.040375       892.3914794922
473.391205       901.6872558594
473.741974       915.6308593750
474.092773       950.4899291992
474.443481       929.5744628906
474.794159       899.3633422852
475.144806       920.2787475586
475.495422       873.8000488281
475.846039       885.4196777344
476.196533       892.3914794922
476.547028       917.9548339844
476.897522       813.3776855469
477.247925       890.0675659180
477.598328       904.0111694336
477.948700       943.5181274414
478.299011       943.5181274414
478.649231       983.0250244141
478.999481       927.2505493164
479.349701       790.1383056641
479.699829       917.9548339844
480.049988       910.9829711914
480.400055       899.3633422852
480.750153       929.5744628906
481.100128       992.3207397461
481.450104       941.1941528320
481.800049       876.1239624023
482.149963       852.8845825195
482.499786       924.9266357422
482.849670       866.8281860352
483.199432       906.3351440430
483.549194       871.4760742188
483.898926       941.1941528320
484.248566       962.1096191406
484.598206       906.3351440430
484.947815       908.6590576172
485.297394       913.3069458008
485.646912       878.4478759766
485.996399       915.6308593750
486.345825       827.3212890625
486.695282       955.1378173828
487.044617       901.6872558594
487.393951       901.6872558594
487.743286       913.3069458008
488.092529       915.6308593750
488.441711       922.6026611328
488.790955       862.1803588867
489.140076       915.6308593750
489.489197       880.7718505859
489.838257       904.0111694336
490.187286       966.7574462891
490.536316       952.8138427734
490.885254       850.5606689453
491.234161       913.3069458008
491.583069       913.3069458008
491.931915       890.0675659180
492.280731       915.6308593750
492.629486       910.9829711914
492.978210       906.3351440430
493.326874       866.8281860352
493.675568       880.7718505859
494.024200       894.7154541016
494.372742       841.2648925781
494.721313       913.3069458008
495.069824       883.0957641602
495.418274       883.0957641602
495.766724       857.5324707031
496.115112       885.4196777344
496.463470       894.7154541016
496.811768      1001.6165161133
497.160034       952.8138427734
497.508301       917.9548339844
497.856506       910.9829711914
498.204651       804.0819091797
498.552765       929.5744628906
498.900848       855.2085571289
499.248901       862.1803588867
499.596924       864.5042724609
499.944885       876.1239624023
500.292816       880.7718505859
500.640778       848.2366943359
500.988556       955.1378173828
501.336426       955.1378173828
501.684204       855.2085571289
502.031952       906.3351440430
502.379700       864.5042724609
502.727295       845.9127807617
503.074982       913.3069458008
503.422546       913.3069458008
503.770081       892.3914794922
504.117615       901.6872558594
504.465088       899.3633422852
504.812561       855.2085571289
505.159943       850.5606689453
505.507294       943.5181274414
505.854645       908.6590576172
506.201904       910.9829711914
506.549194       920.2787475586
506.896332       906.3351440430
507.243591       887.7436523438
507.590698       822.6734008789
507.937775       890.0675659180
508.284912       910.9829711914
508.631836       894.7154541016
508.978851       873.8000488281
509.325806       890.0675659180
509.672699       910.9829711914
510.019592       897.0393676758
510.366364       917.9548339844
510.713196       901.6872558594
511.059937       824.9973754883
511.406677       910.9829711914
511.753326       945.8420410156
512.099976       915.6308593750
512.446594       915.6308593750
512.793091       915.6308593750
513.139648       920.2787475586
513.486145       938.8702392578
513.832520       927.2505493164
514.179016       924.9266357422
514.525269       885.4196777344
514.871704       864.5042724609
515.217957       927.2505493164
515.564209       892.3914794922
515.910522       943.5181274414
516.256531       887.7436523438
516.602783       943.5181274414
516.948853       957.4617309570
517.294922       969.0814208984
517.640930       862.1803588867
517.986877       873.8000488281
518.332886       841.2648925781
518.678711       943.5181274414
519.024658       834.2930908203
519.370422       859.8563842773
519.716248       934.2223510742
520.062073       929.5744628906
520.407715       841.2648925781
520.753418       876.1239624023
521.099060       864.5042724609
521.444580       929.5744628906
521.790222       938.8702392578
522.135681       869.1521606445
522.481201       878.4478759766
522.826660       931.8984375000
523.172058       908.6590576172
523.517395       864.5042724609
523.862671       871.4760742188
524.208069       917.9548339844
524.553284       931.8984375000
524.898438       938.8702392578
525.243591       924.9266357422
525.588745       887.7436523438
525.933899       931.8984375000
526.278931       934.2223510742
526.623962       836.6170654297
526.968872       855.2085571289
527.313904       897.0393676758
527.658813       855.2085571289
528.003601       955.1378173828
528.348450       887.7436523438
528.693237       883.0957641602
529.037964       934.2223510742
529.382751       892.3914794922
529.727356       892.3914794922
530.072021       899.3633422852
530.416626       864.5042724609
530.761169       829.6452026367
531.105652       931.8984375000
531.450134       934.2223510742
531.794617       887.7436523438
532.138916       936.5463256836
532.483337       878.4478759766
532.827637       852.8845825195
533.171936       887.7436523438
533.516174       890.0675659180
533.860352       862.1803588867
534.204529       822.6734008789
534.548645       945.8420410156
534.892700       915.6308593750
535.236816       978.3771362305
535.580750       890.0675659180
535.924744       862.1803588867
536.268738       880.7718505859
536.612549       869.1521606445
536.956421       924.9266357422
537.300232       978.3771362305
537.644043       878.4478759766
537.987671       878.4478759766
538.331421       922.6026611328
538.675049       941.1941528320
539.018677       892.3914794922
539.362305       915.6308593750
539.705750       913.3069458008
540.049316       964.4335327148
540.392822      1001.6165161133
540.736145       936.5463256836
541.079590       862.1803588867
541.422913       920.2787475586
541.766235       855.2085571289
542.109436       922.6026611328
542.452698       950.4899291992
542.795898       941.1941528320
543.138977       924.9266357422
543.482178       913.3069458008
543.825195       878.4478759766
544.168213       957.4617309570
544.511230       899.3633422852
544.854187       962.1096191406
545.197083       864.5042724609
545.539917       883.0957641602
545.882813       897.0393676758
546.225586       904.0111694336
546.568359       906.3351440430
546.911133       897.0393676758
547.253662       931.8984375000
547.596436       885.4196777344
547.938965       841.2648925781
548.281494       869.1521606445
548.624084       934.2223510742
548.966492       869.1521606445
549.308960       852.8845825195
549.651367       864.5042724609
549.993713       920.2787475586
550.336060       917.9548339844
550.678345       910.9829711914
551.020630       906.3351440430
551.362732       880.7718505859
551.704956       873.8000488281
552.047058       871.4760742188
552.389160       885.4196777344
552.731262       920.2787475586
553.073181       922.6026611328
553.415161       850.5606689453
553.757080       880.7718505859
554.098999       876.1239624023
554.440857       873.8000488281
554.782593       910.9829711914
555.124390       913.3069458008
555.466125       876.1239624023
555.807800       945.8420410156
556.149414       927.2505493164
556.491089       938.8702392578
556.832642       883.0957641602
557.174133       887.7436523438
557.515686       908.6590576172
557.857117       890.0675659180
558.198486       834.2930908203
558.539917       910.9829711914
558.881165       929.5744628906
559.222534       913.3069458008
559.563782       910.9829711914
559.904968       920.2787475586
560.246216       901.6872558594
560.587280       890.0675659180
560.928406       864.5042724609
561.269470       859.8563842773
561.610474       862.1803588867
561.951477       848.2366943359
562.292297       908.6590576172
562.633301       862.1803588867
562.974121       931.8984375000
563.315002       857.5324707031
563.655762       908.6590576172
563.996460       931.8984375000
564.337158       950.4899291992
564.677795       878.4478759766
565.018433       943.5181274414
565.359009       906.3351440430
565.699524       866.8281860352
566.040100       885.4196777344
566.380493       894.7154541016
566.720947       929.5744628906
567.061340       887.7436523438
567.401611       931.8984375000
567.742004       971.4053344727
568.082153       948.1659545898
568.422424       950.4899291992
568.762634       920.2787475586
569.102722       936.5463256836
569.442810       913.3069458008
569.782898       904.0111694336
570.122986       871.4760742188
570.462830       938.8702392578
570.802856       924.9266357422
571.142761       952.8138427734
571.482605       841.2648925781
571.822449       915.6308593750
572.162170       934.2223510742
572.501953       943.5181274414
572.841675       901.6872558594
573.181274       871.4760742188
573.520996       829.6452026367
573.860474       894.7154541016
574.200073       894.7154541016
574.539551       959.7856445313
574.878967       880.7718505859
575.218384       883.0957641602
575.557739       917.9548339844
575.897156       904.0111694336
576.236450       855.2085571289
576.575684       897.0393676758
576.914856       931.8984375000
577.254089       864.5042724609
577.593262       850.5606689453
577.932251       869.1521606445
578.271362       924.9266357422
578.610352       922.6026611328
578.949341       952.8138427734
579.288330       915.6308593750
579.627197       866.8281860352
579.966064       901.6872558594
580.304871       901.6872558594
580.643677       904.0111694336
580.982483       938.8702392578
581.321045       908.6590576172
581.659790       913.3069458008
581.998413       941.1941528320
582.336914       897.0393676758
582.675476       957.4617309570
583.013916       901.6872558594
583.352478       908.6590576172
583.690796       941.1941528320
584.029175       871.4760742188
584.367493       917.9548339844
584.705811       887.7436523438
585.044128       920.2787475586
585.382202       883.0957641602
585.720459       883.0957641602
586.058594       871.4760742188
586.396667       934.2223510742
586.734802       941.1941528320
587.072693       864.5042724609
587.410767       850.5606689453
587.748657       827.3212890625
588.086487       899.3633422852
588.424316       908.6590576172
588.762146       866.8281860352
589.099976       859.8563842773
589.437622       945.8420410156
589.775391       924.9266357422
590.113037       883.0957641602
590.450623       859.8563842773
590.788208       878.4478759766
591.125671       929.5744628906
591.463196       922.6026611328
591.800659       880.7718505859
592.138062       934.2223510742
592.475464       964.4335327148
592.812683       917.9548339844
593.150024       885.4196777344
593.487244       952.8138427734
593.824402       892.3914794922
594.161621       878.4478759766
594.498657       869.1521606445
594.835815       892.3914794922
595.172852       897.0393676758
595.509827       969.0814208984
595.846741       822.6734008789
596.183655       794.7861938477
596.520630       885.4196777344
596.857422       836.6170654297
597.194214       899.3633422852
597.530945       964.4335327148
597.867615       885.4196777344
598.204346       813.3776855469
598.540955       850.5606689453
598.877563       894.7154541016
599.214111       871.4760742188
599.550598       890.0675659180
599.887085       936.5463256836
600.223450       904.0111694336
600.559937       894.7154541016
600.896240       917.9548339844
601.232544       941.1941528320
601.568787       910.9829711914
601.905029       945.8420410156
602.241272       901.6872558594
602.577271       869.1521606445
602.913452       904.0111694336
603.249512       936.5463256836
603.585510       917.9548339844
603.921509       855.2085571289
604.257385       836.6170654297
604.593323       915.6308593750
604.929199       957.4617309570
605.264954       901.6872558594
605.600830       871.4760742188
605.936462       929.5744628906
606.272217       838.9409790039
606.607849       892.3914794922
606.943420       883.0957641602
607.278992       978.3771362305
607.614502       931.8984375000
607.950012       855.2085571289
608.285461       936.5463256836
608.620850       922.6026611328
608.956177       890.0675659180
609.291504       899.3633422852
609.626831       899.3633422852
609.962036       862.1803588867
610.297302       892.3914794922
610.632446       897.0393676758
610.967529       878.4478759766
611.302673       834.2930908203
611.637634       906.3351440430
611.972656       864.5042724609
612.307617       964.4335327148
612.642517       862.1803588867
612.977356       899.3633422852
613.312195       890.0675659180
613.646973       859.8563842773
613.981750       885.4196777344
614.316406       869.1521606445
614.651062       913.3069458008
614.985657       806.4058837891
615.320313       890.0675659180
615.654846       873.8000488281
615.989319       862.1803588867
616.323792       876.1239624023
616.658203       920.2787475586
616.992615       931.8984375000
617.326904       880.7718505859
617.661194       936.5463256836
617.995483       957.4617309570
618.329712       934.2223510742
618.663940       934.2223510742
618.997925       969.0814208984
619.332092       899.3633422852
619.666077       883.0957641602
620.000061       894.7154541016
620.334045       936.5463256836
620.667969       859.8563842773
621.001892       927.2505493164
621.335632       885.4196777344
621.669495       915.6308593750
622.003296       908.6590576172
622.336914       836.6170654297
622.670654      1003.9404296875
623.004272       850.5606689453
623.337891       887.7436523438
623.671387       964.4335327148
624.004883       824.9973754883
624.338440       908.6590576172
624.671753       922.6026611328
625.005249       913.3069458008
625.338562       890.0675659180
625.671814       938.8702392578
626.005066       890.0675659180
626.338257       955.1378173828
626.671509       892.3914794922
627.004578       878.4478759766
627.337708       931.8984375000
627.670776       864.5042724609
628.003723       811.0537719727
628.336731       892.3914794922
628.669556       887.7436523438
629.002502       927.2505493164
629.335327       887.7436523438
629.668152       904.0111694336
630.000916       845.9127807617
630.333618       864.5042724609
630.666321       920.2787475586
630.998962       824.9973754883
631.331482       876.1239624023
631.664063       917.9548339844
631.996521       920.2787475586
632.329102       910.9829711914
632.661499       859.8563842773
632.993835       838.9409790039
633.326172       994.6447143555
633.658447       908.6590576172
633.990784       862.1803588867
634.322937       920.2787475586
634.655212       878.4478759766
634.987244       910.9829711914
635.319397       920.2787475586
635.651489       952.8138427734
635.983398       906.3351440430
636.315430       871.4760742188
636.647278       943.5181274414
636.979187       871.4760742188
637.311035       904.0111694336
637.642761       922.6026611328
637.974609       850.5606689453
638.306335       941.1941528320
638.637939       966.7574462891
638.969604       906.3351440430
639.301147       917.9548339844
639.632751       887.7436523438
639.964233       892.3914794922
640.295715       834.2930908203
640.627075       927.2505493164
640.958496       878.4478759766
641.289917       901.6872558594
641.621094       952.8138427734
641.952393       876.1239624023
642.283569       915.6308593750
642.614746       955.1378173828
642.945923       887.7436523438
643.276917       827.3212890625
643.608093       901.6872558594
643.939026       941.1941528320
644.269958       871.4760742188
644.600891       955.1378173828
644.931763       906.3351440430
645.262634       880.7718505859
645.593384       908.6590576172
645.924133       922.6026611328
646.254822       871.4760742188
646.585510       852.8845825195
646.916199       822.6734008789
647.246704       910.9829711914
647.577271       880.7718505859
647.907715       904.0111694336
648.238220       910.9829711914
648.568665       959.7856445313
648.898987       864.5042724609
649.229309       920.2787475586
649.559570       927.2505493164
649.889832       906.3351440430
650.220093       936.5463256836
650.550171       892.3914794922
650.880310       885.4196777344
651.210388       994.6447143555
651.540405       850.5606689453
651.870422       890.0675659180
652.200317       904.0111694336
652.530273       880.7718505859
652.860046       897.0393676758
653.189941       869.1521606445
653.519775       931.8984375000
653.849426       922.6026611328
654.179199       899.3633422852
654.508789       927.2505493164
654.838440       915.6308593750
655.168030       866.8281860352
655.497498       862.1803588867
655.827026       811.0537719727
656.156372       913.3069458008
656.485840       894.7154541016
656.815247       973.7292480469
657.144470       838.9409790039
657.473755       894.7154541016
657.802979       887.7436523438
658.132202       906.3351440430
658.461243       857.5324707031
658.790466       834.2930908203
659.119507       945.8420410156
659.448486       908.6590576172
659.777527       887.7436523438
660.106384       859.8563842773
660.435242       887.7436523438
660.764160       878.4478759766
661.092896       901.6872558594
661.421692       904.0111694336
661.750427       906.3351440430
662.079102       913.3069458008
662.407715       866.8281860352
662.736328       936.5463256836
663.064880       894.7154541016
663.393311       890.0675659180
663.721802       957.4617309570
664.050232       834.2930908203
664.378601       915.6308593750
664.706970       915.6308593750
665.035217       831.9691772461
665.363525       878.4478759766
665.691650       931.8984375000
666.019897       959.7856445313
666.347961       869.1521606445
666.676086       948.1659545898
667.004150       922.6026611328
667.332092       959.7856445313
667.660095       899.3633422852
667.987915       957.4617309570
668.315796       901.6872558594
668.643677       906.3351440430
668.971436       931.8984375000
669.299133       873.8000488281
669.626892       910.9829711914
669.954468       901.6872558594
670.282104       931.8984375000
670.609619       885.4196777344
670.937256       892.3914794922
671.264587       883.0957641602
671.592163       852.8845825195
671.919495       866.8281860352
672.246887       915.6308593750
672.574097       892.3914794922
672.901489       878.4478759766
673.228699       862.1803588867
673.555847       878.4478759766
673.882996       917.9548339844
674.210022       901.6872558594
674.537109       936.5463256836
674.864136       857.5324707031
675.191101       876.1239624023
675.518005       938.8702392578
675.844849       920.2787475586
676.171692       876.1239624023
676.498535       927.2505493164
676.825256       869.1521606445
677.151978       924.9266357422
677.478577       894.7154541016
677.805237       917.9548339844
678.131836       929.5744628906
678.458435       831.9691772461
678.784851       915.6308593750
679.111328       913.3069458008
679.437744       950.4899291992
679.764099       931.8984375000
680.090454       873.8000488281
680.416687       883.0957641602
680.742920       936.5463256836
681.069153       908.6590576172
681.395203       906.3351440430
681.721313       959.7856445313
682.047485       894.7154541016
682.373474       862.1803588867
682.699402       899.3633422852
683.025391       878.4478759766
683.351196       892.3914794922
683.677063       917.9548339844
684.002930       957.4617309570
684.328674       920.2787475586
684.654358       885.4196777344
684.980042       897.0393676758
685.305603       885.4196777344
685.631287       936.5463256836
685.956787       892.3914794922
686.282288       887.7436523438
686.607788       927.2505493164
686.933167       864.5042724609
687.258545       848.2366943359
687.583923       811.0537719727
687.909180       869.1521606445
688.234375       901.6872558594
688.559631       880.7718505859
688.884766       878.4478759766
689.209839       920.2787475586
689.534973       913.3069458008
689.859924       910.9829711914
690.184937       850.5606689453
690.509827       901.6872558594
690.834717       838.9409790039
691.159668       880.7718505859
691.484436       941.1941528320
691.809204       871.4760742188
692.133911       885.4196777344
692.458557       924.9266357422
692.783142       917.9548339844
693.107849       857.5324707031
693.432312       890.0675659180
693.756836       878.4478759766
694.081238       899.3633422852
694.405701       890.0675659180
694.730164       929.5744628906
695.054443       838.9409790039
695.378723       862.1803588867
695.702942       878.4478759766
696.027100       915.6308593750
696.351257       945.8420410156
696.675476       901.6872558594
696.999512       824.9973754883
697.323486       934.2223510742
697.647461       908.6590576172
697.971375       864.5042724609
698.295349       843.5888671875
698.619202       887.7436523438
698.942993       885.4196777344
699.266724       852.8845825195
699.590393       904.0111694336
699.914124       866.8281860352
700.237793       917.9548339844
700.561340       929.5744628906
700.884949       934.2223510742
701.208374       962.1096191406
701.531860       910.9829711914
701.855286       955.1378173828
702.178650       934.2223510742
702.501953       917.9548339844
702.825195       873.8000488281
703.148499       936.5463256836
703.471680       901.6872558594
703.794861       929.5744628906
704.117981       876.1239624023
704.440979       945.8420410156
704.764038       892.3914794922
705.086975       901.6872558594
705.409851       966.7574462891
705.732849       931.8984375000
706.055664       880.7718505859
706.378479       804.0819091797
706.701233       885.4196777344
707.023926       899.3633422852
707.346619       862.1803588867
707.669250       843.5888671875
707.991821       892.3914794922
708.314392       869.1521606445
708.636841       931.8984375000
708.959290       880.7718505859
709.281738       824.9973754883
709.604065       880.7718505859
709.926392       936.5463256836
710.248657       908.6590576172
710.570862       887.7436523438
710.893066       938.8702392578
711.215210       966.7574462891
711.537292       862.1803588867
711.859314       850.5606689453
712.181335       897.0393676758
712.503357       857.5324707031
712.825256       899.3633422852
713.147156       908.6590576172
713.468994       876.1239624023
713.790771       857.5324707031
714.112488       908.6590576172
714.434143       904.0111694336
714.755859       878.4478759766
715.077515       897.0393676758
715.399109       922.6026611328
715.720581       922.6026611328
716.042053       808.7297973633
716.363525       873.8000488281
716.684875       899.3633422852
717.006287       931.8984375000
717.327576       922.6026611328
717.648804       938.8702392578
717.969971       922.6026611328
718.291260       871.4760742188
718.612366       927.2505493164
718.933411       904.0111694336
719.254395       843.5888671875
719.575439       920.2787475586
719.896362       850.5606689453
720.217285       922.6026611328
720.538147       920.2787475586
720.859009       927.2505493164
721.179749       894.7154541016
721.500488       859.8563842773
721.821228       892.3914794922
722.141785       915.6308593750
722.462402       957.4617309570
722.782959       887.7436523438
723.103455       922.6026611328
723.423950       904.0111694336
723.744385       924.9266357422
724.064758       920.2787475586
724.385071       864.5042724609
724.705322       876.1239624023
725.025574       850.5606689453
725.345825       838.9409790039
725.665955       862.1803588867
725.986023       869.1521606445
726.306091       969.0814208984
726.626099       922.6026611328
726.946045       876.1239624023
727.266052       855.2085571289
727.585938       890.0675659180
727.905762       834.2930908203
728.225525       904.0111694336
728.545288       904.0111694336
728.864990       818.0255737305
729.184692       873.8000488281
729.504333       936.5463256836
729.823853       948.1659545898
730.143372       941.1941528320
730.462891       931.8984375000
730.782410       987.6729125977
731.101746       915.6308593750
731.421143       906.3351440430
731.740417       964.4335327148
732.059631       943.5181274414
732.378845       850.5606689453
732.698059       917.9548339844
733.017212       906.3351440430
733.336304       915.6308593750
733.655273       908.6590576172
733.974304       941.1941528320
734.293335       943.5181274414
734.612183       908.6590576172
734.931030       941.1941528320
735.249878       876.1239624023
735.568665       936.5463256836
735.887329       831.9691772461
736.206055       908.6590576172
736.524658       901.6872558594
736.843262       927.2505493164
737.161804       913.3069458008
737.480286       938.8702392578
737.798828       855.2085571289
738.117249       913.3069458008
738.435608       862.1803588867
738.753906       906.3351440430
739.072205       818.0255737305
739.390442       897.0393676758
739.708618       883.0957641602
740.026733       857.5324707031
740.344849       904.0111694336
740.662903       857.5324707031
740.980957       822.6734008789
741.298889       873.8000488281
741.616821       892.3914794922
741.934692       890.0675659180
742.252502       938.8702392578
742.570313       850.5606689453
742.888062       936.5463256836
743.205750       915.6308593750
743.523438       887.7436523438
743.841003       920.2787475586
744.158569       899.3633422852
744.476074       890.0675659180
744.793518       885.4196777344
745.111023       966.7574462891
745.428345       843.5888671875
745.745728       855.2085571289
746.062988       892.3914794922
746.380249       880.7718505859
746.697449       917.9548339844
747.014648       850.5606689453
747.331726       908.6590576172
747.648804       976.0532226563
747.965759       887.7436523438
748.282776       873.8000488281
748.599731       934.2223510742
748.916626       922.6026611328
749.233459       917.9548339844
749.550232       852.8845825195
749.867004       915.6308593750
750.183655       794.7861938477
750.500366       924.9266357422
750.816956       901.6872558594
751.133545       855.2085571289
751.450073       929.5744628906
751.766479       880.7718505859
752.083008       899.3633422852
752.399414       920.2787475586
752.715698       906.3351440430
753.032043       969.0814208984
753.348328       894.7154541016
753.664429       929.5744628906
753.980713       950.4899291992
754.296814       906.3351440430
754.612854       952.8138427734
754.928833       910.9829711914
755.244873       850.5606689453
755.560852       864.5042724609
755.876709       922.6026611328
756.192505       917.9548339844
756.508362       915.6308593750
756.824097       806.4058837891
757.139771       910.9829711914
757.455505       852.8845825195
757.771118       892.3914794922
758.086670       929.5744628906
758.402222       857.5324707031
758.717712       924.9266357422
759.033081       869.1521606445
759.348511       892.3914794922
759.663879       957.4617309570
759.979187       869.1521606445
760.294434       864.5042724609
760.609619       897.0393676758
760.924805       794.7861938477
761.239929       873.8000488281
761.554993       906.3351440430
761.869995       915.6308593750
762.184998       897.0393676758
762.499939       862.1803588867
762.814880       899.3633422852
763.129700       866.8281860352
763.444519       948.1659545898
763.759277       955.1378173828
764.073975       934.2223510742
764.388672       973.7292480469
764.703308       910.9829711914
765.017883       934.2223510742
765.332397       927.2505493164
765.646851       827.3212890625
765.961304       885.4196777344
766.275696       936.5463256836
766.590088       892.3914794922
766.904358       864.5042724609
767.218628       899.3633422852
767.532776       876.1239624023
767.846924       899.3633422852
768.161072       964.4335327148
768.475159       904.0111694336
768.789185       871.4760742188
769.103149       943.5181274414
769.417114       969.0814208984
769.731079       869.1521606445
770.044861       941.1941528320
770.358643       910.9829711914
770.672363       855.2085571289
770.986084       948.1659545898
771.299683       920.2787475586
771.613403       897.0393676758
771.927002       892.3914794922
772.240479       892.3914794922
772.553955       908.6590576172
772.867371       915.6308593750
773.180847       850.5606689453
773.494141       864.5042724609
773.807434       878.4478759766
774.120667       941.1941528320
774.433899      1006.2644042969
774.747009       964.4335327148
775.060181       843.5888671875
775.373230       873.8000488281
775.686218       855.2085571289
775.999207       901.6872558594
776.312073       899.3633422852
776.624939       908.6590576172
776.937866       857.5324707031
777.250671       931.8984375000
777.563416       862.1803588867
777.876099       906.3351440430
778.188721       815.7015991211
778.501343       938.8702392578
778.813904       929.5744628906
779.126404       910.9829711914
779.438904       962.1096191406
779.751282       922.6026611328
780.063660       899.3633422852
780.376038       915.6308593750
780.688293       831.9691772461
781.000549       873.8000488281
781.312683       910.9829711914
781.624817       876.1239624023
781.937012       934.2223510742
782.249023       890.0675659180
782.561035       850.5606689453
782.872986       885.4196777344
783.184937       885.4196777344
783.496765       873.8000488281
783.808655       901.6872558594
784.120422       957.4617309570
784.432129       929.5744628906
784.743774       936.5463256836
785.055420       845.9127807617
785.367004       878.4478759766
785.678589       987.6729125977
785.990051       913.3069458008
786.301514       943.5181274414
786.612976       890.0675659180
786.924316       862.1803588867
787.235657       915.6308593750
787.546936       862.1803588867
787.858154       929.5744628906
788.169312       878.4478759766
788.480408       948.1659545898
788.791504       880.7718505859
789.102600       880.7718505859
789.413513       892.3914794922
789.724487       892.3914794922
790.035400       852.8845825195
790.346191       897.0393676758
790.657043       917.9548339844
790.967834       852.8845825195
791.278564       908.6590576172
791.589172       855.2085571289
791.899780       897.0393676758
792.210327       901.6872558594
792.520935       885.4196777344
792.831421       899.3633422852
793.141846       883.0957641602
793.452209       859.8563842773
793.762573       906.3351440430
794.072815       936.5463256836
794.383118       873.8000488281
794.693359       904.0111694336
795.003479       887.7436523438
795.313538       948.1659545898
795.623596       936.5463256836
795.933716       843.5888671875
796.243652       906.3351440430
796.553589       929.5744628906
796.863464       873.8000488281
797.173218       904.0111694336
797.483032       908.6590576172
797.792786       910.9829711914
798.102478       941.1941528320
798.412109       920.2787475586
798.721741       904.0111694336
799.031250       887.7436523438
799.340820       838.9409790039
799.650269       862.1803588867
799.959656       924.9266357422
800.269043       852.8845825195
800.578369       920.2787475586
800.887573       899.3633422852
801.196899       927.2505493164
801.505981       848.2366943359
801.815186       852.8845825195
802.124207       908.6590576172
802.433289       971.4053344727
802.742188       887.7436523438
803.051270       941.1941528320
803.360168       894.7154541016
803.668945       894.7154541016
803.977783       894.7154541016
804.286499       878.4478759766
804.595276       899.3633422852
804.903931       887.7436523438
805.212524       906.3351440430
805.521057       841.2648925781
805.829590       808.7297973633
806.138062       890.0675659180
806.446533       892.3914794922
806.754944       899.3633422852
807.063293       850.5606689453
807.371521       871.4760742188
807.679749       906.3351440430
807.987976       834.2930908203
808.296143       987.6729125977
808.604248       936.5463256836
808.912292       845.9127807617
809.220276       887.7436523438
809.528198       922.6026611328
809.836182       927.2505493164
810.144043       924.9266357422
810.451843       843.5888671875
810.759644       904.0111694336
811.067322       917.9548339844
811.375061       876.1239624023
811.682678       964.4335327148
811.990295       952.8138427734
812.297791       866.8281860352
812.605286       927.2505493164
812.912720       910.9829711914
813.220154       941.1941528320
813.527527       957.4617309570
813.834839       885.4196777344
814.142029       897.0393676758
814.449219       929.5744628906
814.756409       913.3069458008
815.063538       890.0675659180
815.370605       880.7718505859
815.677612       897.0393676758
815.984619       908.6590576172
816.291504       887.7436523438
816.598389       985.3489379883
816.905273       848.2366943359
817.212036       869.1521606445
817.518738       915.6308593750
817.825439       885.4196777344
818.132080       824.9973754883
818.438721       883.0957641602
818.745239       966.7574462891
819.051758       848.2366943359
819.358215       941.1941528320
819.664612       908.6590576172
819.971008       880.7718505859
820.277344       938.8702392578
820.583557       910.9829711914
820.889771       904.0111694336
821.195923       908.6590576172
821.502075       943.5181274414
821.808167       936.5463256836
822.114197       922.6026611328
822.420166       906.3351440430
822.726074       838.9409790039
823.031921       904.0111694336
823.337769       883.0957641602
823.643677       866.8281860352
823.949402       843.5888671875
824.255066       866.8281860352
824.560730       931.8984375000
824.866272       878.4478759766
825.171936       948.1659545898
825.477356       901.6872558594
825.782837       897.0393676758
826.088257       873.8000488281
826.393616       945.8420410156
826.698914       894.7154541016
827.004272      1006.2644042969
827.309448       950.4899291992
827.614624       876.1239624023
827.919739       880.7718505859
828.224854       892.3914794922
828.529907       901.6872558594
828.834839       910.9829711914
829.139832       913.3069458008
829.444702       871.4760742188
829.749512       945.8420410156
830.054260       922.6026611328
830.359131       945.8420410156
830.663818       878.4478759766
830.968506       892.3914794922
831.273071       904.0111694336
831.577576       873.8000488281
831.882080       880.7718505859
832.186646       901.6872558594
832.491028       922.6026611328
832.795410       862.1803588867
833.099731       897.0393676758
833.403931       890.0675659180
833.708191       864.5042724609
834.012390       822.6734008789
834.316467       871.4760742188
834.620605       897.0393676758
834.924622       894.7154541016
835.228577       924.9266357422
835.532593       829.6452026367
835.836426       931.8984375000
836.140320       920.2787475586
836.444031       869.1521606445
836.747803       920.2787475586
837.051514       866.8281860352
837.355225       890.0675659180
837.658752       878.4478759766
837.962341       908.6590576172
838.265808       811.0537719727
838.569336       917.9548339844
838.872742       913.3069458008
839.176147       852.8845825195
839.479370       845.9127807617
839.782715       890.0675659180
840.085876       876.1239624023
840.389038       955.1378173828
840.692261       980.7011108398
840.995300       904.0111694336
841.298340       873.8000488281
841.601257       952.8138427734
841.904236       876.1239624023
842.207153       899.3633422852
842.509949       906.3351440430
842.812805       934.2223510742
843.115540       899.3633422852
843.418152       887.7436523438
843.720825       880.7718505859
844.023438       943.5181274414
844.325989       913.3069458008
844.628540       931.8984375000
844.930969       901.6872558594
845.233337       929.5744628906
845.535767       948.1659545898
845.838013       904.0111694336
846.140259       899.3633422852
846.442505       792.4622802734
846.744690       871.4760742188
847.046753       929.5744628906
847.348877       845.9127807617
847.650879       885.4196777344
847.952881       843.5888671875
848.254761       934.2223510742
848.556641       855.2085571289
848.858459       890.0675659180
849.160278       906.3351440430
849.462036       869.1521606445
849.763733       899.3633422852
850.065308       980.7011108398
850.366882       962.1096191406
850.668518       897.0393676758
850.969971       894.7154541016
851.271423       920.2787475586
851.572815       931.8984375000
851.874084       897.0393676758
852.175476       929.5744628906
852.476685       859.8563842773
852.777893       890.0675659180
853.079041       901.6872558594
853.380127       929.5744628906
853.681213       890.0675659180
853.982239       924.9266357422
854.283203       945.8420410156
854.584106       871.4760742188
854.885010       994.6447143555
855.185791       922.6026611328
855.486572       887.7436523438
855.787292       890.0675659180
856.088013       822.6734008789
856.388611       917.9548339844
856.689148       892.3914794922
856.989685       880.7718505859
857.290161       862.1803588867
857.590637       901.6872558594
857.890991       910.9829711914
858.191284       913.3069458008
858.491577       915.6308593750
858.791809       943.5181274414
859.092041       880.7718505859
859.392212       915.6308593750
859.692261       892.3914794922
859.992310       929.5744628906
860.292297       878.4478759766
860.592224       908.6590576172
860.892151       908.6590576172
861.191956       845.9127807617
861.491760       915.6308593750
861.791565       838.9409790039
862.091248       901.6872558594
862.390930       864.5042724609
862.690552       887.7436523438
862.990051       883.0957641602
863.289551       941.1941528320
863.589050       834.2930908203
863.888428       843.5888671875
864.187805       910.9829711914
864.487122       983.0250244141
864.786377       887.7436523438
865.085632       827.3212890625
865.384705       890.0675659180
865.683838       913.3069458008
865.982971       876.1239624023
866.281982       892.3914794922
866.580933       883.0957641602
866.879883       866.8281860352
867.178711      1001.6165161133
867.477600       883.0957641602
867.776367       890.0675659180
868.075134       866.8281860352
868.373718       864.5042724609
868.672424       948.1659545898
868.970947       996.9686279297
869.269531       913.3069458008
869.568054       873.8000488281
869.866455       887.7436523438
870.164856       901.6872558594
870.463196       922.6026611328
870.761536       852.8845825195
871.059753       908.6590576172
871.357971       897.0393676758
871.656067       892.3914794922
871.954102       869.1521606445
872.252197       890.0675659180
872.550232       859.8563842773
872.848206       929.5744628906
873.146057      1001.6165161133
873.443848       859.8563842773
873.741638       910.9829711914
874.039429       950.4899291992
874.337158       831.9691772461
874.634827       924.9266357422
874.932373       869.1521606445
875.229980       920.2787475586
875.527466       864.5042724609
875.825012       950.4899291992
876.122375       999.2926025391
876.419739       871.4760742188
876.717041       950.4899291992
877.014282       866.8281860352
877.311462       901.6872558594
877.608704       966.7574462891
877.905762       836.6170654297
878.202881       929.5744628906
878.499817       890.0675659180
878.796814       897.0393676758
879.093811       901.6872558594
879.390625       931.8984375000
879.687439       936.5463256836
879.984253       938.8702392578
880.280884       899.3633422852
880.577637       880.7718505859
880.874268       952.8138427734
881.170837       906.3351440430
881.467346       904.0111694336
881.763855       920.2787475586
882.060242       966.7574462891
882.356567       917.9548339844
882.652954       862.1803588867
882.949280       845.9127807617
883.245483       822.6734008789
883.541626       892.3914794922
883.837830       910.9829711914
884.133911       920.2787475586
884.429932       897.0393676758
884.725952       852.8845825195
885.021851       913.3069458008
885.317688       878.4478759766
885.613525       955.1378173828
885.909363       936.5463256836
886.205078       945.8420410156
