0.301000
190.489868         0.0000000000
190.870819         0.0000000000
191.251740       886.3886718750
191.632629       910.8254394531
192.013474       864.1734008789
192.394302       904.1608276367
192.775101      1046.3385009766
193.155838       957.4774780273
193.536575       901.9393310547
193.917267       975.2496337891
194.297943       966.3635864258
194.678574       984.1357421875
195.059174      1035.2308349609
195.439743       939.7052612305
195.820282      1021.9016723633
196.200790       968.5850830078
196.581268      1010.7940673828
196.961700       955.2559204102
197.342117       964.1420288086
197.722488       964.1420288086
198.102829       941.9267578125
198.483154       950.8128662109
198.863434       933.0407104492
199.243698      1021.9016723633
199.623901      1099.6550292969
200.004089       937.4837036133
200.384247       946.3698120117
200.764389       930.8191528320
201.144485       870.8379516602
201.524536       950.8128662109
201.904572       908.6038818359
202.284561       953.0344238281
202.664520       901.9393310547
203.044449      1028.5662841797
203.424362       915.2684936523
203.804214       901.9393310547
204.184067       919.7115478516
204.563858       899.7177734375
204.943649       930.8191528320
205.323380       890.8317260742
205.703094       968.5850830078
206.082764       924.1546020508
206.462418       935.2622070313
206.842026       915.2684936523
207.221588       946.3698120117
207.601166      1048.5600585938
207.980667       977.4711914063
208.360153       993.0218505859
208.739609       955.2559204102
209.119034       979.6926879883
209.498428       919.7115478516
209.877777       950.8128662109
210.257111      1030.7878417969
210.636398      1057.4460449219
211.015656       953.0344238281
211.394882       995.2434082031
211.774094       895.2747192383
212.153244       948.5913696289
212.532394       955.2559204102
212.911484       941.9267578125
213.290543      1006.3510131836
213.669571       964.1420288086
214.048584       944.1483154297
214.427567       968.5850830078
214.806488       939.7052612305
215.185410       966.3635864258
215.564270       910.8254394531
215.943115       919.7115478516
216.321930       957.4774780273
216.700714       961.9205322266
217.079437       910.8254394531
217.458176       906.3823852539
217.836838       919.7115478516
218.215485       961.9205322266
218.594101       875.2810058594
218.972687       937.4837036133
219.351227       953.0344238281
219.729752      1050.7814941406
220.108246       881.9456176758
220.486694       935.2622070313
220.865128       946.3698120117
221.243515       926.3760986328
221.621872      1064.1107177734
222.000183       970.8066406250
222.378494       930.8191528320
222.756744       961.9205322266
223.134964       935.2622070313
223.513153      1006.3510131836
223.891327       984.1357421875
224.269455       915.2684936523
224.647552       970.8066406250
225.025620       964.1420288086
225.403656       904.1608276367
225.781647       966.3635864258
226.159622       935.2622070313
226.537552       955.2559204102
226.915436       966.3635864258
227.293335       899.7177734375
227.671158       906.3823852539
228.048950       921.9330444336
228.426727       930.8191528320
228.804459       897.4962768555
229.182175      1026.3447265625
229.559845       930.8191528320
229.937500       946.3698120117
230.315094       948.5913696289
230.692673       944.1483154297
231.070221       968.5850830078
231.447723       973.0281372070
231.825180       924.1546020508
232.202652       986.3572998047
232.580048       897.4962768555
232.957428       986.3572998047
233.334778       941.9267578125
233.712097       928.5976562500
234.089386       926.3760986328
234.466614       966.3635864258
234.843842       988.5787963867
235.221024       979.6926879883
235.598175       990.8003540039
235.975281       944.1483154297
236.352386      1024.1231689453
236.729431       973.0281372070
237.106445       935.2622070313
237.483414       901.9393310547
237.860382       968.5850830078
238.237305       915.2684936523
238.614182       961.9205322266
238.991043       921.9330444336
239.367859       901.9393310547
239.744644      1006.3510131836
240.121414       941.9267578125
240.498138       881.9456176758
240.874817       993.0218505859
241.251480       995.2434082031
241.628098       921.9330444336
242.004700       999.6864624023
242.381241       961.9205322266
242.757782       975.2496337891
243.134262      1008.5725708008
243.510727      1046.3385009766
243.887146      1026.3447265625
244.263535       948.5913696289
244.639893       937.4837036133
245.016220       913.0469360352
245.392517       953.0344238281
245.768768       946.3698120117
246.145020       921.9330444336
246.521194       939.7052612305
246.897354       906.3823852539
247.273483       875.2810058594
247.649567       968.5850830078
248.025650       957.4774780273
248.401672       908.6038818359
248.777664       935.2622070313
249.153641       968.5850830078
249.529556       937.4837036133
249.905457       993.0218505859
250.281326       930.8191528320
250.657135       915.2684936523
251.032959      1024.1231689453
251.408707       964.1420288086
251.784424       899.7177734375
252.160126       966.3635864258
252.535797       973.0281372070
252.911423       984.1357421875
253.287018       993.0218505859
253.662582       893.0532226563
254.038116      1044.1169433594
254.413605      1048.5600585938
254.789063       926.3760986328
255.164505       948.5913696289
255.539886       990.8003540039
255.915268       897.4962768555
256.290588       908.6038818359
256.665894       941.9267578125
257.041168       961.9205322266
257.416351       890.8317260742
257.791565       921.9330444336
258.166779       933.0407104492
258.541870       970.8066406250
258.916962       935.2622070313
259.292023       993.0218505859
259.667023       953.0344238281
260.042053       970.8066406250
260.416992       921.9330444336
260.791931       928.5976562500
261.166809       924.1546020508
261.541687       897.4962768555
261.916504       933.0407104492
262.291321       946.3698120117
262.666077       921.9330444336
263.040802       995.2434082031
263.415497       915.2684936523
263.790161       939.7052612305
264.164795       993.0218505859
264.539368       986.3572998047
264.913910       915.2684936523
265.288452       941.9267578125
265.662964       899.7177734375
266.037384       946.3698120117
266.411865      1017.4586181641
266.786224       937.4837036133
267.160583       937.4837036133
267.534912       939.7052612305
267.909210       921.9330444336
268.283447       908.6038818359
268.657654       995.2434082031
269.031860       937.4837036133
269.406006       968.5850830078
269.780151       935.2622070313
270.154236       959.6989746094
270.528290       899.7177734375
270.902283       975.2496337891
271.276306       919.7115478516
271.650238       999.6864624023
272.024170       888.6101684570
272.398041       955.2559204102
272.771881       937.4837036133
273.145721       968.5850830078
273.519531       919.7115478516
273.893219       957.4774780273
274.266937       999.6864624023
274.640656       941.9267578125
275.014282       930.8191528320
275.387909       935.2622070313
275.761475       961.9205322266
276.135040       941.9267578125
276.508514       901.9393310547
276.882019       917.4899902344
277.255463       964.1420288086
277.628906       939.7052612305
278.002258       924.1546020508
278.375549       928.5976562500
278.748901       866.3948974609
279.122162       941.9267578125
279.495392      1046.3385009766
279.868622       930.8191528320
280.241791       926.3760986328
280.614929       981.9142456055
280.988007       975.2496337891
281.361084       946.3698120117
281.734131       955.2559204102
282.107117       899.7177734375
282.480072       984.1357421875
282.853027       990.8003540039
283.225952       941.9267578125
283.598785      1010.7940673828
283.971619       937.4837036133
284.344452       904.1608276367
284.717194       953.0344238281
285.089905       948.5913696289
285.462616       937.4837036133
285.835297       933.0407104492
286.207886       946.3698120117
286.580475       966.3635864258
286.953064       997.4649047852
287.325592       981.9142456055
287.698059       941.9267578125
288.070496       975.2496337891
288.442963       957.4774780273
288.815308       937.4837036133
289.187683       950.8128662109
289.559998       939.7052612305
289.932281       950.8128662109
290.304504       973.0281372070
290.676727       917.4899902344
291.048920       906.3823852539
291.421082       950.8128662109
291.793182       897.4962768555
292.165222       924.1546020508
292.537292       888.6101684570
292.909332      1008.5725708008
293.281281       926.3760986328
293.653198      1008.5725708008
294.025116       937.4837036133
294.397003      1037.4523925781
294.768860      1039.6739501953
295.140656       984.1357421875
295.512390       930.8191528320
295.884125       953.0344238281
296.255829       926.3760986328
296.627502       917.4899902344
296.999146      1026.3447265625
297.370728       950.8128662109
297.742249       970.8066406250
298.113831       913.0469360352
298.485291      1006.3510131836
298.856781       930.8191528320
299.228149       904.1608276367
299.599579       917.4899902344
299.970917       921.9330444336
300.342224       999.6864624023
300.713531       941.9267578125
301.084778       933.0407104492
301.455994       950.8128662109
301.827148       975.2496337891
302.198334       981.9142456055
302.569427       979.6926879883
302.940521       941.9267578125
303.311554       973.0281372070
303.682556       946.3698120117
304.053528       879.7240600586
304.424469       933.0407104492
304.795380       921.9330444336
305.166260       910.8254394531
305.537048       924.1546020508
305.907837       819.7428588867
306.278625       975.2496337891
306.649384      1037.4523925781
307.020050       933.0407104492
307.390686       977.4711914063
307.761353       948.5913696289
308.131897       913.0469360352
308.502502      1021.9016723633
308.872986       910.8254394531
309.243500       941.9267578125
309.613922       921.9330444336
309.984344       984.1357421875
310.354736       937.4837036133
310.725098       941.9267578125
311.095398       966.3635864258
311.465637       913.0469360352
311.835907       964.1420288086
312.206116       926.3760986328
312.576294       919.7115478516
312.946411       910.8254394531
313.316528       899.7177734375
313.686584       973.0281372070
314.056610       944.1483154297
314.426605       913.0469360352
314.796570       935.2622070313
315.166504       986.3572998047
315.536377       973.0281372070
315.906250       937.4837036133
316.276093       966.3635864258
316.645844       948.5913696289
317.015594       939.7052612305
317.385315       979.6926879883
317.755035       901.9393310547
318.124603       973.0281372070
318.494263      1006.3510131836
318.863831       928.5976562500
319.233368       941.9267578125
319.602875       997.4649047852
319.972351      1013.0156250000
320.341797       910.8254394531
320.711182       977.4711914063
321.080536       926.3760986328
321.449890       933.0407104492
321.819183      1010.7940673828
322.188446       993.0218505859
322.557648       930.8191528320
322.926880       915.2684936523
323.295990       921.9330444336
323.665100       961.9205322266
324.034210      1004.1295166016
324.403259       959.6989746094
324.772247       910.8254394531
325.141205       966.3635864258
325.510193       946.3698120117
325.879120       928.5976562500
326.247955       917.4899902344
326.616791       964.1420288086
326.985596       921.9330444336
327.354340       950.8128662109
327.723053       939.7052612305
328.091797       893.0532226563
328.460449       937.4837036133
328.829071       908.6038818359
329.197632       937.4837036133
329.566193       877.5025634766
329.934753       888.6101684570
330.303192       957.4774780273
330.671631       961.9205322266
331.040070       957.4774780273
331.408478       979.6926879883
331.776794       944.1483154297
332.145081      1030.7878417969
332.513367       941.9267578125
332.881592       993.0218505859
333.249756       984.1357421875
333.617920      1044.1169433594
333.986084       921.9330444336
334.354156       988.5787963867
334.722229       977.4711914063
335.090240       979.6926879883
335.458252       966.3635864258
335.826202       899.7177734375
336.194092       924.1546020508
336.561951       944.1483154297
336.929779       988.5787963867
337.297577       959.6989746094
337.665375       981.9142456055
338.033142       984.1357421875
338.400787       937.4837036133
338.768463       797.5276489258
339.136108       933.0407104492
339.503693       953.0344238281
339.871246       910.8254394531
340.238770      1010.7940673828
340.606262       988.5787963867
340.973755       979.6926879883
341.341125      1044.1169433594
341.708527       895.2747192383
342.075867       908.6038818359
342.443146      1024.1231689453
342.810425       913.0469360352
343.177673      1030.7878417969
343.544861       944.1483154297
343.912018       888.6101684570
344.279114      1092.9904785156
344.646271       953.0344238281
345.013336       906.3823852539
345.380341       977.4711914063
345.747314       988.5787963867
346.114258       988.5787963867
346.481171       919.7115478516
346.848022       986.3572998047
347.214905       964.1420288086
347.581726       895.2747192383
347.948456       917.4899902344
348.315186       897.4962768555
348.681885       973.0281372070
349.048584      1015.2371215820
349.415161       953.0344238281
349.781738       948.5913696289
350.148346       957.4774780273
350.514862       939.7052612305
350.881287       988.5787963867
351.247742      1004.1295166016
351.614197       933.0407104492
351.980530       910.8254394531
352.346863       937.4837036133
352.713165       928.5976562500
353.079437      1030.7878417969
353.445679       926.3760986328
353.811859       908.6038818359
354.178009       904.1608276367
354.544159       979.6926879883
354.910217       921.9330444336
355.276276       950.8128662109
355.642303       979.6926879883
356.008270       928.5976562500
356.374176      1033.0092773438
356.740112       913.0469360352
357.105988       864.1734008789
357.471802       873.0595092773
357.837585       926.3760986328
358.203339       959.6989746094
358.569092       881.9456176758
358.934753       953.0344238281
359.300415      1026.3447265625
359.666016       948.5913696289
360.031616       966.3635864258
360.397125       964.1420288086
360.762634       888.6101684570
361.128143       904.1608276367
361.493530      1008.5725708008
361.858917       935.2622070313
362.224274      1010.7940673828
362.589630      1001.9079589844
362.954895       966.3635864258
363.320160       928.5976562500
363.685394      1035.2308349609
364.050568       906.3823852539
364.415680       970.8066406250
364.780792       924.1546020508
365.145874       906.3823852539
365.510895      1039.6739501953
365.875854       957.4774780273
366.240845       933.0407104492
366.605774       961.9205322266
366.970642       933.0407104492
367.335480       968.5850830078
367.700317       953.0344238281
368.065125       959.6989746094
368.429840       919.7115478516
368.794525      1008.5725708008
369.159241       906.3823852539
369.523834       913.0469360352
369.888397       915.2684936523
370.252991       859.7303466797
370.617554       979.6926879883
370.981995      1008.5725708008
371.346436       946.3698120117
371.710846       948.5913696289
372.075256       950.8128662109
372.439545       977.4711914063
372.803864      1019.6801757813
373.168121       970.8066406250
373.532379      1017.4586181641
373.896545       970.8066406250
374.260681       930.8191528320
374.624847       897.4962768555
374.988892       864.1734008789
375.352936      1004.1295166016
375.716949       984.1357421875
376.080933       937.4837036133
376.444855       961.9205322266
376.808716       970.8066406250
377.172638       926.3760986328
377.536469       933.0407104492
377.900208       906.3823852539
378.263947       957.4774780273
378.627686       990.8003540039
378.991364       908.6038818359
379.354980       948.5913696289
379.718628       915.2684936523
380.082214       946.3698120117
380.445709       930.8191528320
380.809174       913.0469360352
381.172668       953.0344238281
381.536072       970.8066406250
381.899475       946.3698120117
382.262787       999.6864624023
382.626129       997.4649047852
382.989380       997.4649047852
383.352631      1086.3259277344
383.715790       953.0344238281
384.078979       968.5850830078
384.442078       977.4711914063
384.805145       913.0469360352
385.168243       910.8254394531
385.531250       941.9267578125
385.894226       910.8254394531
386.257141       895.2747192383
386.620056       946.3698120117
386.982941       906.3823852539
387.345734       928.5976562500
387.708527       970.8066406250
388.071289       975.2496337891
388.433990       915.2684936523
388.796661      1035.2308349609
389.159332       966.3635864258
389.521942       964.1420288086
389.884491       993.0218505859
390.247040       966.3635864258
390.609528       955.2559204102
390.971985       999.6864624023
391.334412       908.6038818359
391.696747       941.9267578125
392.059143       984.1357421875
392.421478       975.2496337891
392.783691       997.4649047852
393.145935      1004.1295166016
393.508148       928.5976562500
393.870270       926.3760986328
394.232391       946.3698120117
394.594482       873.0595092773
394.956573       955.2559204102
395.318542       953.0344238281
395.680511       877.5025634766
396.042450       957.4774780273
396.404388       984.1357421875
396.766235       970.8066406250
397.128021       939.7052612305
397.489838       924.1546020508
397.851563       937.4837036133
398.213257       921.9330444336
398.574951       977.4711914063
398.936615       948.5913696289
399.298187       888.6101684570
399.659729       864.1734008789
400.021271      1048.5600585938
400.382751       955.2559204102
400.744202       946.3698120117
401.105621       937.4837036133
401.466980       950.8128662109
401.828339       950.8128662109
402.189606       966.3635864258
402.550873       919.7115478516
402.912140       941.9267578125
403.273285       881.9456176758
403.634430       941.9267578125
403.995544       955.2559204102
404.356659       979.6926879883
404.717651       915.2684936523
405.078674       981.9142456055
405.439636       977.4711914063
405.800568       948.5913696289
406.161438       961.9205322266
406.522278       933.0407104492
406.883118       908.6038818359
407.243866       861.9518432617
407.604584       930.8191528320
407.965302       910.8254394531
408.325989       906.3823852539
408.686584      1015.2371215820
409.047150       928.5976562500
409.407715       910.8254394531
409.768250       984.1357421875
410.128723       995.2434082031
410.489136       970.8066406250
410.849518       948.5913696289
411.209900       908.6038818359
411.570190       973.0281372070
411.930511       919.7115478516
412.290741       941.9267578125
412.650940       953.0344238281
413.011078       990.8003540039
413.371246       955.2559204102
413.731354       939.7052612305
414.091400      1008.5725708008
414.451385       879.7240600586
414.811401       935.2622070313
415.171356       910.8254394531
415.531281       873.0595092773
415.891113       893.0532226563
416.250946       957.4774780273
416.610718       986.3572998047
416.970490       975.2496337891
417.330200       888.6101684570
417.689911       997.4649047852
418.049530       966.3635864258
418.409119       928.5976562500
418.768707       975.2496337891
419.128235       919.7115478516
419.487701       886.3886718750
419.847137       957.4774780273
420.206573       875.2810058594
420.565948       868.6164550781
420.925232       937.4837036133
421.284576       979.6926879883
421.643860       901.9393310547
422.003052       935.2622070313
422.362213       868.6164550781
422.721375       928.5976562500
423.080536       993.0218505859
423.439575       897.4962768555
423.798584       897.4962768555
424.157593       910.8254394531
424.516571       930.8191528320
424.875458       979.6926879883
425.234314       984.1357421875
425.593201       968.5850830078
425.951965       879.7240600586
426.310699       906.3823852539
426.669495       906.3823852539
427.028168       906.3823852539
427.386810       866.3948974609
427.745392       895.2747192383
428.103973       939.7052612305
428.462524       908.6038818359
428.821045       946.3698120117
429.179504       973.0281372070
429.537903      1001.9079589844
429.896271       921.9330444336
430.254608       913.0469360352
430.612915       944.1483154297
430.971222       961.9205322266
431.329437      1008.5725708008
431.687622       950.8128662109
432.045776       924.1546020508
432.403900       846.4011840820
432.761993       924.1546020508
433.119995       966.3635864258
433.477997       950.8128662109
433.835968       913.0469360352
434.193909      1041.8953857422
434.551758       959.6989746094
434.909637       986.3572998047
435.267395       970.8066406250
435.625183       959.6989746094
435.982910       948.5913696289
436.340607       981.9142456055
436.698273       964.1420288086
437.055878       959.6989746094
437.413452       999.6864624023
437.770996       908.6038818359
438.128479       968.5850830078
438.485962       930.8191528320
438.843384       950.8128662109
439.200775       953.0344238281
439.558136       959.6989746094
439.915405       973.0281372070
440.272705       930.8191528320
440.629883       893.0532226563
440.987091       917.4899902344
441.344238       968.5850830078
441.701355       908.6038818359
442.058441       897.4962768555
442.415436       901.9393310547
442.772461       977.4711914063
443.129425       941.9267578125
443.486359      1026.3447265625
443.843231       886.3886718750
444.200104       830.8505249023
444.556885       924.1546020508
444.913635       955.2559204102
445.270355       910.8254394531
445.627075       879.7240600586
445.983704       966.3635864258
446.340302       941.9267578125
446.696869       886.3886718750
447.053436       888.6101684570
447.409912       924.1546020508
447.766357       933.0407104492
448.122803       968.5850830078
448.479156       948.5913696289
448.835510       984.1357421875
449.191772       866.3948974609
449.548096       830.8505249023
449.904297       941.9267578125
450.260437       921.9330444336
450.616608       924.1546020508
450.972687       870.8379516602
451.328796       941.9267578125
451.684814      1030.7878417969
452.040833      1028.5662841797
452.396729       979.6926879883
452.752655       995.2434082031
453.108551       881.9456176758
453.464355       950.8128662109
453.820160       964.1420288086
454.175934       939.7052612305
454.531616       959.6989746094
454.887299       904.1608276367
455.242950       984.1357421875
455.598541       921.9330444336
455.954102       959.6989746094
456.309601       937.4837036133
456.665131       984.1357421875
457.020538       968.5850830078
457.375977       895.2747192383
457.731323       948.5913696289
458.086670       921.9330444336
458.441956       975.2496337891
458.797211       926.3760986328
459.152405       926.3760986328
459.507538       995.2434082031
459.862701       915.2684936523
460.217773       950.8128662109
460.572845       926.3760986328
460.927856       941.9267578125
461.282837       970.8066406250
461.637756       886.3886718750
461.992645       881.9456176758
462.347504       955.2559204102
462.702332      1030.7878417969
463.057129       966.3635864258
463.411835       999.6864624023
463.766541       961.9205322266
464.121185       930.8191528320
464.475830       941.9267578125
464.830383       944.1483154297
465.184937       884.1671142578
465.539429       895.2747192383
465.893921       913.0469360352
466.248322       973.0281372070
466.602753       946.3698120117
466.957062       917.4899902344
467.311371       897.4962768555
467.665619       946.3698120117
468.019897       906.3823852539
468.374054       937.4837036133
468.728180       928.5976562500
469.082306       926.3760986328
469.436371      1019.6801757813
469.790405       968.5850830078
470.144379       926.3760986328
470.498352       990.8003540039
470.852264       901.9393310547
471.206146       926.3760986328
471.559967       986.3572998047
471.913788       926.3760986328
472.267487       933.0407104492
472.621246       921.9330444336
472.974915       895.2747192383
473.328522       939.7052612305
473.682129       924.1546020508
474.035675       944.1483154297
474.389191       961.9205322266
474.742676       977.4711914063
475.096130       899.7177734375
475.449493       953.0344238281
475.802856       950.8128662109
476.156189      1008.5725708008
476.509460       935.2622070313
476.862732       953.0344238281
477.215912       977.4711914063
477.569061       950.8128662109
477.922150       964.1420288086
478.275299       986.3572998047
478.628296       924.1546020508
478.981323       941.9267578125
479.334259       953.0344238281
479.687195       897.4962768555
480.040070       961.9205322266
480.392914       959.6989746094
480.745728      1024.1231689453
481.098511       981.9142456055
481.451202       941.9267578125
481.803925       997.4649047852
482.156525       984.1357421875
482.509125       981.9142456055
482.861694       921.9330444336
483.214233      1035.2308349609
483.566711       946.3698120117
483.919128      1050.7814941406
484.271576       979.6926879883
484.623901       919.7115478516
484.976257       948.5913696289
485.328522       955.2559204102
485.680786       937.4837036133
486.032959       899.7177734375
486.385132       928.5976562500
486.737274       899.7177734375
487.089325       861.9518432617
487.441376       946.3698120117
487.793396       921.9330444336
488.145386       924.1546020508
488.497284       937.4837036133
488.849182       917.4899902344
489.201019       913.0469360352
489.552826       926.3760986328
489.904572       921.9330444336
490.256317       995.2434082031
490.608002       913.0469360352
490.959656       984.1357421875
491.311249       897.4962768555
491.662811       993.0218505859
492.014343       899.7177734375
492.365814       977.4711914063
492.717285       926.3760986328
493.068665       948.5913696289
493.420044       924.1546020508
493.771362       906.3823852539
494.122650       948.5913696289
494.473877       864.1734008789
494.825104       959.6989746094
495.176270       946.3698120117
495.527374       906.3823852539
495.878479       917.4899902344
496.229492       921.9330444336
496.580536       941.9267578125
496.931458       977.4711914063
497.282379       988.5787963867
497.633270       913.0469360352
497.984131       897.4962768555
498.334900       937.4837036133
498.685669       995.2434082031
499.036377       961.9205322266
499.387115       937.4837036133
499.737701       948.5913696289
500.088318       868.6164550781
500.438904       888.6101684570
500.789429       950.8128662109
501.139893       973.0281372070
501.490295       953.0344238281
501.840729       955.2559204102
502.191040       906.3823852539
502.541382       908.6038818359
502.891663       930.8191528320
503.241913       993.0218505859
503.592133       984.1357421875
503.942322       906.3823852539
504.292358       917.4899902344
504.642395       930.8191528320
504.992432       957.4774780273
505.342468       910.8254394531
505.692413       964.1420288086
506.042358       986.3572998047
506.392242       941.9267578125
506.742035       919.7115478516
507.091858       886.3886718750
507.441528       961.9205322266
507.791290       933.0407104492
508.140961       888.6101684570
508.490601       921.9330444336
508.840210       941.9267578125
509.189697       964.1420288086
509.539215       968.5850830078
509.888641       913.0469360352
510.238098       941.9267578125
510.587494       904.1608276367
510.936859       926.3760986328
511.286194       953.0344238281
511.635498       975.2496337891
511.984650       919.7115478516
512.333862       926.3760986328
512.682922       913.0469360352
513.032043       884.1671142578
513.381104       899.7177734375
513.730164      1004.1295166016
514.079163       979.6926879883
514.428040       975.2496337891
514.776978       890.8317260742
515.125793       895.2747192383
515.474609       970.8066406250
515.823425       901.9393310547
516.172180       959.6989746094
516.520813       977.4711914063
516.869568       973.0281372070
517.218079       957.4774780273
517.566650       955.2559204102
517.915161       926.3760986328
518.263672       935.2622070313
518.612183       913.0469360352
518.960571       926.3760986328
519.308899       919.7115478516
519.657227       926.3760986328
520.005554       919.7115478516
520.353699       957.4774780273
520.701904       984.1357421875
521.050110       901.9393310547
521.398254       970.8066406250
521.746338       910.8254394531
522.094421       959.6989746094
522.442383       926.3760986328
522.790222       941.9267578125
523.138184       959.6989746094
523.486145       968.5850830078
523.833984       975.2496337891
524.181763       968.5850830078
524.529541       968.5850830078
524.877197      1057.4460449219
525.224915       959.6989746094
525.572449       948.5913696289
525.920105       944.1483154297
526.267639       935.2622070313
526.615173       975.2496337891
526.962646       926.3760986328
527.309998       881.9456176758
527.657410       953.0344238281
528.004700       941.9267578125
528.351990       957.4774780273
528.699280       966.3635864258
529.046509       919.7115478516
529.393677       941.9267578125
529.740845       948.5913696289
530.087891       957.4774780273
530.434998       904.1608276367
530.781921       919.7115478516
531.128906       959.6989746094
531.475891       973.0281372070
531.822815       973.0281372070
532.169617       924.1546020508
532.516418       919.7115478516
532.863159       879.7240600586
533.209839       973.0281372070
533.556580      1021.9016723633
533.903198       993.0218505859
534.249817       935.2622070313
534.596436       970.8066406250
534.942932      1033.0092773438
535.289368       897.4962768555
535.635803      1010.7940673828
535.982178      1001.9079589844
536.328552       908.6038818359
536.674805       913.0469360352
537.021118       899.7177734375
537.367371       977.4711914063
537.713501       939.7052612305
538.059692       928.5976562500
538.405701       973.0281372070
538.751831       990.8003540039
539.097839       937.4837036133
539.443787       959.6989746094
539.789734       970.8066406250
540.135620       864.1734008789
540.481506       939.7052612305
540.827209      1028.5662841797
541.173035       888.6101684570
541.518799       984.1357421875
541.864502       884.1671142578
542.210144       935.2622070313
542.555786       884.1671142578
542.901245       901.9393310547
543.246826       908.6038818359
543.592285       970.8066406250
543.937683       921.9330444336
544.283142       939.7052612305
544.628479       877.5025634766
544.973816       966.3635864258
545.319031       921.9330444336
545.664307       988.5787963867
546.009399       941.9267578125
546.354614       926.3760986328
546.699707       950.8128662109
547.044739      1001.9079589844
547.389832       846.4011840820
547.734802       953.0344238281
548.079712       968.5850830078
548.424622       935.2622070313
548.769409       995.2434082031
549.114258       941.9267578125
549.459045       937.4837036133
549.803772       884.1671142578
550.148499       899.7177734375
550.493103       964.1420288086
550.837708       895.2747192383
551.182190       946.3698120117
551.526733       901.9393310547
551.871216       988.5787963867
552.215698       937.4837036133
552.560120       866.3948974609
552.904480       906.3823852539
553.248718       973.0281372070
553.592957      1026.3447265625
553.937195       944.1483154297
554.281372       953.0344238281
554.625549       921.9330444336
554.969666       899.7177734375
555.313721       959.6989746094
555.657654       970.8066406250
556.001709       881.9456176758
556.345581       910.8254394531
556.689514       981.9142456055
557.033325       939.7052612305
557.377197       946.3698120117
557.720947       999.6864624023
558.064575       981.9142456055
558.408264       977.4711914063
558.751892       893.0532226563
559.095520       959.6989746094
559.439087       937.4837036133
559.782654       981.9142456055
560.126099       941.9267578125
560.469543       917.4899902344
560.812927       966.3635864258
561.156250       999.6864624023
561.499512       959.6989746094
561.842773       997.4649047852
562.185974       953.0344238281
562.529175       901.9393310547
562.872314       937.4837036133
563.215332       901.9393310547
563.558472       879.7240600586
563.901367       984.1357421875
564.244385       930.8191528320
564.587341       937.4837036133
564.930237       957.4774780273
565.273071       921.9330444336
565.615845       937.4837036133
565.958557       961.9205322266
566.301331       948.5913696289
566.643860       910.8254394531
566.986511       955.2559204102
567.329163       906.3823852539
567.671692       999.6864624023
568.014221       961.9205322266
568.356628       915.2684936523
568.699036       924.1546020508
569.041321       959.6989746094
569.383728       893.0532226563
569.726013       993.0218505859
570.068298      1013.0156250000
570.410461       915.2684936523
570.752686       930.8191528320
571.094727       881.9456176758
571.436768      1015.2371215820
571.778809       919.7115478516
572.120850       933.0407104492
572.462769       957.4774780273
572.804688       944.1483154297
573.146606       957.4774780273
573.488342       884.1671142578
573.830139       895.2747192383
574.171814       870.8379516602
574.513550       970.8066406250
574.855164       926.3760986328
575.196838       957.4774780273
575.538391       928.5976562500
575.879883       935.2622070313
576.221375       935.2622070313
576.562744       988.5787963867
576.904175       897.4962768555
577.245483       933.0407104492
577.586792       973.0281372070
577.928101       964.1420288086
578.269348      1006.3510131836
578.610535       990.8003540039
578.951660      1001.9079589844
579.292664       948.5913696289
579.633728       973.0281372070
579.974792       904.1608276367
580.315796       881.9456176758
580.656677       964.1420288086
580.997498       990.8003540039
581.338379       950.8128662109
581.679138       941.9267578125
582.019897       977.4711914063
582.360657       935.2622070313
582.701294       955.2559204102
583.041931       908.6038818359
583.382507       910.8254394531
583.723022       917.4899902344
584.063538       993.0218505859
584.403931       901.9393310547
584.744385       890.8317260742
585.084778       984.1357421875
585.425110       955.2559204102
585.765381       868.6164550781
586.105591       944.1483154297
586.445801       979.6926879883
586.785889       948.5913696289
587.125977       926.3760986328
587.466064       946.3698120117
587.806152       959.6989746094
588.146118       910.8254394531
588.486023       973.0281372070
588.825928       919.7115478516
589.165710       941.9267578125
589.505554       959.6989746094
589.845337       886.3886718750
590.185120       926.3760986328
590.524780       950.8128662109
590.864441       975.2496337891
591.203918       859.7303466797
591.543518       910.8254394531
591.882996       997.4649047852
592.222473       955.2559204102
592.561890       973.0281372070
592.901306       988.5787963867
593.240662       970.8066406250
593.579895       939.7052612305
593.919128       955.2559204102
594.258301       950.8128662109
594.597473       961.9205322266
594.936646       999.6864624023
595.275696       928.5976562500
595.614807       973.0281372070
595.953796       981.9142456055
596.292725       977.4711914063
596.631592       924.1546020508
596.970398       906.3823852539
597.309204       839.7366333008
597.648010       901.9393310547
597.986755       908.6038818359
598.325500       953.0344238281
598.664124       964.1420288086
599.002686       961.9205322266
599.341187       933.0407104492
599.679749       939.7052612305
600.018250       955.2559204102
600.356628       935.2622070313
600.695068       970.8066406250
601.033386       917.4899902344
601.371643       906.3823852539
601.709900       935.2622070313
602.048035      1015.2371215820
602.386292       941.9267578125
602.724426      1028.5662841797
603.062500       901.9393310547
603.400574      1033.0092773438
603.738525       939.7052612305
604.076477       906.3823852539
604.414307       957.4774780273
604.752197       999.6864624023
605.090027       910.8254394531
605.427795       933.0407104492
605.765564       910.8254394531
606.103210       964.1420288086
606.440857      1010.7940673828
606.778442       919.7115478516
607.115967       973.0281372070
607.453552       928.5976562500
607.791016       926.3760986328
608.128418       926.3760986328
608.465820       964.1420288086
608.803162       968.5850830078
609.140442      1017.4586181641
609.477661       924.1546020508
609.814880       961.9205322266
610.152100       928.5976562500
610.489258       973.0281372070
610.826294       950.8128662109
611.163269      1033.0092773438
611.500305       904.1608276367
611.837219       926.3760986328
612.174072       975.2496337891
612.510986       937.4837036133
612.847839       935.2622070313
613.184570       884.1671142578
613.521362      1004.1295166016
613.857971       939.7052612305
614.194641       930.8191528320
614.531189       970.8066406250
614.867737       926.3760986328
615.204285       961.9205322266
615.540771       970.8066406250
615.877197       973.0281372070
616.213562       970.8066406250
616.549927      1001.9079589844
616.886169       886.3886718750
617.222351       868.6164550781
617.558594       955.2559204102
617.894775       977.4711914063
618.230896       979.6926879883
618.566956      1019.6801757813
618.902954       901.9393310547
619.238953      1001.9079589844
619.574890       950.8128662109
619.910767      1030.7878417969
620.246643       930.8191528320
620.582458       968.5850830078
620.918213       913.0469360352
621.253967       957.4774780273
621.589661       924.1546020508
621.925232       913.0469360352
622.260803       961.9205322266
622.596375       964.1420288086
622.931885       953.0344238281
623.267334       861.9518432617
623.602722       968.5850830078
623.938110       937.4837036133
624.273376       968.5850830078
624.608643       928.5976562500
624.943848      1035.2308349609
625.279114       935.2622070313
625.614258       968.5850830078
625.949341       946.3698120117
626.284424       959.6989746094
626.619446       977.4711914063
626.954407       897.4962768555
627.289307       950.8128662109
627.624207       968.5850830078
627.959045       928.5976562500
628.293884       950.8128662109
628.628601       981.9142456055
628.963257       981.9142456055
629.297913       919.7115478516
629.632507       937.4837036133
629.967102       975.2496337891
630.301697       913.0469360352
630.636169       961.9205322266
630.970581       935.2622070313
631.304993       946.3698120117
631.639282       893.0532226563
631.973572       988.5787963867
632.307861       946.3698120117
632.642090       930.8191528320
632.976257       959.6989746094
633.310425       908.6038818359
633.644470       959.6989746094
633.978516      1028.5662841797
634.312439       866.3948974609
634.646423       926.3760986328
634.980347       924.1546020508
635.314209       913.0469360352
635.648071       904.1608276367
635.981812       964.1420288086
636.315552       953.0344238281
636.649170       919.7115478516
636.982849       919.7115478516
637.316406       921.9330444336
637.649963       873.0595092773
637.983521       881.9456176758
638.317017       957.4774780273
638.650391       930.8191528320
638.983765       921.9330444336
639.317078       937.4837036133
639.650391       993.0218505859
639.983643       984.1357421875
640.316833       915.2684936523
640.649963       953.0344238281
640.983032       897.4962768555
641.316101       866.3948974609
641.649109       979.6926879883
641.982056      1041.8953857422
642.315002       997.4649047852
642.647888       908.6038818359
642.980774       988.5787963867
643.313538       946.3698120117
643.646301       855.2872924805
643.979004       941.9267578125
644.311646       959.6989746094
644.644226       855.2872924805
644.976868       970.8066406250
645.309387       913.0469360352
645.641846       924.1546020508
645.974243      1030.7878417969
646.306702       919.7115478516
646.638977       908.6038818359
646.971252       906.3823852539
647.303528       984.1357421875
647.635803       881.9456176758
647.967957       948.5913696289
648.300110       979.6926879883
648.632141       997.4649047852
648.964111       924.1546020508
649.296082       915.2684936523
649.628113       946.3698120117
649.960022       886.3886718750
650.291870       897.4962768555
650.623718       930.8191528320
650.955383       957.4774780273
651.287109       899.7177734375
651.618774      1008.5725708008
651.950378       930.8191528320
652.281982       979.6926879883
652.613586       873.0595092773
652.945068       946.3698120117
653.276489       904.1608276367
653.607910       941.9267578125
653.939209       975.2496337891
654.270569       899.7177734375
654.601807       921.9330444336
654.933105       950.8128662109
655.264221       977.4711914063
655.595398       926.3760986328
655.926453       970.8066406250
656.257507       946.3698120117
656.588440       910.8254394531
656.919434       975.2496337891
657.250366       935.2622070313
657.581238       993.0218505859
657.912048       926.3760986328
658.242798       939.7052612305
658.573486      1030.7878417969
658.904114       966.3635864258
659.234802       981.9142456055
659.565430       950.8128662109
659.895996       944.1483154297
660.226501       928.5976562500
660.556946       950.8128662109
660.887329       950.8128662109
661.217712       915.2684936523
661.547974       917.4899902344
661.878296       961.9205322266
662.208557       935.2622070313
662.538757       990.8003540039
662.868896       981.9142456055
663.198975       948.5913696289
663.528992       973.0281372070
663.859009       979.6926879883
664.188904       981.9142456055
664.518860       919.7115478516
664.848755       926.3760986328
665.178589       933.0407104492
665.508362       979.6926879883
665.838013       979.6926879883
666.167725       877.5025634766
666.497375       919.7115478516
666.826965       939.7052612305
667.156494       955.2559204102
667.486084       939.7052612305
667.815552       995.2434082031
668.144897      1028.5662841797
668.474304       953.0344238281
668.803528       941.9267578125
669.132813       919.7115478516
669.462036       933.0407104492
669.791260       961.9205322266
670.120422       913.0469360352
670.449463       850.8442382813
670.778564       937.4837036133
671.107544      1001.9079589844
671.436523       944.1483154297
671.765381      1017.4586181641
672.094299       921.9330444336
672.423157       970.8066406250
672.751831       961.9205322266
673.080627       939.7052612305
673.409302       946.3698120117
673.737976       910.8254394531
674.066528       886.3886718750
674.395081       946.3698120117
674.723572       901.9393310547
675.052002       968.5850830078
675.380432       908.6038818359
675.708801       946.3698120117
676.037170       953.0344238281
676.365417       950.8128662109
676.693665       988.5787963867
677.021851       937.4837036133
677.349976      1053.0030517578
677.678040      1030.7878417969
678.006042       988.5787963867
678.334106       957.4774780273
678.662048       933.0407104492
678.989929       977.4711914063
679.317810       953.0344238281
679.645630       937.4837036133
679.973389      1030.7878417969
680.301086       937.4837036133
680.628845       955.2559204102
680.956482       977.4711914063
681.283997       941.9267578125
681.611572       915.2684936523
681.939087       888.6101684570
682.266541      1010.7940673828
682.593872      1033.0092773438
682.921265       944.1483154297
683.248596       948.5913696289
683.575806       944.1483154297
683.903076       961.9205322266
684.230286       928.5976562500
684.557373       977.4711914063
684.884399      1026.3447265625
685.211487       906.3823852539
685.538513       868.6164550781
685.865417       997.4649047852
686.192261       928.5976562500
686.519165       973.0281372070
686.845947       928.5976562500
687.172729       930.8191528320
687.499451       928.5976562500
687.826111      1010.7940673828
688.152771       921.9330444336
688.479248       944.1483154297
688.805847       966.3635864258
689.132324       904.1608276367
689.458801       899.7177734375
689.785095       899.7177734375
690.111511       937.4837036133
690.437805       948.5913696289
690.764038       973.0281372070
691.090210       975.2496337891
691.416443      1008.5725708008
691.742554       917.4899902344
692.068604       901.9393310547
692.394592       933.0407104492
692.720581       926.3760986328
693.046509       948.5913696289
693.372375       953.0344238281
693.698242       906.3823852539
694.023987       986.3572998047
694.349792       959.6989746094
694.675476       850.8442382813
695.001099       957.4774780273
695.326721       955.2559204102
695.652222      1033.0092773438
695.977783       988.5787963867
696.303284       946.3698120117
696.628723      1001.9079589844
696.954041       955.2559204102
697.279358       995.2434082031
697.604675       928.5976562500
697.929871       921.9330444336
698.255066       979.6926879883
698.580200      1019.6801757813
698.905334       970.8066406250
699.230286       897.4962768555
699.555359       915.2684936523
699.880310       926.3760986328
700.205261       873.0595092773
700.530029       997.4649047852
700.854919       959.6989746094
701.179688       924.1546020508
701.504456      1001.9079589844
701.829102       875.2810058594
702.153687       935.2622070313
702.478271       979.6926879883
702.802856       908.6038818359
703.127319       995.2434082031
703.451721       904.1608276367
703.776123       933.0407104492
704.100464       935.2622070313
704.424805       961.9205322266
704.749084       921.9330444336
705.073303      1037.4523925781
705.397461       915.2684936523
705.721558       935.2622070313
706.045654       875.2810058594
706.369690       961.9205322266
706.693604       973.0281372070
707.017578       988.5787963867
707.341431       959.6989746094
707.665283       919.7115478516
707.989075       899.7177734375
708.312805       946.3698120117
708.636536       957.4774780273
708.960144       899.7177734375
709.283752       910.8254394531
709.607361       930.8191528320
709.930847       968.5850830078
710.254333       893.0532226563
710.577759       924.1546020508
710.901062       955.2559204102
711.224426       957.4774780273
711.547668       961.9205322266
711.870911       877.5025634766
712.194153       970.8066406250
712.517212       928.5976562500
712.840332       926.3760986328
713.163391       953.0344238281
713.486389       919.7115478516
713.809326       921.9330444336
714.132202       999.6864624023
714.455078       895.2747192383
714.777893       926.3760986328
715.100586       928.5976562500
715.423401       959.6989746094
715.746094       890.8317260742
716.068604       959.6989746094
716.391235       957.4774780273
716.713745       884.1671142578
717.036255       915.2684936523
717.358643       999.6864624023
717.681030       933.0407104492
718.003418       977.4711914063
718.325745       864.1734008789
718.647888       935.2622070313
718.970154       957.4774780273
719.292297       928.5976562500
719.614380       890.8317260742
719.936401       950.8128662109
720.258423       961.9205322266
720.580383       986.3572998047
720.902283       928.5976562500
721.224182       893.0532226563
721.545959       968.5850830078
721.867737       924.1546020508
722.189453       924.1546020508
722.511169       904.1608276367
722.832764       919.7115478516
723.154419      1072.9968261719
723.475952       957.4774780273
723.797424       937.4837036133
724.118896       913.0469360352
724.440247       919.7115478516
724.761597       975.2496337891
725.082886       946.3698120117
725.404175       908.6038818359
725.725342       946.3698120117
726.046509       959.6989746094
726.367615       950.8128662109
726.688721       959.6989746094
727.009644      1006.3510131836
727.330688       995.2434082031
727.651611       861.9518432617
727.972473       890.8317260742
728.293274      1013.0156250000
728.614075       950.8128662109
728.934814      1019.6801757813
729.255493       941.9267578125
729.576172      1048.5600585938
729.896729       879.7240600586
730.217285      1019.6801757813
730.537720       890.8317260742
730.858215       957.4774780273
731.178650       917.4899902344
731.498962       924.1546020508
731.819214       946.3698120117
732.139526       977.4711914063
732.459778       948.5913696289
732.779846       913.0469360352
733.100037       933.0407104492
733.420105       913.0469360352
733.740112       935.2622070313
734.060059       895.2747192383
734.380066       959.6989746094
734.699890       917.4899902344
735.019775       930.8191528320
735.339478       908.6038818359
735.659241       986.3572998047
735.978943       875.2810058594
736.298584       939.7052612305
736.618164       930.8191528320
736.937744       915.2684936523
737.257263       933.0407104492
737.576599       886.3886718750
737.896057       937.4837036133
738.215393      1010.7940673828
738.534729       955.2559204102
738.853943       973.0281372070
739.173157       921.9330444336
739.492371       937.4837036133
739.811523      1026.3447265625
740.130493       928.5976562500
740.449524       950.8128662109
740.768555       955.2559204102
741.087463       928.5976562500
741.406311       910.8254394531
741.725159      1013.0156250000
742.043945       988.5787963867
742.362610       964.1420288086
742.681396       921.9330444336
743.000061       906.3823852539
743.318604       968.5850830078
743.637146       913.0469360352
743.955627       941.9267578125
744.274109       946.3698120117
744.592407       926.3760986328
744.910828       935.2622070313
745.229126       921.9330444336
745.547424       995.2434082031
745.865540       966.3635864258
746.183777       955.2559204102
746.501892       988.5787963867
746.819946      1030.7878417969
747.137939       941.9267578125
747.455872       919.7115478516
747.773865      1033.0092773438
748.091736      1026.3447265625
748.409485       979.6926879883
748.727295      1021.9016723633
749.045044       919.7115478516
749.362671       899.7177734375
749.680298       906.3823852539
749.997925       910.8254394531
750.315491       937.4837036133
750.632874       939.7052612305
750.950378       997.4649047852
751.267822       964.1420288086
751.585083       904.1608276367
751.902405       897.4962768555
752.219666       868.6164550781
752.536865       901.9393310547
752.854004       946.3698120117
753.171082       906.3823852539
753.488159       981.9142456055
753.805176       906.3823852539
754.122070       948.5913696289
754.439026       933.0407104492
754.755920       910.8254394531
755.072693       888.6101684570
755.389465       921.9330444336
755.706177       997.4649047852
756.022888       921.9330444336
756.339478       957.4774780273
756.656006       946.3698120117
756.972595       955.2559204102
757.289063       966.3635864258
757.605408       975.2496337891
757.921814       933.0407104492
758.238159       935.2622070313
758.554443       910.8254394531
758.870667      1015.2371215820
759.186890       930.8191528320
759.503052       955.2559204102
759.819092       957.4774780273
760.135132       975.2496337891
760.451172       944.1483154297
760.767029       919.7115478516
761.082947       913.0469360352
761.398804      1015.2371215820
761.714600       944.1483154297
762.030396       948.5913696289
762.346008       979.6926879883
762.661682       928.5976562500
762.977295       948.5913696289
763.292908       979.6926879883
763.608337       855.2872924805
763.923828       953.0344238281
764.239258       926.3760986328
764.554626       959.6989746094
764.869873       984.1357421875
765.185181      1008.5725708008
765.500427       930.8191528320
765.815491       917.4899902344
766.130615       993.0218505859
766.445740       939.7052612305
766.760803       886.3886718750
767.075745       941.9267578125
767.390686       948.5913696289
767.705566       910.8254394531
768.020386       915.2684936523
768.335144       935.2622070313
768.649902       955.2559204102
768.964539       975.2496337891
769.279175       939.7052612305
769.593750      1006.3510131836
769.908264       890.8317260742
770.222839       906.3823852539
770.537170       953.0344238281
770.851624       977.4711914063
771.165955       968.5850830078
771.480286      1006.3510131836
771.794495       981.9142456055
772.108704      1015.2371215820
772.422852       950.8128662109
772.736938       879.7240600586
773.050964       946.3698120117
773.364990       959.6989746094
773.678894       915.2684936523
773.992798       964.1420288086
774.306641      1017.4586181641
774.620422       921.9330444336
774.934204       988.5787963867
775.247864       888.6101684570
775.561584       973.0281372070
775.875183       979.6926879883
776.188721       850.8442382813
776.502197       941.9267578125
776.815735      1001.9079589844
777.129150       988.5787963867
777.442444       961.9205322266
777.755737       955.2559204102
778.069092       953.0344238281
778.382324       855.2872924805
778.695435       881.9456176758
779.008545       924.1546020508
779.321594       890.8317260742
779.634644       921.9330444336
779.947571       959.6989746094
780.260498       953.0344238281
780.573364       966.3635864258
780.886169       886.3886718750
781.198975       897.4962768555
781.511719       984.1357421875
781.824402       930.8191528320
782.136963       850.8442382813
782.449585      1001.9079589844
782.762146       908.6038818359
783.074646       877.5025634766
783.387024       986.3572998047
783.699402       968.5850830078
784.011719       910.8254394531
784.324097       984.1357421875
784.636230       961.9205322266
784.948425       935.2622070313
785.260620       966.3635864258
785.572632       901.9393310547
785.884644       937.4837036133
786.196655       886.3886718750
786.508667       933.0407104492
786.820496       906.3823852539
787.132324       901.9393310547
787.444153       910.8254394531
787.755859       899.7177734375
788.067566       906.3823852539
788.379211       910.8254394531
788.690796       913.0469360352
789.002319       953.0344238281
789.313782       979.6926879883
789.625305       948.5913696289
789.936707       928.5976562500
790.247986       970.8066406250
790.559326      1015.2371215820
790.870605       919.7115478516
791.181763      1044.1169433594
791.492920       937.4837036133
791.803955       968.5850830078
792.115051       968.5850830078
792.426086       948.5913696289
792.737000       877.5025634766
793.047913       957.4774780273
793.358765       864.1734008789
793.669495       993.0218505859
793.980347       964.1420288086
794.291016       884.1671142578
794.601685       884.1671142578
794.912292       995.2434082031
795.222778       921.9330444336
795.533325       926.3760986328
795.843811       919.7115478516
796.154175       915.2684936523
796.464539      1010.7940673828
796.774902       970.8066406250
797.085022       884.1671142578
797.395325       955.2559204102
797.705505       990.8003540039
798.015625       910.8254394531
798.325623       964.1420288086
798.635620       888.6101684570
798.945618      1024.1231689453
799.255554       946.3698120117
799.565369       946.3698120117
799.875183       961.9205322266
800.184998       941.9267578125
800.494690       944.1483154297
800.804321       897.4962768555
801.113953       959.6989746094
801.423462       899.7177734375
801.732910       921.9330444336
802.042419       999.6864624023
802.351868       941.9267578125
802.661255       928.5976562500
802.970520       930.8191528320
803.279785       939.7052612305
803.588989       968.5850830078
803.898193       924.1546020508
804.207275       933.0407104492
804.516357       984.1357421875
804.825378      1046.3385009766
805.134277       946.3698120117
805.443176       946.3698120117
805.752136       946.3698120117
806.060974       930.8191528320
806.369629       901.9393310547
806.678406       895.2747192383
806.987061       986.3572998047
807.295715       926.3760986328
807.604187       990.8003540039
807.912720       886.3886718750
808.221191      1008.5725708008
808.529663       961.9205322266
808.837952       921.9330444336
809.146301       941.9267578125
809.454590       999.6864624023
809.762756       928.5976562500
810.070923       961.9205322266
810.379028      1017.4586181641
810.687073       904.1608276367
810.995117       999.6864624023
811.303040       968.5850830078
811.611023       950.8128662109
811.918884       924.1546020508
812.226624       919.7115478516
812.534424       966.3635864258
812.842163       975.2496337891
813.149719      1004.1295166016
813.457397       975.2496337891
813.764954       895.2747192383
814.072510       981.9142456055
814.379883       961.9205322266
814.687378       981.9142456055
814.994690       966.3635864258
815.302063       928.5976562500
815.609314       873.0595092773
815.916504       933.0407104492
816.223694       913.0469360352
816.530762       950.8128662109
816.837830       890.8317260742
817.144836       953.0344238281
817.451843       988.5787963867
817.758667       930.8191528320
818.065552       979.6926879883
818.372375       944.1483154297
818.679138       890.8317260742
818.985779       924.1546020508
819.292480       933.0407104492
819.599121      1030.7878417969
819.905701       937.4837036133
820.212158      1010.7940673828
820.518616       844.1796875000
820.825012       924.1546020508
821.131348       919.7115478516
821.437683       966.3635864258
821.743896       937.4837036133
822.050110       950.8128662109
822.356262       895.2747192383
822.662415       897.4962768555
822.968445       948.5913696289
823.274475       990.8003540039
823.580322       879.7240600586
823.886292       866.3948974609
824.192200       935.2622070313
824.497864      1035.2308349609
824.803711       937.4837036133
825.109375       977.4711914063
825.415039       937.4837036133
825.720581       966.3635864258
826.026184       957.4774780273
826.331665       910.8254394531
826.637146       924.1546020508
826.942444       970.8066406250
827.247803       990.8003540039
827.553162       904.1608276367
827.858398       937.4837036133
828.163574      1055.2246093750
828.468750       939.7052612305
828.773804      1024.1231689453
829.078796       995.2434082031
829.383850       897.4962768555
829.688782       935.2622070313
829.993713      1024.1231689453
830.298462       926.3760986328
830.603271       964.1420288086
830.908020       917.4899902344
831.212708       953.0344238281
831.517273       955.2559204102
831.821960       977.4711914063
832.126465       959.6989746094
832.430908       973.0281372070
832.735352       979.6926879883
833.039734       964.1420288086
833.344116       973.0281372070
833.648315       957.4774780273
833.952576       886.3886718750
834.256714       890.8317260742
834.560913       984.1357421875
834.864929       895.2747192383
835.169006       937.4837036133
835.472961       979.6926879883
835.776917       993.0218505859
836.080750       939.7052612305
836.384583       935.2622070313
836.688354       975.2496337891
836.992004       944.1483154297
837.295654       919.7115478516
837.599365       935.2622070313
837.902893       961.9205322266
838.206360      1090.7690429688
838.509827       950.8128662109
838.813293       904.1608276367
839.116699       957.4774780273
839.419922       881.9456176758
839.723206      1050.7814941406
840.026428       933.0407104492
840.329590       913.0469360352
840.632690       948.5913696289
840.935730       906.3823852539
841.238708       986.3572998047
841.541626       944.1483154297
841.844543       933.0407104492
842.147461       926.3760986328
842.450256       904.1608276367
842.752930       937.4837036133
843.055664       946.3698120117
843.358337       986.3572998047
843.660889       961.9205322266
843.963440       948.5913696289
844.265930       915.2684936523
844.568420       935.2622070313
844.870728       890.8317260742
845.173096       928.5976562500
845.475403       924.1546020508
845.777649       888.6101684570
846.079834       955.2559204102
846.381958       884.1671142578
846.684021      1017.4586181641
846.986145       973.0281372070
847.288025       979.6926879883
847.589966      1044.1169433594
847.891846       957.4774780273
848.193665       866.3948974609
848.495483      1021.9016723633
848.797180       986.3572998047
849.098877       915.2684936523
849.400452       921.9330444336
849.702026       955.2559204102
850.003540       893.0532226563
850.304993       937.4837036133
850.606445       933.0407104492
850.907776       937.4837036133
851.209106       897.4962768555
851.510315       955.2559204102
851.811584       950.8128662109
852.112671       926.3760986328
852.413879       933.0407104492
852.714844       968.5850830078
853.015869       946.3698120117
853.316833       906.3823852539
853.617737      1006.3510131836
853.918579       955.2559204102
854.219360       921.9330444336
854.520142       908.6038818359
854.820862       930.8191528320
855.121399       890.8317260742
855.421997       968.5850830078
855.722595      1035.2308349609
856.023071       950.8128662109
856.323486       908.6038818359
856.623901       984.1357421875
856.924255       977.4711914063
857.224487       990.8003540039
857.524719       953.0344238281
857.824890       953.0344238281
858.125000       964.1420288086
858.425049       995.2434082031
858.725098       968.5850830078
859.025085       875.2810058594
859.325012       933.0407104492
859.624817       910.8254394531
859.924683       959.6989746094
860.224487       953.0344238281
860.524170       910.8254394531
860.823792       970.8066406250
861.123474       966.3635864258
861.422974       988.5787963867
861.722412       946.3698120117
862.021912      1019.6801757813
862.321350       901.9393310547
862.620728       977.4711914063
862.919983       921.9330444336
863.219238       981.9142456055
863.518433       864.1734008789
863.817505      1013.0156250000
864.116638       933.0407104492
864.415710       915.2684936523
864.714722       944.1483154297
865.013550       910.8254394531
865.312439       966.3635864258
865.611328       941.9267578125
865.910156       957.4774780273
866.208801       890.8317260742
866.507507       908.6038818359
866.806091       946.3698120117
867.104614       957.4774780273
867.403137       944.1483154297
867.701660       897.4962768555
868.000061       895.2747192383
868.298401       928.5976562500
868.596741       946.3698120117
868.894958       910.8254394531
869.193237       937.4837036133
869.491333       955.2559204102
869.789429       884.1671142578
870.087524       904.1608276367
870.385498       933.0407104492
870.683411       921.9330444336
870.981323       995.2434082031
871.279236       953.0344238281
871.576965       946.3698120117
871.874695       906.3823852539
872.172363       866.3948974609
872.470032       988.5787963867
872.767578       961.9205322266
873.065125       981.9142456055
873.362549       977.4711914063
873.660034       930.8191528320
873.957397       908.6038818359
874.254700       893.0532226563
874.552002       884.1671142578
874.849182      1035.2308349609
875.146362       953.0344238281
875.443481       926.3760986328
875.740540       961.9205322266
876.037476       913.0469360352
876.334473       999.6864624023
876.631348       930.8191528320
876.928223       955.2559204102
877.224976       955.2559204102
877.521729       959.6989746094
877.818420      1013.0156250000
878.115112       986.3572998047
878.411621       935.2622070313
878.708191       966.3635864258
879.004700       977.4711914063
879.301086       941.9267578125
879.597473       995.2434082031
879.893799       901.9393310547
880.190063      1041.8953857422
880.486267       999.6864624023
880.782471       888.6101684570
881.078613       959.6989746094
881.374695       961.9205322266
881.670654       957.4774780273
881.966614       944.1483154297
882.262573       939.7052612305
882.558350       961.9205322266
882.854126       913.0469360352
883.149902       946.3698120117
883.445618       953.0344238281
883.741211       886.3886718750
884.036865       895.2747192383
884.332336       953.0344238281
884.627869       955.2559204102
884.923218       915.2684936523
885.218689       939.7052612305
885.513977       941.9267578125
885.809265       906.3823852539
886.104492       904.1608276367
886.399658      1024.1231689453
886.694763       953.0344238281
886.989807       957.4774780273
887.284790       919.7115478516
887.579773       961.9205322266
887.874695       968.5850830078
888.169495       919.7115478516
888.464355       933.0407104492
888.759094       937.4837036133
889.053772       968.5850830078
889.348389       930.8191528320
