0.618000
190.096298         0.0000000000
190.479492         0.0000000000
190.862656       643.8526611328
191.245789       662.2484130859
191.628876       708.2379150391
192.011948       742.7300415039
192.394958       818.6126708984
192.777939       814.0137329102
193.160904       926.6879272461
193.543823       850.8052978516
193.926697       827.8105468750
194.309555       855.4042358398
194.692368       871.5005493164
195.075150       816.3131713867
195.457886       795.6179199219
195.840607       820.9121093750
196.223282       878.3989868164
196.605927       832.4094848633
196.988541       820.9121093750
197.371094       889.8963623047
197.753632       864.6021118164
198.136139       841.6074218750
198.518600       869.2011108398
198.901031       848.5057983398
199.283432       816.3131713867
199.665802       754.2274169922
200.048126       866.9016113281
200.430405       830.1100463867
200.812668       823.2116088867
201.194885       834.7089843750
201.577072       754.2274169922
201.959244       797.9174194336
202.341354       839.3079223633
202.723434       816.3131713867
203.105499       745.0294799805
203.487503       749.6284179688
203.869461       818.6126708984
204.251434       763.4252929688
204.633331       728.9331665039
205.015198       705.9384155273
205.397049       768.0242309570
205.778854       781.8211059570
206.160614       749.6284179688
206.542343       797.9174194336
206.924042       763.4252929688
207.305710       800.2168579102
207.687332       940.4847412109
208.068939       804.8157958984
208.450485       774.9226684570
208.832016       809.4147949219
209.213501       811.7142333984
209.594955       745.0294799805
209.976379       738.1311035156
210.357758       747.3289794922
210.739105       788.7194824219
211.120422       802.5163574219
211.501694       820.9121093750
211.882935       758.8263549805
212.264145       758.8263549805
212.645340       747.3289794922
213.026474       770.3237304688
213.407562       733.5321044922
213.788620       705.9384155273
214.169662       827.8105468750
214.550659       756.5268554688
214.931610       804.8157958984
215.312561       765.7247924805
215.693451       871.5005493164
216.074295       735.8316040039
216.455109       779.5216064453
216.835922       795.6179199219
217.216660       758.8263549805
217.597382       738.1311035156
217.978058       710.5374145508
218.358704       756.5268554688
218.739304       735.8316040039
219.119888       814.0137329102
219.500427       770.3237304688
219.880920       722.0347900391
220.261414       788.7194824219
220.641830       866.9016113281
221.022232       705.9384155273
221.402603       712.8368530273
221.782944       763.4252929688
222.163223       811.7142333984
222.543488       818.6126708984
222.923706       848.5057983398
223.303894       811.7142333984
223.684036       784.1205444336
224.064163       802.5163574219
224.444244       878.3989868164
224.824295       862.3026733398
225.204300       692.1416015625
225.584274       770.3237304688
225.964203       807.1152954102
226.344131       811.7142333984
226.723999       765.7247924805
227.103806       687.5426635742
227.483627       728.9331665039
227.863388       951.9821166992
228.243118       873.8000488281
228.622787       837.0084228516
229.002472       784.1205444336
229.382080       768.0242309570
229.761688       763.4252929688
230.141220       814.0137329102
230.520721       804.8157958984
230.900208       830.1100463867
231.279663       788.7194824219
231.659073       804.8157958984
232.038452       818.6126708984
232.417786       791.0189819336
232.797073       871.5005493164
233.176346       786.4200439453
233.555573       774.9226684570
233.934784       738.1311035156
234.313934       791.0189819336
234.693069       765.7247924805
235.072144       855.4042358398
235.451202       738.1311035156
235.830215       768.0242309570
236.209213       745.0294799805
236.588165       768.0242309570
236.967072       724.3342285156
237.345947       685.2431640625
237.724792       850.8052978516
238.103577       811.7142333984
238.482361       843.9068603516
238.861084       809.4147949219
239.239777       756.5268554688
239.618454       751.9279174805
239.997070       917.4900512695
240.375671       857.7037353516
240.754211       791.0189819336
241.132751       763.4252929688
241.511215       811.7142333984
241.889694       809.4147949219
242.268097       802.5163574219
242.646469       710.5374145508
243.024811       802.5163574219
243.403122       722.0347900391
243.781387       763.4252929688
244.159622       768.0242309570
244.537827       719.7352905273
244.915985       795.6179199219
245.294113       837.0084228516
245.672195       751.9279174805
246.050262       733.5321044922
246.428268       751.9279174805
246.806274       761.1257934570
247.184219       784.1205444336
247.562119       797.9174194336
247.940002       804.8157958984
248.317841       774.9226684570
248.695648       837.0084228516
249.073425       839.3079223633
249.451157       818.6126708984
249.828842       809.4147949219
250.206512       696.7405395508
250.584152       807.1152954102
250.961731      1184.2290039063
251.339279       758.8263549805
251.716812       816.3131713867
252.094299       800.2168579102
252.471725       795.6179199219
252.849136       791.0189819336
253.226517       781.8211059570
253.603867       818.6126708984
253.981171       830.1100463867
254.358429       705.9384155273
254.735672       745.0294799805
255.112869       770.3237304688
255.490021       726.6337280273
255.867172       855.4042358398
256.244263       765.7247924805
256.621307       751.9279174805
256.998291       733.5321044922
257.375305       846.2063598633
257.752228       791.0189819336
258.129120       779.5216064453
258.506012       738.1311035156
258.882843       807.1152954102
259.259644       754.2274169922
259.636414       795.6179199219
260.013123       770.3237304688
260.389832       777.2221069336
260.766479       793.3184204102
261.143127       786.4200439453
261.519714       777.2221069336
261.896271       832.4094848633
262.272736       747.3289794922
262.649231       758.8263549805
263.025696       802.5163574219
263.402100       772.6231689453
263.778473       873.8000488281
264.154785       696.7405395508
264.531097       804.8157958984
264.907318       772.6231689453
265.283569       788.7194824219
265.659760       791.0189819336
266.035919       653.0505371094
266.412018       728.9331665039
266.788086       719.7352905273
267.164154       832.4094848633
267.540192       756.5268554688
267.916107       710.5374145508
268.292084       724.3342285156
268.667969       786.4200439453
269.043793       724.3342285156
269.419617       765.7247924805
269.795410       830.1100463867
270.171204       807.1152954102
270.546875       758.8263549805
270.922577       786.4200439453
271.298248       784.1205444336
271.673828       779.5216064453
272.049408       751.9279174805
272.424927       811.7142333984
272.800446       825.5111083984
273.175934       742.7300415039
273.551361       726.6337280273
273.926727       807.1152954102
274.302063       763.4252929688
274.677399       809.4147949219
275.052673       809.4147949219
275.427948       726.6337280273
275.803131       712.8368530273
276.178314       731.2326660156
276.553436       820.9121093750
276.928558       749.6284179688
277.303650       772.6231689453
277.678619       820.9121093750
278.053650       834.7089843750
278.428589       747.3289794922
278.803528       793.3184204102
279.178375       763.4252929688
279.553253       777.2221069336
279.928070       738.1311035156
280.302826       772.6231689453
280.677582       758.8263549805
281.052277       678.3447875977
281.426941       765.7247924805
281.801544       866.9016113281
282.176147       754.2274169922
282.550720       738.1311035156
282.925232       754.2274169922
283.299683       926.6879272461
283.674133       791.0189819336
284.048553       699.0400390625
284.422974       816.3131713867
284.797241       804.8157958984
285.171600       749.6284179688
285.545837       770.3237304688
285.920074       807.1152954102
286.294250       825.5111083984
286.668396       864.6021118164
287.042511       791.0189819336
287.416626       768.0242309570
287.790649       804.8157958984
288.164673       779.5216064453
288.538635       786.4200439453
288.912567       770.3237304688
289.286438       809.4147949219
289.660309       735.8316040039
290.034149       832.4094848633
290.407959       830.1100463867
290.781677       728.9331665039
291.155396       749.6284179688
291.529083       797.9174194336
291.902710       832.4094848633
292.276337       781.8211059570
292.649902       802.5163574219
293.023407       788.7194824219
293.396912       747.3289794922
293.770386       797.9174194336
294.143829       795.6179199219
294.517181       784.1205444336
294.890533       795.6179199219
295.263824       830.1100463867
295.637115       832.4094848633
296.010345       811.7142333984
296.383545       807.1152954102
296.756744       816.3131713867
297.129852       765.7247924805
297.502960       880.6984252930
297.875977       857.7037353516
298.248993       768.0242309570
298.621979       848.5057983398
298.994934       809.4147949219
299.367859       915.1905517578
299.740723       784.1205444336
300.113556       756.5268554688
300.486359       974.9768676758
300.859100       837.0084228516
301.231842       853.1047363281
301.604492       770.3237304688
301.977173       770.3237304688
302.349792       761.1257934570
302.722351       770.3237304688
303.094910       717.4357910156
303.467377       809.4147949219
303.839874       733.5321044922
304.212311       687.5426635742
304.584717       710.5374145508
304.957062       719.7352905273
305.329376       715.1363525391
305.701630       751.9279174805
306.073853       758.8263549805
306.446106       673.7457885742
306.818268       843.9068603516
307.190399       676.0452880859
307.562500       722.0347900391
307.934540       731.2326660156
308.306610       779.5216064453
308.678558       777.2221069336
309.050507       876.0994873047
309.422424       820.9121093750
309.794281       871.5005493164
310.166138       809.4147949219
310.537933       740.4305419922
310.909729       703.6389770508
311.281464       811.7142333984
311.653107       814.0137329102
312.024780       811.7142333984
312.396393       682.9437255859
312.767975       705.9384155273
313.139496       712.8368530273
313.511047       738.1311035156
313.882507       843.9068603516
314.253906       712.8368530273
314.625305       839.3079223633
314.996643       731.2326660156
315.368011       726.6337280273
315.739258       866.9016113281
316.110504       738.1311035156
316.481720       664.5479125977
316.852905       814.0137329102
317.223999       784.1205444336
317.595123       763.4252929688
317.966187       827.8105468750
318.337189       963.4794921875
318.708191       830.1100463867
319.079163       786.4200439453
319.450073       770.3237304688
319.820923       745.0294799805
320.191742       774.9226684570
320.562561       825.5111083984
320.933319       839.3079223633
321.304047       807.1152954102
321.674744       784.1205444336
322.045380       811.7142333984
322.416016       882.9979248047
322.786560       754.2274169922
323.157135       862.3026733398
323.527618       779.5216064453
323.898071       756.5268554688
324.268494       754.2274169922
324.638885       814.0137329102
325.009277       694.4411010742
325.379578       745.0294799805
325.749847       779.5216064453
326.120117       774.9226684570
326.490295       784.1205444336
326.860443       738.1311035156
327.230591       687.5426635742
327.600708       818.6126708984
327.970703       860.0031738281
328.340759       754.2274169922
328.710724       726.6337280273
329.080688       834.7089843750
329.450592       816.3131713867
329.820435       701.3394775391
330.190277       724.3342285156
330.560089       818.6126708984
330.929810       793.3184204102
331.299561       699.0400390625
331.669220       726.6337280273
332.038879       791.0189819336
332.408447       802.5163574219
332.778046       728.9331665039
333.147583       733.5321044922
333.517059       724.3342285156
333.886505       740.4305419922
334.255951       761.1257934570
334.625336       705.9384155273
334.994629       726.6337280273
335.363983       747.3289794922
335.733246       715.1363525391
336.102478       818.6126708984
336.471680       772.6231689453
336.840820       740.4305419922
337.209961       841.6074218750
337.578979       830.1100463867
337.948059       811.7142333984
338.317078       742.7300415039
338.686035       728.9331665039
339.054962       772.6231689453
339.423859       733.5321044922
339.792725       903.6931762695
340.161560       758.8263549805
340.530334       699.0400390625
340.899078       694.4411010742
341.267761       742.7300415039
341.636444       747.3289794922
342.005066       712.8368530273
342.373657       724.3342285156
342.742218       715.1363525391
343.110718       816.3131713867
343.479218       761.1257934570
343.847626       807.1152954102
344.216064       745.0294799805
344.584412       786.4200439453
344.952759       745.0294799805
345.321045       719.7352905273
345.689270       742.7300415039
346.057526       774.9226684570
346.425659       761.1257934570
346.793854       800.2168579102
347.161957       763.4252929688
347.529999       749.6284179688
347.898041       701.3394775391
348.266022       715.1363525391
348.634003       823.2116088867
349.001892       841.6074218750
349.369781       788.7194824219
349.737610       768.0242309570
350.105408       754.2274169922
350.473145       738.1311035156
350.840912       745.0294799805
351.208618       811.7142333984
351.576233       740.4305419922
351.943878       956.5810546875
352.311401       832.4094848633
352.678955       823.2116088867
353.046478       731.2326660156
353.413910       830.1100463867
353.781372       774.9226684570
354.148743       701.3394775391
354.516083       731.2326660156
354.883392       733.5321044922
355.250641       774.9226684570
355.617920       834.7089843750
355.985077       818.6126708984
356.352234       786.4200439453
356.719360       800.2168579102
357.086426       827.8105468750
357.453491       740.4305419922
357.820496       791.0189819336
358.187469       784.1205444336
358.554382       873.8000488281
358.921295       738.1311035156
359.288147       735.8316040039
359.654968       848.5057983398
360.021759       763.4252929688
360.388489       781.8211059570
360.755188       770.3237304688
361.121826       784.1205444336
361.488464       761.1257934570
361.855072       768.0242309570
362.221588       809.4147949219
362.588135       823.2116088867
362.954590       754.2274169922
363.321075       731.2326660156
363.687439       715.1363525391
364.053802       673.7457885742
364.420135       692.1416015625
364.786407       811.7142333984
365.152679       708.2379150391
365.518860       758.8263549805
365.885040       781.8211059570
366.251190       703.6389770508
366.617249       758.8263549805
366.983337       804.8157958984
367.349335       710.5374145508
367.715332       751.9279174805
368.081207       777.2221069336
368.447174       827.8105468750
368.813019       793.3184204102
369.178833       765.7247924805
369.544678       784.1205444336
369.910400       726.6337280273
370.276123       726.6337280273
370.641785       781.8211059570
371.007446       834.7089843750
371.373016       807.1152954102
371.738586       745.0294799805
372.104126       765.7247924805
372.469574       722.0347900391
372.835022       807.1152954102
373.200439       818.6126708984
373.565796       818.6126708984
373.931122       832.4094848633
374.296417       846.2063598633
374.661713       742.7300415039
375.026886       763.4252929688
375.392090       724.3342285156
375.757202       694.4411010742
376.122314       761.1257934570
376.487396       825.5111083984
376.852386       761.1257934570
377.217407       763.4252929688
377.582336       756.5268554688
377.947235       800.2168579102
378.312103       797.9174194336
378.676941       772.6231689453
379.041779       749.6284179688
379.406494       758.8263549805
379.771240       726.6337280273
380.135925       731.2326660156
380.500549       784.1205444336
380.865143       855.4042358398
381.229706       791.0189819336
381.594269       731.2326660156
381.958679       678.3447875977
382.323181       728.9331665039
382.687561       712.8368530273
383.051971       774.9226684570
383.416321       754.2274169922
383.780579       811.7142333984
384.144867       804.8157958984
384.509033       793.3184204102
384.873260       860.0031738281
385.237366       809.4147949219
385.601501       871.5005493164
385.965576       841.6074218750
386.329559       772.6231689453
386.693573       712.8368530273
387.057526       749.6284179688
387.421417       768.0242309570
387.785309       715.1363525391
388.149109       781.8211059570
388.512970       751.9279174805
388.876678       687.5426635742
389.240417       756.5268554688
389.604065       761.1257934570
389.967712       793.3184204102
390.331360       751.9279174805
390.694885       811.7142333984
391.058411       781.8211059570
391.421906       763.4252929688
391.785370       774.9226684570
392.148743       673.7457885742
392.512115       797.9174194336
392.875488       802.5163574219
393.238739       797.9174194336
393.602051       763.4252929688
393.965240       738.1311035156
394.328430       696.7405395508
394.691559       802.5163574219
395.054657       816.3131713867
395.417725       804.8157958984
395.780731       699.0400390625
396.143738       754.2274169922
396.506653       827.8105468750
396.869568       814.0137329102
397.232422       811.7142333984
397.595245       735.8316040039
397.958069       758.8263549805
398.320770       779.5216064453
398.683533       791.0189819336
399.046204       784.1205444336
399.408813       846.2063598633
399.771454       715.1363525391
400.133972       853.1047363281
400.496521       740.4305419922
400.859009       735.8316040039
401.221436       786.4200439453
401.583832       715.1363525391
401.946198       735.8316040039
402.308563       837.0084228516
402.670807       678.3447875977
403.033051       724.3342285156
403.395294       807.1152954102
403.757416       860.0031738281
404.119568       928.9874267578
404.481659       742.7300415039
404.843719       712.8368530273
405.205719       795.6179199219
405.567719       802.5163574219
405.929657       742.7300415039
406.291534       712.8368530273
406.653442       793.3184204102
407.015228       749.6284179688
407.377014       846.2063598633
407.738739       738.1311035156
408.100464       754.2274169922
408.462128       751.9279174805
408.823730       676.0452880859
409.185364       791.0189819336
409.546875       763.4252929688
409.908386       848.5057983398
410.269867       696.7405395508
410.631287       659.9489746094
410.992676       742.7300415039
411.354034       722.0347900391
411.715363       809.4147949219
412.076630       756.5268554688
412.437866       758.8263549805
412.799072       765.7247924805
413.160217       749.6284179688
413.521362       646.1520996094
413.882416       809.4147949219
414.243469       735.8316040039
414.604462       809.4147949219
414.965424       768.0242309570
415.326355       756.5268554688
415.687225       715.1363525391
416.048096       786.4200439453
416.408875       682.9437255859
416.769653       781.8211059570
417.130402       807.1152954102
417.491058       770.3237304688
417.851715       728.9331665039
418.212311       699.0400390625
418.572906       719.7352905273
418.933411       825.5111083984
419.293945       804.8157958984
419.654388       855.4042358398
420.014801       733.5321044922
420.375183       747.3289794922
420.735504       800.2168579102
421.095825       774.9226684570
421.456055       820.9121093750
421.816315       756.5268554688
422.176453       742.7300415039
422.536621       705.9384155273
422.896729       738.1311035156
423.256775       708.2379150391
423.616821       841.6074218750
423.976807       786.4200439453
424.336731       735.8316040039
424.696625       726.6337280273
425.056488       754.2274169922
425.416351       820.9121093750
425.776093       823.2116088867
426.135864       694.4411010742
426.495575       740.4305419922
426.855225       756.5268554688
427.214874       733.5321044922
427.574432       763.4252929688
427.934052       781.8211059570
428.293518       758.8263549805
428.653015       880.6984252930
429.012421       747.3289794922
429.371826       710.5374145508
429.731232       701.3394775391
430.090485       823.2116088867
430.449799       860.0031738281
430.808990       857.7037353516
431.168213       830.1100463867
431.527374       715.1363525391
431.886475       685.2431640625
432.245605       772.6231689453
432.604584       779.5216064453
432.963623       740.4305419922
433.322571       758.8263549805
433.681488       689.8421020508
434.040344       731.2326660156
434.399200       837.0084228516
434.758026       749.6284179688
435.116760       728.9331665039
435.475494       793.3184204102
435.834198       816.3131713867
436.192841       733.5321044922
436.551453       735.8316040039
436.910004       816.3131713867
437.268555       712.8368530273
437.627014       703.6389770508
437.985474       781.8211059570
438.343903       687.5426635742
438.702240       653.0505371094
439.060577       786.4200439453
439.418854       765.7247924805
439.777130       802.5163574219
440.135315       793.3184204102
440.493500       756.5268554688
440.851654       825.5111083984
441.209717       841.6074218750
441.567810       807.1152954102
441.925781       846.2063598633
442.283783       862.3026733398
442.641663       791.0189819336
442.999573       765.7247924805
443.357483       795.6179199219
443.715240       818.6126708984
444.073029       791.0189819336
444.430725       784.1205444336
444.788452       765.7247924805
445.146149       699.0400390625
445.503723       761.1257934570
445.861359       754.2274169922
446.218842       751.9279174805
446.576355       708.2379150391
446.933777       765.7247924805
447.291199       724.3342285156
447.648621       733.5321044922
448.005920       816.3131713867
448.363251       793.3184204102
448.720459       770.3237304688
449.077728       781.8211059570
449.434875       839.3079223633
449.792023       694.4411010742
450.149170       809.4147949219
450.506195       774.9226684570
450.863220       768.0242309570
451.220184       703.6389770508
451.577118       758.8263549805
451.933990       811.7142333984
452.290894       696.7405395508
452.647736       715.1363525391
453.004456       768.0242309570
453.361237       791.0189819336
453.717926       719.7352905273
454.074585       712.8368530273
454.431244       724.3342285156
454.787811       820.9121093750
455.144379       818.6126708984
455.500824       717.4357910156
455.857300       731.2326660156
456.213715       768.0242309570
456.570099       795.6179199219
456.926483       774.9226684570
457.282745       747.3289794922
457.639038       871.5005493164
457.995209       731.2326660156
458.351440       733.5321044922
458.707550       887.5968627930
459.063660       722.0347900391
459.419769       692.1416015625
459.775757       763.4252929688
460.131744       717.4357910156
460.487671       823.2116088867
460.843597       846.2063598633
461.199493       768.0242309570
461.555267       726.6337280273
461.911072       719.7352905273
462.266785       712.8368530273
462.622498       832.4094848633
462.978119       754.2274169922
463.333771       761.1257934570
463.689392       745.0294799805
464.044891       733.5321044922
464.400421       763.4252929688
464.755859       791.0189819336
465.111298       758.8263549805
465.466675       800.2168579102
465.821991       811.7142333984
466.177338       719.7352905273
466.532562       770.3237304688
466.887817       797.9174194336
467.242981       751.9279174805
467.598114       777.2221069336
467.953247       827.8105468750
468.308289       777.2221069336
468.663330       747.3289794922
469.018280       869.2011108398
469.373230       749.6284179688
469.728119       742.7300415039
470.082977       761.1257934570
470.437836       917.4900512695
470.792572       800.2168579102
471.147339       793.3184204102
471.502014       841.6074218750
471.856720       772.6231689453
472.211273       777.2221069336
472.565918       804.8157958984
472.920471       722.0347900391
473.274933       800.2168579102
473.629395       772.6231689453
473.983795       802.5163574219
474.338165       749.6284179688
474.692505       781.8211059570
475.046814       733.5321044922
475.401123       745.0294799805
475.755280       742.7300415039
476.109497       811.7142333984
476.463593       823.2116088867
476.817688      2402.9501953125
477.171783      1014.0679321289
477.525757       781.8211059570
477.879761       850.8052978516
478.233673       784.1205444336
478.587585       761.1257934570
478.941406       751.9279174805
479.295258       740.4305419922
479.649048       740.4305419922
480.002747       850.8052978516
480.356445       728.9331665039
480.710052       678.3447875977
481.063690       802.5163574219
481.417236       878.3989868164
481.770782       742.7300415039
482.124329       768.0242309570
482.477722       818.6126708984
482.831177       772.6231689453
483.184509       779.5216064453
483.537842       804.8157958984
483.891144       685.2431640625
484.244385       717.4357910156
484.597626       745.0294799805
484.950714       740.4305419922
485.303894       781.8211059570
485.656921       726.6337280273
486.010010       816.3131713867
486.363068       726.6337280273
486.715973       850.8052978516
487.068909       673.7457885742
487.421783       765.7247924805
487.774628       800.2168579102
488.127411       768.0242309570
488.480194       751.9279174805
488.832947       786.4200439453
489.185577       756.5268554688
489.538239       830.1100463867
489.890839       719.7352905273
490.243378       791.0189819336
490.595917       738.1311035156
490.948395       689.8421020508
491.300842       728.9331665039
491.653198       733.5321044922
492.005585       777.2221069336
492.357880       784.1205444336
492.710144       860.0031738281
493.062439       786.4200439453
493.414581       797.9174194336
493.766754       853.1047363281
494.118835       901.3937377930
494.470917       786.4200439453
494.822937       761.1257934570
495.174927       781.8211059570
495.526917       758.8263549805
495.878784       756.5268554688
496.230682       747.3289794922
496.582489       774.9226684570
496.934296       722.0347900391
497.285980       717.4357910156
497.637695       832.4094848633
497.989410       758.8263549805
498.340973       774.9226684570
498.692596       811.7142333984
499.044128       825.5111083984
499.395630       756.5268554688
499.747101       811.7142333984
500.098480       726.6337280273
500.449921       749.6284179688
500.801208       814.0137329102
501.152527       848.5057983398
501.503754       758.8263549805
501.854980       786.4200439453
502.206177       878.3989868164
502.557281       749.6284179688
502.908386       779.5216064453
503.259430       869.2011108398
503.610443       768.0242309570
503.961365       837.0084228516
504.312317       758.8263549805
504.663239       724.3342285156
505.014069       712.8368530273
505.364899       745.0294799805
505.715607       710.5374145508
506.066376       747.3289794922
506.417084       758.8263549805
506.767670       774.9226684570
507.118317       878.3989868164
507.468842       715.1363525391
507.819397       797.9174194336
508.169830       804.8157958984
508.520294       772.6231689453
508.870697       765.7247924805
509.221039       793.3184204102
509.571381       747.3289794922
509.921631       749.6284179688
510.271851       816.3131713867
510.622009       701.3394775391
510.972198       710.5374145508
511.322327      1000.2710571289
511.672394       797.9174194336
512.022461       751.9279174805
512.372375       784.1205444336
512.722351       809.4147949219
513.072266       781.8211059570
513.422058       745.0294799805
513.771912       719.7352905273
514.121704       761.1257934570
514.471436       643.8526611328
514.821167       820.9121093750
515.170776       731.2326660156
515.520447       765.7247924805
515.869995       807.1152954102
516.219543       703.6389770508
516.569031       703.6389770508
516.918518       825.5111083984
517.267822       811.7142333984
517.617249       733.5321044922
517.966614       772.6231689453
518.315796       866.9016113281
518.665161       823.2116088867
519.014282       745.0294799805
519.363464       772.6231689453
519.712585       763.4252929688
520.061646       731.2326660156
520.410706       825.5111083984
520.759705       754.2274169922
521.108704       666.8474121094
521.457520       742.7300415039
521.806458       731.2326660156
522.155334       814.0137329102
522.504089       728.9331665039
522.852844       830.1100463867
523.201538       774.9226684570
523.550232       731.2326660156
523.898804       781.8211059570
524.247437       832.4094848633
524.596008       807.1152954102
524.944458       807.1152954102
525.292969       738.1311035156
525.641357       749.6284179688
525.989746       811.7142333984
526.338074       747.3289794922
526.686401       793.3184204102
527.034607       779.5216064453
527.382813       745.0294799805
527.731018       756.5268554688
528.079102       791.0189819336
528.427246       784.1205444336
528.775330       756.5268554688
529.123291       834.7089843750
529.471252       740.4305419922
529.819153       791.0189819336
530.167053       786.4200439453
530.514832       715.1363525391
530.862732       722.0347900391
531.210510       873.8000488281
531.558167       876.0994873047
531.905884       715.1363525391
532.253479       745.0294799805
532.601074       687.5426635742
532.948608       951.9821166992
533.296143       747.3289794922
533.643616       749.6284179688
533.991028       774.9226684570
534.338379       719.7352905273
534.685730       793.3184204102
535.033081       928.9874267578
535.380371       751.9279174805
535.727478       751.9279174805
536.074707       786.4200439453
536.421875       749.6284179688
536.768921       694.4411010742
537.115967       726.6337280273
537.463013       666.8474121094
537.809998       774.9226684570
538.156860       830.1100463867
538.503784       747.3289794922
538.850647       735.8316040039
539.197449       738.1311035156
539.544189       722.0347900391
539.890930       705.9384155273
540.237610       788.7194824219
540.584229       735.8316040039
540.930847       740.4305419922
541.277344       758.8263549805
541.623901       726.6337280273
541.970337       818.6126708984
542.316772       770.3237304688
542.663208       733.5321044922
543.009521       807.1152954102
543.355835       745.0294799805
543.702026       749.6284179688
544.048279       779.5216064453
544.394470       703.6389770508
544.740601       809.4147949219
545.086731       708.2379150391
545.432739       699.0400390625
545.778809       712.8368530273
546.124695       823.2116088867
546.470703       689.8421020508
546.816589       793.3184204102
547.162415       802.5163574219
547.508240       807.1152954102
547.853943       947.3831787109
548.199646       738.1311035156
548.545349       777.2221069336
548.890930       894.4953002930
549.236633       848.5057983398
549.582092       816.3131713867
549.927673       832.4094848633
550.273071       850.8052978516
550.618530       722.0347900391
550.963928       694.4411010742
551.309204       710.5374145508
551.654602       784.1205444336
551.999756       878.3989868164
552.345093       712.8368530273
552.690186       797.9174194336
553.035339       722.0347900391
553.380493       825.5111083984
553.725464       786.4200439453
554.070496       774.9226684570
554.415405       740.4305419922
554.760376       830.1100463867
555.105225       779.5216064453
555.450073       689.8421020508
555.794922       664.5479125977
556.139648       705.9384155273
556.484375       793.3184204102
556.828979       758.8263549805
557.173645       761.1257934570
557.518311       731.2326660156
557.862793       761.1257934570
558.207275       809.4147949219
558.551697       726.6337280273
558.896118       768.0242309570
559.240479       747.3289794922
559.584839       903.6931762695
559.929199       770.3237304688
560.273376       754.2274169922
560.617676       774.9226684570
560.961792       816.3131713867
561.305908       731.2326660156
561.649963       795.6179199219
561.994019       758.8263549805
562.338074       832.4094848633
562.682007       786.4200439453
563.025879       781.8211059570
563.369751       788.7194824219
563.713623       770.3237304688
564.057373       793.3184204102
564.401123       788.7194824219
564.744873       682.9437255859
565.088501       830.1100463867
565.432129       733.5321044922
565.775635       715.1363525391
566.119263       768.0242309570
566.462769       696.7405395508
566.806152       770.3237304688
567.149597       820.9121093750
567.492920       740.4305419922
567.836243       705.9384155273
568.179504       712.8368530273
568.522827       758.8263549805
568.866028       742.7300415039
569.209106       774.9226684570
569.552307       765.7247924805
569.895325       742.7300415039
570.238403       756.5268554688
570.581299       880.6984252930
570.924255       726.6337280273
571.267212       850.8052978516
571.609985       765.7247924805
571.952881       682.9437255859
572.295593       705.9384155273
572.638367       816.3131713867
572.981079       809.4147949219
573.323730       749.6284179688
573.666260       745.0294799805
574.008850       816.3131713867
574.351440       841.6074218750
574.693848       788.7194824219
575.036255       818.6126708984
575.378723       830.1100463867
575.721008       774.9226684570
576.063354       731.2326660156
576.405579       703.6389770508
576.747803       850.8052978516
577.090027       724.3342285156
577.432129       703.6389770508
577.774231       823.2116088867
578.116272       694.4411010742
578.458313       751.9279174805
578.800232       696.7405395508
579.142212       777.2221069336
579.484070       740.4305419922
579.825928       860.0031738281
580.167725       715.1363525391
580.509460       765.7247924805
580.851196       731.2326660156
581.192810       772.6231689453
581.534485       814.0137329102
581.876099       779.5216064453
582.217590       754.2274169922
582.559143       804.8157958984
582.900574       788.7194824219
583.242004       777.2221069336
583.583313       811.7142333984
583.924683       807.1152954102
584.265991       779.5216064453
584.607239       797.9174194336
584.948425       669.1468505859
585.289551       795.6179199219
585.630737       749.6284179688
585.971802       699.0400390625
586.312805       816.3131713867
586.653870       846.2063598633
586.994751       834.7089843750
587.335693       761.1257934570
587.676453       809.4147949219
588.017334       699.0400390625
588.358154       722.0347900391
588.698853       779.5216064453
589.039551       770.3237304688
589.380188       797.9174194336
589.720825       795.6179199219
590.061340       823.2116088867
590.401917       761.1257934570
590.742432       772.6231689453
591.082825       795.6179199219
591.423218       765.7247924805
591.763550       791.0189819336
592.103882       724.3342285156
592.444092       751.9279174805
592.784363       745.0294799805
593.124512       802.5163574219
593.464600       866.9016113281
593.804749       774.9226684570
594.144775       745.0294799805
594.484802       770.3237304688
594.824829       846.2063598633
595.164734       823.2116088867
595.504578       768.0242309570
595.844360       703.6389770508
596.184204       735.8316040039
596.523926       777.2221069336
596.863647       758.8263549805
597.203369       749.6284179688
597.542969       749.6284179688
597.882507       781.8211059570
598.222046       809.4147949219
598.561584       846.2063598633
598.901001       774.9226684570
599.240417       793.3184204102
599.579834       774.9226684570
599.919067       758.8263549805
600.258423       791.0189819336
600.597595       738.1311035156
600.936829       724.3342285156
601.276001       802.5163574219
601.615051       823.2116088867
601.954163       800.2168579102
602.293091       768.0242309570
602.632141       772.6231689453
602.971069       774.9226684570
603.309998       735.8316040039
603.648865       894.4953002930
603.987610       910.5916137695
604.326416       768.0242309570
604.665100       770.3237304688
605.003845       797.9174194336
605.342407       837.0084228516
605.680969       825.5111083984
606.019592       814.0137329102
606.358093       809.4147949219
606.696533       820.9121093750
607.034973       781.8211059570
607.373291       871.5005493164
607.711609       791.0189819336
608.049927       735.8316040039
608.388245       678.3447875977
608.726379       705.9384155273
609.064575       774.9226684570
609.402710       804.8157958984
609.740723       793.3184204102
610.078796       749.6284179688
610.416748       717.4357910156
610.754761       777.2221069336
611.092590       712.8368530273
611.430481       710.5374145508
611.768311       795.6179199219
612.106018       793.3184204102
612.443787       892.1958007813
612.781494       731.2326660156
613.119141       689.8421020508
613.456726       738.1311035156
613.794250       754.2274169922
614.131775       811.7142333984
614.469299       745.0294799805
614.806763       722.0347900391
615.144043       630.0557861328
615.481384       715.1363525391
615.818726       800.2168579102
616.156006       712.8368530273
616.493225       754.2274169922
616.830322       873.8000488281
617.167480       726.6337280273
617.504578       745.0294799805
617.841614       788.7194824219
618.178528       708.2379150391
618.515503       800.2168579102
618.852478       899.0942382813
619.189270       774.9226684570
619.526184       745.0294799805
619.862854       802.5163574219
620.199646       765.7247924805
620.536316       850.8052978516
620.872986       751.9279174805
621.209595       749.6284179688
621.546143       763.4252929688
621.882629       869.2011108398
622.219116       802.5163574219
622.555542       710.5374145508
622.892029       749.6284179688
623.228333       850.8052978516
623.564636       820.9121093750
623.900818       678.3447875977
624.237061       687.5426635742
624.573242       768.0242309570
624.909363       807.1152954102
625.245483       788.7194824219
625.581482       866.9016113281
625.917480       825.5111083984
626.253418       818.6126708984
626.589355       926.6879272461
626.925171       751.9279174805
627.261047       793.3184204102
627.596863       758.8263549805
627.932556       935.8858032227
628.268250       797.9174194336
628.603882       802.5163574219
628.939514       740.4305419922
629.275024       745.0294799805
629.610596       740.4305419922
629.946045       800.2168579102
630.281494       885.2974243164
630.616882       873.8000488281
630.952209       791.0189819336
631.287537       751.9279174805
631.622803       814.0137329102
631.958008       751.9279174805
632.293213       751.9279174805
632.628296       742.7300415039
632.963379       777.2221069336
633.298401       839.3079223633
633.633423       839.3079223633
633.968384       784.1205444336
634.303284       724.3342285156
634.638123       855.4042358398
634.972900       763.4252929688
635.307739       726.6337280273
635.642456       740.4305419922
635.977112       855.4042358398
636.311829       839.3079223633
636.646362       825.5111083984
636.980957       896.7947387695
637.315430       761.1257934570
637.649963       735.8316040039
637.984436       756.5268554688
638.318726       823.2116088867
638.653137       761.1257934570
638.987366       814.0137329102
639.321655       777.2221069336
639.655823       871.5005493164
639.990051       800.2168579102
640.324158       905.9926757813
640.658203       722.0347900391
640.992249       761.1257934570
641.326172       708.2379150391
641.660156       751.9279174805
641.994019       791.0189819336
642.327942       733.5321044922
642.661804       747.3289794922
642.995483       738.1311035156
643.329224       712.8368530273
643.662964       774.9226684570
643.996582       772.6231689453
644.330200       774.9226684570
644.663696       781.8211059570
644.997253       754.2274169922
645.330688       735.8316040039
645.664124       768.0242309570
645.997437       745.0294799805
646.330811       834.7089843750
646.664124       772.6231689453
646.997375       795.6179199219
647.330566       816.3131713867
647.663696       777.2221069336
647.996826       705.9384155273
648.329895       814.0137329102
648.662903       781.8211059570
648.995911       738.1311035156
649.328796       820.9121093750
649.661682       774.9226684570
649.994568       814.0137329102
650.327393       761.1257934570
650.660095       830.1100463867
650.992859       832.4094848633
651.325500       834.7089843750
651.658142       689.8421020508
651.990723       811.7142333984
652.323242       768.0242309570
652.655762       758.8263549805
652.988220       724.3342285156
653.320618       692.1416015625
653.652954       761.1257934570
653.985291       905.9926757813
654.317566       751.9279174805
654.649780       850.8052978516
654.981995       825.5111083984
655.314148       820.9121093750
655.646240       724.3342285156
655.978271       823.2116088867
656.310303       809.4147949219
656.642273       701.3394775391
656.974182       724.3342285156
657.306091       763.4252929688
657.637939       735.8316040039
657.969666       740.4305419922
658.301453       756.5268554688
658.633179       791.0189819336
658.964844       788.7194824219
659.296448       788.7194824219
659.627991       814.0137329102
659.959534       793.3184204102
660.291016       784.1205444336
660.622437       765.7247924805
660.953796       869.2011108398
661.285156       786.4200439453
661.616516       857.7037353516
661.947754       809.4147949219
662.278931       742.7300415039
662.610107       758.8263549805
662.941284       832.4094848633
663.272339       779.5216064453
663.603394       774.9226684570
663.934387       680.6442260742
664.265320       756.5268554688
664.596252       763.4252929688
664.927063       761.1257934570
665.257935       756.5268554688
665.588684       768.0242309570
665.919434       728.9331665039
666.250061       763.4252929688
666.580688       804.8157958984
666.911316       781.8211059570
667.241821       682.9437255859
667.572327       703.6389770508
667.902832       749.6284179688
668.233276       717.4357910156
668.563660       827.8105468750
668.893982       687.5426635742
669.224243       777.2221069336
669.554504       756.5268554688
669.884705       779.5216064453
670.214844       715.1363525391
670.544922       848.5057983398
670.875000       802.5163574219
671.205078       749.6284179688
671.534973       809.4147949219
671.864929       763.4252929688
672.194824       742.7300415039
672.524658       774.9226684570
672.854431       795.6179199219
673.184204       804.8157958984
673.513916       837.0084228516
673.843567       745.0294799805
674.173218       788.7194824219
674.502747       754.2274169922
674.832275       639.2537231445
675.161804       816.3131713867
675.491211       731.2326660156
675.820679       791.0189819336
676.149963       784.1205444336
676.479248       724.3342285156
676.808533       745.0294799805
677.137756       655.3500366211
677.466919       843.9068603516
677.796021       800.2168579102
678.125122       770.3237304688
678.454163       820.9121093750
678.783142       715.1363525391
679.112122       685.2431640625
679.440979       855.4042358398
679.769897       717.4357910156
680.098694       853.1047363281
680.427490       864.6021118164
680.756165       901.3937377930
681.084900      4076.9670410156
681.413513       954.2816162109
681.742065       786.4200439453
682.070679       728.9331665039
682.399170       788.7194824219
682.727600       830.1100463867
683.056030       797.9174194336
683.384399       770.3237304688
683.712708       823.2116088867
684.040955       853.1047363281
684.369263       728.9331665039
684.697388       804.8157958984
685.025574       779.5216064453
685.353638       786.4200439453
685.681702       818.6126708984
686.009766       788.7194824219
686.337708       754.2274169922
686.665588       712.8368530273
686.993469       745.0294799805
687.321289       848.5057983398
687.649048       735.8316040039
687.976807       715.1363525391
688.304565       728.9331665039
688.632141       705.9384155273
688.959839       747.3289794922
689.287354       749.6284179688
689.614868       747.3289794922
689.942383       777.2221069336
690.269775       731.2326660156
690.597168       712.8368530273
690.924500       758.8263549805
691.251770       715.1363525391
691.578979       793.3184204102
691.906250       754.2274169922
692.233398       781.8211059570
692.560486       770.3237304688
692.887573       910.5916137695
693.214539       745.0294799805
693.541565       749.6284179688
693.868469       788.7194824219
694.195374       793.3184204102
694.522217       853.1047363281
694.849060       770.3237304688
695.175781       641.5531616211
695.502441       696.7405395508
695.829163       839.3079223633
696.155823       800.2168579102
696.482300       758.8263549805
696.808899       800.2168579102
697.135315       878.3989868164
697.461792       751.9279174805
697.788147       793.3184204102
698.114563       788.7194824219
698.440857       772.6231689453
698.767029       832.4094848633
699.093323       742.7300415039
699.419495       758.8263549805
699.745605       758.8263549805
700.071655       903.6931762695
700.397705       834.7089843750
700.723694       791.0189819336
701.049622       735.8316040039
701.375549       728.9331665039
701.701355       843.9068603516
702.027222       837.0084228516
702.352905       772.6231689453
702.678711       784.1205444336
703.004395       864.6021118164
703.329956       712.8368530273
703.655579       733.5321044922
703.981018       717.4357910156
704.306580       751.9279174805
704.632080       749.6284179688
704.957397       731.2326660156
705.282776       758.8263549805
705.608093       733.5321044922
705.933350       804.8157958984
706.258545       774.9226684570
706.583740       781.8211059570
706.908875       666.8474121094
707.233948       774.9226684570
707.559021       797.9174194336
707.883972       756.5268554688
708.208984       740.4305419922
708.533813       694.4411010742
708.858704       784.1205444336
709.183533       777.2221069336
709.508240       726.6337280273
709.833008       786.4200439453
710.157654       832.4094848633
710.482300       763.4252929688
710.806885       735.8316040039
711.131409       779.5216064453
711.455933       786.4200439453
711.780334       749.6284179688
712.104797       853.1047363281
712.429138       728.9331665039
712.753479       880.6984252930
713.077759       740.4305419922
713.401917       742.7300415039
713.726135       712.8368530273
714.050232       830.1100463867
714.374329       781.8211059570
714.698364       793.3184204102
715.022339       827.8105468750
715.346313       816.3131713867
715.670166       676.0452880859
715.994080       846.2063598633
716.317871       924.3884277344
716.641663       745.0294799805
716.965393       715.1363525391
717.289001       717.4357910156
717.612732       876.0994873047
717.936279       749.6284179688
718.259827       756.5268554688
718.583313       747.3289794922
718.906738       705.9384155273
719.230225       777.2221069336
719.553528       761.1257934570
719.876892       814.0137329102
720.200134       738.1311035156
720.523315       719.7352905273
720.846497       818.6126708984
721.169617       708.2379150391
721.492737       712.8368530273
721.815735       747.3289794922
722.138733       834.7089843750
722.461670       809.4147949219
722.784607       848.5057983398
723.107544       823.2116088867
723.430298       715.1363525391
723.753113       892.1958007813
724.075745       807.1152954102
724.398438       857.7037353516
724.721008       882.9979248047
725.043640       751.9279174805
725.366211       818.6126708984
725.688660       722.0347900391
726.011169       763.4252929688
726.333496       770.3237304688
726.655884       733.5321044922
726.978149       770.3237304688
727.300476       772.6231689453
727.622681       834.7089843750
727.944824       793.3184204102
728.266968       807.1152954102
728.589050       873.8000488281
728.911133       765.7247924805
729.233032       820.9121093750
729.554993       749.6284179688
729.876953       814.0137329102
730.198792       710.5374145508
730.520569       731.2326660156
730.842346       703.6389770508
731.164063       685.2431640625
731.485718       696.7405395508
731.807373       848.5057983398
732.128967       797.9174194336
732.450439       811.7142333984
732.771973       768.0242309570
733.093323       728.9331665039
733.414795       735.8316040039
733.736145       814.0137329102
734.057373       779.5216064453
734.378662       768.0242309570
734.699890       816.3131713867
735.021057       751.9279174805
735.342163       800.2168579102
735.663269       818.6126708984
735.984314       726.6337280273
736.305237       820.9121093750
736.626160       866.9016113281
736.947083       722.0347900391
737.267883       797.9174194336
737.588745       809.4147949219
737.909485       712.8368530273
738.230225       703.6389770508
738.550781       694.4411010742
738.871460       756.5268554688
739.192017       837.0084228516
739.512573       791.0189819336
739.833069       763.4252929688
740.153442       740.4305419922
740.473877       735.8316040039
740.794128       825.5111083984
741.114441       735.8316040039
741.434692       802.5163574219
741.754883       779.5216064453
742.075073       733.5321044922
742.395142       857.7037353516
742.715210       768.0242309570
743.035217       800.2168579102
743.355225       825.5111083984
743.675049       850.8052978516
743.994995       786.4200439453
744.314880       724.3342285156
744.634583       733.5321044922
744.954407       749.6284179688
745.273987       797.9174194336
745.593689       722.0347900391
745.913330       786.4200439453
746.232849       733.5321044922
746.552368       781.8211059570
746.871826       749.6284179688
747.191223       694.4411010742
747.510559       733.5321044922
747.829956       800.2168579102
748.149231       717.4357910156
748.468384       742.7300415039
748.787659       749.6284179688
749.106750       747.3289794922
749.425842       781.8211059570
749.744873       804.8157958984
750.063904       841.6074218750
750.382874       728.9331665039
750.701721       758.8263549805
751.020630       774.9226684570
751.339417       853.1047363281
751.658203       770.3237304688
751.976990       797.9174194336
752.295593       738.1311035156
752.614258       705.9384155273
752.932800       745.0294799805
753.251404       728.9331665039
753.569824       770.3237304688
753.888306       754.2274169922
754.206726       843.9068603516
754.525024       820.9121093750
754.843323       742.7300415039
755.161621       719.7352905273
755.479797       811.7142333984
755.797974       754.2274169922
756.116089       816.3131713867
756.434204       848.5057983398
756.752197       786.4200439453
757.070190       837.0084228516
757.388123       747.3289794922
757.705994       855.4042358398
758.023865       814.0137329102
758.341675       685.2431640625
758.659363       935.8858032227
758.977112       761.1257934570
759.294739       696.7405395508
759.612305       793.3184204102
759.929932       738.1311035156
760.247498       682.9437255859
760.564880       880.6984252930
760.882385       765.7247924805
761.199707       834.7089843750
761.517090       809.4147949219
761.834290       712.8368530273
762.151611       756.5268554688
762.468811       774.9226684570
762.785889       742.7300415039
763.103027       786.4200439453
763.420044       701.3394775391
763.737061       770.3237304688
764.054077       841.6074218750
764.370972       763.4252929688
764.687805       850.8052978516
765.004639       779.5216064453
765.321411       814.0137329102
765.638123       832.4094848633
765.954834       768.0242309570
766.271484       738.1311035156
766.588074       758.8263549805
766.904602       733.5321044922
767.221069       781.8211059570
767.537537       779.5216064453
767.853882       728.9331665039
768.170288       791.0189819336
768.486572       823.2116088867
768.802856       740.4305419922
769.119080       682.9437255859
769.435181       754.2274169922
769.751343       696.7405395508
770.067322       740.4305419922
770.383423       724.3342285156
770.699402       811.7142333984
771.015320       761.1257934570
771.331238       765.7247924805
771.647095       756.5268554688
771.962891       751.9279174805
772.278625       779.5216064453
772.594299       751.9279174805
772.909973       754.2274169922
773.225586       777.2221069336
773.541138       770.3237304688
773.856567       731.2326660156
774.172119       712.8368530273
774.487549       786.4200439453
774.802856       745.0294799805
775.118286       712.8368530273
775.433472       830.1100463867
775.748718       685.2431640625
776.063904       800.2168579102
776.379028       666.8474121094
776.694153       705.9384155273
777.009155       712.8368530273
777.324158       791.0189819336
777.639099       871.5005493164
777.954041       770.3237304688
778.268921       751.9279174805
778.583740       761.1257934570
778.898499       724.3342285156
779.213196       738.1311035156
779.527832       878.3989868164
779.842468       837.0084228516
780.157043       827.8105468750
780.471619       860.0031738281
780.786072       738.1311035156
781.100525       696.7405395508
781.414856       756.5268554688
781.729248       715.1363525391
782.043457       846.2063598633
782.357788       800.2168579102
782.671997       786.4200439453
782.986084       807.1152954102
783.300293       797.9174194336
783.614258       788.7194824219
783.928345       751.9279174805
784.242249       728.9331665039
784.556213       786.4200439453
784.870117       731.2326660156
785.183899       772.6231689453
785.497681       740.4305419922
785.811340       763.4252929688
786.125061       818.6126708984
786.438721       827.8105468750
786.752258       717.4357910156
787.065857       827.8105468750
787.379333       837.0084228516
787.692810       703.6389770508
788.006165       701.3394775391
788.319519       761.1257934570
788.632874       692.1416015625
788.946106       738.1311035156
789.259338       722.0347900391
789.572449       740.4305419922
789.885559       871.5005493164
790.198608       696.7405395508
790.511719       740.4305419922
790.824707       731.2326660156
791.137573       758.8263549805
791.450500       751.9279174805
791.763306       699.0400390625
792.076111       715.1363525391
792.388855       784.1205444336
792.701538       818.6126708984
793.014221       797.9174194336
793.326782       735.8316040039
793.639343       763.4252929688
793.951843       722.0347900391
794.264282       809.4147949219
794.576721       791.0189819336
794.889099       784.1205444336
795.201416       765.7247924805
795.513611       669.1468505859
795.825867       772.6231689453
796.138000       740.4305419922
796.450195       749.6284179688
796.762268       777.2221069336
797.074280       738.1311035156
797.386292       834.7089843750
797.698181       841.6074218750
798.010071       740.4305419922
798.321960       788.7194824219
798.633728       820.9121093750
798.945496       765.7247924805
799.257202       777.2221069336
799.568787       786.4200439453
799.880432       779.5216064453
800.192017       738.1311035156
800.503540       850.8052978516
800.815002       740.4305419922
801.126404       758.8263549805
801.437744       754.2274169922
801.749084       869.2011108398
802.060364       837.0084228516
802.371582       751.9279174805
802.682800       800.2168579102
802.993835       811.7142333984
803.304993       634.6547851563
803.615967       735.8316040039
803.927002       761.1257934570
804.237976       795.6179199219
804.548828       797.9174194336
804.859741       788.7194824219
805.170471       772.6231689453
805.481201       774.9226684570
805.791931       717.4357910156
806.102600       717.4357910156
806.413208       795.6179199219
806.723755       772.6231689453
807.034241       747.3289794922
807.344727       756.5268554688
807.655151       791.0189819336
807.965515       733.5321044922
808.275879       735.8316040039
808.586182       853.1047363281
808.896362       791.0189819336
809.206604       814.0137329102
809.516663       765.7247924805
809.826782       657.6494750977
810.136780       832.4094848633
810.446777       818.6126708984
810.756775       788.7194824219
811.066650       823.2116088867
811.376465       689.8421020508
811.686279       715.1363525391
811.996033       896.7947387695
812.305786       765.7247924805
812.615417       786.4200439453
812.924988       823.2116088867
813.234558       800.2168579102
813.544128       777.2221069336
813.853516       751.9279174805
814.162964       708.2379150391
814.472351       862.3026733398
814.781616       797.9174194336
815.090942       772.6231689453
815.400146       777.2221069336
815.709351       889.8963623047
816.018433       784.1205444336
816.327515       809.4147949219
816.636597       731.2326660156
816.945557       768.0242309570
817.254578       837.0084228516
817.563416       848.5057983398
817.872253       742.7300415039
818.181091       777.2221069336
818.489807       761.1257934570
818.798523       747.3289794922
819.107178       791.0189819336
819.415833       722.0347900391
819.724365       846.2063598633
820.032837       765.7247924805
820.341370       860.0031738281
820.649719       791.0189819336
820.958130       791.0189819336
821.266357       871.5005493164
821.574707       772.6231689453
821.882874       756.5268554688
822.191040       751.9279174805
822.499207       839.3079223633
822.807251       860.0031738281
823.115356       715.1363525391
823.423279       784.1205444336
823.731262       788.7194824219
824.039124       710.5374145508
824.346985       779.5216064453
824.654846       722.0347900391
824.962524       848.5057983398
825.270264       781.8211059570
825.577820       797.9174194336
825.885437       958.8805541992
826.193054       814.0137329102
826.500488       820.9121093750
826.807983       814.0137329102
827.115356       781.8211059570
827.422729       763.4252929688
827.729980       770.3237304688
828.037292       910.5916137695
828.344543       768.0242309570
828.651733       820.9121093750
828.958862       715.1363525391
829.265869       809.4147949219
829.572937       788.7194824219
829.879883       726.6337280273
830.186829       745.0294799805
830.493713       703.6389770508
830.800537       811.7142333984
831.107361       749.6284179688
831.414063       814.0137329102
831.720764       788.7194824219
832.027405       841.6074218750
832.333984       680.6442260742
832.640564       820.9121093750
832.947021       754.2274169922
833.253479       742.7300415039
833.559814       731.2326660156
833.866211       719.7352905273
834.172546       738.1311035156
834.478760       841.6074218750
834.784973       797.9174194336
835.091125       710.5374145508
835.397278       768.0242309570
835.703247       710.5374145508
836.009277       687.5426635742
836.315247       731.2326660156
836.621155       864.6021118164
836.927063       735.8316040039
837.232849       770.3237304688
837.538635       814.0137329102
837.844421       772.6231689453
838.150085       802.5163574219
838.455688       800.2168579102
838.761292       694.4411010742
839.066833       830.1100463867
839.372253       949.6826782227
839.677734       853.1047363281
839.983093       754.2274169922
840.288391       804.8157958984
840.593689       807.1152954102
840.898926       797.9174194336
841.204102       731.2326660156
841.509277       758.8263549805
841.814392       768.0242309570
842.119446       731.2326660156
842.424438       860.0031738281
842.729370       853.1047363281
843.034241       892.1958007813
843.339111       818.6126708984
843.643982       758.8263549805
843.948669       834.7089843750
844.253479       768.0242309570
844.558105       765.7247924805
844.862671       731.2326660156
845.167236       756.5268554688
845.471741       751.9279174805
845.776245       774.9226684570
846.080627       726.6337280273
846.385071       740.4305419922
846.689331       825.5111083984
846.993591       807.1152954102
847.297791       728.9331665039
847.601990       722.0347900391
847.906128       892.1958007813
848.210205       770.3237304688
848.514282       786.4200439453
848.818237       740.4305419922
849.122131       694.4411010742
849.426025       816.3131713867
849.729919       795.6179199219
850.033691       724.3342285156
850.337402       841.6074218750
850.641113       788.7194824219
850.944702       735.8316040039
851.248352       774.9226684570
851.551941       816.3131713867
851.855347       804.8157958984
852.158813       770.3237304688
852.462219       742.7300415039
852.765564       758.8263549805
853.068848       777.2221069336
853.372070       809.4147949219
853.675354       768.0242309570
853.978455       719.7352905273
854.281555       758.8263549805
854.584656       685.2431640625
854.887634       786.4200439453
855.190552       802.5163574219
855.493530       715.1363525391
855.796387       784.1205444336
856.099182       747.3289794922
856.401978       777.2221069336
856.704651       779.5216064453
857.007324       705.9384155273
857.309998       715.1363525391
857.612549       735.8316040039
857.915100       827.8105468750
858.217529       715.1363525391
858.519958       745.0294799805
858.822266       774.9226684570
859.124634       733.5321044922
859.426941       756.5268554688
859.729187       788.7194824219
860.031372       751.9279174805
860.333435       715.1363525391
860.635559       825.5111083984
860.937622       818.6126708984
861.239563       816.3131713867
861.541504       850.8052978516
861.843384       809.4147949219
862.145264       779.5216064453
862.446960       701.3394775391
862.748779       754.2274169922
863.050476       735.8316040039
863.352051       763.4252929688
863.653748       779.5216064453
863.955200       832.4094848633
864.256714       788.7194824219
864.558167       848.5057983398
864.859619       873.8000488281
865.160950       751.9279174805
865.462219       882.9979248047
865.763489       742.7300415039
866.064697       768.0242309570
866.365845       745.0294799805
866.666931       839.3079223633
866.967957       804.8157958984
867.269043       770.3237304688
867.570007       738.1311035156
867.870911       855.4042358398
868.171692       834.7089843750
868.472595       786.4200439453
868.773254       781.8211059570
869.074036       843.9068603516
869.374695       793.3184204102
869.675293       878.3989868164
869.975891       786.4200439453
870.276367       837.0084228516
870.576843       795.6179199219
870.877319       797.9174194336
871.177612       763.4252929688
871.477966       839.3079223633
871.778198       797.9174194336
872.078491       756.5268554688
872.378601       800.2168579102
872.678711       814.0137329102
872.978882       774.9226684570
873.278870       703.6389770508
873.578857       763.4252929688
873.878784       772.6231689453
874.178650       745.0294799805
874.478394       768.0242309570
874.778259       740.4305419922
875.078003       761.1257934570
875.377625       747.3289794922
875.677307       722.0347900391
875.976868       793.3184204102
876.276428       772.6231689453
876.575928       892.1958007813
876.875366       722.0347900391
877.174744       735.8316040039
877.474060       850.8052978516
877.773376       696.7405395508
878.072571       855.4042358398
878.371826       807.1152954102
878.670959       788.7194824219
878.970032       814.0137329102
879.269043       830.1100463867
879.567993       791.0189819336
879.867004       924.3884277344
880.165894       843.9068603516
880.464722       703.6389770508
880.763550       758.8263549805
881.062256       751.9279174805
881.361023       749.6284179688
881.659607       774.9226684570
881.958252       837.0084228516
882.256836       848.5057983398
882.555298       866.9016113281
882.853760       745.0294799805
883.152100       839.3079223633
883.450500       839.3079223633
883.748779       841.6074218750
884.047058       843.9068603516
884.345276       699.0400390625
884.643372       754.2274169922
884.941528       754.2274169922
885.239502       800.2168579102
885.537598       786.4200439453
885.835510       751.9279174805
886.133423       768.0242309570
886.431335       765.7247924805
886.729065       786.4200439453
887.026855       705.9384155273
887.324524       749.6284179688
887.622253       719.7352905273
887.919800       793.3184204102
888.217407       731.2326660156
888.514954       862.3026733398
888.812317       772.6231689453
889.109802       682.9437255859
889.407166       754.2274169922
889.704407       846.2063598633
890.001770       860.0031738281
890.298889       777.2221069336
890.596130       735.8316040039
890.893188       804.8157958984
891.190308       784.1205444336
891.487244       715.1363525391
