0.023300
190.260635         0.0000000000
190.642441         0.0000000000
191.024216       846.1196899414
191.405975       852.8527221680
191.787704       895.4953613281
192.169403       895.4953613281
192.551071       911.2058105469
192.932724       920.1831665039
193.314331       920.1831665039
193.695923       920.1831665039
194.077499       974.0475463867
194.459030       978.5362548828
194.840546       913.4501342773
195.222031       962.8258056641
195.603485       947.1153564453
195.984909       902.2283935547
196.366302       978.5362548828
196.747681       931.4049072266
197.129028       949.3597412109
197.510345       922.4275512695
197.891647       913.4501342773
198.272919      1003.2241210938
198.654175       958.3370971680
199.035355       893.2509765625
199.416550       920.1831665039
199.797714       893.2509765625
200.178848       947.1153564453
200.559937       895.4953613281
200.941025       913.4501342773
201.322083       922.4275512695
201.703079       924.6718750000
202.084091       969.5588989258
202.465057       944.8710327148
202.845993       888.7623291016
203.226898       886.5179443359
203.607788       940.3823242188
203.988647       956.0927734375
204.369461       929.1605834961
204.750275       953.8484497070
205.131042       985.2692871094
205.511795       904.4727172852
205.892517       911.2058105469
206.273209       908.9614257813
206.653870       891.0066528320
207.034515      1005.4684448242
207.415115       855.0970458984
207.795700       884.2736206055
208.176254       933.6492919922
208.556778       940.3823242188
208.937271       891.0066528320
209.317749       953.8484497070
209.698196       857.3414306641
210.078613       908.9614257813
210.459000       935.8936157227
210.839371       908.9614257813
211.219696       922.4275512695
211.600006       819.1875000000
211.980286       861.8300781250
212.360535       832.6535644531
212.740768       852.8527221680
213.120956       886.5179443359
213.501129       848.3640136719
213.881256       951.6040649414
214.261383       864.0744628906
214.641464       886.5179443359
215.021530       915.6945190430
215.401550       971.8032226563
215.781570       906.7171020508
216.161530       886.5179443359
216.541504       886.5179443359
216.921402       906.7171020508
217.301315       913.4501342773
217.681152       926.9162597656
218.061005       935.8936157227
218.440811       911.2058105469
218.820587       931.4049072266
219.200348       879.7849121094
219.580078       882.0292358398
219.959763       875.2962036133
220.339432       866.3187866211
220.719070       924.6718750000
221.098694       908.9614257813
221.478271       877.5405273438
221.857819       895.4953613281
222.237366       902.2283935547
222.616867       893.2509765625
222.996338       933.6492919922
223.375778       882.0292358398
223.755188       873.0518798828
224.134583       882.0292358398
224.513947       908.9614257813
224.893265       976.2919311523
225.272583       933.6492919922
225.651855       897.7396850586
226.031097       843.8753051758
226.410339       960.5814819336
226.789520       908.9614257813
227.168686       904.4727172852
227.547806       915.6945190430
227.926926       911.2058105469
228.306015       877.5405273438
228.685059       944.8710327148
229.064087       902.2283935547
229.443069       947.1153564453
229.822037       924.6718750000
230.200989       868.5631713867
230.579895       882.0292358398
230.958786       852.8527221680
231.337631       938.1380004883
231.716461       830.4092407227
232.095261       924.6718750000
232.474030       987.5136718750
232.852783       897.7396850586
233.231476       915.6945190430
233.610184       893.2509765625
233.988831       911.2058105469
234.367462       929.1605834961
234.746048       951.6040649414
235.124649       933.6492919922
235.503159       855.0970458984
235.881683       899.9840698242
236.260162       960.5814819336
236.638641       911.2058105469
237.017075       940.3823242188
237.395477       913.4501342773
237.773834       947.1153564453
238.152176       958.3370971680
238.530502       875.2962036133
238.908783       998.7354125977
239.287048       908.9614257813
239.665268       953.8484497070
240.043472       922.4275512695
240.421661       951.6040649414
240.799805       929.1605834961
241.177902       897.7396850586
241.556000       902.2283935547
241.934052       850.6083374023
242.312088       906.7171020508
242.690094       933.6492919922
243.068054       852.8527221680
243.446014       933.6492919922
243.823929       859.5857543945
244.201813       882.0292358398
244.579666       978.5362548828
244.957504       893.2509765625
245.335297       899.9840698242
245.713074       992.0023803711
246.090820       888.7623291016
246.468536       882.0292358398
246.846207       812.4544067383
247.223862       888.7623291016
247.601501       884.2736206055
247.979095       933.6492919922
248.356674       897.7396850586
248.734222       940.3823242188
249.111725       864.0744628906
249.489212       906.7171020508
249.866669       866.3187866211
250.244095       866.3187866211
250.621506       891.0066528320
250.998871       931.4049072266
251.376221       897.7396850586
251.753510       897.7396850586
252.130814       884.2736206055
252.508057       965.0701904297
252.885284       899.9840698242
253.262466       953.8484497070
253.639648       935.8936157227
254.016769       983.0249633789
254.393906       886.5179443359
254.770966       904.4727172852
255.148026       886.5179443359
255.525040       942.6267089844
255.902054       864.0744628906
256.278992       929.1605834961
256.655945       850.6083374023
257.032837       848.3640136719
257.409729       899.9840698242
257.786591       935.8936157227
258.163391       882.0292358398
258.540161       951.6040649414
258.916962       967.3145141602
259.293701       899.9840698242
259.670380       821.4318237305
260.047058       913.4501342773
260.423706       837.1422729492
260.800323       904.4727172852
261.176880       911.2058105469
261.553436       877.5405273438
261.929962       911.2058105469
262.306488       897.7396850586
262.682953       902.2283935547
263.059387       866.3187866211
263.435791       924.6718750000
263.812195       837.1422729492
264.188507       940.3823242188
264.564850       933.6492919922
264.941132       846.1196899414
265.317413       962.8258056641
265.693634       949.3597412109
266.069885       886.5179443359
266.446045       888.7623291016
266.822174       899.9840698242
267.198273       906.7171020508
267.574371       949.3597412109
267.950439       944.8710327148
268.326447       969.5588989258
268.702454       987.5136718750
269.078430       942.6267089844
269.454376       962.8258056641
269.830292       940.3823242188
270.206146       886.5179443359
270.582001       953.8484497070
270.957825       926.9162597656
271.333618       882.0292358398
271.709381       886.5179443359
272.085144       864.0744628906
272.460815       879.7849121094
272.836487       859.5857543945
273.212128       850.6083374023
273.587769       855.0970458984
273.963348       899.9840698242
274.338898       931.4049072266
274.714447       908.9614257813
275.089935       960.5814819336
275.465393       978.5362548828
275.840820       922.4275512695
276.216278       886.5179443359
276.591644       953.8484497070
276.966949       852.8527221680
277.342285       935.8936157227
277.717590       933.6492919922
278.092834       913.4501342773
278.468048       915.6945190430
278.843262       891.0066528320
279.218445       902.2283935547
279.593567       906.7171020508
279.968658       958.3370971680
280.343781       886.5179443359
280.718811       866.3187866211
281.093842       888.7623291016
281.468811       931.4049072266
281.843781       974.0475463867
282.218719       857.3414306641
282.593628       866.3187866211
282.968506       929.1605834961
283.343353       926.9162597656
283.718170       848.3640136719
284.092896       830.4092407227
284.467682       960.5814819336
284.842407       911.2058105469
285.217102       899.9840698242
285.591766       906.7171020508
285.966400       911.2058105469
286.340973       917.9388427734
286.715576       960.5814819336
287.090118       911.2058105469
287.464630       861.8300781250
287.839081       879.7849121094
288.213562       879.7849121094
288.587982       899.9840698242
288.962372       922.4275512695
289.336731       897.7396850586
289.711060       852.8527221680
290.085327       926.9162597656
290.459625       922.4275512695
290.833862       904.4727172852
291.208069       906.7171020508
291.582275       985.2692871094
291.956421       891.0066528320
292.330505       877.5405273438
292.704620       926.9162597656
293.078705       877.5405273438
293.452698       944.8710327148
293.826691       911.2058105469
294.200684       828.1648559570
294.574615       857.3414306641
294.948517       902.2283935547
295.322388       875.2962036133
295.696259       875.2962036133
296.070068       823.6761474609
296.443848       902.2283935547
296.817596       879.7849121094
297.191345       924.6718750000
297.565063       960.5814819336
297.938690       924.6718750000
298.312317       864.0744628906
298.685913       926.9162597656
299.059540       873.0518798828
299.433044       956.0927734375
299.806549       931.4049072266
300.180054       926.9162597656
300.553528       935.8936157227
300.926910       875.2962036133
301.300323       924.6718750000
301.673676       942.6267089844
302.046997       879.7849121094
302.420319       870.8074951172
302.793579       897.7396850586
303.166809       929.1605834961
303.540039       938.1380004883
303.913208       884.2736206055
304.286377       857.3414306641
304.659454       904.4727172852
305.032593       911.2058105469
305.405609       803.4770507813
305.778656       951.6040649414
306.151611       884.2736206055
306.524597       846.1196899414
306.897522       913.4501342773
307.270416       935.8936157227
307.643280       942.6267089844
308.016144       935.8936157227
308.388916       855.0970458984
308.761749       935.8936157227
309.134460       917.9388427734
309.507202       947.1153564453
309.879913       906.7171020508
310.252563       897.7396850586
310.625153       953.8484497070
310.997742       951.6040649414
311.370361       933.6492919922
311.742859       924.6718750000
312.115356       873.0518798828
312.487823       904.4727172852
312.860291       917.9388427734
313.232697       949.3597412109
313.605042       848.3640136719
313.977386       893.2509765625
314.349731       942.6267089844
314.721985       944.8710327148
315.094269       888.7623291016
315.466492       929.1605834961
315.838684       929.1605834961
316.210846       906.7171020508
316.582977       884.2736206055
316.955048       931.4049072266
317.327148       933.6492919922
317.699158       899.9840698242
318.071167       971.8032226563
318.443176       843.8753051758
318.815125       866.3187866211
319.187012       958.3370971680
319.558868       899.9840698242
319.930756       926.9162597656
320.302582       882.0292358398
320.674347       893.2509765625
321.046112       902.2283935547
321.417847       942.6267089844
321.789581       895.4953613281
322.161224       953.8484497070
322.532867       920.1831665039
322.904419       926.9162597656
323.276031       949.3597412109
323.647583       906.7171020508
324.019073       924.6718750000
324.390533       951.6040649414
324.762024       922.4275512695
325.133423       938.1380004883
325.504791       861.8300781250
325.876129       888.7623291016
326.247467       891.0066528320
326.618774       904.4727172852
326.990021       886.5179443359
327.361237       861.8300781250
327.732452       913.4501342773
328.103607       908.9614257813
328.474731       931.4049072266
328.845825       924.6718750000
329.216919       958.3370971680
329.587952       935.8936157227
329.958954       931.4049072266
330.329926       879.7849121094
330.700867      1005.4684448242
331.071808       929.1605834961
331.442688       938.1380004883
331.813507       942.6267089844
332.184357       931.4049072266
332.555115       922.4275512695
332.925873       904.4727172852
333.296570       935.8936157227
333.667267       935.8936157227
334.037994       850.6083374023
334.408600       911.2058105469
334.779144       839.3865966797
335.149750       868.5631713867
335.520294       974.0475463867
335.890778       917.9388427734
336.261230       841.6309814453
336.631683       902.2283935547
337.002106       895.4953613281
337.372498       891.0066528320
337.742798       884.2736206055
338.113129       962.8258056641
338.483429       940.3823242188
338.853668       899.9840698242
339.223907       855.0970458984
339.594086       929.1605834961
339.964233       897.7396850586
340.334381       879.7849121094
340.704437       897.7396850586
341.074493       897.7396850586
341.444519       911.2058105469
341.814545       882.0292358398
342.184509       873.0518798828
342.554413       857.3414306641
342.924347       868.5631713867
343.294220       933.6492919922
343.664032       902.2283935547
344.033813       915.6945190430
344.403595       850.6083374023
344.773346       944.8710327148
345.143036       902.2283935547
345.512695       875.2962036133
345.882385       922.4275512695
346.251984       902.2283935547
346.621552       917.9388427734
346.991089       942.6267089844
347.360626       965.0701904297
347.730103       935.8936157227
348.099548       992.0023803711
348.468964       922.4275512695
348.838379       882.0292358398
349.207764       899.9840698242
349.577057       949.3597412109
349.946320       944.8710327148
350.315582       969.5588989258
350.684845       913.4501342773
351.054047       956.0927734375
351.423157       884.2736206055
351.792328       866.3187866211
352.161438       935.8936157227
352.530487       850.6083374023
352.899506       906.7171020508
353.268524       908.9614257813
353.637512       904.4727172852
354.006409       904.4727172852
354.375336       980.7806396484
354.744232       899.9840698242
355.113068       904.4727172852
355.481873       868.5631713867
355.850616       951.6040649414
356.219391       848.3640136719
356.588135       913.4501342773
356.956818       904.4727172852
357.325470       969.5588989258
357.694031       893.2509765625
358.062653       868.5631713867
358.431213       931.4049072266
358.799713       949.3597412109
359.168182       913.4501342773
359.536652       947.1153564453
359.905090       933.6492919922
360.273438       989.7579956055
360.641785       915.6945190430
361.010132       906.7171020508
361.378448       893.2509765625
361.746704       938.1380004883
362.114899       902.2283935547
362.483124       873.0518798828
362.851288       857.3414306641
363.219421       866.3187866211
363.587463       940.3823242188
363.955566       911.2058105469
364.323608       978.5362548828
364.691589       906.7171020508
365.059540       944.8710327148
365.427490       902.2283935547
365.795410       803.4770507813
366.163269       895.4953613281
366.531067       911.2058105469
366.898895       868.5631713867
367.266693       915.6945190430
367.634430       852.8527221680
368.002106       938.1380004883
368.369812       902.2283935547
368.737457       904.4727172852
369.105042       944.8710327148
369.472595       875.2962036133
369.840149       879.7849121094
370.207672       877.5405273438
370.575134       866.3187866211
370.942566       947.1153564453
371.309998       864.0744628906
371.677399       933.6492919922
372.044708       908.9614257813
372.411987       877.5405273438
372.779297       879.7849121094
373.146576       947.1153564453
373.513794       931.4049072266
373.880951       902.2283935547
374.248077       882.0292358398
374.615204       924.6718750000
374.982300       870.8074951172
375.349365       956.0927734375
375.716339       906.7171020508
376.083374       891.0066528320
376.450317       949.3597412109
376.817230       933.6492919922
377.184082       895.4953613281
377.550964       967.3145141602
377.917786       908.9614257813
378.284576       852.8527221680
378.651306       969.5588989258
379.018036       855.0970458984
379.384735       877.5405273438
379.751373       888.7623291016
380.117981       866.3187866211
380.484589       897.7396850586
380.851166       859.5857543945
381.217651       873.0518798828
381.584137       897.7396850586
381.950623       962.8258056641
382.317017       891.0066528320
382.683411       904.4727172852
383.049774       949.3597412109
383.416107       855.0970458984
383.782410       899.9840698242
384.148651       911.2058105469
384.514832       924.6718750000
384.881042       976.2919311523
385.247223       922.4275512695
385.613342       879.7849121094
385.979401       899.9840698242
386.345459       915.6945190430
386.711517       837.1422729492
387.077484       908.9614257813
387.443420       897.7396850586
387.809357       886.5179443359
388.175262       935.8936157227
388.541107       877.5405273438
388.906891       893.2509765625
389.272705       938.1380004883
389.638489       902.2283935547
390.004211       917.9388427734
390.369873       926.9162597656
390.735535       897.7396850586
391.101196       897.7396850586
391.466766       951.6040649414
391.832336       913.4501342773
392.197815       949.3597412109
392.563324       944.8710327148
392.928802       864.0744628906
393.294189       839.3865966797
393.659607       915.6945190430
394.024963      1030.1562500000
394.390289       935.8936157227
394.755554       933.6492919922
395.120789       861.8300781250
395.486023       868.5631713867
395.851227       906.7171020508
396.216370       947.1153564453
396.581482       944.8710327148
396.946564       953.8484497070
397.311646       929.1605834961
397.676636       944.8710327148
398.041626       884.2736206055
398.406586       864.0744628906
398.771515       913.4501342773
399.136383       908.9614257813
399.501221       875.2962036133
399.866058       926.9162597656
400.230865       855.0970458984
400.595581       886.5179443359
400.960297       960.5814819336
401.324982       956.0927734375
401.689636       891.0066528320
402.054230       893.2509765625
402.418793       908.9614257813
402.783356       895.4953613281
403.147919       895.4953613281
403.512360       882.0292358398
403.876770       893.2509765625
404.241211       915.6945190430
404.605621       933.6492919922
404.969910       951.6040649414
405.334229       987.5136718750
405.698517       931.4049072266
406.062775       956.0927734375
406.426971       940.3823242188
406.791107       877.5405273438
407.155273       877.5405273438
407.519379       965.0701904297
407.883484       974.0475463867
408.247498       888.7623291016
408.611481       913.4501342773
408.975464       951.6040649414
409.339417       875.2962036133
409.703308       938.1380004883
410.067169       893.2509765625
410.431030       859.5857543945
410.794800       866.3187866211
411.158569       974.0475463867
411.522278       893.2509765625
411.885986       920.1831665039
412.249664       866.3187866211
412.613312       931.4049072266
412.976868       864.0744628906
413.340454       953.8484497070
413.703979       839.3865966797
414.067474       893.2509765625
414.430908       873.0518798828
414.794342       846.1196899414
415.157745       987.5136718750
415.521088       947.1153564453
415.884369       917.9388427734
416.247711       924.6718750000
416.610931       911.2058105469
416.974152       906.7171020508
417.337341       846.1196899414
417.700500       873.0518798828
418.063629       906.7171020508
418.426697       861.8300781250
418.789703       888.7623291016
419.152740       870.8074951172
419.515717       886.5179443359
419.878662       944.8710327148
420.241577       931.4049072266
420.604431       947.1153564453
420.967285       926.9162597656
421.330109       888.7623291016
421.692841       922.4275512695
422.055603       962.8258056641
422.418335       949.3597412109
422.780975       929.1605834961
423.143585       987.5136718750
423.506226       971.8032226563
423.868774       929.1605834961
424.231293       953.8484497070
424.593811       884.2736206055
424.956238      1009.9571533203
425.318665       913.4501342773
425.681091       877.5405273438
426.043427       828.1648559570
426.405731       906.7171020508
426.768036       870.8074951172
427.130310      1007.7128295898
427.492493       893.2509765625
427.854675       926.9162597656
428.216858       893.2509765625
428.578979       846.1196899414
428.941040       976.2919311523
429.303040       897.7396850586
429.665070       956.0927734375
430.027069       915.6945190430
430.389008       917.9388427734
430.750885       906.7171020508
431.112762       913.4501342773
431.474640       944.8710327148
431.836395       899.9840698242
432.198181       886.5179443359
432.559937       899.9840698242
432.921600       866.3187866211
433.283264       913.4501342773
433.644867       960.5814819336
434.006500       861.8300781250
434.368073       882.0292358398
434.729553       893.2509765625
435.091034       906.7171020508
435.452515       947.1153564453
435.813934       942.6267089844
436.175293       908.9614257813
436.536621       875.2962036133
436.897949       888.7623291016
437.259277       899.9840698242
437.620483       917.9388427734
437.981659       904.4727172852
438.342865       944.8710327148
438.704010       931.4049072266
439.065125       888.7623291016
439.426178       942.6267089844
439.787201       897.7396850586
440.148224       893.2509765625
440.509186       985.2692871094
440.870087       891.0066528320
441.230988       971.8032226563
441.591858       848.3640136719
441.952667       902.2283935547
442.313416       882.0292358398
442.674194       897.7396850586
443.034912       855.0970458984
443.395630       904.4727172852
443.756226       922.4275512695
444.116852       915.6945190430
444.477417       897.7396850586
444.837982       888.7623291016
445.198456       879.7849121094
445.558960       861.8300781250
445.919403       864.0744628906
446.279816       870.8074951172
446.640106       915.6945190430
447.000458       953.8484497070
447.360779       895.4953613281
447.721039       888.7623291016
448.081207       848.3640136719
448.441406       938.1380004883
448.801575       960.5814819336
449.161713       884.2736206055
449.521759       882.0292358398
449.881805       879.7849121094
450.241852       904.4727172852
450.601837       929.1605834961
450.961792       931.4049072266
451.321655       884.2736206055
451.681549       855.0970458984
452.041382       897.7396850586
452.401184       866.3187866211
452.760895       897.7396850586
453.120636       926.9162597656
453.480347       886.5179443359
453.840027       895.4953613281
454.199585       875.2962036133
454.559174       906.7171020508
454.918762       951.6040649414
455.278290       917.9388427734
455.637726       807.9656982422
455.997162       882.0292358398
456.356598       911.2058105469
456.715973       908.9614257813
457.075287       906.7171020508
457.434570       886.5179443359
457.793854       951.6040649414
458.153107       893.2509765625
458.512268       906.7171020508
458.871429       913.4501342773
459.230560       908.9614257813
459.589661       897.7396850586
459.948639       879.7849121094
460.307678       965.0701904297
460.666687       913.4501342773
461.025635       891.0066528320
461.384491       864.0744628906
461.743378       915.6945190430
462.102264       825.9205322266
462.461060       834.8978881836
462.819794       929.1605834961
463.178497       935.8936157227
463.537231       967.3145141602
463.895905       904.4727172852
464.254456       875.2962036133
464.613068       870.8074951172
464.971649       904.4727172852
465.330170       830.4092407227
465.688568       944.8710327148
466.047028       949.3597412109
466.405457       877.5405273438
466.763855       960.5814819336
467.122192       915.6945190430
467.480438       938.1380004883
467.838715       960.5814819336
468.196960       953.8484497070
468.555176       888.7623291016
468.913269       852.8527221680
469.271393       942.6267089844
469.629486       915.6945190430
469.987549       879.7849121094
470.345520       884.2736206055
470.703491       902.2283935547
471.061462       877.5405273438
471.419342       908.9614257813
471.777191       895.4953613281
472.135040       864.0744628906
472.492828       875.2962036133
472.850586       971.8032226563
473.208282       902.2283935547
473.565979       886.5179443359
473.923615       913.4501342773
474.281281       922.4275512695
474.638794       891.0066528320
474.996338       850.6083374023
475.353851       899.9840698242
475.711334       866.3187866211
476.068726       857.3414306641
476.426117       913.4501342773
476.783478       906.7171020508
477.140808       911.2058105469
477.498077       906.7171020508
477.855316       906.7171020508
478.212555       980.7806396484
478.569763       895.4953613281
478.926819       917.9388427734
479.283936       920.1831665039
479.641022       944.8710327148
479.998077       886.5179443359
480.355011       971.8032226563
480.711975       926.9162597656
481.068939       940.3823242188
481.425842       908.9614257813
481.782623       904.4727172852
482.139435       906.7171020508
482.496216       915.6945190430
482.852966       866.3187866211
483.209717       960.5814819336
483.566315       859.5857543945
483.922943      1009.9571533203
484.279572       877.5405273438
484.636139       884.2736206055
484.992615       920.1831665039
485.349121       931.4049072266
485.705566       906.7171020508
486.062012       875.2962036133
486.418304      1005.4684448242
486.774689       915.6945190430
487.130981       899.9840698242
487.487274       877.5405273438
487.843445       913.4501342773
488.199615       884.2736206055
488.555786       940.3823242188
488.911957       902.2283935547
489.267975       904.4727172852
489.624023       864.0744628906
489.980042       953.8484497070
490.336029       875.2962036133
490.691925       873.0518798828
491.047821       906.7171020508
491.403687       951.6040649414
491.759521       947.1153564453
492.115265       915.6945190430
492.471008       920.1831665039
492.826752       938.1380004883
493.182434       908.9614257813
493.538025       859.5857543945
493.893646       841.6309814453
494.249207       935.8936157227
494.604736       922.4275512695
494.960205       922.4275512695
495.315674       935.8936157227
495.671082       902.2283935547
496.026489       931.4049072266
496.381775       879.7849121094
496.737091       850.6083374023
497.092377       917.9388427734
497.447632       843.8753051758
497.802795       841.6309814453
498.157959       922.4275512695
498.513062       951.6040649414
498.868195       897.7396850586
499.223175       882.0292358398
499.578217       906.7171020508
499.933167       850.6083374023
500.288116       875.2962036133
500.643036       915.6945190430
500.997833       924.6718750000
501.352692       938.1380004883
501.707489       861.8300781250
502.062225       929.1605834961
502.416901       942.6267089844
502.771606       924.6718750000
503.126221       823.6761474609
503.480865       902.2283935547
503.835358      1016.6901855469
504.189941       895.4953613281
504.544434       897.7396850586
504.898865       908.9614257813
505.253265       924.6718750000
505.607635       893.2509765625
505.961975       933.6492919922
506.316315       924.6718750000
506.670532       859.5857543945
507.024750       870.8074951172
507.378967       850.6083374023
507.733154       978.5362548828
508.087189       882.0292358398
508.441315       920.1831665039
508.795349       924.6718750000
509.149353       971.8032226563
509.503265       942.6267089844
509.857208       940.3823242188
510.211121       911.2058105469
510.565002       944.8710327148
510.918762       987.5136718750
511.272583       953.8484497070
511.626312       904.4727172852
511.980042       987.5136718750
512.333618       888.7623291016
512.687256       899.9840698242
513.040894       953.8484497070
513.394470       949.3597412109
513.747925       976.2919311523
514.101440       855.0970458984
514.454895       884.2736206055
514.808289       902.2283935547
515.161621       944.8710327148
515.514893       920.1831665039
515.868225       926.9162597656
516.221497       933.6492919922
516.574707       915.6945190430
516.927856       868.5631713867
517.281006       933.6492919922
517.634155       891.0066528320
517.987183       864.0744628906
518.340210       965.0701904297
518.693237       962.8258056641
519.046204       938.1380004883
519.399048       864.0744628906
519.751892       877.5405273438
520.104736       969.5588989258
520.457520       899.9840698242
520.810364       875.2962036133
521.163025       960.5814819336
521.515686       882.0292358398
521.868408       888.7623291016
522.221008       965.0701904297
522.573547       893.2509765625
522.926086       866.3187866211
523.278625       913.4501342773
523.631042       922.4275512695
523.983459       891.0066528320
524.335815       870.8074951172
524.688171       899.9840698242
525.040527       947.1153564453
525.392761       886.5179443359
525.744934       857.3414306641
526.097168       899.9840698242
526.449341       913.4501342773
526.801453       949.3597412109
527.153503       868.5631713867
527.505554      1016.6901855469
527.857544       949.3597412109
528.209534       951.6040649414
528.561462       922.4275512695
528.913330       873.0518798828
529.265198       843.8753051758
529.617004       926.9162597656
529.968750       846.1196899414
530.320496       904.4727172852
530.672180       843.8753051758
531.023804       949.3597412109
531.375488       942.6267089844
531.727051       882.0292358398
532.078613       933.6492919922
532.430115       875.2962036133
532.781555      1003.2241210938
533.132996       899.9840698242
533.484375       940.3823242188
533.835815       879.7849121094
534.187073       915.6945190430
534.538330       888.7623291016
534.889587       926.9162597656
535.240784       899.9840698242
535.591919       920.1831665039
535.942993       926.9162597656
536.294128       902.2283935547
536.645203       875.2962036133
536.996155       899.9840698242
537.347107       877.5405273438
537.698120       902.2283935547
538.049011       938.1380004883
538.399841       958.3370971680
538.750610       942.6267089844
539.101440       911.2058105469
539.452209       913.4501342773
539.802856       935.8936157227
540.153503       879.7849121094
540.504150       920.1831665039
540.854736       938.1380004883
541.205261       971.8032226563
541.555786       924.6718750000
541.906250       886.5179443359
542.256714       852.8527221680
542.607056       911.2058105469
542.957458       940.3823242188
543.307739       935.8936157227
543.658020       962.8258056641
544.008240       917.9388427734
544.358398       974.0475463867
544.708618       888.7623291016
545.058777       897.7396850586
545.408813       915.6945190430
545.758850       886.5179443359
546.108887       956.0927734375
546.458862       837.1422729492
546.808716       976.2919311523
547.158691       935.8936157227
547.508545       886.5179443359
547.858337       886.5179443359
548.208069       882.0292358398
548.557800       933.6492919922
548.907532       924.6718750000
549.257202       908.9614257813
549.606812       953.8484497070
549.956360       904.4727172852
550.305908       985.2692871094
550.655457       944.8710327148
551.004883       913.4501342773
551.354309       864.0744628906
551.703674       879.7849121094
552.053040       924.6718750000
552.402405       899.9840698242
552.751587       933.6492919922
553.100830       855.0970458984
553.450012       897.7396850586
553.799255       983.0249633789
554.148254       868.5631713867
554.497375       893.2509765625
554.846436       879.7849121094
555.195435       904.4727172852
555.544373       906.7171020508
555.893250       992.0023803711
556.242188       897.7396850586
556.591003       821.4318237305
556.939758       976.2919311523
557.288574       953.8484497070
557.637268       861.8300781250
557.985962       897.7396850586
558.334595       956.0927734375
558.683228       893.2509765625
559.031799       929.1605834961
559.380310       902.2283935547
559.728760       886.5179443359
560.077209       839.3865966797
560.425659       953.8484497070
560.774048       935.8936157227
561.122314       924.6718750000
561.470581       942.6267089844
561.818909       922.4275512695
562.167114       942.6267089844
562.515259       953.8484497070
562.863342       891.0066528320
563.211487       911.2058105469
563.559570       924.6718750000
563.907532       825.9205322266
564.255554       877.5405273438
564.603455       875.2962036133
564.951355       913.4501342773
565.299255       870.8074951172
565.647095       938.1380004883
565.994812       902.2283935547
566.342590       884.2736206055
566.690308       879.7849121094
567.037903       926.9162597656
567.385620       846.1196899414
567.733154       962.8258056641
568.080750       929.1605834961
568.428162       931.4049072266
568.775696       911.2058105469
569.123108       922.4275512695
569.470520       897.7396850586
569.817810       949.3597412109
570.165161       951.6040649414
570.512451       908.9614257813
570.859680       967.3145141602
571.206787       931.4049072266
571.554016       938.1380004883
571.901062       893.2509765625
572.248169      1036.8894042969
572.595154       882.0292358398
572.942200       938.1380004883
573.289124       899.9840698242
573.636047       931.4049072266
573.982849       922.4275512695
574.329712       913.4501342773
574.676514       906.7171020508
575.023315       904.4727172852
575.369995       931.4049072266
575.716675       931.4049072266
576.063293       971.8032226563
576.409912       888.7623291016
576.756409       902.2283935547
577.102966       891.0066528320
577.449402       931.4049072266
577.795898       879.7849121094
578.142273       902.2283935547
578.488647       906.7171020508
578.834961       897.7396850586
579.181213       879.7849121094
579.527405       884.2736206055
579.873596       931.4049072266
580.219788       904.4727172852
580.565918       913.4501342773
580.911926       908.9614257813
581.258057       875.2962036133
581.604065       902.2283935547
581.949951       884.2736206055
582.295898       904.4727172852
582.641724       924.6718750000
582.987610       893.2509765625
583.333435       864.0744628906
583.679199       888.7623291016
584.024902       877.5405273438
584.370544       933.6492919922
584.716187       940.3823242188
585.061829       859.5857543945
585.407349       940.3823242188
585.752869       897.7396850586
586.098328       908.9614257813
586.443787       902.2283935547
586.789124       935.8936157227
587.134521       893.2509765625
587.479858       913.4501342773
587.825134       897.7396850586
588.170288       917.9388427734
588.515564       882.0292358398
588.860657       899.9840698242
589.205872       956.0927734375
589.550842       891.0066528320
589.895935       917.9388427734
590.240906       821.4318237305
590.585876       949.3597412109
590.930786       933.6492919922
591.275635       870.8074951172
591.620483       875.2962036133
591.965271       929.1605834961
592.310059       902.2283935547
592.654724       837.1422729492
592.999451       864.0744628906
593.344055       992.0023803711
593.688660       924.6718750000
594.033203       904.4727172852
594.377686       911.2058105469
594.722229       926.9162597656
595.066528       935.8936157227
595.411011       922.4275512695
595.755371       931.4049072266
596.099670       956.0927734375
596.443848       899.9840698242
596.788147       924.6718750000
597.132324       839.3865966797
597.476501       899.9840698242
597.820618       891.0066528320
598.164612       920.1831665039
598.508667       902.2283935547
598.852661       893.2509765625
599.196655       933.6492919922
599.540466       929.1605834961
599.884338       926.9162597656
600.228210       940.3823242188
600.571960       886.5179443359
600.915710       933.6492919922
601.259460       873.0518798828
601.603088       913.4501342773
601.946716       879.7849121094
602.290283       915.6945190430
602.633850       875.2962036133
602.977295       933.6492919922
603.320801       938.1380004883
603.664124       938.1380004883
604.007568       861.8300781250
604.350952       926.9162597656
604.694214       913.4501342773
605.037415       879.7849121094
605.380676       882.0292358398
605.723816       882.0292358398
606.066956       879.7849121094
606.410034       926.9162597656
606.753052      1005.4684448242
607.096130       947.1153564453
607.439087       915.6945190430
607.781921       864.0744628906
608.124878       897.7396850586
608.467712       969.5588989258
608.810547       895.4953613281
609.153259       906.7171020508
609.495972       942.6267089844
609.838684       850.6083374023
610.181335       873.0518798828
610.523865       935.8936157227
610.866516       929.1605834961
611.209045       956.0927734375
611.551453       866.3187866211
611.893921       886.5179443359
612.236267       944.8710327148
612.578674       924.6718750000
612.920959       875.2962036133
613.263306       859.5857543945
613.605469       940.3823242188
613.947632       839.3865966797
614.289795       951.6040649414
614.631958       893.2509765625
614.973938       947.1153564453
615.315979       861.8300781250
615.657959       947.1153564453
615.999939       935.8936157227
616.341858       931.4049072266
616.683716       931.4049072266
617.025513       908.9614257813
617.367310       855.0970458984
617.708984       848.3640136719
618.050720       857.3414306641
618.392395       915.6945190430
618.734070       859.5857543945
619.075500       924.6718750000
619.417114       906.7171020508
619.758606       861.8300781250
620.100098       911.2058105469
620.441467       917.9388427734
620.782776       839.3865966797
621.124146       861.8300781250
621.465393       915.6945190430
621.806641       875.2962036133
622.147888       933.6492919922
622.489014       953.8484497070
622.830139       837.1422729492
623.171204       832.6535644531
623.512207       859.5857543945
623.853271       861.8300781250
624.194214       944.8710327148
624.535095       913.4501342773
624.875916       958.3370971680
625.216797       956.0927734375
625.557617       962.8258056641
625.898315       967.3145141602
626.239075       935.8936157227
626.579712       989.7579956055
626.920349       940.3823242188
627.260864       855.0970458984
627.601440       938.1380004883
627.941895       915.6945190430
628.282410       888.7623291016
628.622803       886.5179443359
628.963135       922.4275512695
629.303528       924.6718750000
629.643799       875.2962036133
629.984070       976.2919311523
630.324219       915.6945190430
630.664429       922.4275512695
631.004517       969.5588989258
631.344604       940.3823242188
631.684631       920.1831665039
632.024597       839.3865966797
632.364624       913.4501342773
632.704529       915.6945190430
633.044373       843.8753051758
633.384155       888.7623291016
633.723999       922.4275512695
634.063782       852.8527221680
634.403442       958.3370971680
634.743042       917.9388427734
635.082764       947.1153564453
635.422302       902.2283935547
635.761841       828.1648559570
636.101318       884.2736206055
636.440796       947.1153564453
636.780212       915.6945190430
637.119507       825.9205322266
637.458862       902.2283935547
637.798157       940.3823242188
638.137451       798.9883422852
638.476563       884.2736206055
638.815735       832.6535644531
639.154907       962.8258056641
639.494019       935.8936157227
639.833008       920.1831665039
640.171997       891.0066528320
640.510925       929.1605834961
640.849854      1009.9571533203
641.188660       886.5179443359
641.527527       913.4501342773
641.866333       897.7396850586
642.205078       891.0066528320
642.543762       922.4275512695
642.882446       969.5588989258
643.221008       888.7623291016
643.559570       810.2100830078
643.898071       933.6492919922
644.236572       906.7171020508
644.575073       929.1605834961
644.913452       935.8936157227
645.251831       913.4501342773
645.590149       899.9840698242
645.928406       958.3370971680
646.266602       947.1153564453
646.604858       908.9614257813
646.942932       933.6492919922
647.281128       920.1831665039
647.619141       949.3597412109
647.957214       924.6718750000
648.295166       911.2058105469
648.633057       895.4953613281
648.970947       942.6267089844
649.308838       861.8300781250
649.646606       868.5631713867
649.984436       947.1153564453
650.322144       913.4501342773
650.659851       917.9388427734
650.997498       985.2692871094
651.335022       915.6945190430
651.672607       792.2553100586
652.010132       893.2509765625
652.347595       933.6492919922
652.684998       864.0744628906
653.022461       917.9388427734
653.359802       953.8484497070
653.697021       911.2058105469
654.034302       906.7171020508
654.371521       899.9840698242
654.708740       947.1153564453
655.045837       992.0023803711
655.382935       864.0744628906
655.719971       870.8074951172
656.057007       929.1605834961
656.393921       877.5405273438
656.730835       870.8074951172
657.067749       920.1831665039
657.404602       922.4275512695
657.741333       852.8527221680
658.078064       861.8300781250
658.414795       886.5179443359
658.751465       938.1380004883
659.088074       929.1605834961
659.424683       866.3187866211
659.761230       949.3597412109
660.097717       915.6945190430
660.434143       861.8300781250
660.770569       893.2509765625
661.106934       917.9388427734
661.443298       906.7171020508
661.779541       929.1605834961
662.115784       949.3597412109
662.451965       980.7806396484
662.788086       924.6718750000
663.124268       915.6945190430
663.460266       929.1605834961
663.796265       891.0066528320
664.132324       864.0744628906
664.468201       917.9388427734
664.804077       987.5136718750
665.139954       848.3640136719
665.475769       908.9614257813
665.811523       861.8300781250
666.147278       895.4953613281
666.482971       868.5631713867
666.818542       922.4275512695
667.154236       929.1605834961
667.489685       893.2509765625
667.825195       908.9614257813
668.160706       882.0292358398
668.496094       846.1196899414
668.831421       953.8484497070
669.166809       913.4501342773
669.502136       956.0927734375
669.837402       882.0292358398
670.172546       962.8258056641
670.507751       859.5857543945
670.842834       926.9162597656
671.177917       935.8936157227
671.512878       938.1380004883
671.847961       951.6040649414
672.182861       935.8936157227
672.517761       877.5405273438
672.852600       908.9614257813
673.187439       987.5136718750
673.522217       895.4953613281
673.856934       895.4953613281
674.191650       908.9614257813
674.526306       906.7171020508
674.860901       908.9614257813
675.195435       897.7396850586
675.529968       931.4049072266
675.864441       861.8300781250
676.198853       915.6945190430
676.533264       915.6945190430
676.867554       908.9614257813
677.201843       949.3597412109
677.536133       859.5857543945
677.870361       931.4049072266
678.204529       913.4501342773
678.538635       940.3823242188
678.872742       870.8074951172
679.206787       888.7623291016
679.540710       866.3187866211
679.874695       929.1605834961
680.208618       886.5179443359
680.542480       911.2058105469
680.876282       911.2058105469
681.210083       852.8527221680
681.543823       855.0970458984
681.877502       965.0701904297
682.211121       922.4275512695
682.544739       926.9162597656
682.878357       924.6718750000
683.211853       870.8074951172
683.545227       877.5405273438
683.878723       929.1605834961
684.212097       965.0701904297
684.545471       893.2509765625
684.878723       891.0066528320
685.212036       904.4727172852
685.545227       877.5405273438
685.878418       913.4501342773
686.211487       855.0970458984
686.544556       971.8032226563
686.877625       866.3187866211
687.210632       879.7849121094
687.543518       931.4049072266
687.876465       879.7849121094
688.209290       888.7623291016
688.542114       870.8074951172
688.874878       942.6267089844
689.207642       947.1153564453
689.540344       875.2962036133
689.872986       870.8074951172
690.205566       897.7396850586
690.538147       915.6945190430
690.870667       915.6945190430
691.203125       848.3640136719
691.535461       911.2058105469
691.867920       834.8978881836
692.200256       942.6267089844
692.532593       926.9162597656
692.864807       902.2283935547
693.196960       893.2509765625
693.529114       888.7623291016
693.861267       904.4727172852
694.193420       866.3187866211
694.525391       915.6945190430
694.857361       933.6492919922
695.189270       895.4953613281
695.521240       947.1153564453
695.853027       933.6492919922
696.184814       906.7171020508
696.516663       917.9388427734
696.848389       864.0744628906
697.179993       931.4049072266
697.511658       848.3640136719
697.843262       868.5631713867
698.174805       924.6718750000
698.506287       877.5405273438
698.837708       902.2283935547
699.169189       879.7849121094
699.500549       888.7623291016
699.831787       879.7849121094
700.163147       924.6718750000
700.494385       888.7623291016
700.825562       893.2509765625
701.156677       949.3597412109
701.487793       891.0066528320
701.818848       938.1380004883
702.149902       926.9162597656
702.480774       893.2509765625
702.811768       922.4275512695
703.142639       944.8710327148
703.473511       895.4953613281
703.804199       904.4727172852
704.135010       929.1605834961
704.465759       893.2509765625
704.796387       882.0292358398
705.126953       846.1196899414
705.457520       895.4953613281
705.788086       933.6492919922
706.118591       888.7623291016
706.448975       886.5179443359
706.779419       884.2736206055
707.109741       893.2509765625
707.440063       850.6083374023
707.770325       859.5857543945
708.100525       924.6718750000
708.430725       868.5631713867
708.760864       960.5814819336
709.090942       895.4953613281
709.420959       895.4953613281
709.750916       940.3823242188
710.080933       875.2962036133
710.410828       971.8032226563
710.740662       852.8527221680
711.070496       911.2058105469
711.400269       917.9388427734
711.729980       929.1605834961
712.059631       904.4727172852
712.389282       951.6040649414
712.718872       940.3823242188
713.048462       944.8710327148
713.377930       913.4501342773
713.707397       942.6267089844
714.036865       879.7849121094
714.366211       962.8258056641
714.695435       920.1831665039
715.024780       864.0744628906
715.354004       866.3187866211
715.683228       913.4501342773
716.012329       864.0744628906
716.341431       911.2058105469
716.670532       962.8258056641
716.999573       926.9162597656
717.328430       877.5405273438
717.657349       906.7171020508
717.986267       962.8258056641
718.315125       866.3187866211
718.643860       933.6492919922
718.972656       926.9162597656
719.301331       843.8753051758
719.630005       899.9840698242
719.958557       922.4275512695
720.287170       868.5631713867
720.615662       866.3187866211
720.944214       942.6267089844
721.272583       953.8484497070
721.600952       922.4275512695
721.929321       915.6945190430
722.257629       852.8527221680
722.585876       906.7171020508
722.914063       904.4727172852
723.242188       942.6267089844
723.570313       864.0744628906
723.898376       855.0970458984
724.226440       895.4953613281
724.554382       911.2058105469
724.882324       924.6718750000
725.210266       879.7849121094
725.538025       877.5405273438
725.865784       931.4049072266
726.193604       944.8710327148
726.521301       944.8710327148
726.848938       834.8978881836
727.176514       953.8484497070
727.504150       873.0518798828
727.831726       922.4275512695
728.159119       980.7806396484
728.486572       967.3145141602
728.813965       926.9162597656
729.141357       942.6267089844
729.468567       891.0066528320
729.795837       960.5814819336
730.123108       944.8710327148
730.450317       904.4727172852
730.777344       868.5631713867
731.104431       875.2962036133
731.431519       958.3370971680
731.758484       891.0066528320
732.085388       902.2283935547
732.412292       859.5857543945
732.739136       922.4275512695
733.065979       861.8300781250
733.392639       913.4501342773
733.719421       879.7849121094
734.046082       904.4727172852
734.372681       929.1605834961
734.699219       933.6492919922
735.025757       935.8936157227
735.352234       895.4953613281
735.678711       855.0970458984
736.005127       873.0518798828
736.331482       888.7623291016
736.657715       951.6040649414
736.984009       882.0292358398
737.310181       926.9162597656
737.636353       974.0475463867
737.962524       951.6040649414
738.288574       902.2283935547
738.614624       891.0066528320
738.940613       967.3145141602
739.266541       870.8074951172
739.592407       893.2509765625
739.918274       926.9162597656
740.244080       933.6492919922
740.569824       848.3640136719
740.895569       913.4501342773
741.221191       915.6945190430
741.546753       951.6040649414
741.872375       897.7396850586
742.197937       904.4727172852
742.523376       908.9614257813
742.848816       864.0744628906
743.174194       947.1153564453
743.499573       926.9162597656
743.824890       879.7849121094
744.150085       882.0292358398
744.475342       926.9162597656
744.800476       832.6535644531
745.125610       895.4953613281
745.450623       893.2509765625
745.775696       935.8936157227
746.100708       864.0744628906
746.425598       873.0518798828
746.750427       877.5405273438
747.075256       933.6492919922
747.400085       899.9840698242
747.724915       899.9840698242
748.049561       915.6945190430
748.374207       924.6718750000
748.698853       895.4953613281
749.023438       875.2962036133
749.347900       888.7623291016
749.672363       877.5405273438
749.996765       899.9840698242
750.321167       899.9840698242
750.645508       893.2509765625
750.969788       861.8300781250
751.294067       875.2962036133
751.618286       875.2962036133
751.942383       893.2509765625
752.266479       882.0292358398
752.590576       922.4275512695
752.914551       902.2283935547
753.238525       915.6945190430
753.562439       938.1380004883
753.886292       866.3187866211
754.210144       825.9205322266
754.533936       935.8936157227
754.857666       850.6083374023
755.181335       904.4727172852
755.505005       877.5405273438
755.828613       908.9614257813
756.152100       926.9162597656
756.475586       940.3823242188
756.799133       873.0518798828
757.122498       873.0518798828
757.445862       897.7396850586
757.769165       922.4275512695
758.092468       935.8936157227
758.415710       915.6945190430
758.738831       974.0475463867
759.061951       924.6718750000
759.385071       922.4275512695
759.708130       902.2283935547
760.031067       917.9388427734
760.354004       917.9388427734
760.676941       888.7623291016
760.999817       879.7849121094
761.322632       864.0744628906
761.645386       940.3823242188
761.968079       962.8258056641
762.290771       913.4501342773
762.613342       848.3640136719
762.935974       958.3370971680
763.258484       893.2509765625
763.580994      1000.9797363281
763.903381       902.2283935547
764.225830       902.2283935547
764.548157       924.6718750000
764.870422       899.9840698242
765.192688       983.0249633789
765.514832       940.3823242188
765.837036       904.4727172852
766.159119       897.7396850586
766.481140       855.0970458984
766.803223       908.9614257813
767.125183       940.3823242188
767.447144       868.5631713867
767.768982       953.8484497070
768.090820       926.9162597656
768.412659       859.5857543945
768.734314       935.8936157227
769.056091       821.4318237305
769.377686       911.2058105469
769.699280       861.8300781250
770.020813       915.6945190430
770.342346       893.2509765625
770.663757       902.2283935547
770.985229       897.7396850586
771.306580       922.4275512695
771.627869       917.9388427734
771.949158       913.4501342773
772.270386       929.1605834961
772.591553       904.4727172852
772.912659       944.8710327148
773.233765       960.5814819336
773.554810       962.8258056641
773.875793       962.8258056641
774.196716       839.3865966797
774.517578       828.1648559570
774.838440       947.1153564453
775.159302       893.2509765625
775.480042       886.5179443359
775.800659       899.9840698242
776.121399       879.7849121094
776.441956       888.7623291016
776.762573       931.4049072266
777.083008       879.7849121094
777.403503       940.3823242188
777.723999       951.6040649414
778.044373       859.5857543945
778.364624       882.0292358398
778.684937       891.0066528320
779.005188       861.8300781250
779.325378       823.6761474609
779.645447       978.5362548828
779.965637       935.8936157227
780.285706       819.1875000000
780.605652       884.2736206055
780.925598       926.9162597656
781.245483       931.4049072266
781.565369       888.7623291016
781.885193       931.4049072266
782.204895       882.0292358398
782.524658       841.6309814453
782.844299       913.4501342773
783.163940       857.3414306641
783.483582       917.9388427734
783.803040       906.7171020508
784.122559      1016.6901855469
784.442017       886.5179443359
784.761414       949.3597412109
785.080688       926.9162597656
785.400024       924.6718750000
785.719238       933.6492919922
786.038452       893.2509765625
786.357544       882.0292358398
786.676697       938.1380004883
786.995789       962.8258056641
787.314758       949.3597412109
787.633728       940.3823242188
787.952637       938.1380004883
788.271484       805.7213745117
788.590271       866.3187866211
788.908997       935.8936157227
789.227783       875.2962036133
789.546448       902.2283935547
789.865112       899.9840698242
790.183655       911.2058105469
790.502197       978.5362548828
790.820679       960.5814819336
791.139099       904.4727172852
791.457520       931.4049072266
791.775879       911.2058105469
792.094116       917.9388427734
792.412415       879.7849121094
792.730530       877.5405273438
793.048767       949.3597412109
793.366821       915.6945190430
793.684937       926.9162597656
794.002869       888.7623291016
794.320862       870.8074951172
794.638733       899.9840698242
794.956665       884.2736206055
795.274414       891.0066528320
795.592224       949.3597412109
795.909912       819.1875000000
796.227661       879.7849121094
796.545227       913.4501342773
796.862854       935.8936157227
797.180359       884.2736206055
797.497864       956.0927734375
797.815308       911.2058105469
798.132629       915.6945190430
798.450012       947.1153564453
798.767273       996.4910888672
799.084595       917.9388427734
799.401733       949.3597412109
799.718933       947.1153564453
800.036011       924.6718750000
800.353027       931.4049072266
800.670044       891.0066528320
800.987000       870.8074951172
801.303894       908.9614257813
801.620850       823.6761474609
801.937561       949.3597412109
802.254333       868.5631713867
802.571106       877.5405273438
802.887817       893.2509765625
803.204346       938.1380004883
803.520935       904.4727172852
803.837463       897.7396850586
804.153992       920.1831665039
804.470337       904.4727172852
804.786743       920.1831665039
805.103027       917.9388427734
805.419434       949.3597412109
805.735535       935.8936157227
806.051758       904.4727172852
806.367920       899.9840698242
806.684021       938.1380004883
807.000000       920.1831665039
807.316040       861.8300781250
807.632019       915.6945190430
807.947876       924.6718750000
808.263672       884.2736206055
808.579529       913.4501342773
808.895325       904.4727172852
809.211060       884.2736206055
809.526611       904.4727172852
809.842224       875.2962036133
810.157837       888.7623291016
810.473389       902.2283935547
810.788757       944.8710327148
811.104187       958.3370971680
811.419617       917.9388427734
811.734924       994.2467041016
812.050171       857.3414306641
812.365417       891.0066528320
812.680542       861.8300781250
812.995728       882.0292358398
813.310852       866.3187866211
813.625854       895.4953613281
813.940796       949.3597412109
814.255798       935.8936157227
814.570679       882.0292358398
814.885498       908.9614257813
815.200256       864.0744628906
815.515015       951.6040649414
815.829651       917.9388427734
816.144287       953.8484497070
816.458923       933.6492919922
816.773438       864.0744628906
817.087952       953.8484497070
817.402344       956.0927734375
817.716797       915.6945190430
818.031189       940.3823242188
818.345520       891.0066528320
818.659668       922.4275512695
818.973877       926.9162597656
819.288086       902.2283935547
819.602173       861.8300781250
819.916199       911.2058105469
820.230225       915.6945190430
820.544189       868.5631713867
820.858154       969.5588989258
821.171997       884.2736206055
821.485779       929.1605834961
821.799561       976.2919311523
822.113281       897.7396850586
822.426880       895.4953613281
822.740540       915.6945190430
823.054138       913.4501342773
823.367676       899.9840698242
823.681152       855.0970458984
823.994568       969.5588989258
824.307922       884.2736206055
824.621277       965.0701904297
824.934509       920.1831665039
825.247742       958.3370971680
825.560913       904.4727172852
825.874146       935.8936157227
826.187134       875.2962036133
826.500183      1036.8894042969
826.813171       913.4501342773
827.126160       913.4501342773
827.439026       888.7623291016
827.751831       926.9162597656
828.064636       893.2509765625
828.377380       839.3865966797
828.690063       933.6492919922
829.002686       830.4092407227
829.315308       895.4953613281
829.627869       904.4727172852
829.940308       987.5136718750
830.252808       886.5179443359
830.565125       947.1153564453
830.877563       960.5814819336
831.189880       875.2962036133
831.502075       884.2736206055
831.814270       864.0744628906
832.126465       866.3187866211
832.438599       929.1605834961
832.750549       908.9614257813
833.062622       915.6945190430
833.374512       929.1605834961
833.686462       888.7623291016
833.998291       953.8484497070
834.310120       913.4501342773
834.621887       906.7171020508
834.933594       958.3370971680
835.245239       839.3865966797
835.556885       953.8484497070
835.868408       906.7171020508
836.179932       908.9614257813
836.491333       911.2058105469
836.802795       953.8484497070
837.114197       942.6267089844
837.425537       906.7171020508
837.736694       879.7849121094
838.047913       980.7806396484
838.359131       899.9840698242
838.670227       904.4727172852
838.981262       926.9162597656
839.292358       861.8300781250
839.603333       940.3823242188
839.914246       960.5814819336
840.225037       917.9388427734
840.535889       895.4953613281
840.846680       971.8032226563
841.157410       935.8936157227
841.468079       969.5588989258
841.778687       935.8936157227
842.089233       931.4049072266
842.399780       906.7171020508
842.710266       922.4275512695
843.020691       953.8484497070
843.331055       942.6267089844
843.641418       906.7171020508
843.951721       949.3597412109
844.261841       967.3145141602
844.572083       906.7171020508
844.882202       935.8936157227
845.192261      1005.4684448242
845.502258       920.1831665039
845.812256       974.0475463867
846.122192       902.2283935547
846.432068       956.0927734375
846.741882       944.8710327148
847.051636       915.6945190430
847.361389       911.2058105469
847.671143       924.6718750000
847.980713       924.6718750000
848.290283       897.7396850586
848.599792       926.9162597656
848.909302       814.6987915039
849.218689       866.3187866211
849.528076       857.3414306641
849.837463       888.7623291016
850.146790       929.1605834961
850.455933       870.8074951172
850.765137       888.7623291016
851.074280       953.8484497070
851.383362       899.9840698242
851.692383       870.8074951172
852.001343       929.1605834961
852.310303       897.7396850586
852.619202       960.5814819336
852.927979       944.8710327148
853.236816       951.6040649414
853.545532       913.4501342773
853.854248       913.4501342773
854.162842       965.0701904297
854.471436       962.8258056641
854.779968       911.2058105469
855.088440       951.6040649414
855.396851       960.5814819336
855.705200       915.6945190430
856.013611       924.6718750000
856.321899       992.0023803711
856.630127       915.6945190430
856.938293       908.9614257813
857.246399       938.1380004883
857.554504       897.7396850586
857.862549       873.0518798828
858.170471       911.2058105469
858.478394       976.2919311523
858.786316       913.4501342773
859.094177       931.4049072266
859.401917       873.0518798828
859.709656       951.6040649414
860.017334       933.6492919922
860.324951       870.8074951172
860.632507       861.8300781250
860.940063       913.4501342773
861.247559       859.5857543945
861.555054       906.7171020508
861.862366       940.3823242188
862.169739       915.6945190430
862.476990       897.7396850586
862.784241       983.0249633789
863.091370       895.4953613281
863.398499       899.9840698242
863.705627       920.1831665039
864.012634       942.6267089844
864.319519       904.4727172852
864.626526       974.0475463867
864.933350       944.8710327148
865.240234       902.2283935547
865.546936       873.0518798828
865.853699       911.2058105469
866.160400       949.3597412109
866.466980       904.4727172852
866.773560       875.2962036133
867.080078       879.7849121094
867.386536       915.6945190430
867.692993       899.9840698242
867.999329       859.5857543945
868.305664       917.9388427734
868.611938       922.4275512695
868.918152       944.8710327148
869.224304       920.1831665039
869.530457       965.0701904297
869.836487       915.6945190430
870.142517       920.1831665039
870.448547       929.1605834961
870.754395       913.4501342773
871.060242       976.2919311523
871.366089       915.6945190430
871.671814       933.6492919922
871.977539       882.0292358398
872.283203       926.9162597656
872.588806       951.6040649414
872.894409       895.4953613281
873.199890       904.4727172852
873.505371       917.9388427734
873.810730       915.6945190430
874.116150       906.7171020508
874.421387       895.4953613281
874.726685       938.1380004883
875.031860       947.1153564453
875.337097       875.2962036133
875.642090       960.5814819336
875.947205       942.6267089844
876.252197       904.4727172852
876.557129       882.0292358398
876.862000       987.5136718750
877.166870       904.4727172852
877.471680       834.8978881836
877.776428       886.5179443359
878.081116       864.0744628906
878.385742       935.8936157227
878.690369       944.8710327148
878.994873       917.9388427734
879.299316       953.8484497070
879.603821       933.6492919922
879.908203       891.0066528320
880.212585       870.8074951172
880.516846       891.0066528320
880.821106       908.9614257813
881.125244       969.5588989258
881.429382       931.4049072266
881.733459       875.2962036133
882.037537       895.4953613281
882.341492       888.7623291016
882.645447       879.7849121094
882.949280       942.6267089844
883.253113       969.5588989258
883.556885       895.4953613281
883.860657       852.8527221680
884.164307       924.6718750000
884.467896       920.1831665039
884.771484       938.1380004883
885.075073       935.8936157227
885.378540       922.4275512695
885.681885       888.7623291016
885.985291       848.3640136719
886.288635       884.2736206055
886.591858       882.0292358398
886.895020       917.9388427734
887.198242       855.0970458984
887.501343       913.4501342773
887.804443       951.6040649414
888.107422       882.0292358398
888.410400       949.3597412109
888.713257       875.2962036133
889.016174       870.8074951172
889.318909       850.6083374023
889.621643       839.3865966797
889.924377       938.1380004883
890.227051       974.0475463867
890.529602       864.0744628906
890.832153       962.8258056641
891.134705       893.2509765625
891.437134       852.8527221680
891.739441       935.8936157227
892.041870       868.5631713867
892.344116       893.2509765625
892.646362       902.2283935547
892.948486       902.2283935547
893.250671       940.3823242188
893.552734       899.9840698242
893.854797       920.1831665039
894.156738      1034.6450195313
894.458618       969.5588989258
894.760559       891.0066528320
895.062378       884.2736206055
895.364136       935.8936157227
895.665894       864.0744628906
895.967590       897.7396850586
896.269165       895.4953613281
896.570679       873.0518798828
896.872192       953.8484497070
897.173706       933.6492919922
897.475159       935.8936157227
897.776428       877.5405273438
898.077759       886.5179443359
