0.009190
190.260635         0.0000000000
190.642441         0.0000000000
191.024216       956.0927734375
191.405975       868.5631713867
191.787704       868.5631713867
192.169403       931.4049072266
192.551071       828.1648559570
192.932724       899.9840698242
193.314331       929.1605834961
193.695923       933.6492919922
194.077499       899.9840698242
194.459030       942.6267089844
194.840546       935.8936157227
195.222031       915.6945190430
195.603485       967.3145141602
195.984909       969.5588989258
196.366302       953.8484497070
196.747681       906.7171020508
197.129028       980.7806396484
197.510345       926.9162597656
197.891647       929.1605834961
198.272919       870.8074951172
198.654175       969.5588989258
199.035355       962.8258056641
199.416550       983.0249633789
199.797714       929.1605834961
200.178848       933.6492919922
200.559937       969.5588989258
200.941025       911.2058105469
201.322083       902.2283935547
201.703079       929.1605834961
202.084091       904.4727172852
202.465057       911.2058105469
202.845993       940.3823242188
203.226898       870.8074951172
203.607788       879.7849121094
203.988647       931.4049072266
204.369461       926.9162597656
204.750275       924.6718750000
205.131042       861.8300781250
205.511795       920.1831665039
205.892517       978.5362548828
206.273209       895.4953613281
206.653870       846.1196899414
207.034515       864.0744628906
207.415115       899.9840698242
207.795700       850.6083374023
208.176254       834.8978881836
208.556778       933.6492919922
208.937271       850.6083374023
209.317749       832.6535644531
209.698196       868.5631713867
210.078613       906.7171020508
210.459000       902.2283935547
210.839371       917.9388427734
211.219696       906.7171020508
211.600006       888.7623291016
211.980286       868.5631713867
212.360535       933.6492919922
212.740768       920.1831665039
213.120956       810.2100830078
213.501129       922.4275512695
213.881256       864.0744628906
214.261383       875.2962036133
214.641464       888.7623291016
215.021530       908.9614257813
215.401550       911.2058105469
215.781570       873.0518798828
216.161530       969.5588989258
216.541504       998.7354125977
216.921402       935.8936157227
217.301315       951.6040649414
217.681152       938.1380004883
218.061005       958.3370971680
218.440811       947.1153564453
218.820587       931.4049072266
219.200348       877.5405273438
219.580078       886.5179443359
219.959763       917.9388427734
220.339432       958.3370971680
220.719070       922.4275512695
221.098694       870.8074951172
221.478271       942.6267089844
221.857819       861.8300781250
222.237366       893.2509765625
222.616867       870.8074951172
222.996338       823.6761474609
223.375778       861.8300781250
223.755188       924.6718750000
224.134583       846.1196899414
224.513947       902.2283935547
224.893265       875.2962036133
225.272583       920.1831665039
225.651855       924.6718750000
226.031097       877.5405273438
226.410339       891.0066528320
226.789520       848.3640136719
227.168686       868.5631713867
227.547806       926.9162597656
227.926926       875.2962036133
228.306015       855.0970458984
228.685059       899.9840698242
229.064087       915.6945190430
229.443069       951.6040649414
229.822037       922.4275512695
230.200989       926.9162597656
230.579895       956.0927734375
230.958786       837.1422729492
231.337631       958.3370971680
231.716461       911.2058105469
232.095261       915.6945190430
232.474030       875.2962036133
232.852783       843.8753051758
233.231476       879.7849121094
233.610184       929.1605834961
233.988831       866.3187866211
234.367462       879.7849121094
234.746048       906.7171020508
235.124649       866.3187866211
235.503159       915.6945190430
235.881683       821.4318237305
236.260162       879.7849121094
236.638641       814.6987915039
237.017075       879.7849121094
237.395477       908.9614257813
237.773834       953.8484497070
238.152176       895.4953613281
238.530502       895.4953613281
238.908783       899.9840698242
239.287048       962.8258056641
239.665268       938.1380004883
240.043472       855.0970458984
240.421661       935.8936157227
240.799805       873.0518798828
241.177902       947.1153564453
241.556000       904.4727172852
241.934052       960.5814819336
242.312088       868.5631713867
242.690094       895.4953613281
243.068054       861.8300781250
243.446014       850.6083374023
243.823929       834.8978881836
244.201813       886.5179443359
244.579666       906.7171020508
244.957504       884.2736206055
245.335297       942.6267089844
245.713074       897.7396850586
246.090820       926.9162597656
246.468536       868.5631713867
246.846207       897.7396850586
247.223862       906.7171020508
247.601501      1003.2241210938
247.979095       942.6267089844
248.356674       897.7396850586
248.734222       895.4953613281
249.111725       935.8936157227
249.489212       958.3370971680
249.866669       929.1605834961
250.244095       857.3414306641
250.621506       971.8032226563
250.998871       884.2736206055
251.376221       888.7623291016
251.753510       877.5405273438
252.130814       861.8300781250
252.508057       947.1153564453
252.885284       886.5179443359
253.262466       935.8936157227
253.639648       904.4727172852
254.016769       868.5631713867
254.393906       926.9162597656
254.770966       875.2962036133
255.148026       911.2058105469
255.525040       940.3823242188
255.902054       938.1380004883
256.278992       870.8074951172
256.655945       877.5405273438
257.032837       859.5857543945
257.409729       882.0292358398
257.786591       935.8936157227
258.163391       935.8936157227
258.540161       924.6718750000
258.916962       828.1648559570
259.293701       875.2962036133
259.670380       911.2058105469
260.047058       926.9162597656
260.423706       886.5179443359
260.800323       940.3823242188
261.176880       906.7171020508
261.553436       940.3823242188
261.929962       922.4275512695
262.306488       859.5857543945
262.682953       875.2962036133
263.059387       902.2283935547
263.435791       974.0475463867
263.812195       926.9162597656
264.188507       864.0744628906
264.564850       855.0970458984
264.941132       906.7171020508
265.317413       873.0518798828
265.693634       899.9840698242
266.069885       926.9162597656
266.446045       891.0066528320
266.822174       852.8527221680
267.198273       911.2058105469
267.574371       886.5179443359
267.950439       857.3414306641
268.326447       891.0066528320
268.702454       922.4275512695
269.078430       929.1605834961
269.454376       915.6945190430
269.830292       947.1153564453
270.206146       906.7171020508
270.582001       828.1648559570
270.957825       861.8300781250
271.333618       924.6718750000
271.709381       888.7623291016
272.085144       895.4953613281
272.460815       875.2962036133
272.836487       884.2736206055
273.212128       933.6492919922
273.587769       922.4275512695
273.963348       956.0927734375
274.338898       864.0744628906
274.714447       933.6492919922
275.089935       886.5179443359
275.465393       837.1422729492
275.840820       911.2058105469
276.216278       902.2283935547
276.591644       888.7623291016
276.966949       960.5814819336
277.342285       924.6718750000
277.717590       899.9840698242
278.092834       935.8936157227
278.468048       904.4727172852
278.843262       893.2509765625
279.218445       908.9614257813
279.593567       868.5631713867
279.968658       870.8074951172
280.343781       884.2736206055
280.718811       947.1153564453
281.093842       926.9162597656
281.468811       920.1831665039
281.843781       933.6492919922
282.218719       895.4953613281
282.593628       904.4727172852
282.968506       897.7396850586
283.343353       857.3414306641
283.718170       965.0701904297
284.092896       965.0701904297
284.467682       882.0292358398
284.842407       933.6492919922
285.217102       926.9162597656
285.591766       920.1831665039
285.966400       960.5814819336
286.340973       877.5405273438
286.715576       868.5631713867
287.090118       895.4953613281
287.464630       864.0744628906
287.839081       920.1831665039
288.213562       886.5179443359
288.587982       938.1380004883
288.962372       953.8484497070
289.336731       855.0970458984
289.711060       899.9840698242
290.085327       913.4501342773
290.459625       897.7396850586
290.833862       956.0927734375
291.208069       879.7849121094
291.582275       899.9840698242
291.956421       906.7171020508
292.330505       850.6083374023
292.704620       969.5588989258
293.078705       891.0066528320
293.452698       915.6945190430
293.826691       882.0292358398
294.200684       866.3187866211
294.574615       942.6267089844
294.948517       875.2962036133
295.322388       877.5405273438
295.696259       967.3145141602
296.070068       904.4727172852
296.443848       908.9614257813
296.817596       911.2058105469
297.191345       877.5405273438
297.565063       870.8074951172
297.938690       904.4727172852
298.312317       935.8936157227
298.685913       897.7396850586
299.059540       877.5405273438
299.433044       868.5631713867
299.806549       933.6492919922
300.180054       873.0518798828
300.553528       888.7623291016
300.926910       873.0518798828
301.300323       899.9840698242
301.673676       776.5448608398
302.046997       915.6945190430
302.420319       902.2283935547
302.793579       873.0518798828
303.166809       998.7354125977
303.540039       938.1380004883
303.913208       875.2962036133
304.286377       859.5857543945
304.659454       924.6718750000
305.032593       850.6083374023
305.405609       888.7623291016
305.778656       929.1605834961
306.151611       953.8484497070
306.524597       875.2962036133
306.897522       843.8753051758
307.270416       942.6267089844
307.643280       920.1831665039
308.016144       884.2736206055
308.388916       834.8978881836
308.761749       868.5631713867
309.134460       879.7849121094
309.507202       828.1648559570
309.879913       884.2736206055
310.252563       895.4953613281
310.625153       949.3597412109
310.997742       915.6945190430
311.370361       920.1831665039
311.742859       911.2058105469
312.115356       962.8258056641
312.487823       929.1605834961
312.860291       949.3597412109
313.232697       926.9162597656
313.605042       929.1605834961
313.977386       893.2509765625
314.349731       904.4727172852
314.721985       886.5179443359
315.094269       913.4501342773
315.466492       913.4501342773
315.838684       933.6492919922
316.210846       976.2919311523
316.582977       929.1605834961
316.955048       816.9431152344
317.327148       855.0970458984
317.699158       931.4049072266
318.071167       933.6492919922
318.443176       857.3414306641
318.815125       913.4501342773
319.187012       906.7171020508
319.558868       913.4501342773
319.930756       895.4953613281
320.302582       906.7171020508
320.674347       870.8074951172
321.046112       917.9388427734
321.417847       850.6083374023
321.789581       873.0518798828
322.161224       859.5857543945
322.532867       904.4727172852
322.904419       850.6083374023
323.276031       891.0066528320
323.647583       904.4727172852
324.019073       913.4501342773
324.390533       926.9162597656
324.762024       911.2058105469
325.133423       942.6267089844
325.504791       904.4727172852
325.876129       821.4318237305
326.247467       922.4275512695
326.618774       960.5814819336
326.990021       843.8753051758
327.361237       879.7849121094
327.732452       899.9840698242
328.103607       940.3823242188
328.474731       873.0518798828
328.845825       931.4049072266
329.216919       935.8936157227
329.587952       877.5405273438
329.958954       895.4953613281
330.329926       940.3823242188
330.700867       877.5405273438
331.071808       911.2058105469
331.442688       922.4275512695
331.813507       933.6492919922
332.184357       859.5857543945
332.555115       911.2058105469
332.925873       848.3640136719
333.296570       884.2736206055
333.667267       868.5631713867
334.037994       965.0701904297
334.408600       888.7623291016
334.779144       859.5857543945
335.149750       920.1831665039
335.520294       944.8710327148
335.890778       897.7396850586
336.261230       899.9840698242
336.631683       864.0744628906
337.002106       857.3414306641
337.372498       855.0970458984
337.742798       857.3414306641
338.113129       897.7396850586
338.483429       864.0744628906
338.853668       870.8074951172
339.223907       902.2283935547
339.594086       830.4092407227
339.964233       875.2962036133
340.334381       953.8484497070
340.704437       891.0066528320
341.074493       879.7849121094
341.444519       920.1831665039
341.814545       879.7849121094
342.184509       913.4501342773
342.554413       899.9840698242
342.924347       891.0066528320
343.294220       875.2962036133
343.664032       983.0249633789
344.033813       891.0066528320
344.403595       904.4727172852
344.773346       962.8258056641
345.143036       969.5588989258
345.512695       967.3145141602
345.882385       861.8300781250
346.251984       899.9840698242
346.621552       908.9614257813
346.991089       850.6083374023
347.360626       906.7171020508
347.730103       938.1380004883
348.099548       891.0066528320
348.468964       965.0701904297
348.838379       852.8527221680
349.207764       906.7171020508
349.577057       911.2058105469
349.946320       908.9614257813
350.315582       882.0292358398
350.684845       875.2962036133
351.054047       891.0066528320
351.423157       929.1605834961
351.792328       951.6040649414
352.161438       821.4318237305
352.530487       935.8936157227
352.899506       884.2736206055
353.268524       884.2736206055
353.637512       884.2736206055
354.006409       895.4953613281
354.375336       884.2736206055
354.744232       819.1875000000
355.113068       908.9614257813
355.481873       926.9162597656
355.850616       949.3597412109
356.219391       902.2283935547
356.588135       846.1196899414
356.956818       843.8753051758
357.325470       953.8484497070
357.694031       864.0744628906
358.062653       859.5857543945
358.431213       929.1605834961
358.799713       922.4275512695
359.168182       870.8074951172
359.536652       902.2283935547
359.905090       922.4275512695
360.273438       875.2962036133
360.641785       983.0249633789
361.010132       908.9614257813
361.378448       944.8710327148
361.746704       886.5179443359
362.114899       859.5857543945
362.483124       956.0927734375
362.851288       841.6309814453
363.219421       866.3187866211
363.587463       832.6535644531
363.955566       915.6945190430
364.323608       897.7396850586
364.691589       899.9840698242
365.059540       868.5631713867
365.427490       888.7623291016
365.795410       884.2736206055
366.163269       895.4953613281
366.531067       902.2283935547
366.898895       882.0292358398
367.266693       857.3414306641
367.634430       888.7623291016
368.002106       929.1605834961
368.369812       877.5405273438
368.737457       884.2736206055
369.105042       884.2736206055
369.472595       868.5631713867
369.840149       841.6309814453
370.207672       888.7623291016
370.575134       915.6945190430
370.942566       935.8936157227
371.309998       924.6718750000
371.677399       949.3597412109
372.044708       870.8074951172
372.411987       884.2736206055
372.779297       895.4953613281
373.146576       913.4501342773
373.513794       980.7806396484
373.880951       933.6492919922
374.248077       891.0066528320
374.615204       868.5631713867
374.982300       891.0066528320
375.349365       911.2058105469
375.716339       924.6718750000
376.083374       888.7623291016
376.450317       879.7849121094
376.817230       947.1153564453
377.184082       931.4049072266
377.550964       908.9614257813
377.917786       866.3187866211
378.284576       929.1605834961
378.651306       839.3865966797
379.018036       893.2509765625
379.384735       886.5179443359
379.751373       917.9388427734
380.117981       886.5179443359
380.484589       877.5405273438
380.851166       834.8978881836
381.217651       902.2283935547
381.584137       926.9162597656
381.950623       904.4727172852
382.317017       926.9162597656
382.683411       935.8936157227
383.049774       897.7396850586
383.416107       949.3597412109
383.782410       888.7623291016
384.148651       884.2736206055
384.514832       942.6267089844
384.881042       965.0701904297
385.247223       814.6987915039
385.613342       852.8527221680
385.979401       857.3414306641
386.345459       897.7396850586
386.711517       864.0744628906
387.077484       861.8300781250
387.443420       911.2058105469
387.809357       893.2509765625
388.175262       917.9388427734
388.541107       888.7623291016
388.906891       902.2283935547
389.272705       866.3187866211
389.638489       893.2509765625
390.004211       899.9840698242
390.369873       904.4727172852
390.735535       877.5405273438
391.101196       996.4910888672
391.466766       841.6309814453
391.832336       917.9388427734
392.197815       886.5179443359
392.563324       846.1196899414
392.928802       902.2283935547
393.294189       911.2058105469
393.659607       935.8936157227
394.024963       899.9840698242
394.390289       922.4275512695
394.755554       873.0518798828
395.120789       911.2058105469
395.486023       897.7396850586
395.851227       850.6083374023
396.216370       895.4953613281
396.581482       922.4275512695
396.946564       846.1196899414
397.311646       857.3414306641
397.676636       875.2962036133
398.041626       848.3640136719
398.406586       839.3865966797
398.771515       879.7849121094
399.136383       848.3640136719
399.501221       926.9162597656
399.866058       877.5405273438
400.230865       893.2509765625
400.595581       917.9388427734
400.960297       904.4727172852
401.324982      1021.1788940430
401.689636       951.6040649414
402.054230       913.4501342773
402.418793       906.7171020508
402.783356       944.8710327148
403.147919       935.8936157227
403.512360       902.2283935547
403.876770       904.4727172852
404.241211       895.4953613281
404.605621       897.7396850586
404.969910       908.9614257813
405.334229       938.1380004883
405.698517       879.7849121094
406.062775       855.0970458984
406.426971       895.4953613281
406.791107       956.0927734375
407.155273       859.5857543945
407.519379       893.2509765625
407.883484       843.8753051758
408.247498       886.5179443359
408.611481       893.2509765625
408.975464       897.7396850586
409.339417       891.0066528320
409.703308       846.1196899414
410.067169       841.6309814453
410.431030       924.6718750000
410.794800       879.7849121094
411.158569       882.0292358398
411.522278       931.4049072266
411.885986       920.1831665039
412.249664       846.1196899414
412.613312       891.0066528320
412.976868       875.2962036133
413.340454       967.3145141602
413.703979       917.9388427734
414.067474       947.1153564453
414.430908       940.3823242188
414.794342       931.4049072266
415.157745       846.1196899414
415.521088       994.2467041016
415.884369       877.5405273438
416.247711       951.6040649414
416.610931       877.5405273438
416.974152       942.6267089844
417.337341       875.2962036133
417.700500       857.3414306641
418.063629       915.6945190430
418.426697       920.1831665039
418.789703       879.7849121094
419.152740       915.6945190430
419.515717       917.9388427734
419.878662       870.8074951172
420.241577       875.2962036133
420.604431       879.7849121094
420.967285       899.9840698242
421.330109       888.7623291016
421.692841       879.7849121094
422.055603       913.4501342773
422.418335       886.5179443359
422.780975       929.1605834961
423.143585       899.9840698242
423.506226       886.5179443359
423.868774       920.1831665039
424.231293       886.5179443359
424.593811       994.2467041016
424.956238       886.5179443359
425.318665       915.6945190430
425.681091       911.2058105469
426.043427       908.9614257813
426.405731       857.3414306641
426.768036       949.3597412109
427.130310       830.4092407227
427.492493       897.7396850586
427.854675       913.4501342773
428.216858       924.6718750000
428.578979       942.6267089844
428.941040       897.7396850586
429.303040       911.2058105469
429.665070       843.8753051758
430.027069       861.8300781250
430.389008       902.2283935547
430.750885       891.0066528320
431.112762       861.8300781250
431.474640       902.2283935547
431.836395       888.7623291016
432.198181       922.4275512695
432.559937       911.2058105469
432.921600       926.9162597656
433.283264       859.5857543945
433.644867       879.7849121094
434.006500       891.0066528320
434.368073       940.3823242188
434.729553       960.5814819336
435.091034       877.5405273438
435.452515       882.0292358398
435.813934       989.7579956055
436.175293       962.8258056641
436.536621       980.7806396484
436.897949       884.2736206055
437.259277       873.0518798828
437.620483       855.0970458984
437.981659       891.0066528320
438.342865       879.7849121094
438.704010       895.4953613281
439.065125       877.5405273438
439.426178       888.7623291016
439.787201       942.6267089844
440.148224       866.3187866211
440.509186       935.8936157227
440.870087       848.3640136719
441.230988       911.2058105469
441.591858       893.2509765625
441.952667       855.0970458984
442.313416       897.7396850586
442.674194       877.5405273438
443.034912       893.2509765625
443.395630       920.1831665039
443.756226       879.7849121094
444.116852       877.5405273438
444.477417       852.8527221680
444.837982       877.5405273438
445.198456       857.3414306641
445.558960       816.9431152344
445.919403       891.0066528320
446.279816       906.7171020508
446.640106       935.8936157227
447.000458       908.9614257813
447.360779       924.6718750000
447.721039       911.2058105469
448.081207       893.2509765625
448.441406       949.3597412109
448.801575       893.2509765625
449.161713       978.5362548828
449.521759       938.1380004883
449.881805       891.0066528320
450.241852       920.1831665039
450.601837       895.4953613281
450.961792       938.1380004883
451.321655       812.4544067383
451.681549       897.7396850586
452.041382       942.6267089844
452.401184       873.0518798828
452.760895       931.4049072266
453.120636       913.4501342773
453.480347       920.1831665039
453.840027       917.9388427734
454.199585       893.2509765625
454.559174       926.9162597656
454.918762       965.0701904297
455.278290       882.0292358398
455.637726       915.6945190430
455.997162       908.9614257813
456.356598       933.6492919922
456.715973       879.7849121094
457.075287       852.8527221680
457.434570       924.6718750000
457.793854       911.2058105469
458.153107       843.8753051758
458.512268       879.7849121094
458.871429       904.4727172852
459.230560       882.0292358398
459.589661       891.0066528320
459.948639       884.2736206055
460.307678       935.8936157227
460.666687       917.9388427734
461.025635       868.5631713867
461.384491       897.7396850586
461.743378       935.8936157227
462.102264       947.1153564453
462.461060       911.2058105469
462.819794       974.0475463867
463.178497       861.8300781250
463.537231       926.9162597656
463.895905       931.4049072266
464.254456       884.2736206055
464.613068       897.7396850586
464.971649       884.2736206055
465.330170       935.8936157227
465.688568       893.2509765625
466.047028       879.7849121094
466.405457       868.5631713867
466.763855       891.0066528320
467.122192       976.2919311523
467.480438       949.3597412109
467.838715       947.1153564453
468.196960       873.0518798828
468.555176       841.6309814453
468.913269       931.4049072266
469.271393       929.1605834961
469.629486       899.9840698242
469.987549       891.0066528320
470.345520       875.2962036133
470.703491       884.2736206055
471.061462       875.2962036133
471.419342       931.4049072266
471.777191       873.0518798828
472.135040       877.5405273438
472.492828       841.6309814453
472.850586       850.6083374023
473.208282       906.7171020508
473.565979       879.7849121094
473.923615       902.2283935547
474.281281       985.2692871094
474.638794       857.3414306641
474.996338       886.5179443359
475.353851       906.7171020508
475.711334       893.2509765625
476.068726       908.9614257813
476.426117       886.5179443359
476.783478       895.4953613281
477.140808       879.7849121094
477.498077       855.0970458984
477.855316       868.5631713867
478.212555       875.2962036133
478.569763       953.8484497070
478.926819       870.8074951172
479.283936       893.2509765625
479.641022       913.4501342773
479.998077       866.3187866211
480.355011       895.4953613281
480.711975       917.9388427734
481.068939       837.1422729492
481.425842       958.3370971680
481.782623       875.2962036133
482.139435       924.6718750000
482.496216       922.4275512695
482.852966       965.0701904297
483.209717       913.4501342773
483.566315       922.4275512695
483.922943       848.3640136719
484.279572       861.8300781250
484.636139       938.1380004883
484.992615       951.6040649414
485.349121       940.3823242188
485.705566       935.8936157227
486.062012       843.8753051758
486.418304       884.2736206055
486.774689       902.2283935547
487.130981       803.4770507813
487.487274       906.7171020508
487.843445       904.4727172852
488.199615       938.1380004883
488.555786       940.3823242188
488.911957       873.0518798828
489.267975       834.8978881836
489.624023       886.5179443359
489.980042       929.1605834961
490.336029       906.7171020508
490.691925       904.4727172852
491.047821       920.1831665039
491.403687       942.6267089844
491.759521       924.6718750000
492.115265       931.4049072266
492.471008       938.1380004883
492.826752       980.7806396484
493.182434       879.7849121094
493.538025       933.6492919922
493.893646       873.0518798828
494.249207       868.5631713867
494.604736       931.4049072266
494.960205       926.9162597656
495.315674       897.7396850586
495.671082       949.3597412109
496.026489       951.6040649414
496.381775       902.2283935547
496.737091       915.6945190430
497.092377       884.2736206055
497.447632       915.6945190430
497.802795       828.1648559570
498.157959       906.7171020508
498.513062       864.0744628906
498.868195       864.0744628906
499.223175       949.3597412109
499.578217       956.0927734375
499.933167       897.7396850586
500.288116       904.4727172852
500.643036       859.5857543945
500.997833       911.2058105469
501.352692       965.0701904297
501.707489       908.9614257813
502.062225       929.1605834961
502.416901       888.7623291016
502.771606       846.1196899414
503.126221       857.3414306641
503.480865       888.7623291016
503.835358       933.6492919922
504.189941       891.0066528320
504.544434       864.0744628906
504.898865       884.2736206055
505.253265       902.2283935547
505.607635       864.0744628906
505.961975       924.6718750000
506.316315       899.9840698242
506.670532       882.0292358398
507.024750       893.2509765625
507.378967       922.4275512695
507.733154       873.0518798828
508.087189       922.4275512695
508.441315       859.5857543945
508.795349       828.1648559570
509.149353       843.8753051758
509.503265       877.5405273438
509.857208       965.0701904297
510.211121       834.8978881836
510.565002       895.4953613281
510.918762       913.4501342773
511.272583       897.7396850586
511.626312       899.9840698242
511.980042       962.8258056641
512.333618       895.4953613281
512.687256       906.7171020508
513.040894       897.7396850586
513.394470       895.4953613281
513.747925       962.8258056641
514.101440       877.5405273438
514.454895       855.0970458984
514.808289       819.1875000000
515.161621       904.4727172852
515.514893       922.4275512695
515.868225       920.1831665039
516.221497       891.0066528320
516.574707       893.2509765625
516.927856       917.9388427734
517.281006       884.2736206055
517.634155       875.2962036133
517.987183       879.7849121094
518.340210       891.0066528320
518.693237       877.5405273438
519.046204       922.4275512695
519.399048       940.3823242188
519.751892       870.8074951172
520.104736       924.6718750000
520.457520       861.8300781250
520.810364       904.4727172852
521.163025       913.4501342773
521.515686       904.4727172852
521.868408       886.5179443359
522.221008       904.4727172852
522.573547       908.9614257813
522.926086       942.6267089844
523.278625       850.6083374023
523.631042       926.9162597656
523.983459       843.8753051758
524.335815       819.1875000000
524.688171       868.5631713867
525.040527       868.5631713867
525.392761       837.1422729492
525.744934       913.4501342773
526.097168       902.2283935547
526.449341       882.0292358398
526.801453       899.9840698242
527.153503       837.1422729492
527.505554       852.8527221680
527.857544       893.2509765625
528.209534       965.0701904297
528.561462       949.3597412109
528.913330       888.7623291016
529.265198       846.1196899414
529.617004       877.5405273438
529.968750       882.0292358398
530.320496       884.2736206055
530.672180       834.8978881836
531.023804       931.4049072266
531.375488       857.3414306641
531.727051       859.5857543945
532.078613       875.2962036133
532.430115       940.3823242188
532.781555       944.8710327148
533.132996       929.1605834961
533.484375       897.7396850586
533.835815       978.5362548828
534.187073       886.5179443359
534.538330       926.9162597656
534.889587       926.9162597656
535.240784       873.0518798828
535.591919       893.2509765625
535.942993       857.3414306641
536.294128       969.5588989258
536.645203       917.9388427734
536.996155       924.6718750000
537.347107       906.7171020508
537.698120       821.4318237305
538.049011       875.2962036133
538.399841       897.7396850586
538.750610       886.5179443359
539.101440       897.7396850586
539.452209       850.6083374023
539.802856       870.8074951172
540.153503       940.3823242188
540.504150       897.7396850586
540.854736       942.6267089844
541.205261       902.2283935547
541.555786       962.8258056641
541.906250       870.8074951172
542.256714       908.9614257813
542.607056       886.5179443359
542.957458       891.0066528320
543.307739       917.9388427734
543.658020       951.6040649414
544.008240       891.0066528320
544.358398       886.5179443359
544.708618       904.4727172852
545.058777       969.5588989258
545.408813       971.8032226563
545.758850       864.0744628906
546.108887       819.1875000000
546.458862       859.5857543945
546.808716       947.1153564453
547.158691       933.6492919922
547.508545       944.8710327148
547.858337       879.7849121094
548.208069       935.8936157227
548.557800       904.4727172852
548.907532       868.5631713867
549.257202       893.2509765625
549.606812       843.8753051758
549.956360       940.3823242188
550.305908       960.5814819336
550.655457       870.8074951172
551.004883       949.3597412109
551.354309       929.1605834961
551.703674       879.7849121094
552.053040       848.3640136719
552.402405       965.0701904297
552.751587       956.0927734375
553.100830       908.9614257813
553.450012       944.8710327148
553.799255       904.4727172852
554.148254       920.1831665039
554.497375       924.6718750000
554.846436       987.5136718750
555.195435       908.9614257813
555.544373       904.4727172852
555.893250       864.0744628906
556.242188       879.7849121094
556.591003       906.7171020508
556.939758       940.3823242188
557.288574       850.6083374023
557.637268       886.5179443359
557.985962       924.6718750000
558.334595       908.9614257813
558.683228       922.4275512695
559.031799       859.5857543945
559.380310       902.2283935547
559.728760       870.8074951172
560.077209       924.6718750000
560.425659       899.9840698242
560.774048       965.0701904297
561.122314       886.5179443359
561.470581       861.8300781250
561.818909       940.3823242188
562.167114       873.0518798828
562.515259       924.6718750000
562.863342       976.2919311523
563.211487       906.7171020508
563.559570       864.0744628906
563.907532       843.8753051758
564.255554       870.8074951172
564.603455       882.0292358398
564.951355       897.7396850586
565.299255       897.7396850586
565.647095       944.8710327148
565.994812       922.4275512695
566.342590      1027.9119873047
566.690308       902.2283935547
567.037903       870.8074951172
567.385620       830.4092407227
567.733154       859.5857543945
568.080750       962.8258056641
568.428162       983.0249633789
568.775696       868.5631713867
569.123108       882.0292358398
569.470520       940.3823242188
569.817810       884.2736206055
570.165161       891.0066528320
570.512451       924.6718750000
570.859680       906.7171020508
571.206787       915.6945190430
571.554016       935.8936157227
571.901062       868.5631713867
572.248169       830.4092407227
572.595154       913.4501342773
572.942200       816.9431152344
573.289124       868.5631713867
573.636047       956.0927734375
573.982849       864.0744628906
574.329712       861.8300781250
574.676514       940.3823242188
575.023315       864.0744628906
575.369995       904.4727172852
575.716675       893.2509765625
576.063293       877.5405273438
576.409912       920.1831665039
576.756409       897.7396850586
577.102966       866.3187866211
577.449402       850.6083374023
577.795898       848.3640136719
578.142273       938.1380004883
578.488647       949.3597412109
578.834961       958.3370971680
579.181213       962.8258056641
579.527405       848.3640136719
579.873596       902.2283935547
580.219788       882.0292358398
580.565918       922.4275512695
580.911926       953.8484497070
581.258057       895.4953613281
581.604065       967.3145141602
581.949951       855.0970458984
582.295898       908.9614257813
582.641724       891.0066528320
582.987610       875.2962036133
583.333435       774.3004760742
583.679199       906.7171020508
584.024902       897.7396850586
584.370544       884.2736206055
584.716187       837.1422729492
585.061829       893.2509765625
585.407349       899.9840698242
585.752869       902.2283935547
586.098328       886.5179443359
586.443787       848.3640136719
586.789124       830.4092407227
587.134521       839.3865966797
587.479858       855.0970458984
587.825134       893.2509765625
588.170288       852.8527221680
588.515564       848.3640136719
588.860657       933.6492919922
589.205872       942.6267089844
589.550842       947.1153564453
589.895935       899.9840698242
590.240906       875.2962036133
590.585876       848.3640136719
590.930786       852.8527221680
591.275635       868.5631713867
591.620483       884.2736206055
591.965271       944.8710327148
592.310059       915.6945190430
592.654724       855.0970458984
592.999451       908.9614257813
593.344055       938.1380004883
593.688660       888.7623291016
594.033203       888.7623291016
594.377686       951.6040649414
594.722229       956.0927734375
595.066528       911.2058105469
595.411011       902.2283935547
595.755371       834.8978881836
596.099670       821.4318237305
596.443848       917.9388427734
596.788147       895.4953613281
597.132324       864.0744628906
597.476501       886.5179443359
597.820618       931.4049072266
598.164612       819.1875000000
598.508667       924.6718750000
598.852661       908.9614257813
599.196655       924.6718750000
599.540466       913.4501342773
599.884338       798.9883422852
600.228210       864.0744628906
600.571960       904.4727172852
600.915710       866.3187866211
601.259460       855.0970458984
601.603088       884.2736206055
601.946716       866.3187866211
602.290283       902.2283935547
602.633850       855.0970458984
602.977295       888.7623291016
603.320801       870.8074951172
603.664124       882.0292358398
604.007568       915.6945190430
604.350952       935.8936157227
604.694214       922.4275512695
605.037415       904.4727172852
605.380676       915.6945190430
605.723816       843.8753051758
606.066956       922.4275512695
606.410034       886.5179443359
606.753052       935.8936157227
607.096130       956.0927734375
607.439087       949.3597412109
607.781921       913.4501342773
608.124878       926.9162597656
608.467712       888.7623291016
608.810547       958.3370971680
609.153259       944.8710327148
609.495972       852.8527221680
609.838684       884.2736206055
610.181335       926.9162597656
610.523865       870.8074951172
610.866516       929.1605834961
611.209045       922.4275512695
611.551453       933.6492919922
611.893921       951.6040649414
612.236267       942.6267089844
612.578674       897.7396850586
612.920959       861.8300781250
613.263306       830.4092407227
613.605469       911.2058105469
613.947632       884.2736206055
614.289795       904.4727172852
614.631958       895.4953613281
614.973938       911.2058105469
615.315979       920.1831665039
615.657959       846.1196899414
615.999939       886.5179443359
616.341858       931.4049072266
616.683716       819.1875000000
617.025513       899.9840698242
617.367310       864.0744628906
617.708984       893.2509765625
618.050720       904.4727172852
618.392395       861.8300781250
618.734070       949.3597412109
619.075500       893.2509765625
619.417114       886.5179443359
619.758606       917.9388427734
620.100098       852.8527221680
620.441467       906.7171020508
620.782776       864.0744628906
621.124146       884.2736206055
621.465393       904.4727172852
621.806641       962.8258056641
622.147888       877.5405273438
622.489014       902.2283935547
622.830139       908.9614257813
623.171204       951.6040649414
623.512207       868.5631713867
623.853271       899.9840698242
624.194214      1025.6676025391
624.535095       938.1380004883
624.875916       938.1380004883
625.216797       915.6945190430
625.557617       868.5631713867
625.898315       942.6267089844
626.239075       967.3145141602
626.579712       915.6945190430
626.920349       902.2283935547
627.260864       850.6083374023
627.601440       864.0744628906
627.941895       931.4049072266
628.282410       906.7171020508
628.622803       902.2283935547
628.963135       913.4501342773
629.303528       911.2058105469
629.643799       882.0292358398
629.984070       965.0701904297
630.324219       942.6267089844
630.664429       965.0701904297
631.004517       873.0518798828
631.344604       882.0292358398
631.684631       870.8074951172
632.024597       924.6718750000
632.364624       807.9656982422
632.704529       810.2100830078
633.044373       873.0518798828
633.384155       911.2058105469
633.723999       920.1831665039
634.063782       929.1605834961
634.403442       870.8074951172
634.743042       944.8710327148
635.082764       929.1605834961
635.422302       864.0744628906
635.761841       933.6492919922
636.101318       888.7623291016
636.440796       915.6945190430
636.780212       922.4275512695
637.119507       911.2058105469
637.458862       904.4727172852
637.798157       992.0023803711
638.137451       897.7396850586
638.476563       906.7171020508
638.815735       929.1605834961
639.154907       949.3597412109
639.494019       882.0292358398
639.833008       911.2058105469
640.171997       873.0518798828
640.510925       938.1380004883
640.849854       857.3414306641
641.188660       830.4092407227
641.527527       899.9840698242
641.866333       875.2962036133
642.205078       935.8936157227
642.543762       929.1605834961
642.882446       908.9614257813
643.221008       931.4049072266
643.559570       884.2736206055
643.898071       904.4727172852
644.236572       886.5179443359
644.575073       861.8300781250
644.913452       859.5857543945
645.251831       899.9840698242
645.590149       920.1831665039
645.928406       922.4275512695
646.266602       825.9205322266
646.604858       969.5588989258
646.942932       911.2058105469
647.281128       913.4501342773
647.619141       897.7396850586
647.957214       924.6718750000
648.295166       917.9388427734
648.633057       902.2283935547
648.970947       929.1605834961
649.308838       819.1875000000
649.646606       837.1422729492
649.984436       953.8484497070
650.322144       922.4275512695
650.659851       926.9162597656
650.997498       848.3640136719
651.335022       911.2058105469
651.672607       917.9388427734
652.010132       949.3597412109
652.347595       944.8710327148
652.684998       893.2509765625
653.022461       870.8074951172
653.359802       830.4092407227
653.697021       958.3370971680
654.034302       940.3823242188
654.371521       904.4727172852
654.708740       864.0744628906
655.045837       947.1153564453
655.382935       897.7396850586
655.719971       980.7806396484
656.057007       899.9840698242
656.393921       902.2283935547
656.730835       920.1831665039
657.067749       875.2962036133
657.404602       879.7849121094
657.741333       926.9162597656
658.078064       917.9388427734
658.414795       886.5179443359
658.751465       875.2962036133
659.088074       868.5631713867
659.424683       951.6040649414
659.761230       852.8527221680
660.097717       877.5405273438
660.434143       855.0970458984
660.770569       956.0927734375
661.106934       904.4727172852
661.443298       922.4275512695
661.779541       949.3597412109
662.115784       902.2283935547
662.451965       866.3187866211
662.788086       875.2962036133
663.124268       967.3145141602
663.460266       917.9388427734
663.796265       935.8936157227
664.132324       870.8074951172
664.468201       884.2736206055
664.804077       873.0518798828
665.139954       911.2058105469
665.475769       855.0970458984
665.811523       933.6492919922
666.147278       958.3370971680
666.482971       873.0518798828
666.818542       877.5405273438
667.154236       944.8710327148
667.489685       908.9614257813
667.825195       938.1380004883
668.160706       875.2962036133
668.496094       920.1831665039
668.831421       875.2962036133
669.166809       828.1648559570
669.502136       886.5179443359
669.837402       857.3414306641
670.172546       868.5631713867
670.507751       891.0066528320
670.842834       859.5857543945
671.177917       915.6945190430
671.512878       877.5405273438
671.847961       886.5179443359
672.182861       902.2283935547
672.517761       855.0970458984
672.852600       864.0744628906
673.187439       879.7849121094
673.522217       913.4501342773
673.856934       931.4049072266
674.191650       877.5405273438
674.526306       895.4953613281
674.860901       870.8074951172
675.195435       962.8258056641
675.529968       897.7396850586
675.864441       920.1831665039
676.198853       855.0970458984
676.533264       830.4092407227
676.867554       868.5631713867
677.201843       886.5179443359
677.536133       962.8258056641
677.870361       895.4953613281
678.204529       873.0518798828
678.538635       913.4501342773
678.872742       875.2962036133
679.206787       915.6945190430
679.540710       830.4092407227
679.874695       965.0701904297
680.208618       908.9614257813
680.542480       884.2736206055
680.876282       866.3187866211
681.210083       884.2736206055
681.543823       908.9614257813
681.877502       953.8484497070
682.211121       891.0066528320
682.544739       879.7849121094
682.878357       976.2919311523
683.211853       911.2058105469
683.545227       888.7623291016
683.878723       917.9388427734
684.212097       920.1831665039
684.545471       929.1605834961
684.878723       908.9614257813
685.212036       895.4953613281
685.545227       866.3187866211
685.878418       935.8936157227
686.211487       940.3823242188
686.544556       931.4049072266
686.877625       899.9840698242
687.210632       895.4953613281
687.543518       931.4049072266
687.876465       891.0066528320
688.209290       893.2509765625
688.542114       902.2283935547
688.874878       828.1648559570
689.207642       866.3187866211
689.540344       924.6718750000
689.872986       895.4953613281
690.205566       877.5405273438
690.538147       899.9840698242
690.870667       924.6718750000
691.203125       920.1831665039
691.535461       958.3370971680
691.867920       917.9388427734
692.200256       989.7579956055
692.532593       960.5814819336
692.864807       949.3597412109
693.196960       864.0744628906
693.529114       922.4275512695
693.861267       980.7806396484
694.193420       917.9388427734
694.525391       895.4953613281
694.857361       969.5588989258
695.189270       902.2283935547
695.521240       965.0701904297
695.853027       893.2509765625
696.184814       958.3370971680
696.516663       873.0518798828
696.848389       917.9388427734
697.179993       888.7623291016
697.511658       899.9840698242
697.843262       938.1380004883
698.174805       886.5179443359
698.506287       938.1380004883
698.837708       938.1380004883
699.169189       931.4049072266
699.500549       899.9840698242
699.831787       850.6083374023
700.163147       886.5179443359
700.494385      1005.4684448242
700.825562       976.2919311523
701.156677       879.7849121094
701.487793       953.8484497070
701.818848       958.3370971680
702.149902       924.6718750000
702.480774       924.6718750000
702.811768       926.9162597656
703.142639       904.4727172852
703.473511       850.6083374023
703.804199       882.0292358398
704.135010       861.8300781250
704.465759       951.6040649414
704.796387       870.8074951172
705.126953       850.6083374023
705.457520       864.0744628906
705.788086       879.7849121094
706.118591       884.2736206055
706.448975       891.0066528320
706.779419       886.5179443359
707.109741       884.2736206055
707.440063       888.7623291016
707.770325       917.9388427734
708.100525       873.0518798828
708.430725       877.5405273438
708.760864       848.3640136719
709.090942       913.4501342773
709.420959       958.3370971680
709.750916       962.8258056641
710.080933       852.8527221680
710.410828       960.5814819336
710.740662       864.0744628906
711.070496       902.2283935547
711.400269       906.7171020508
711.729980       877.5405273438
712.059631       843.8753051758
712.389282       917.9388427734
712.718872       962.8258056641
713.048462       987.5136718750
713.377930       969.5588989258
713.707397       911.2058105469
714.036865       920.1831665039
714.366211       859.5857543945
714.695435       875.2962036133
715.024780       841.6309814453
715.354004       926.9162597656
715.683228       893.2509765625
716.012329       861.8300781250
716.341431       870.8074951172
716.670532       933.6492919922
716.999573       913.4501342773
717.328430       861.8300781250
717.657349       877.5405273438
717.986267       888.7623291016
718.315125       886.5179443359
718.643860       877.5405273438
718.972656       911.2058105469
719.301331       893.2509765625
719.630005       958.3370971680
719.958557       947.1153564453
720.287170       933.6492919922
720.615662       969.5588989258
720.944214       886.5179443359
721.272583       924.6718750000
721.600952       895.4953613281
721.929321       906.7171020508
722.257629       875.2962036133
722.585876       866.3187866211
722.914063       978.5362548828
723.242188       897.7396850586
723.570313       931.4049072266
723.898376       915.6945190430
724.226440       908.9614257813
724.554382       938.1380004883
724.882324       926.9162597656
725.210266       953.8484497070
725.538025       893.2509765625
725.865784       886.5179443359
726.193604       897.7396850586
726.521301       899.9840698242
726.848938       866.3187866211
727.176514       922.4275512695
727.504150       935.8936157227
727.831726       958.3370971680
728.159119       882.0292358398
728.486572       886.5179443359
728.813965       891.0066528320
729.141357       899.9840698242
729.468567       947.1153564453
729.795837       922.4275512695
730.123108       857.3414306641
730.450317       929.1605834961
730.777344       884.2736206055
731.104431       922.4275512695
731.431519       908.9614257813
731.758484       949.3597412109
732.085388       922.4275512695
732.412292       922.4275512695
732.739136       931.4049072266
733.065979       960.5814819336
733.392639       938.1380004883
733.719421       864.0744628906
734.046082       886.5179443359
734.372681       893.2509765625
734.699219       895.4953613281
735.025757       884.2736206055
735.352234       886.5179443359
735.678711       899.9840698242
736.005127       848.3640136719
736.331482       848.3640136719
736.657715       879.7849121094
736.984009       828.1648559570
737.310181       857.3414306641
737.636353       879.7849121094
737.962524       879.7849121094
738.288574       958.3370971680
738.614624       895.4953613281
738.940613       929.1605834961
739.266541       953.8484497070
739.592407       922.4275512695
739.918274       857.3414306641
740.244080       913.4501342773
740.569824       895.4953613281
740.895569       915.6945190430
741.221191       850.6083374023
741.546753       834.8978881836
741.872375       958.3370971680
742.197937       933.6492919922
742.523376       879.7849121094
742.848816       893.2509765625
743.174194       908.9614257813
743.499573       855.0970458984
743.824890       891.0066528320
744.150085       798.9883422852
744.475342       942.6267089844
744.800476       859.5857543945
745.125610       947.1153564453
745.450623       908.9614257813
745.775696       884.2736206055
746.100708       911.2058105469
746.425598       891.0066528320
746.750427       935.8936157227
747.075256       929.1605834961
747.400085       899.9840698242
747.724915       926.9162597656
748.049561       938.1380004883
748.374207       940.3823242188
748.698853       924.6718750000
749.023438       942.6267089844
749.347900       895.4953613281
749.672363       839.3865966797
749.996765       915.6945190430
750.321167       929.1605834961
750.645508       864.0744628906
750.969788       917.9388427734
751.294067       922.4275512695
751.618286       933.6492919922
751.942383       859.5857543945
752.266479       846.1196899414
752.590576       893.2509765625
752.914551       888.7623291016
753.238525       812.4544067383
753.562439       942.6267089844
753.886292       906.7171020508
754.210144       944.8710327148
754.533936       873.0518798828
754.857666       866.3187866211
755.181335       850.6083374023
755.505005       917.9388427734
755.828613       940.3823242188
756.152100       922.4275512695
756.475586       913.4501342773
756.799133       920.1831665039
757.122498       859.5857543945
757.445862       969.5588989258
757.769165       940.3823242188
758.092468       841.6309814453
758.415710       931.4049072266
758.738831       951.6040649414
759.061951       848.3640136719
759.385071       938.1380004883
759.708130       920.1831665039
760.031067       906.7171020508
760.354004       875.2962036133
760.676941       873.0518798828
760.999817       904.4727172852
761.322632       866.3187866211
761.645386       886.5179443359
761.968079       837.1422729492
762.290771       897.7396850586
762.613342       893.2509765625
762.935974       891.0066528320
763.258484       861.8300781250
763.580994       893.2509765625
763.903381       951.6040649414
764.225830       911.2058105469
764.548157       819.1875000000
764.870422       902.2283935547
765.192688       906.7171020508
765.514832       902.2283935547
765.837036       924.6718750000
766.159119       931.4049072266
766.481140       839.3865966797
766.803223       832.6535644531
767.125183       911.2058105469
767.447144       834.8978881836
767.768982       893.2509765625
768.090820       886.5179443359
768.412659       875.2962036133
768.734314       935.8936157227
769.056091       911.2058105469
769.377686       855.0970458984
769.699280       848.3640136719
770.020813       933.6492919922
770.342346       922.4275512695
770.663757       908.9614257813
770.985229       886.5179443359
771.306580       897.7396850586
771.627869       839.3865966797
771.949158       911.2058105469
772.270386       868.5631713867
772.591553       902.2283935547
772.912659       920.1831665039
773.233765       924.6718750000
773.554810       922.4275512695
773.875793       924.6718750000
774.196716       864.0744628906
774.517578       956.0927734375
774.838440       951.6040649414
775.159302       924.6718750000
775.480042       906.7171020508
775.800659       931.4049072266
776.121399       944.8710327148
776.441956       895.4953613281
776.762573       949.3597412109
777.083008       947.1153564453
777.403503       924.6718750000
777.723999       895.4953613281
778.044373       897.7396850586
778.364624       891.0066528320
778.684937       859.5857543945
779.005188       931.4049072266
779.325378       895.4953613281
779.645447       920.1831665039
779.965637       920.1831665039
780.285706       931.4049072266
780.605652       888.7623291016
780.925598       940.3823242188
781.245483       926.9162597656
781.565369       904.4727172852
781.885193       920.1831665039
782.204895       879.7849121094
782.524658       924.6718750000
782.844299       915.6945190430
783.163940       929.1605834961
783.483582       850.6083374023
783.803040       904.4727172852
784.122559       899.9840698242
784.442017       960.5814819336
784.761414       819.1875000000
785.080688       868.5631713867
785.400024       879.7849121094
785.719238       841.6309814453
786.038452       911.2058105469
786.357544       886.5179443359
786.676697       944.8710327148
786.995789       861.8300781250
787.314758       924.6718750000
787.633728       891.0066528320
787.952637      1009.9571533203
788.271484       965.0701904297
788.590271       942.6267089844
788.908997       944.8710327148
789.227783       884.2736206055
789.546448       891.0066528320
789.865112       870.8074951172
790.183655       843.8753051758
790.502197       944.8710327148
790.820679       875.2962036133
791.139099       960.5814819336
791.457520       886.5179443359
791.775879       873.0518798828
792.094116       879.7849121094
792.412415       895.4953613281
792.730530       933.6492919922
793.048767       938.1380004883
793.366821       888.7623291016
793.684937       904.4727172852
794.002869       902.2283935547
794.320862       879.7849121094
794.638733       846.1196899414
794.956665       917.9388427734
795.274414       891.0066528320
795.592224       940.3823242188
795.909912       879.7849121094
796.227661       821.4318237305
796.545227       897.7396850586
796.862854       908.9614257813
797.180359       931.4049072266
797.497864       859.5857543945
797.815308       904.4727172852
798.132629       917.9388427734
798.450012       841.6309814453
798.767273       940.3823242188
799.084595       828.1648559570
799.401733       886.5179443359
799.718933       920.1831665039
800.036011       974.0475463867
800.353027       931.4049072266
800.670044       895.4953613281
800.987000       947.1153564453
801.303894       938.1380004883
801.620850       960.5814819336
801.937561       895.4953613281
802.254333       956.0927734375
802.571106       947.1153564453
802.887817       902.2283935547
803.204346       841.6309814453
803.520935       893.2509765625
803.837463       886.5179443359
804.153992       846.1196899414
804.470337       819.1875000000
804.786743       877.5405273438
805.103027       915.6945190430
805.419434       888.7623291016
805.735535       873.0518798828
806.051758       873.0518798828
806.367920       861.8300781250
806.684021       913.4501342773
807.000000       855.0970458984
807.316040       931.4049072266
807.632019       882.0292358398
807.947876       882.0292358398
808.263672       906.7171020508
808.579529       924.6718750000
808.895325       913.4501342773
809.211060       969.5588989258
809.526611       922.4275512695
809.842224       926.9162597656
810.157837       920.1831665039
810.473389       879.7849121094
810.788757       884.2736206055
811.104187       920.1831665039
811.419617       807.9656982422
811.734924       920.1831665039
812.050171       906.7171020508
812.365417       888.7623291016
812.680542       884.2736206055
812.995728       879.7849121094
813.310852       911.2058105469
813.625854       904.4727172852
813.940796       908.9614257813
814.255798       861.8300781250
814.570679       875.2962036133
814.885498       861.8300781250
815.200256       915.6945190430
815.515015       857.3414306641
815.829651       837.1422729492
816.144287       868.5631713867
816.458923       897.7396850586
816.773438       949.3597412109
817.087952       884.2736206055
817.402344       855.0970458984
817.716797       832.6535644531
818.031189       873.0518798828
818.345520       879.7849121094
818.659668       891.0066528320
818.973877       857.3414306641
819.288086       848.3640136719
819.602173       875.2962036133
819.916199       920.1831665039
820.230225       913.4501342773
820.544189       974.0475463867
820.858154       947.1153564453
821.171997       953.8484497070
821.485779       891.0066528320
821.799561       897.7396850586
822.113281       911.2058105469
822.426880       911.2058105469
822.740540       861.8300781250
823.054138       875.2962036133
823.367676       884.2736206055
823.681152       891.0066528320
823.994568       938.1380004883
824.307922       911.2058105469
824.621277       920.1831665039
824.934509       888.7623291016
825.247742       924.6718750000
825.560913       949.3597412109
825.874146       978.5362548828
826.187134       922.4275512695
826.500183       899.9840698242
826.813171       940.3823242188
827.126160       875.2962036133
827.439026       920.1831665039
827.751831       915.6945190430
828.064636       953.8484497070
828.377380       859.5857543945
828.690063       915.6945190430
829.002686       949.3597412109
829.315308       886.5179443359
829.627869       911.2058105469
829.940308       902.2283935547
830.252808       917.9388427734
830.565125       893.2509765625
830.877563       931.4049072266
831.189880       962.8258056641
831.502075       868.5631713867
831.814270       886.5179443359
832.126465       962.8258056641
832.438599       920.1831665039
832.750549       879.7849121094
833.062622       951.6040649414
833.374512       929.1605834961
833.686462       888.7623291016
833.998291       893.2509765625
834.310120       949.3597412109
834.621887       893.2509765625
834.933594       877.5405273438
835.245239       911.2058105469
835.556885       917.9388427734
835.868408       857.3414306641
836.179932       980.7806396484
836.491333       888.7623291016
836.802795       864.0744628906
837.114197       864.0744628906
837.425537       929.1605834961
837.736694       848.3640136719
838.047913       976.2919311523
838.359131       846.1196899414
838.670227       830.4092407227
838.981262       940.3823242188
839.292358       897.7396850586
839.603333       902.2283935547
839.914246       879.7849121094
840.225037       922.4275512695
840.535889       924.6718750000
840.846680       911.2058105469
841.157410       904.4727172852
841.468079       906.7171020508
841.778687       904.4727172852
842.089233       832.6535644531
842.399780       926.9162597656
842.710266       870.8074951172
843.020691       953.8484497070
843.331055       929.1605834961
843.641418       882.0292358398
843.951721       877.5405273438
844.261841       998.7354125977
844.572083       783.2778930664
844.882202       870.8074951172
845.192261       922.4275512695
845.502258       917.9388427734
845.812256       947.1153564453
846.122192       877.5405273438
846.432068       913.4501342773
846.741882       875.2962036133
847.051636       875.2962036133
847.361389       864.0744628906
847.671143      1021.1788940430
847.980713       942.6267089844
848.290283       949.3597412109
848.599792       893.2509765625
848.909302       944.8710327148
849.218689       897.7396850586
849.528076       848.3640136719
849.837463       859.5857543945
850.146790       913.4501342773
850.455933       897.7396850586
850.765137       935.8936157227
851.074280       899.9840698242
851.383362       882.0292358398
851.692383       951.6040649414
852.001343       933.6492919922
852.310303       940.3823242188
852.619202       971.8032226563
852.927979       983.0249633789
853.236816       893.2509765625
853.545532       940.3823242188
853.854248       897.7396850586
854.162842       846.1196899414
854.471436       908.9614257813
854.779968       855.0970458984
855.088440       956.0927734375
855.396851       938.1380004883
855.705200       895.4953613281
856.013611       895.4953613281
856.321899       888.7623291016
856.630127       911.2058105469
856.938293       877.5405273438
857.246399       886.5179443359
857.554504       926.9162597656
857.862549       949.3597412109
858.170471       870.8074951172
858.478394       870.8074951172
858.786316       855.0970458984
859.094177       902.2283935547
859.401917       888.7623291016
859.709656       908.9614257813
860.017334       924.6718750000
860.324951       852.8527221680
860.632507       917.9388427734
860.940063       855.0970458984
861.247559       888.7623291016
861.555054       891.0066528320
861.862366       922.4275512695
862.169739       886.5179443359
862.476990       873.0518798828
862.784241       866.3187866211
863.091370       839.3865966797
863.398499       891.0066528320
863.705627       926.9162597656
864.012634       888.7623291016
864.319519       857.3414306641
864.626526       852.8527221680
864.933350       857.3414306641
865.240234       857.3414306641
865.546936       839.3865966797
865.853699       841.6309814453
866.160400       911.2058105469
866.466980       899.9840698242
866.773560       870.8074951172
867.080078       911.2058105469
867.386536       915.6945190430
867.692993       891.0066528320
867.999329       965.0701904297
868.305664       899.9840698242
868.611938       873.0518798828
868.918152       917.9388427734
869.224304       886.5179443359
869.530457       906.7171020508
869.836487       931.4049072266
870.142517       879.7849121094
870.448547       904.4727172852
870.754395       989.7579956055
871.060242       868.5631713867
871.366089       911.2058105469
871.671814       920.1831665039
871.977539       929.1605834961
872.283203       834.8978881836
872.588806       922.4275512695
872.894409       861.8300781250
873.199890       929.1605834961
873.505371       906.7171020508
873.810730       830.4092407227
874.116150       873.0518798828
874.421387       857.3414306641
874.726685       870.8074951172
875.031860       868.5631713867
875.337097       920.1831665039
875.642090       855.0970458984
875.947205       929.1605834961
876.252197       846.1196899414
876.557129       866.3187866211
876.862000       832.6535644531
877.166870       895.4953613281
877.471680       846.1196899414
877.776428       920.1831665039
878.081116       983.0249633789
878.385742       933.6492919922
878.690369       904.4727172852
878.994873       882.0292358398
879.299316       951.6040649414
879.603821       895.4953613281
879.908203       933.6492919922
880.212585       938.1380004883
880.516846       873.0518798828
880.821106       904.4727172852
881.125244       913.4501342773
881.429382       951.6040649414
881.733459       877.5405273438
882.037537       857.3414306641
882.341492       861.8300781250
882.645447       899.9840698242
882.949280       906.7171020508
883.253113       875.2962036133
883.556885       913.4501342773
883.860657       879.7849121094
884.164307       940.3823242188
884.467896       965.0701904297
884.771484       864.0744628906
885.075073       933.6492919922
885.378540       917.9388427734
885.681885       915.6945190430
885.985291       895.4953613281
886.288635       926.9162597656
886.591858       891.0066528320
886.895020       848.3640136719
887.198242       882.0292358398
887.501343       974.0475463867
887.804443       897.7396850586
888.107422       913.4501342773
888.410400       949.3597412109
888.713257       962.8258056641
889.016174       888.7623291016
889.318909       917.9388427734
889.621643       947.1153564453
889.924377       861.8300781250
890.227051       908.9614257813
890.529602       852.8527221680
890.832153       926.9162597656
891.134705       832.6535644531
891.437134       891.0066528320
891.739441       828.1648559570
892.041870       902.2283935547
892.344116       877.5405273438
892.646362       893.2509765625
892.948486       857.3414306641
893.250671       906.7171020508
893.552734       886.5179443359
893.854797       924.6718750000
894.156738       917.9388427734
894.458618       920.1831665039
894.760559       904.4727172852
895.062378       929.1605834961
895.364136       951.6040649414
895.665894       922.4275512695
895.967590       924.6718750000
896.269165       875.2962036133
896.570679       920.1831665039
896.872192       924.6718750000
897.173706       949.3597412109
897.475159       980.7806396484
897.776428       922.4275512695
898.077759       819.1875000000
