0.193000
190.489868         0.0000000000
190.870819         0.0000000000
191.251740       859.7303466797
191.632629       879.7240600586
192.013474       819.7428588867
192.394302       901.9393310547
192.775101       981.9142456055
193.155838       937.4837036133
193.536575      1013.0156250000
193.917267       924.1546020508
194.297943      1044.1169433594
194.678574       933.0407104492
195.059174       993.0218505859
195.439743      1008.5725708008
195.820282       901.9393310547
196.200790      1015.2371215820
196.581268       977.4711914063
196.961700       939.7052612305
197.342117       928.5976562500
197.722488      1039.6739501953
198.102829       986.3572998047
198.483154       961.9205322266
198.863434       937.4837036133
199.243698       964.1420288086
199.623901      1068.5537109375
200.004089       966.3635864258
200.384247       939.7052612305
200.764389      1021.9016723633
201.144485       924.1546020508
201.524536       961.9205322266
201.904572       895.2747192383
202.284561       977.4711914063
202.664520       977.4711914063
203.044449      1037.4523925781
203.424362       981.9142456055
203.804214      1017.4586181641
204.184067       970.8066406250
204.563858       957.4774780273
204.943649       913.0469360352
205.323380       921.9330444336
205.703094       995.2434082031
206.082764       939.7052612305
206.462418       966.3635864258
206.842026       973.0281372070
207.221588       964.1420288086
207.601166      1001.9079589844
207.980667       941.9267578125
208.360153       964.1420288086
208.739609       899.7177734375
209.119034       895.2747192383
209.498428       877.5025634766
209.877777       895.2747192383
210.257111       950.8128662109
210.636398       948.5913696289
211.015656       928.5976562500
211.394882       984.1357421875
211.774094       850.8442382813
212.153244       901.9393310547
212.532394       921.9330444336
212.911484       973.0281372070
213.290543       964.1420288086
213.669571       988.5787963867
214.048584       968.5850830078
214.427567       937.4837036133
214.806488       957.4774780273
215.185410       937.4837036133
215.564270       919.7115478516
215.943115      1024.1231689453
216.321930       999.6864624023
216.700714       946.3698120117
217.079437       901.9393310547
217.458176      1010.7940673828
217.836838       957.4774780273
218.215485       933.0407104492
218.594101       926.3760986328
218.972687       973.0281372070
219.351227       975.2496337891
219.729752       975.2496337891
220.108246       928.5976562500
220.486694       979.6926879883
220.865128       937.4837036133
221.243515       866.3948974609
221.621872       917.4899902344
222.000183       926.3760986328
222.378494       919.7115478516
222.756744       973.0281372070
223.134964      1017.4586181641
223.513153       948.5913696289
223.891327      1028.5662841797
224.269455       944.1483154297
224.647552       915.2684936523
225.025620       977.4711914063
225.403656       930.8191528320
225.781647       919.7115478516
226.159622       895.2747192383
226.537552       997.4649047852
226.915436       984.1357421875
227.293335       953.0344238281
227.671158      1019.6801757813
228.048950       955.2559204102
228.426727       953.0344238281
228.804459      1026.3447265625
229.182175       881.9456176758
229.559845      1021.9016723633
229.937500       921.9330444336
230.315094       961.9205322266
230.692673       906.3823852539
231.070221       966.3635864258
231.447723      1004.1295166016
231.825180       939.7052612305
232.202652       937.4837036133
232.580048       955.2559204102
232.957428       959.6989746094
233.334778      1001.9079589844
233.712097      1006.3510131836
234.089386       928.5976562500
234.466614       913.0469360352
234.843842       973.0281372070
235.221024       866.3948974609
235.598175      1001.9079589844
235.975281       961.9205322266
236.352386       993.0218505859
236.729431       926.3760986328
237.106445       997.4649047852
237.483414       928.5976562500
237.860382       939.7052612305
238.237305       906.3823852539
238.614182       941.9267578125
238.991043       928.5976562500
239.367859       948.5913696289
239.744644       910.8254394531
240.121414       904.1608276367
240.498138       901.9393310547
240.874817       941.9267578125
241.251480       937.4837036133
241.628098       910.8254394531
242.004700       977.4711914063
242.381241       930.8191528320
242.757782       917.4899902344
243.134262       953.0344238281
243.510727       984.1357421875
243.887146       966.3635864258
244.263535       910.8254394531
244.639893       973.0281372070
245.016220       908.6038818359
245.392517       913.0469360352
245.768768       924.1546020508
246.145020       930.8191528320
246.521194       930.8191528320
246.897354       841.9581298828
247.273483       935.2622070313
247.649567       824.1859130859
248.025650       926.3760986328
248.401672       915.2684936523
248.777664       933.0407104492
249.153641       915.2684936523
249.529556      1004.1295166016
249.905457       901.9393310547
250.281326       930.8191528320
250.657135       995.2434082031
251.032959       899.7177734375
251.408707      1001.9079589844
251.784424       984.1357421875
252.160126       921.9330444336
252.535797       906.3823852539
252.911423       984.1357421875
253.287018       906.3823852539
253.662582       879.7240600586
254.038116       913.0469360352
254.413605       988.5787963867
254.789063       930.8191528320
255.164505       919.7115478516
255.539886      1010.7940673828
255.915268       941.9267578125
256.290588       957.4774780273
256.665894       908.6038818359
257.041168       913.0469360352
257.416351       953.0344238281
257.791565       979.6926879883
258.166779       944.1483154297
258.541870       988.5787963867
258.916962       908.6038818359
259.292023       930.8191528320
259.667023       899.7177734375
260.042053       910.8254394531
260.416992       917.4899902344
260.791931       888.6101684570
261.166809      1001.9079589844
261.541687       895.2747192383
261.916504       904.1608276367
262.291321       973.0281372070
262.666077       875.2810058594
263.040802       970.8066406250
263.415497       919.7115478516
263.790161       939.7052612305
264.164795       919.7115478516
264.539368       984.1357421875
264.913910       966.3635864258
265.288452       979.6926879883
265.662964       913.0469360352
266.037384       935.2622070313
266.411865       948.5913696289
266.786224       935.2622070313
267.160583       977.4711914063
267.534912       921.9330444336
267.909210      1017.4586181641
268.283447       966.3635864258
268.657654       881.9456176758
269.031860       886.3886718750
269.406006       948.5913696289
269.780151       844.1796875000
270.154236       859.7303466797
270.528290       928.5976562500
270.902283      1001.9079589844
271.276306       948.5913696289
271.650238       944.1483154297
272.024170       946.3698120117
272.398041       961.9205322266
272.771881       939.7052612305
273.145721      1008.5725708008
273.519531       881.9456176758
273.893219       893.0532226563
274.266937       944.1483154297
274.640656       955.2559204102
275.014282       957.4774780273
275.387909       955.2559204102
275.761475       964.1420288086
276.135040       906.3823852539
276.508514       930.8191528320
276.882019       986.3572998047
277.255463      1037.4523925781
277.628906      1010.7940673828
278.002258       921.9330444336
278.375549       968.5850830078
278.748901       955.2559204102
279.122162       964.1420288086
279.495392      1004.1295166016
279.868622       926.3760986328
280.241791       921.9330444336
280.614929       990.8003540039
280.988007       917.4899902344
281.361084       977.4711914063
281.734131      1006.3510131836
282.107117       917.4899902344
282.480072       941.9267578125
282.853027       975.2496337891
283.225952       975.2496337891
283.598785       950.8128662109
283.971619       906.3823852539
284.344452       928.5976562500
284.717194       890.8317260742
285.089905       924.1546020508
285.462616       941.9267578125
285.835297      1008.5725708008
286.207886       928.5976562500
286.580475       937.4837036133
286.953064       975.2496337891
287.325592       968.5850830078
287.698059      1010.7940673828
288.070496       937.4837036133
288.442963       970.8066406250
288.815308       917.4899902344
289.187683       953.0344238281
289.559998       959.6989746094
289.932281      1017.4586181641
290.304504      1006.3510131836
290.676727       897.4962768555
291.048920       977.4711914063
291.421082       937.4837036133
291.793182       895.2747192383
292.165222       870.8379516602
292.537292       913.0469360352
292.909332       904.1608276367
293.281281      1001.9079589844
293.653198       968.5850830078
294.025116       988.5787963867
294.397003       906.3823852539
294.768860      1008.5725708008
295.140656       959.6989746094
295.512390       944.1483154297
295.884125       966.3635864258
296.255829       961.9205322266
296.627502       890.8317260742
296.999146      1010.7940673828
297.370728       881.9456176758
297.742249       988.5787963867
298.113831       908.6038818359
298.485291       910.8254394531
298.856781       990.8003540039
299.228149       930.8191528320
299.599579       995.2434082031
299.970917       861.9518432617
300.342224       993.0218505859
300.713531       959.6989746094
301.084778       924.1546020508
301.455994       917.4899902344
301.827148       975.2496337891
302.198334       935.2622070313
302.569427       957.4774780273
302.940521       906.3823852539
303.311554       906.3823852539
303.682556       935.2622070313
304.053528       990.8003540039
304.424469       908.6038818359
304.795380       986.3572998047
305.166260       899.7177734375
305.537048       984.1357421875
305.907837       984.1357421875
306.278625       950.8128662109
306.649384       935.2622070313
307.020050       953.0344238281
307.390686       875.2810058594
307.761353       895.2747192383
308.131897       884.1671142578
308.502502       877.5025634766
308.872986       850.8442382813
309.243500      1013.0156250000
309.613922       930.8191528320
309.984344       930.8191528320
310.354736       984.1357421875
310.725098       966.3635864258
311.095398       935.2622070313
311.465637       950.8128662109
311.835907       995.2434082031
312.206116       906.3823852539
312.576294       919.7115478516
312.946411       928.5976562500
313.316528       964.1420288086
313.686584       933.0407104492
314.056610       921.9330444336
314.426605       959.6989746094
314.796570       919.7115478516
315.166504       968.5850830078
315.536377       875.2810058594
315.906250      1015.2371215820
316.276093       973.0281372070
316.645844       973.0281372070
317.015594      1021.9016723633
317.385315       955.2559204102
317.755035       993.0218505859
318.124603       941.9267578125
318.494263      1001.9079589844
318.863831       868.6164550781
319.233368       946.3698120117
319.602875       984.1357421875
319.972351       957.4774780273
320.341797       964.1420288086
320.711182       984.1357421875
321.080536       979.6926879883
321.449890       981.9142456055
321.819183       937.4837036133
322.188446       944.1483154297
322.557648       939.7052612305
322.926880       926.3760986328
323.295990       975.2496337891
323.665100       950.8128662109
324.034210       937.4837036133
324.403259       986.3572998047
324.772247       955.2559204102
325.141205       910.8254394531
325.510193       977.4711914063
325.879120       930.8191528320
326.247955       975.2496337891
326.616791       913.0469360352
326.985596       935.2622070313
327.354340       941.9267578125
327.723053      1008.5725708008
328.091797       959.6989746094
328.460449       950.8128662109
328.829071       950.8128662109
329.197632       939.7052612305
329.566193       946.3698120117
329.934753      1006.3510131836
330.303192       906.3823852539
330.671631       977.4711914063
331.040070       997.4649047852
331.408478       830.8505249023
331.776794       913.0469360352
332.145081       935.2622070313
332.513367       935.2622070313
332.881592       977.4711914063
333.249756       921.9330444336
333.617920       997.4649047852
333.986084      1019.6801757813
334.354156       886.3886718750
334.722229       957.4774780273
335.090240       895.2747192383
335.458252       990.8003540039
335.826202       979.6926879883
336.194092       933.0407104492
336.561951      1008.5725708008
336.929779       935.2622070313
337.297577      1017.4586181641
337.665375       933.0407104492
338.033142       895.2747192383
338.400787       973.0281372070
338.768463       955.2559204102
339.136108       990.8003540039
339.503693       950.8128662109
339.871246       935.2622070313
340.238770       941.9267578125
340.606262       917.4899902344
340.973755       959.6989746094
341.341125       948.5913696289
341.708527       904.1608276367
342.075867       928.5976562500
342.443146       910.8254394531
342.810425       990.8003540039
343.177673       955.2559204102
343.544861       906.3823852539
343.912018       986.3572998047
344.279114      1028.5662841797
344.646271       937.4837036133
345.013336       944.1483154297
345.380341       855.2872924805
345.747314       870.8379516602
346.114258      1019.6801757813
346.481171       919.7115478516
346.848022       966.3635864258
347.214905       928.5976562500
347.581726       897.4962768555
347.948456       964.1420288086
348.315186       959.6989746094
348.681885       964.1420288086
349.048584       910.8254394531
349.415161       937.4837036133
349.781738       933.0407104492
350.148346       984.1357421875
350.514862       935.2622070313
350.881287       993.0218505859
351.247742       964.1420288086
351.614197       990.8003540039
351.980530       990.8003540039
352.346863      1039.6739501953
352.713165       961.9205322266
353.079437       926.3760986328
353.445679      1013.0156250000
353.811859       917.4899902344
354.178009       895.2747192383
354.544159      1019.6801757813
354.910217       941.9267578125
355.276276       919.7115478516
355.642303       946.3698120117
356.008270       888.6101684570
356.374176       897.4962768555
356.740112      1039.6739501953
357.105988       906.3823852539
357.471802       893.0532226563
357.837585       881.9456176758
358.203339       899.7177734375
358.569092       946.3698120117
358.934753       957.4774780273
359.300415       966.3635864258
359.666016       921.9330444336
360.031616       908.6038818359
360.397125       948.5913696289
360.762634       890.8317260742
361.128143       864.1734008789
361.493530       984.1357421875
361.858917       957.4774780273
362.224274       959.6989746094
362.589630       959.6989746094
362.954895       990.8003540039
363.320160       935.2622070313
363.685394       930.8191528320
364.050568       937.4837036133
364.415680       921.9330444336
364.780792       961.9205322266
365.145874       964.1420288086
365.510895       966.3635864258
365.875854       953.0344238281
366.240845      1024.1231689453
366.605774       977.4711914063
366.970642      1004.1295166016
367.335480       930.8191528320
367.700317       888.6101684570
368.065125       926.3760986328
368.429840       986.3572998047
368.794525       961.9205322266
369.159241       964.1420288086
369.523834       915.2684936523
369.888397       904.1608276367
370.252991       910.8254394531
370.617554       919.7115478516
370.981995       913.0469360352
371.346436       935.2622070313
371.710846       993.0218505859
372.075256       935.2622070313
372.439545       928.5976562500
372.803864       935.2622070313
373.168121       957.4774780273
373.532379      1010.7940673828
373.896545      1008.5725708008
374.260681       959.6989746094
374.624847       901.9393310547
374.988892       884.1671142578
375.352936       915.2684936523
375.716949       924.1546020508
376.080933      1019.6801757813
376.444855      1006.3510131836
376.808716       933.0407104492
377.172638      1008.5725708008
377.536469       913.0469360352
377.900208       928.5976562500
378.263947       988.5787963867
378.627686       981.9142456055
378.991364       893.0532226563
379.354980       881.9456176758
379.718628       924.1546020508
380.082214      1021.9016723633
380.445709       961.9205322266
380.809174       944.1483154297
381.172668       939.7052612305
381.536072       933.0407104492
381.899475       948.5913696289
382.262787       888.6101684570
382.626129       895.2747192383
382.989380       877.5025634766
383.352631       968.5850830078
383.715790       961.9205322266
384.078979       999.6864624023
384.442078       897.4962768555
384.805145       973.0281372070
385.168243       879.7240600586
385.531250       877.5025634766
385.894226       895.2747192383
386.257141       979.6926879883
386.620056       901.9393310547
386.982941       964.1420288086
387.345734       975.2496337891
387.708527      1055.2246093750
388.071289      1046.3385009766
388.433990       977.4711914063
388.796661       961.9205322266
389.159332       859.7303466797
389.521942       977.4711914063
389.884491       973.0281372070
390.247040       961.9205322266
390.609528       944.1483154297
390.971985       924.1546020508
391.334412       939.7052612305
391.696747       964.1420288086
392.059143       939.7052612305
392.421478       928.5976562500
392.783691       961.9205322266
393.145935       941.9267578125
393.508148      1001.9079589844
393.870270       893.0532226563
394.232391       921.9330444336
394.594482       937.4837036133
394.956573       870.8379516602
395.318542       961.9205322266
395.680511       937.4837036133
396.042450       964.1420288086
396.404388       901.9393310547
396.766235       919.7115478516
397.128021       906.3823852539
397.489838       988.5787963867
397.851563       959.6989746094
398.213257       930.8191528320
398.574951      1015.2371215820
398.936615       879.7240600586
399.298187       966.3635864258
399.659729       895.2747192383
400.021271      1001.9079589844
400.382751       924.1546020508
400.744202      1013.0156250000
401.105621       897.4962768555
401.466980       919.7115478516
401.828339       895.2747192383
402.189606       870.8379516602
402.550873       968.5850830078
402.912140       944.1483154297
403.273285       990.8003540039
403.634430       957.4774780273
403.995544       964.1420288086
404.356659       941.9267578125
404.717651       910.8254394531
405.078674      1004.1295166016
405.439636       950.8128662109
405.800568       944.1483154297
406.161438       935.2622070313
406.522278       950.8128662109
406.883118       926.3760986328
407.243866       901.9393310547
407.604584       910.8254394531
407.965302       919.7115478516
408.325989       910.8254394531
408.686584       961.9205322266
409.047150       968.5850830078
409.407715       966.3635864258
409.768250       886.3886718750
410.128723       915.2684936523
410.489136       981.9142456055
410.849518       928.5976562500
411.209900       948.5913696289
411.570190       928.5976562500
411.930511       995.2434082031
412.290741       928.5976562500
412.650940       948.5913696289
413.011078       968.5850830078
413.371246       970.8066406250
413.731354       913.0469360352
414.091400       984.1357421875
414.451385       924.1546020508
414.811401       897.4962768555
415.171356       946.3698120117
415.531281       926.3760986328
415.891113       901.9393310547
416.250946       944.1483154297
416.610718       933.0407104492
416.970490       953.0344238281
417.330200       990.8003540039
417.689911       870.8379516602
418.049530       973.0281372070
418.409119       933.0407104492
418.768707       913.0469360352
419.128235       984.1357421875
419.487701       910.8254394531
419.847137       933.0407104492
420.206573       959.6989746094
420.565948       937.4837036133
420.925232       868.6164550781
421.284576       948.5913696289
421.643860       937.4837036133
422.003052       944.1483154297
422.362213       921.9330444336
422.721375       986.3572998047
423.080536       930.8191528320
423.439575       939.7052612305
423.798584       977.4711914063
424.157593       921.9330444336
424.516571       910.8254394531
424.875458       990.8003540039
425.234314       944.1483154297
425.593201       904.1608276367
425.951965       968.5850830078
426.310699       941.9267578125
426.669495       959.6989746094
427.028168       953.0344238281
427.386810       881.9456176758
427.745392      1021.9016723633
428.103973       921.9330444336
428.462524       919.7115478516
428.821045       904.1608276367
429.179504       924.1546020508
429.537903       950.8128662109
429.896271       941.9267578125
430.254608       879.7240600586
430.612915       899.7177734375
430.971222       964.1420288086
431.329437       997.4649047852
431.687622       957.4774780273
432.045776       935.2622070313
432.403900       979.6926879883
432.761993       917.4899902344
433.119995       941.9267578125
433.477997      1017.4586181641
433.835968       913.0469360352
434.193909       959.6989746094
434.551758       946.3698120117
434.909637       924.1546020508
435.267395      1004.1295166016
435.625183       930.8191528320
435.982910       873.0595092773
436.340607       970.8066406250
436.698273       926.3760986328
437.055878       957.4774780273
437.413452       964.1420288086
437.770996       904.1608276367
438.128479       948.5913696289
438.485962       895.2747192383
438.843384       906.3823852539
439.200775       964.1420288086
439.558136       855.2872924805
439.915405       910.8254394531
440.272705      1030.7878417969
440.629883       926.3760986328
440.987091       999.6864624023
441.344238       995.2434082031
441.701355       970.8066406250
442.058441       897.4962768555
442.415436       919.7115478516
442.772461       939.7052612305
443.129425       961.9205322266
443.486359       966.3635864258
443.843231       950.8128662109
444.200104       906.3823852539
444.556885       897.4962768555
444.913635       935.2622070313
445.270355       921.9330444336
445.627075       950.8128662109
445.983704       986.3572998047
446.340302       973.0281372070
446.696869       915.2684936523
447.053436       966.3635864258
447.409912       955.2559204102
447.766357       953.0344238281
448.122803       959.6989746094
448.479156       977.4711914063
448.835510       899.7177734375
449.191772       933.0407104492
449.548096       913.0469360352
449.904297       955.2559204102
450.260437       961.9205322266
450.616608       924.1546020508
450.972687       917.4899902344
451.328796       921.9330444336
451.684814       948.5913696289
452.040833       950.8128662109
452.396729       977.4711914063
452.752655       977.4711914063
453.108551       904.1608276367
453.464355       984.1357421875
453.820160       966.3635864258
454.175934       921.9330444336
454.531616       924.1546020508
454.887299       939.7052612305
455.242950       950.8128662109
455.598541       961.9205322266
455.954102       930.8191528320
456.309601       921.9330444336
456.665131       921.9330444336
457.020538       997.4649047852
457.375977       973.0281372070
457.731323       935.2622070313
458.086670       970.8066406250
458.441956       901.9393310547
458.797211       946.3698120117
459.152405       984.1357421875
459.507538       959.6989746094
459.862701       893.0532226563
460.217773      1013.0156250000
460.572845      1010.7940673828
460.927856       921.9330444336
461.282837      1001.9079589844
461.637756      1024.1231689453
461.992645       964.1420288086
462.347504       919.7115478516
462.702332       955.2559204102
463.057129       981.9142456055
463.411835       959.6989746094
463.766541       948.5913696289
464.121185       897.4962768555
464.475830       897.4962768555
464.830383      1015.2371215820
465.184937       959.6989746094
465.539429       901.9393310547
465.893921       955.2559204102
466.248322       977.4711914063
466.602753       924.1546020508
466.957062       908.6038818359
467.311371      1048.5600585938
467.665619       895.2747192383
468.019897       926.3760986328
468.374054       884.1671142578
468.728180       928.5976562500
469.082306       955.2559204102
469.436371       977.4711914063
469.790405       899.7177734375
470.144379       959.6989746094
470.498352       921.9330444336
470.852264       917.4899902344
471.206146       946.3698120117
471.559967       917.4899902344
471.913788       975.2496337891
472.267487       913.0469360352
472.621246       968.5850830078
472.974915       910.8254394531
473.328522       957.4774780273
473.682129       961.9205322266
474.035675       950.8128662109
474.389191       904.1608276367
474.742676       941.9267578125
475.096130       917.4899902344
475.449493       966.3635864258
475.802856       937.4837036133
476.156189       950.8128662109
476.509460      1046.3385009766
476.862732       919.7115478516
477.215912       910.8254394531
477.569061       950.8128662109
477.922150       988.5787963867
478.275299       893.0532226563
478.628296       930.8191528320
478.981323       966.3635864258
479.334259       946.3698120117
479.687195       933.0407104492
480.040070       966.3635864258
480.392914       915.2684936523
480.745728       959.6989746094
481.098511       915.2684936523
481.451202       986.3572998047
481.803925       950.8128662109
482.156525      1010.7940673828
482.509125       946.3698120117
482.861694       970.8066406250
483.214233       964.1420288086
483.566711       888.6101684570
483.919128       910.8254394531
484.271576       915.2684936523
484.623901       935.2622070313
484.976257       846.4011840820
485.328522       913.0469360352
485.680786       950.8128662109
486.032959       926.3760986328
486.385132       841.9581298828
486.737274       944.1483154297
487.089325       895.2747192383
487.441376       953.0344238281
487.793396       990.8003540039
488.145386       941.9267578125
488.497284       928.5976562500
488.849182       859.7303466797
489.201019       884.1671142578
489.552826       928.5976562500
489.904572       993.0218505859
490.256317       939.7052612305
490.608002       959.6989746094
490.959656       955.2559204102
491.311249       924.1546020508
491.662811       961.9205322266
492.014343       990.8003540039
492.365814      1008.5725708008
492.717285       930.8191528320
493.068665       917.4899902344
493.420044       853.0657958984
493.771362       999.6864624023
494.122650       933.0407104492
494.473877      1015.2371215820
494.825104       930.8191528320
495.176270       977.4711914063
495.527374       990.8003540039
495.878479       924.1546020508
496.229492      1028.5662841797
496.580536       981.9142456055
496.931458       919.7115478516
497.282379       841.9581298828
497.633270       968.5850830078
497.984131       979.6926879883
498.334900       924.1546020508
498.685669       917.4899902344
499.036377       921.9330444336
499.387115       944.1483154297
499.737701       926.3760986328
500.088318       997.4649047852
500.438904       908.6038818359
500.789429       946.3698120117
501.139893       924.1546020508
501.490295       924.1546020508
501.840729       973.0281372070
502.191040       915.2684936523
502.541382      1010.7940673828
502.891663       941.9267578125
503.241913       984.1357421875
503.592133       964.1420288086
503.942322       984.1357421875
504.292358       935.2622070313
504.642395       899.7177734375
504.992432       941.9267578125
505.342468       917.4899902344
505.692413       906.3823852539
506.042358       950.8128662109
506.392242       993.0218505859
506.742035       979.6926879883
507.091858       890.8317260742
507.441528       937.4837036133
507.791290       919.7115478516
508.140961       893.0532226563
508.490601       928.5976562500
508.840210       921.9330444336
509.189697       961.9205322266
509.539215       953.0344238281
509.888641       881.9456176758
510.238098       970.8066406250
510.587494       950.8128662109
510.936859       959.6989746094
511.286194       915.2684936523
511.635498       935.2622070313
511.984650       910.8254394531
512.333862       921.9330444336
512.682922       937.4837036133
513.032043       968.5850830078
513.381104       953.0344238281
513.730164       939.7052612305
514.079163       915.2684936523
514.428040       841.9581298828
514.776978       906.3823852539
515.125793       910.8254394531
515.474609       961.9205322266
515.823425       968.5850830078
516.172180       868.6164550781
516.520813       915.2684936523
516.869568       908.6038818359
517.218079       948.5913696289
517.566650       993.0218505859
517.915161       857.5087890625
518.263672       935.2622070313
518.612183       864.1734008789
518.960571       901.9393310547
519.308899       984.1357421875
519.657227      1001.9079589844
520.005554       935.2622070313
520.353699       968.5850830078
520.701904      1053.0030517578
521.050110       924.1546020508
521.398254       948.5913696289
521.746338       924.1546020508
522.094421       979.6926879883
522.442383       915.2684936523
522.790222       935.2622070313
523.138184       906.3823852539
523.486145       908.6038818359
523.833984       999.6864624023
524.181763       884.1671142578
524.529541       953.0344238281
524.877197      1037.4523925781
525.224915       910.8254394531
525.572449       975.2496337891
525.920105       973.0281372070
526.267639       968.5850830078
526.615173       937.4837036133
526.962646       895.2747192383
527.309998       953.0344238281
527.657410       955.2559204102
528.004700       881.9456176758
528.351990       933.0407104492
528.699280       937.4837036133
529.046509       897.4962768555
529.393677       941.9267578125
529.740845       921.9330444336
530.087891       984.1357421875
530.434998       930.8191528320
530.781921       964.1420288086
531.128906       913.0469360352
531.475891       926.3760986328
531.822815       953.0344238281
532.169617       901.9393310547
532.516418       917.4899902344
532.863159       939.7052612305
533.209839       906.3823852539
533.556580       946.3698120117
533.903198       975.2496337891
534.249817       895.2747192383
534.596436       881.9456176758
534.942932       959.6989746094
535.289368       975.2496337891
535.635803       959.6989746094
535.982178       924.1546020508
536.328552       908.6038818359
536.674805       859.7303466797
537.021118       870.8379516602
537.367371       901.9393310547
537.713501      1017.4586181641
538.059692       926.3760986328
538.405701       993.0218505859
538.751831       975.2496337891
539.097839       868.6164550781
539.443787       910.8254394531
539.789734       930.8191528320
540.135620       930.8191528320
540.481506       946.3698120117
540.827209       944.1483154297
541.173035       935.2622070313
541.518799       919.7115478516
541.864502       935.2622070313
542.210144       910.8254394531
542.555786       970.8066406250
542.901245       933.0407104492
543.246826       964.1420288086
543.592285       877.5025634766
543.937683       959.6989746094
544.283142       928.5976562500
544.628479       924.1546020508
544.973816       950.8128662109
545.319031       953.0344238281
545.664307       953.0344238281
546.009399       959.6989746094
546.354614       984.1357421875
546.699707       930.8191528320
547.044739       995.2434082031
547.389832       935.2622070313
547.734802       944.1483154297
548.079712       966.3635864258
548.424622       953.0344238281
548.769409       964.1420288086
549.114258       908.6038818359
549.459045       906.3823852539
549.803772       908.6038818359
550.148499       930.8191528320
550.493103       928.5976562500
550.837708       930.8191528320
551.182190       935.2622070313
551.526733       953.0344238281
551.871216       941.9267578125
552.215698       984.1357421875
552.560120       944.1483154297
552.904480       957.4774780273
553.248718       984.1357421875
553.592957       901.9393310547
553.937195       921.9330444336
554.281372       973.0281372070
554.625549       915.2684936523
554.969666       939.7052612305
555.313721       973.0281372070
555.657654       950.8128662109
556.001709       895.2747192383
556.345581       926.3760986328
556.689514       953.0344238281
557.033325       966.3635864258
557.377197       904.1608276367
557.720947       948.5913696289
558.064575       959.6989746094
558.408264       995.2434082031
558.751892       946.3698120117
559.095520       924.1546020508
559.439087       950.8128662109
559.782654      1028.5662841797
560.126099       970.8066406250
560.469543       906.3823852539
560.812927       979.6926879883
561.156250       948.5913696289
561.499512       915.2684936523
561.842773       893.0532226563
562.185974       973.0281372070
562.529175       939.7052612305
562.872314       946.3698120117
563.215332       897.4962768555
563.558472       968.5850830078
563.901367       921.9330444336
564.244385       975.2496337891
564.587341       930.8191528320
564.930237       968.5850830078
565.273071       955.2559204102
565.615845       984.1357421875
565.958557       953.0344238281
566.301331       955.2559204102
566.643860       988.5787963867
566.986511       964.1420288086
567.329163       864.1734008789
567.671692       933.0407104492
568.014221       981.9142456055
568.356628       948.5913696289
568.699036       917.4899902344
569.041321       946.3698120117
569.383728       913.0469360352
569.726013      1001.9079589844
570.068298      1008.5725708008
570.410461       955.2559204102
570.752686       955.2559204102
571.094727       888.6101684570
571.436768       966.3635864258
571.778809       926.3760986328
572.120850       937.4837036133
572.462769       995.2434082031
572.804688       930.8191528320
573.146606      1057.4460449219
573.488342       926.3760986328
573.830139       935.2622070313
574.171814       933.0407104492
574.513550       928.5976562500
574.855164       921.9330444336
575.196838       964.1420288086
575.538391       930.8191528320
575.879883      1024.1231689453
576.221375       895.2747192383
576.562744       913.0469360352
576.904175       928.5976562500
577.245483       946.3698120117
577.586792       933.0407104492
577.928101       928.5976562500
578.269348       866.3948974609
578.610535       928.5976562500
578.951660       950.8128662109
579.292664       979.6926879883
579.633728       877.5025634766
579.974792       941.9267578125
580.315796       868.6164550781
580.656677       964.1420288086
580.997498       933.0407104492
581.338379       915.2684936523
581.679138       893.0532226563
582.019897       979.6926879883
582.360657       933.0407104492
582.701294       993.0218505859
583.041931       957.4774780273
583.382507       968.5850830078
583.723022       955.2559204102
584.063538       935.2622070313
584.403931       955.2559204102
584.744385       881.9456176758
585.084778       873.0595092773
585.425110       961.9205322266
585.765381       941.9267578125
586.105591      1037.4523925781
586.445801       921.9330444336
586.785889      1004.1295166016
587.125977       986.3572998047
587.466064       964.1420288086
587.806152       990.8003540039
588.146118       961.9205322266
588.486023       941.9267578125
588.825928       919.7115478516
589.165710       950.8128662109
589.505554       977.4711914063
589.845337       973.0281372070
590.185120       953.0344238281
590.524780       937.4837036133
590.864441       977.4711914063
591.203918       964.1420288086
591.543518       981.9142456055
591.882996       908.6038818359
592.222473       935.2622070313
592.561890       984.1357421875
592.901306       895.2747192383
593.240662       937.4837036133
593.579895       928.5976562500
593.919128       866.3948974609
594.258301       895.2747192383
594.597473       964.1420288086
594.936646       966.3635864258
595.275696       888.6101684570
595.614807       933.0407104492
595.953796       961.9205322266
596.292725      1006.3510131836
596.631592       950.8128662109
596.970398       899.7177734375
597.309204       937.4837036133
597.648010       875.2810058594
597.986755       970.8066406250
598.325500       975.2496337891
598.664124      1026.3447265625
599.002686       984.1357421875
599.341187       901.9393310547
599.679749       919.7115478516
600.018250       950.8128662109
600.356628       981.9142456055
600.695068      1015.2371215820
601.033386       979.6926879883
601.371643       919.7115478516
601.709900       908.6038818359
602.048035       957.4774780273
602.386292       981.9142456055
602.724426      1021.9016723633
603.062500      1010.7940673828
603.400574      1026.3447265625
603.738525       999.6864624023
604.076477       884.1671142578
604.414307       919.7115478516
604.752197       921.9330444336
605.090027       997.4649047852
605.427795       913.0469360352
605.765564       897.4962768555
606.103210       926.3760986328
606.440857       988.5787963867
606.778442       986.3572998047
607.115967       979.6926879883
607.453552       941.9267578125
607.791016       939.7052612305
608.128418       926.3760986328
608.465820       890.8317260742
608.803162       941.9267578125
609.140442       904.1608276367
609.477661      1013.0156250000
609.814880       944.1483154297
610.152100       979.6926879883
610.489258       950.8128662109
610.826294       919.7115478516
611.163269      1035.2308349609
611.500305       917.4899902344
611.837219       924.1546020508
612.174072      1024.1231689453
612.510986       973.0281372070
612.847839       933.0407104492
613.184570       933.0407104492
613.521362       895.2747192383
613.857971       895.2747192383
614.194641       984.1357421875
614.531189       906.3823852539
614.867737       961.9205322266
615.204285       993.0218505859
615.540771       913.0469360352
615.877197       944.1483154297
616.213562       921.9330444336
616.549927       966.3635864258
616.886169      1008.5725708008
617.222351       899.7177734375
617.558594       899.7177734375
617.894775       966.3635864258
618.230896       935.2622070313
618.566956       941.9267578125
618.902954       917.4899902344
619.238953       961.9205322266
619.574890       950.8128662109
619.910767       919.7115478516
620.246643       910.8254394531
620.582458       961.9205322266
620.918213       959.6989746094
621.253967       910.8254394531
621.589661       977.4711914063
621.925232       941.9267578125
622.260803       968.5850830078
622.596375       924.1546020508
622.931885       946.3698120117
623.267334       977.4711914063
623.602722       975.2496337891
623.938110       961.9205322266
624.273376       926.3760986328
624.608643       926.3760986328
624.943848       937.4837036133
625.279114       955.2559204102
625.614258       895.2747192383
625.949341       870.8379516602
626.284424      1021.9016723633
626.619446       968.5850830078
626.954407       970.8066406250
627.289307       933.0407104492
627.624207       977.4711914063
627.959045      1021.9016723633
628.293884       921.9330444336
628.628601       988.5787963867
628.963257       946.3698120117
629.297913       913.0469360352
629.632507       906.3823852539
629.967102       939.7052612305
630.301697       973.0281372070
630.636169       955.2559204102
630.970581       933.0407104492
631.304993       979.6926879883
631.639282       948.5913696289
631.973572       944.1483154297
632.307861       946.3698120117
632.642090       999.6864624023
632.976257       997.4649047852
633.310425       937.4837036133
633.644470       944.1483154297
633.978516       984.1357421875
634.312439       995.2434082031
634.646423       901.9393310547
634.980347      1010.7940673828
635.314209       984.1357421875
635.648071       919.7115478516
635.981812       953.0344238281
636.315552       948.5913696289
636.649170       981.9142456055
636.982849       933.0407104492
637.316406       999.6864624023
637.649963       955.2559204102
637.983521       937.4837036133
638.317017       946.3698120117
638.650391       984.1357421875
638.983765       968.5850830078
639.317078       908.6038818359
639.650391       953.0344238281
639.983643       913.0469360352
640.316833       959.6989746094
640.649963       870.8379516602
640.983032       826.4074707031
641.316101       939.7052612305
641.649109       930.8191528320
641.982056      1070.7752685547
642.315002       944.1483154297
642.647888      1008.5725708008
642.980774       977.4711914063
643.313538       937.4837036133
643.646301       897.4962768555
643.979004       901.9393310547
644.311646       950.8128662109
644.644226       921.9330444336
644.976868       928.5976562500
645.309387       910.8254394531
645.641846       968.5850830078
645.974243       979.6926879883
646.306702       955.2559204102
646.638977       966.3635864258
646.971252       924.1546020508
647.303528       944.1483154297
647.635803       928.5976562500
647.967957       961.9205322266
648.300110       915.2684936523
648.632141       939.7052612305
648.964111       957.4774780273
649.296082       955.2559204102
649.628113       979.6926879883
649.960022       919.7115478516
650.291870       981.9142456055
650.623718       944.1483154297
650.955383       961.9205322266
651.287109       886.3886718750
651.618774       959.6989746094
651.950378       859.7303466797
652.281982       884.1671142578
652.613586       901.9393310547
652.945068       946.3698120117
653.276489       944.1483154297
653.607910       917.4899902344
653.939209      1013.0156250000
654.270569       899.7177734375
654.601807       928.5976562500
654.933105       946.3698120117
655.264221       917.4899902344
655.595398       957.4774780273
655.926453       924.1546020508
656.257507       937.4837036133
656.588440       919.7115478516
656.919434       959.6989746094
657.250366       959.6989746094
657.581238       915.2684936523
657.912048       975.2496337891
658.242798       919.7115478516
658.573486       993.0218505859
658.904114       884.1671142578
659.234802       830.8505249023
659.565430       988.5787963867
659.895996       937.4837036133
660.226501       939.7052612305
660.556946       893.0532226563
660.887329      1015.2371215820
661.217712       941.9267578125
661.547974       935.2622070313
661.878296       935.2622070313
662.208557       917.4899902344
662.538757      1021.9016723633
662.868896       953.0344238281
663.198975       968.5850830078
663.528992       979.6926879883
663.859009       924.1546020508
664.188904       968.5850830078
664.518860       957.4774780273
664.848755       984.1357421875
665.178589       953.0344238281
665.508362       901.9393310547
665.838013       919.7115478516
666.167725       979.6926879883
666.497375       968.5850830078
666.826965       961.9205322266
667.156494       884.1671142578
667.486084       906.3823852539
667.815552      1041.8953857422
668.144897       921.9330444336
668.474304       941.9267578125
668.803528       957.4774780273
669.132813       897.4962768555
669.462036       981.9142456055
669.791260       999.6864624023
670.120422       993.0218505859
670.449463       948.5913696289
670.778564      1001.9079589844
671.107544       984.1357421875
671.436523       935.2622070313
671.765381       953.0344238281
672.094299       988.5787963867
672.423157       986.3572998047
672.751831       970.8066406250
673.080627       930.8191528320
673.409302       950.8128662109
673.737976       953.0344238281
674.066528       933.0407104492
674.395081       977.4711914063
674.723572       937.4837036133
675.052002       933.0407104492
675.380432       941.9267578125
675.708801       928.5976562500
676.037170       941.9267578125
676.365417       877.5025634766
676.693665       955.2559204102
677.021851       948.5913696289
677.349976       868.6164550781
677.678040       955.2559204102
678.006042       933.0407104492
678.334106       959.6989746094
678.662048       970.8066406250
678.989929       979.6926879883
679.317810       961.9205322266
679.645630       959.6989746094
679.973389       973.0281372070
680.301086       950.8128662109
680.628845       926.3760986328
680.956482       868.6164550781
681.283997       928.5976562500
681.611572       993.0218505859
681.939087       986.3572998047
682.266541       990.8003540039
682.593872       881.9456176758
682.921265       890.8317260742
683.248596       939.7052612305
683.575806       930.8191528320
683.903076       959.6989746094
684.230286       906.3823852539
684.557373       946.3698120117
684.884399       935.2622070313
685.211487       950.8128662109
685.538513       933.0407104492
685.865417       886.3886718750
686.192261       937.4837036133
686.519165       948.5913696289
686.845947       933.0407104492
687.172729       908.6038818359
687.499451       928.5976562500
687.826111       928.5976562500
688.152771       950.8128662109
688.479248       950.8128662109
688.805847       921.9330444336
689.132324       950.8128662109
689.458801       906.3823852539
689.785095       957.4774780273
690.111511       993.0218505859
690.437805       946.3698120117
690.764038       944.1483154297
691.090210       926.3760986328
691.416443       937.4837036133
691.742554       897.4962768555
692.068604       964.1420288086
692.394592       904.1608276367
692.720581       973.0281372070
693.046509       913.0469360352
693.372375       904.1608276367
693.698242       953.0344238281
694.023987       950.8128662109
694.349792       941.9267578125
694.675476       961.9205322266
695.001099       957.4774780273
695.326721       977.4711914063
695.652222       906.3823852539
695.977783       957.4774780273
696.303284       941.9267578125
696.628723       930.8191528320
696.954041      1001.9079589844
697.279358      1008.5725708008
697.604675       946.3698120117
697.929871       908.6038818359
698.255066       933.0407104492
698.580200       908.6038818359
698.905334       906.3823852539
699.230286       957.4774780273
699.555359       928.5976562500
699.880310       913.0469360352
700.205261       944.1483154297
700.530029       926.3760986328
700.854919       821.9644165039
701.179688       870.8379516602
701.504456       970.8066406250
701.829102       957.4774780273
702.153687       959.6989746094
702.478271       953.0344238281
702.802856       908.6038818359
703.127319       908.6038818359
703.451721       910.8254394531
703.776123       899.7177734375
704.100464       915.2684936523
704.424805       968.5850830078
704.749084       939.7052612305
705.073303       990.8003540039
705.397461       959.6989746094
705.721558       939.7052612305
706.045654       937.4837036133
706.369690       990.8003540039
706.693604       917.4899902344
707.017578       955.2559204102
707.341431       899.7177734375
707.665283       999.6864624023
707.989075       999.6864624023
708.312805       961.9205322266
708.636536       984.1357421875
708.960144       879.7240600586
709.283752       895.2747192383
709.607361       921.9330444336
709.930847       924.1546020508
710.254333       924.1546020508
710.577759       950.8128662109
710.901062       913.0469360352
711.224426       868.6164550781
711.547668       946.3698120117
711.870911       915.2684936523
712.194153       904.1608276367
712.517212       924.1546020508
712.840332       961.9205322266
713.163391       970.8066406250
713.486389       968.5850830078
713.809326       953.0344238281
714.132202       939.7052612305
714.455078       915.2684936523
714.777893       928.5976562500
715.100586       928.5976562500
715.423401       948.5913696289
715.746094       890.8317260742
716.068604      1035.2308349609
716.391235       897.4962768555
716.713745       915.2684936523
717.036255       933.0407104492
717.358643       910.8254394531
717.681030       904.1608276367
718.003418       924.1546020508
718.325745       928.5976562500
718.647888       928.5976562500
718.970154       919.7115478516
719.292297       957.4774780273
719.614380       941.9267578125
719.936401       899.7177734375
720.258423       988.5787963867
720.580383       950.8128662109
720.902283       937.4837036133
721.224182       966.3635864258
721.545959       986.3572998047
721.867737       955.2559204102
722.189453       966.3635864258
722.511169       995.2434082031
722.832764       966.3635864258
723.154419       990.8003540039
723.475952       946.3698120117
723.797424       995.2434082031
724.118896       917.4899902344
724.440247       919.7115478516
724.761597       955.2559204102
725.082886       877.5025634766
725.404175       908.6038818359
725.725342       941.9267578125
726.046509       877.5025634766
726.367615       910.8254394531
726.688721       966.3635864258
727.009644       957.4774780273
727.330688       957.4774780273
727.651611       941.9267578125
727.972473       910.8254394531
728.293274       935.2622070313
728.614075       979.6926879883
728.934814       895.2747192383
729.255493       950.8128662109
729.576172       904.1608276367
729.896729       977.4711914063
730.217285       955.2559204102
730.537720       946.3698120117
730.858215       984.1357421875
731.178650       904.1608276367
731.498962       937.4837036133
731.819214       917.4899902344
732.139526       844.1796875000
732.459778       926.3760986328
732.779846       953.0344238281
733.100037       937.4837036133
733.420105       955.2559204102
733.740112       957.4774780273
734.060059       944.1483154297
734.380066       973.0281372070
734.699890       970.8066406250
735.019775       915.2684936523
735.339478       873.0595092773
735.659241       981.9142456055
735.978943       975.2496337891
736.298584       917.4899902344
736.618164       935.2622070313
736.937744       973.0281372070
737.257263       957.4774780273
737.576599       975.2496337891
737.896057       977.4711914063
738.215393       966.3635864258
738.534729       981.9142456055
738.853943       970.8066406250
739.173157       990.8003540039
739.492371       941.9267578125
739.811523       926.3760986328
740.130493       948.5913696289
740.449524       915.2684936523
740.768555       961.9205322266
741.087463       968.5850830078
741.406311       957.4774780273
741.725159       901.9393310547
742.043945       941.9267578125
742.362610       933.0407104492
742.681396       981.9142456055
743.000061       946.3698120117
743.318604       917.4899902344
743.637146       906.3823852539
743.955627      1017.4586181641
744.274109       975.2496337891
744.592407       928.5976562500
744.910828       973.0281372070
745.229126       935.2622070313
745.547424       964.1420288086
745.865540       928.5976562500
746.183777       910.8254394531
746.501892       975.2496337891
746.819946       977.4711914063
747.137939       941.9267578125
747.455872       928.5976562500
747.773865      1001.9079589844
748.091736       993.0218505859
748.409485       846.4011840820
748.727295       930.8191528320
749.045044       899.7177734375
749.362671       908.6038818359
749.680298       959.6989746094
749.997925       935.2622070313
750.315491       975.2496337891
750.632874       924.1546020508
750.950378       964.1420288086
751.267822       981.9142456055
751.585083       859.7303466797
751.902405       970.8066406250
752.219666       959.6989746094
752.536865       866.3948974609
752.854004       948.5913696289
753.171082       924.1546020508
753.488159       997.4649047852
753.805176       926.3760986328
754.122070       921.9330444336
754.439026       890.8317260742
754.755920       910.8254394531
755.072693       908.6038818359
755.389465       935.2622070313
755.706177       899.7177734375
756.022888       928.5976562500
756.339478       926.3760986328
756.656006       913.0469360352
756.972595       959.6989746094
757.289063      1001.9079589844
757.605408       933.0407104492
757.921814       873.0595092773
758.238159       926.3760986328
758.554443       897.4962768555
758.870667       979.6926879883
759.186890       917.4899902344
759.503052       944.1483154297
759.819092       975.2496337891
760.135132       941.9267578125
760.451172       915.2684936523
760.767029       888.6101684570
761.082947       933.0407104492
761.398804       924.1546020508
761.714600       977.4711914063
762.030396       950.8128662109
762.346008       955.2559204102
762.661682       961.9205322266
762.977295       961.9205322266
763.292908       997.4649047852
763.608337       939.7052612305
763.923828      1026.3447265625
764.239258       939.7052612305
764.554626       937.4837036133
764.869873       928.5976562500
765.185181      1021.9016723633
765.500427       939.7052612305
765.815491       884.1671142578
766.130615       924.1546020508
766.445740       953.0344238281
766.760803       915.2684936523
767.075745       986.3572998047
767.390686       999.6864624023
767.705566       924.1546020508
768.020386       893.0532226563
768.335144       939.7052612305
768.649902       988.5787963867
768.964539       913.0469360352
769.279175       897.4962768555
769.593750       995.2434082031
769.908264       964.1420288086
770.222839       877.5025634766
770.537170       959.6989746094
770.851624       899.7177734375
771.165955      1001.9079589844
771.480286       939.7052612305
771.794495       913.0469360352
772.108704       930.8191528320
772.422852       924.1546020508
772.736938       977.4711914063
773.050964       948.5913696289
773.364990       888.6101684570
773.678894       915.2684936523
773.992798       933.0407104492
774.306641       904.1608276367
774.620422       928.5976562500
774.934204       946.3698120117
775.247864       957.4774780273
775.561584       908.6038818359
775.875183       944.1483154297
776.188721       975.2496337891
776.502197       961.9205322266
776.815735       899.7177734375
777.129150       928.5976562500
777.442444      1077.4398193359
777.755737       913.0469360352
778.069092       884.1671142578
778.382324       935.2622070313
778.695435       881.9456176758
779.008545       915.2684936523
779.321594       919.7115478516
779.634644       959.6989746094
779.947571       953.0344238281
780.260498       953.0344238281
780.573364       928.5976562500
780.886169       917.4899902344
781.198975       921.9330444336
781.511719       959.6989746094
781.824402       924.1546020508
782.136963      1001.9079589844
782.449585       930.8191528320
782.762146       910.8254394531
783.074646       959.6989746094
783.387024       953.0344238281
783.699402      1004.1295166016
784.011719       921.9330444336
784.324097       966.3635864258
784.636230       981.9142456055
784.948425      1026.3447265625
785.260620       913.0469360352
785.572632       961.9205322266
785.884644       961.9205322266
786.196655       893.0532226563
786.508667       964.1420288086
786.820496       946.3698120117
787.132324       953.0344238281
787.444153       953.0344238281
787.755859       946.3698120117
788.067566       939.7052612305
788.379211       970.8066406250
788.690796      1008.5725708008
789.002319       957.4774780273
789.313782       901.9393310547
789.625305       895.2747192383
789.936707       948.5913696289
790.247986      1019.6801757813
790.559326       941.9267578125
790.870605       939.7052612305
791.181763      1015.2371215820
791.492920       955.2559204102
791.803955       928.5976562500
792.115051       877.5025634766
792.426086       990.8003540039
792.737000       915.2684936523
793.047913       895.2747192383
793.358765       973.0281372070
793.669495      1004.1295166016
793.980347       941.9267578125
794.291016       913.0469360352
794.601685       964.1420288086
794.912292       970.8066406250
795.222778       948.5913696289
795.533325       955.2559204102
795.843811       948.5913696289
796.154175       995.2434082031
796.464539       913.0469360352
796.774902       981.9142456055
797.085022       993.0218505859
797.395325       926.3760986328
797.705505       933.0407104492
798.015625       990.8003540039
798.325623       877.5025634766
798.635620       948.5913696289
798.945618       986.3572998047
799.255554       935.2622070313
799.565369       948.5913696289
799.875183       966.3635864258
800.184998      1008.5725708008
800.494690       973.0281372070
800.804321       986.3572998047
801.113953       935.2622070313
801.423462       975.2496337891
801.732910       908.6038818359
802.042419       833.0720214844
802.351868      1039.6739501953
802.661255       917.4899902344
802.970520       899.7177734375
803.279785      1001.9079589844
803.588989       915.2684936523
803.898193      1004.1295166016
804.207275       950.8128662109
804.516357       961.9205322266
804.825378       875.2810058594
805.134277       944.1483154297
805.443176       970.8066406250
805.752136       950.8128662109
806.060974       928.5976562500
806.369629       881.9456176758
806.678406       877.5025634766
806.987061       957.4774780273
807.295715       884.1671142578
807.604187       999.6864624023
807.912720      1026.3447265625
808.221191       959.6989746094
808.529663       964.1420288086
808.837952       861.9518432617
809.146301       897.4962768555
809.454590       888.6101684570
809.762756      1001.9079589844
810.070923       855.2872924805
810.379028      1026.3447265625
810.687073       933.0407104492
810.995117       904.1608276367
811.303040       999.6864624023
811.611023       924.1546020508
811.918884       957.4774780273
812.226624       928.5976562500
812.534424       966.3635864258
812.842163       928.5976562500
813.149719       919.7115478516
813.457397       955.2559204102
813.764954       959.6989746094
814.072510       966.3635864258
814.379883       899.7177734375
814.687378      1010.7940673828
814.994690       921.9330444336
815.302063       955.2559204102
815.609314       970.8066406250
815.916504       886.3886718750
816.223694       921.9330444336
816.530762       926.3760986328
816.837830       995.2434082031
817.144836       959.6989746094
817.451843       930.8191528320
817.758667       921.9330444336
818.065552      1030.7878417969
818.372375       924.1546020508
818.679138       941.9267578125
818.985779       915.2684936523
819.292480       915.2684936523
819.599121       990.8003540039
819.905701       959.6989746094
820.212158       921.9330444336
820.518616       957.4774780273
820.825012       944.1483154297
821.131348      1004.1295166016
821.437683       913.0469360352
821.743896       964.1420288086
822.050110       955.2559204102
822.356262       913.0469360352
822.662415       901.9393310547
822.968445       921.9330444336
823.274475       930.8191528320
823.580322       875.2810058594
823.886292       941.9267578125
824.192200       944.1483154297
824.497864      1001.9079589844
824.803711       890.8317260742
825.109375       919.7115478516
825.415039       933.0407104492
825.720581       957.4774780273
826.026184      1026.3447265625
826.331665      1026.3447265625
826.637146       981.9142456055
826.942444       959.6989746094
827.247803       935.2622070313
827.553162       986.3572998047
827.858398       979.6926879883
828.163574       977.4711914063
828.468750       948.5913696289
828.773804      1015.2371215820
829.078796      1001.9079589844
829.383850       890.8317260742
829.688782       993.0218505859
829.993713       984.1357421875
830.298462       888.6101684570
830.603271       881.9456176758
830.908020       939.7052612305
831.212708       933.0407104492
831.517273       921.9330444336
831.821960       915.2684936523
832.126465       913.0469360352
832.430908       990.8003540039
832.735352       946.3698120117
833.039734       948.5913696289
833.344116       953.0344238281
833.648315       933.0407104492
833.952576       881.9456176758
834.256714       986.3572998047
834.560913       986.3572998047
834.864929       921.9330444336
835.169006       973.0281372070
835.472961       924.1546020508
835.776917       977.4711914063
836.080750       937.4837036133
836.384583       928.5976562500
836.688354       955.2559204102
836.992004       893.0532226563
837.295654       933.0407104492
837.599365       946.3698120117
837.902893       944.1483154297
838.206360       948.5913696289
838.509827       935.2622070313
838.813293       908.6038818359
839.116699       941.9267578125
839.419922       881.9456176758
839.723206       908.6038818359
840.026428       973.0281372070
840.329590       941.9267578125
840.632690       957.4774780273
840.935730      1010.7940673828
841.238708       961.9205322266
841.541626       915.2684936523
841.844543       946.3698120117
842.147461       988.5787963867
842.450256       877.5025634766
842.752930       953.0344238281
843.055664       975.2496337891
843.358337       910.8254394531
843.660889       879.7240600586
843.963440       948.5913696289
844.265930       886.3886718750
844.568420       826.4074707031
844.870728       964.1420288086
845.173096       941.9267578125
845.475403       933.0407104492
845.777649       915.2684936523
846.079834      1050.7814941406
846.381958       993.0218505859
846.684021       944.1483154297
846.986145       937.4837036133
847.288025       966.3635864258
847.589966      1019.6801757813
847.891846       957.4774780273
848.193665       944.1483154297
848.495483       988.5787963867
848.797180       946.3698120117
849.098877       897.4962768555
849.400452       928.5976562500
849.702026       946.3698120117
850.003540       841.9581298828
850.304993       953.0344238281
850.606445      1019.6801757813
850.907776      1021.9016723633
851.209106       930.8191528320
851.510315       950.8128662109
851.811584       957.4774780273
852.112671       964.1420288086
852.413879       948.5913696289
852.714844       935.2622070313
853.015869       990.8003540039
853.316833       908.6038818359
853.617737       901.9393310547
853.918579       939.7052612305
854.219360       981.9142456055
854.520142       970.8066406250
854.820862       875.2810058594
855.121399       979.6926879883
855.421997       930.8191528320
855.722595       955.2559204102
856.023071       933.0407104492
856.323486       884.1671142578
856.623901      1017.4586181641
856.924255       950.8128662109
857.224487       886.3886718750
857.524719       935.2622070313
857.824890       924.1546020508
858.125000       950.8128662109
858.425049       955.2559204102
858.725098       877.5025634766
859.025085       997.4649047852
859.325012       930.8191528320
859.624817       901.9393310547
859.924683       884.1671142578
860.224487       915.2684936523
860.524170       953.0344238281
860.823792       904.1608276367
861.123474       933.0407104492
861.422974       930.8191528320
861.722412       921.9330444336
862.021912       939.7052612305
862.321350       944.1483154297
862.620728       921.9330444336
862.919983       939.7052612305
863.219238       959.6989746094
863.518433       919.7115478516
863.817505       993.0218505859
864.116638       999.6864624023
864.415710       964.1420288086
864.714722       906.3823852539
865.013550       986.3572998047
865.312439       919.7115478516
865.611328       921.9330444336
865.910156       999.6864624023
866.208801       948.5913696289
866.507507       946.3698120117
866.806091       921.9330444336
867.104614       959.6989746094
867.403137       928.5976562500
867.701660       970.8066406250
868.000061       957.4774780273
868.298401      1019.6801757813
868.596741       988.5787963867
868.894958       975.2496337891
869.193237       897.4962768555
869.491333       997.4649047852
869.789429       904.1608276367
870.087524       913.0469360352
870.385498       935.2622070313
870.683411       961.9205322266
870.981323       935.2622070313
871.279236       908.6038818359
871.576965       941.9267578125
871.874695       928.5976562500
872.172363       975.2496337891
872.470032      1053.0030517578
872.767578       950.8128662109
873.065125       986.3572998047
873.362549       955.2559204102
873.660034       888.6101684570
873.957397       948.5913696289
874.254700       890.8317260742
874.552002       968.5850830078
874.849182       928.5976562500
875.146362       913.0469360352
875.443481       899.7177734375
875.740540       926.3760986328
876.037476      1013.0156250000
876.334473      1055.2246093750
876.631348       973.0281372070
876.928223       913.0469360352
877.224976       855.2872924805
877.521729       913.0469360352
877.818420       959.6989746094
878.115112       926.3760986328
878.411621       979.6926879883
878.708191       953.0344238281
879.004700       961.9205322266
879.301086       964.1420288086
879.597473       919.7115478516
879.893799       979.6926879883
880.190063       935.2622070313
880.486267      1013.0156250000
880.782471       935.2622070313
881.078613       990.8003540039
881.374695       941.9267578125
881.670654       917.4899902344
881.966614      1013.0156250000
882.262573       933.0407104492
882.558350       888.6101684570
882.854126       975.2496337891
883.149902      1010.7940673828
883.445618       906.3823852539
883.741211       937.4837036133
884.036865       888.6101684570
884.332336       981.9142456055
884.627869       953.0344238281
884.923218       904.1608276367
885.218689       930.8191528320
885.513977       944.1483154297
885.809265       926.3760986328
886.104492       937.4837036133
886.399658       919.7115478516
886.694763      1013.0156250000
886.989807       928.5976562500
887.284790       948.5913696289
887.579773       959.6989746094
887.874695       915.2684936523
888.169495       921.9330444336
888.464355      1019.6801757813
888.759094       913.0469360352
889.053772       901.9393310547
889.348389       959.6989746094
