0.076800
191.033081         0.0000000000
191.409973         0.0000000000
191.786819      1564.0090332031
192.163651      1622.1075439453
192.540451      1596.5441894531
192.917221      1566.3330078125
193.293961      1615.1356201172
193.670670      1640.6989746094
194.047348      1622.1075439453
194.423981      1615.1356201172
194.800613      1598.8681640625
195.177200      1617.4595947266
195.553757      1610.4877929688
195.930283      1570.9808349609
196.306778      1594.2202148438
196.683258      1654.6425781250
197.059677      1594.2202148438
197.436081      1636.0511474609
197.812454      1619.7835693359
198.188812      1624.4313964844
198.565125      1654.6425781250
198.941406      1668.5861816406
199.317673      1682.5297851563
199.693893      1605.8399658203
200.070099      1624.4313964844
200.446259      1659.2904052734
200.822388      1663.9383544922
201.198486      1675.5579833984
201.574570      1601.1920166016
201.950607      1638.3750000000
202.326614      1633.7271728516
202.702606      1624.4313964844
203.078568      1661.6143798828
203.454483      1566.3330078125
203.830383      1612.8117675781
204.206253      1633.7271728516
204.582077      1545.4176025391
204.957870      1636.0511474609
205.333633      1603.5159912109
205.709396      1533.7978515625
206.085098      1638.3750000000
206.460785      1626.7553710938
206.836426      1643.0229492188
207.212051      1643.0229492188
207.587646      1629.0793457031
207.963196      1684.8537597656
208.338730      1589.5723876953
208.714218      1615.1356201172
209.089691      1654.6425781250
209.465134      1591.8963623047
209.840530      1631.4031982422
210.215897      1589.5723876953
210.591263      1645.3468017578
210.966583      1598.8681640625
211.341858      1622.1075439453
211.717102      1584.9245605469
212.092331      1633.7271728516
212.467529      1633.7271728516
212.842697      1654.6425781250
213.217819      1564.0090332031
213.592926      1633.7271728516
213.968002      1601.1920166016
214.343018      1633.7271728516
214.718033      1636.0511474609
215.093018      1622.1075439453
215.467972      1687.1777343750
215.842880      1673.2341308594
216.217773      1605.8399658203
216.592636      1673.2341308594
216.967453      1640.6989746094
217.342255      1596.5441894531
217.717026      1615.1356201172
218.091766      1633.7271728516
218.466446      1659.2904052734
218.841125      1582.6005859375
219.215759      1540.7697753906
219.590378      1619.7835693359
219.964966      1631.4031982422
220.339508      1647.6707763672
220.714020      1656.9665527344
221.088516      1638.3750000000
221.462967      1661.6143798828
221.837402      1545.4176025391
222.211792      1610.4877929688
222.586166      1594.2202148438
222.960510      1666.2623291016
223.334793      1552.3894042969
223.709061      1577.9526367188
224.083313      1582.6005859375
224.457520      1601.1920166016
224.831696      1617.4595947266
225.205856      1656.9665527344
225.579987      1603.5159912109
225.954056      1629.0793457031
226.328110      1643.0229492188
226.702148      1622.1075439453
227.076126      1622.1075439453
227.450104      1580.2766113281
227.824036      1603.5159912109
228.197937      1582.6005859375
228.571823      1673.2341308594
228.945648      1591.8963623047
229.319473      1636.0511474609
229.693237      1589.5723876953
230.066986      1603.5159912109
230.440704      1598.8681640625
230.814392      1680.2059326172
231.188034      1647.6707763672
231.561661      1608.1638183594
231.935257      1647.6707763672
232.308823      1661.6143798828
232.682343      1587.2484130859
233.055847      1566.3330078125
233.429321      1624.4313964844
233.802750      1624.4313964844
234.176147      1673.2341308594
234.549530      1594.2202148438
234.922882      1652.3186035156
235.296188      1643.0229492188
235.669464      1684.8537597656
236.042725      1615.1356201172
236.415924      1670.9101562500
236.789139      1584.9245605469
237.162292      1626.7553710938
237.535416      1615.1356201172
237.908508      1568.6569824219
238.281570      1622.1075439453
238.654617      1677.8819580078
239.027618      1587.2484130859
239.400574      1656.9665527344
239.773514      1680.2059326172
240.146423      1591.8963623047
240.519302      1561.6851806641
240.892136      1594.2202148438
241.264969      1661.6143798828
241.637726      1624.4313964844
242.010498      1554.7133789063
242.383209      1552.3894042969
242.755905      1696.4733886719
243.128555      1619.7835693359
243.501190      1587.2484130859
243.873779      1615.1356201172
244.246353      1615.1356201172
244.618866      1645.3468017578
244.991379      1624.4313964844
245.363861      1649.9947509766
245.736282      1601.1920166016
246.108688      1626.7553710938
246.481079      1582.6005859375
246.853409      1582.6005859375
247.225723      1603.5159912109
247.598007      1594.2202148438
247.970261      1568.6569824219
248.342468      1691.8255615234
248.714645      1668.5861816406
249.086823      1636.0511474609
249.458954      1624.4313964844
249.831024      1587.2484130859
250.203094      1615.1356201172
250.575134      1619.7835693359
250.947113      1675.5579833984
251.319092      1619.7835693359
251.691025      1763.8675537109
252.062912      1684.8537597656
252.434784      1696.4733886719
252.806641      1645.3468017578
253.178452      1589.5723876953
253.550232      1612.8117675781
253.921967      1673.2341308594
254.293686      1629.0793457031
254.665359      1543.0936279297
255.037003      1552.3894042969
255.408630      1545.4176025391
255.780228      1622.1075439453
256.151764      1580.2766113281
256.523285      1605.8399658203
256.894806      1580.2766113281
257.266235      1582.6005859375
257.637695      1663.9383544922
258.009064      1587.2484130859
258.380432      1591.8963623047
258.751770      1612.8117675781
259.123077      1575.6287841797
259.494385      1631.4031982422
259.865601      1577.9526367188
260.236816      1647.6707763672
260.607941      1633.7271728516
260.979126      1622.1075439453
261.350220      1612.8117675781
261.721344      1689.5015869141
262.092346      1629.0793457031
262.463379      1673.2341308594
262.834351      1643.0229492188
263.205292      1596.5441894531
263.576233      1561.6851806641
263.947144      1649.9947509766
264.317993      1605.8399658203
264.688812      1619.7835693359
265.059631      1615.1356201172
265.430359      1675.5579833984
265.801117      1661.6143798828
266.171783      1670.9101562500
266.542450      1675.5579833984
266.913086      1647.6707763672
267.283691      1682.5297851563
267.654266      1638.3750000000
268.024811      1598.8681640625
268.395325      1680.2059326172
268.765778      1656.9665527344
269.136230      1596.5441894531
269.506653      1701.1213378906
269.877045      1629.0793457031
270.247375      1649.9947509766
270.617676      1624.4313964844
270.987946      1568.6569824219
271.358246      1640.6989746094
271.728424      1598.8681640625
272.098633      1654.6425781250
272.468781      1663.9383544922
272.838867      1631.4031982422
273.209015      1649.9947509766
273.579041      1670.9101562500
273.949066      1603.5159912109
274.319061      1629.0793457031
274.689056      1612.8117675781
275.058960      1608.1638183594
275.428864      1589.5723876953
275.798737      1587.2484130859
276.168579      1673.2341308594
276.538361      1682.5297851563
276.908142      1661.6143798828
277.277832      1568.6569824219
277.647583      1589.5723876953
278.017242      1561.6851806641
278.386902      1636.0511474609
278.756500      1659.2904052734
279.126038      1677.8819580078
279.495636      1598.8681640625
279.865143      1577.9526367188
280.234619      1557.0372314453
280.604065      1589.5723876953
280.973450      1594.2202148438
281.342834      1708.0931396484
281.712189      1673.2341308594
282.081512      1619.7835693359
282.450836      1663.9383544922
282.820038      1698.7973632813
283.189270      1701.1213378906
283.558502      1691.8255615234
283.927612      1580.2766113281
284.296722      1703.4453125000
284.665863      1673.2341308594
285.034912      1570.9808349609
285.403931      1636.0511474609
285.772919      1670.9101562500
286.141876      1652.3186035156
286.510834      1619.7835693359
286.879730      1580.2766113281
287.248596      1608.1638183594
287.617401      1694.1495361328
287.986206      1619.7835693359
288.354950      1610.4877929688
288.723724      1666.2623291016
289.092407      1601.1920166016
289.461060      1659.2904052734
289.829742      1661.6143798828
290.198334      1710.4171142578
290.566925      1615.1356201172
290.935455      1684.8537597656
291.303925      1656.9665527344
291.672394      1617.4595947266
292.040894      1601.1920166016
292.409271      1656.9665527344
292.777679      1645.3468017578
293.145996      1643.0229492188
293.514313      1633.7271728516
293.882599      1656.9665527344
294.250824      1717.3889160156
294.619049      1610.4877929688
294.987244      1575.6287841797
295.355377      1652.3186035156
295.723480      1673.2341308594
296.091614      1698.7973632813
296.459625      1612.8117675781
296.827667      1608.1638183594
297.195648      1675.5579833984
297.563599      1749.9239501953
297.931488      1733.6563720703
298.299408      1673.2341308594
298.667267      1649.9947509766
299.035095      1698.7973632813
299.402893      1682.5297851563
299.770599      1659.2904052734
300.138367      1689.5015869141
300.506042      1659.2904052734
300.873718      1670.9101562500
301.241333      1645.3468017578
301.608917      1756.8957519531
301.976471      1598.8681640625
302.344025      1682.5297851563
302.711487      1673.2341308594
303.078979      1691.8255615234
303.446411      1724.3607177734
303.813782      1715.0649414063
304.181183      1701.1213378906
304.548492      1710.4171142578
304.915771      1712.7409667969
305.283051      1791.7548828125
305.650299      1828.9378662109
306.017456      1794.0787353516
306.384644      1794.0787353516
306.751770      1789.4309082031
307.118896      1752.2479248047
307.485962      1907.9516601563
307.852966      1896.3319091797
308.219971      1880.0644531250
308.586945      1959.0782470703
308.953888      1863.7968750000
309.320801      1935.8388671875
309.687653      2005.5570068359
310.054504      1945.1346435547
310.421326      2042.7399902344
310.788086      2112.4580078125
311.154846      2154.2888183594
311.521515      2249.5703125000
311.888184      2300.6967773438
312.254822      2284.4291992188
312.621429      2323.9362792969
312.988007      2370.4150390625
313.354553      2391.3303222656
313.721039      2456.4006347656
314.087494      2493.5834960938
314.453949      2526.1186523438
314.820343      2514.4990234375
315.186737      2602.8085937500
315.553101      2593.5129394531
315.919373      2577.2453613281
316.285645      2674.8505859375
316.651886      2804.9909667969
317.018066      2821.2585449219
317.384308      2937.4553222656
317.750427      3004.8496093750
318.116516      3030.4128417969
318.482574      3000.2016601563
318.848633      3009.4973144531
319.214661      3023.4409179688
319.580627      3167.5251464844
319.946564      3339.4963378906
320.312439      3413.8623046875
320.678314      3425.4819335938
321.044159      3460.3410644531
321.410004      3267.4543457031
321.775757      3413.8623046875
322.141510      3406.8906250000
322.507202      3464.9890136719
322.872894      3376.6794433594
323.238525      3520.7634277344
323.604156      3597.4533691406
323.969696      3748.5090332031
324.335266      3871.6777343750
324.700745      4080.8320312500
325.066223      4115.6909179688
325.431702      4192.3808593750
325.797089      4350.4086914063
326.162445      4520.0561523438
326.527802      4599.0698242188
326.893097      4464.2812500000
327.258362      4550.2670898438
327.623657      4389.9155273438
327.988861      4652.5205078125
328.353973      4533.9995117188
328.719116      4722.2382812500
329.084259      5066.1811523438
329.449341      5198.6455078125
329.814392      5354.3491210938
330.179352      5431.0390625000
330.544312      5303.2226562500
330.909241      5277.6591796875
331.274170      5463.5742187500
331.639069      5426.3911132813
332.003906      5514.7006835938
332.368713      5768.0097656250
332.733459      5635.5454101563
333.098206      5784.2773437500
333.462921      5679.7001953125
333.827606      5721.5307617188
334.192230      5407.7998046875
334.556824      5589.0664062500
334.921356      5603.0102539063
335.285919      5737.7983398438
335.650452      5623.9257812500
336.014893      5528.6440429688
336.379333      5358.9970703125
336.743744      5291.6025390625
337.108124      5210.2651367188
337.472443      5342.7294921875
337.836731      5456.6020507813
338.201019      5600.6865234375
338.565247      5607.6582031250
338.929413      5768.0097656250
339.293579      5730.8266601563
339.657776      5988.7836914063
340.021851      6144.4873046875
340.385895      6232.7968750000
340.749908      6158.4311523438
341.113922      6132.8676757813
341.477875      6242.0927734375
341.841827      6225.8251953125
342.205688      6476.8100585938
342.569580      6421.0356445313
342.933380      6458.2187500000
343.297211      6444.2753906250
343.660950      6316.4584960938
344.024658      6281.5996093750
344.388367      6046.8818359375
344.752014      6197.9379882813
345.115601      6177.0224609375
345.479218      6439.6274414063
345.842804      6516.3173828125
346.206299      6323.4306640625
346.569763      6595.3310546875
346.933228      6525.6127929688
347.296661      6513.9931640625
347.660034      6409.4160156250
348.023407      6593.0068359375
348.386719      6609.2744140625
348.750000      6802.1611328125
349.113220      6572.0917968750
349.476471      6783.5698242188
349.839661      6862.5834960938
350.202820      7213.4980468750
350.565887      7299.4838867188
350.928955      7524.9052734375
351.292023      7385.4692382813
351.655029      7322.7231445313
352.018036      7334.3427734375
352.380981      7362.2299804688
352.743866      7399.4130859375
353.106720      7397.0888671875
353.469574      7766.5947265625
353.832397      8045.4672851563
354.195160      7987.3686523438
354.557892      8256.9453125000
354.920593      8238.3535156250
355.283234      8554.4091796875
355.645905      8105.8896484375
356.008514      7782.8623046875
356.371094      7801.4541015625
356.733612      7478.4267578125
357.096100      7048.4985351563
357.458588      7078.7099609375
357.820984      6974.1328125000
358.183411      6730.1191406250
358.545746      6813.7812500000
358.908081      7013.6396484375
359.270355      7394.7651367188
359.632629      8005.9604492188
359.994873      8261.5937500000
360.357056      8324.3398437500
360.719208      8308.0722656250
361.081329      7971.1010742188
361.443420      7882.7915039063
361.805481      7971.1010742188
362.167511      8284.8330078125
362.529480      8459.1279296875
362.891418      8793.7744140625
363.253326      8935.5351562500
363.615234      8807.7187500000
363.977081      9086.5908203125
364.338867      9251.5898437500
364.700653      9321.3085937500
365.062378      9446.8007812500
365.424103      9867.4335937500
365.785767     10111.4462890625
366.147430     10527.4306640625
366.509033     10715.6699218750
366.870605     10724.9658203125
367.232117     10764.4726562500
367.593628     10546.0224609375
367.955109     10548.3466796875
368.316559     10209.0517578125
368.677917     10399.6142578125
369.039307     10566.9384765625
369.400635     10713.3457031250
369.761902     11103.7675781250
370.123199     11022.4296875000
370.484436     11099.1191406250
370.845581     11008.4863281250
371.206726     10750.5292968750
371.567871     10580.8818359375
371.928955     10657.5712890625
372.290039     10460.0371093750
372.651062     10334.5439453125
373.011993     10085.8828125000
373.372955      9667.5742187500
373.733887      9365.4628906250
374.094788      9460.7441406250
374.455627      9414.2656250000
374.816406      9569.9697265625
375.177185      9635.0400390625
375.537903     10030.1083984375
375.898651     10485.6005859375
376.259338     10622.7128906250
376.619965     11138.6259765625
376.980530     11150.2460937500
377.341095     11780.0332031250
377.701660     12470.2421875000
378.062134     13032.6347656250
378.422607     13016.3671875000
378.783020     12630.5937500000
379.143402     11938.0605468750
379.503784     11673.1318359375
379.864105     11498.8369140625
380.224396     11842.7792968750
380.584656     11884.6093750000
380.944855     11840.4550781250
381.305054     11691.7226562500
381.665192     11122.3583984375
382.025299     10467.0087890625
382.385406      9809.3349609375
382.745453      9165.6044921875
383.105438      8652.0146484375
383.465424      8610.1835937500
383.825348      8603.2119140625
384.185272      9133.0693359375
384.545135      9827.9267578125
384.904968     10618.0644531250
385.264771     10785.3876953125
385.624512     10613.4169921875
385.984253     11034.0488281250
386.343964     10864.4013671875
386.703613     11082.8515625000
387.063232     11099.1191406250
387.422821     11057.2880859375
387.782379     11229.2597656250
388.141907     11410.5273437500
388.501404     10971.3027343750
388.860840     11340.8085937500
389.220215     11896.2294921875
389.579620     12465.5937500000
389.938995     12879.2548828125
390.298279     13304.5351562500
390.657562     13574.1113281250
391.016785     13794.8857421875
391.376007     14157.4199218750
391.735168     13936.6455078125
392.094299     13534.6044921875
392.453430     12119.3271484375
392.812469     10959.6835937500
393.171478      9586.2373046875
393.530457      9160.9570312500
393.889435      9058.7031250000
394.248383      9716.3769531250
394.607269     11189.7529296875
394.966125     12414.4677734375
395.324921     13297.5634765625
395.683655     13306.8583984375
396.042419     12967.5644531250
396.401154     11838.1308593750
396.759827     10680.8105468750
397.118469     10276.4462890625
397.477051     11261.7949218750
397.835632     12556.2275390625
398.194153     14108.6171875000
398.552673     15709.8085937500
398.911163     16767.1992187500
399.269592     17466.7050781250
399.627960     18205.7167968750
399.986328     18284.7304687500
400.344666     18710.0097656250
400.702942     19060.9257812500
401.061188     19404.8671875000
401.419403     19781.3457031250
401.777588     19913.8085937500
402.135712     20236.8359375000
402.493835     20276.3437500000
402.851929     20002.1191406250
403.209961     19923.1054687500
403.567932     20276.3437500000
403.925903     20057.8925781250
404.283905     19655.8535156250
404.641754     19614.0214843750
404.999634     19799.9375000000
405.357452     19923.1054687500
405.715210     19588.4589843750
406.072998     19532.6835937500
406.430725     19544.3027343750
406.788422     19676.7675781250
407.146027     19339.7968750000
407.503662     20095.0761718750
407.861237     19818.5273437500
408.218781     20587.7519531250
408.576294     20508.7363281250
408.933777     21280.2832031250
409.291168     21094.3691406250
409.648590     21126.9042968750
410.005951     20343.7382812500
410.363312     19881.2734375000
410.720612     20339.0898437500
411.077820     20992.1152343750
411.435059     21833.3808593750
411.792267     21919.3671875000
412.149384     22216.8300781250
412.506531     21900.7753906250
412.863586     21924.0136718750
413.220642     22144.7890625000
413.577606     22181.9707031250
413.934601     22188.9433593750
414.291565     22098.3085937500
414.648468     22314.4355468750
415.005310     22316.7597656250
415.362122     22456.1953125000
415.718903     22602.6035156250
416.075684     22686.2656250000
416.432434     23055.7714843750
416.789093     23044.1523437500
417.145752     22579.3652343750
417.502350     22091.3378906250
417.858948     22186.6191406250
418.215485     22123.8730468750
418.571991     21970.4921875000
418.928467     22014.6484375000
419.284882     22435.2812500000
419.641266     22249.3652343750
419.997650     22026.2675781250
420.354004     21838.0292968750
420.710266     22432.9570312500
421.066528     23178.9394531250
421.422760     23106.8984375000
421.778931     23364.8554687500
422.135071     22883.8007812500
422.491211     22291.1953125000
422.847260     22349.2949218750
423.203308     22309.7871093750
423.559296     22228.4492187500
423.915283     22161.0566406250
424.271210     22363.2382812500
424.627136     22370.2109375000
424.982971     22853.5878906250
425.338776     22823.3769531250
425.694611     22667.6738281250
426.050323     22470.1386718750
426.406036     22862.8847656250
426.761749     22523.5898437500
427.117371     22242.3945312500
427.472961     22165.7031250000
427.828552     21798.5214843750
428.184113     22089.0136718750
428.539581     21924.0136718750
428.895050     21519.6503906250
429.250458     21187.3261718750
429.605865     20060.2167968750
429.961212     19753.4570312500
430.316559     18637.9687500000
430.671814     18054.6601562500
431.027069     18465.9980468750
431.382263     19502.4726562500
431.737457     20924.7226562500
432.092590     22398.0976562500
432.447723     22953.5175781250
432.802734     22788.5195312500
433.157776     23302.1093750000
433.512756     23799.4316406250
433.867706     23199.8554687500
434.222656     23095.2773437500
434.577545     23202.1796875000
434.932373     23536.8261718750
435.287201     24306.0488281250
435.641968     25426.1855468750
435.996704     26109.4238281250
436.351410     26337.1699218750
436.706085     26351.1132812500
437.060699     25976.9589843750
437.415283     25709.7070312500
437.769867     25210.0605468750
438.124420     24887.0332031250
438.478882     24789.4277343750
438.833313     24196.8242187500
439.187714     24498.9355468750
439.542084     25214.7089843750
439.896454     25723.6503906250
440.250732     25749.2128906250
440.605011     25732.9453125000
440.959229     26311.6054687500
441.313416     26750.8300781250
441.667572     26932.0976562500
442.021698     28010.4023437500
442.375793     28196.3183593750
442.729858     28033.6425781250
443.083832     28161.4589843750
443.437836     28193.9941406250
443.791748     28609.9785156250
444.145630     28307.8671875000
444.499542     28665.7539062500
444.853363     28881.8789062500
445.207123     28537.9375000000
445.560883     27901.1777343750
445.914612     27585.1230468750
446.268280     27780.3339843750
446.621918     27538.6445312500
446.975555     28517.0214843750
447.329132     28993.4277343750
447.682678     29369.9062500000
448.036133     29967.1582031250
448.389618     29802.1582031250
448.743042     29458.2148437500
449.096405     30380.8183593750
449.449799     30171.6640625000
449.803101     29839.3417968750
450.156372     30538.8457031250
450.509613     31407.9980468750
450.862823     31763.5605468750
451.216003     31280.1816406250
451.569122     31124.4785156250
451.922211     31249.9707031250
452.275269     30636.4511718750
452.628296     30803.7753906250
452.981293     29567.4414062500
453.334229     29574.4121093750
453.687134     29646.4550781250
454.040009     29978.7773437500
454.392853     30127.5097656250
454.745636     30476.0996093750
455.098419     29725.4687500000
455.451172     30399.4101562500
455.803864     30287.8613281250
456.156464     30919.9707031250
456.509125     30910.6757812500
456.861694     31851.8691406250
457.214264     31470.7441406250
457.566742     31749.6171875000
457.919220     31610.1796875000
458.271667     31480.0410156250
458.624023     31210.4628906250
458.976379     30738.7050781250
459.328705     31335.9550781250
459.681000     31401.0253906250
460.033234     31161.6601562500
460.385468     32077.2910156250
460.737610     31382.4355468750
461.089752     32493.2753906250
461.441864     32481.6562500000
461.793945     32481.6562500000
462.145996     32525.8105468750
462.497955     33067.2890625000
462.849884     32834.8945312500
463.201813     33290.3867187500
463.553680     33471.6523437500
463.905518     33518.1328125000
464.257355     33009.1914062500
464.609100     33032.4296875000
464.960815     33278.7656250000
465.312531     33051.0195312500
465.664185     32985.9492187500
466.015778     33302.0078125000
466.367371     33599.4687500000
466.718903     33353.1328125000
467.070435     33032.4296875000
467.421906     33113.7656250000
467.773346     34217.6367187500
468.124725     33657.5664062500
468.476074     34396.5781250000
468.827393     34852.0703125000
469.178680     35175.0976562500
469.529938     35409.8164062500
469.881134     35198.3398437500
470.232330     35175.0976562500
470.583435     35363.3359375000
470.934540     35951.2929687500
471.285614     35860.6601562500
471.636627     36202.2773437500
471.987610     37559.4570312500
472.338562     37915.0195312500
472.689453     38326.3554687500
473.040375     38600.5820312500
473.391205     38389.1015625000
473.741974     38693.5390625000
474.092773     39118.8203125000
474.443481     40364.4492187500
474.794159     40585.2226562500
475.144806     40975.6445312500
475.495422     41005.8554687500
475.846039     41110.4335937500
476.196533     41280.0781250000
476.547028     41619.3750000000
476.897522     41610.0781250000
477.247925     42469.9335937500
477.598328     42937.0468750000
477.948700     44105.9843750000
478.299011     43769.0156250000
478.649231     44731.1250000000
478.999481     45502.6718750000
479.349701     45723.4453125000
479.699829     45577.0390625000
480.049988     45927.9531250000
480.400055     46099.9218750000
480.750153     46908.6523437500
481.100128     46880.7656250000
481.450104     47842.8750000000
481.800049     48351.8164062500
482.149963     48428.5078125000
482.499786     48691.1132812500
482.849670     47942.8046875000
483.199432     48563.2968750000
483.549194     48291.3945312500
483.898926     48770.1250000000
484.248566     48725.9726562500
484.598206     48509.8437500000
484.947815     48428.5078125000
485.297394     47898.6484375000
485.646912     47050.4140625000
485.996399     45168.0234375000
486.345825     44087.3945312500
486.695282     44013.0273437500
487.044617     44577.7460937500
487.393951     46013.9375000000
487.743286     46529.8515625000
488.092529     47770.8320312500
488.441711     48291.3945312500
488.790955     48263.5078125000
489.140076     48470.3359375000
489.489197     49564.9101562500
489.838257     50004.1367187500
490.187286     50613.0078125000
490.536316     51094.0625000000
490.885254     50940.6835937500
491.234161     50617.6562500000
491.583069     50506.1054687500
491.931915     50022.7265625000
492.280731     49855.4023437500
492.629486     50294.6289062500
492.978210     50431.7382812500
493.326874     50678.0781250000
493.675568     50919.7656250000
494.024200     50917.4414062500
494.372742     51386.8789062500
494.721313     52249.0585937500
495.069824     52256.0312500000
495.418274     51942.2968750000
495.766724     52335.0429687500
496.115112     52321.1015625000
496.463470     52323.4257812500
496.811768     52818.4218750000
497.160034     52688.2812500000
497.508301     52832.3671875000
497.856506     52674.3398437500
498.204651     52223.4960937500
498.552765     51491.4531250000
498.900848     51795.8906250000
499.248901     52167.7187500000
499.596924     52646.4531250000
499.944885     52204.9023437500
500.292816     51965.5390625000
500.640778     51589.0585937500
500.988556     51396.1718750000
501.336426     50975.5429687500
501.684204     51061.5273437500
502.031952     51472.8632812500
502.379700     51424.0625000000
502.727295     51872.5820312500
503.074982     51723.8476562500
503.422546     51763.3554687500
503.770081     51726.1718750000
504.117615     51449.6250000000
504.465088     51505.3984375000
504.812561     52053.8476562500
505.159943     52049.1992187500
505.507294     52897.4375000000
505.854645     52730.1132812500
506.201904     53366.8710937500
506.549194     53515.6015625000
506.896332     53180.9570312500
507.243591     53427.2929687500
507.590698     52706.8750000000
507.937775     52792.8593750000
508.284912     52892.7890625000
508.631836     52785.8867187500
508.978851     53448.2109375000
509.325806     53601.5898437500
509.672699     53936.2343750000
510.019592     53220.4648437500
510.366364     53229.7578125000
510.713196     53641.0976562500
511.059937     53594.6171875000
511.406677     54112.8554687500
511.753326     54605.5312500000
512.099976     54275.5312500000
512.446594     54303.4179687500
512.793091     54145.3906250000
513.139648     53859.5468750000
513.486145     53520.2500000000
513.832520     53827.0117187500
514.179016     53320.3945312500
514.525269     53313.4218750000
514.871704     53069.4062500000
515.217957     53624.8281250000
515.564209     53864.1953125000
515.910522     53610.8828125000
516.256531     53338.9843750000
516.602783     52058.4960937500
516.948853     50575.8242187500
517.294922     50048.2890625000
517.640930     50638.5703125000
517.986877     50685.0507812500
518.332886     50840.7539062500
518.678711     50889.5546875000
519.024658     50933.7109375000
519.370422     51591.3828125000
519.716248     52242.0859375000
520.062073     52799.8320312500
520.407715     53348.2812500000
520.753418     53113.5625000000
521.099060     53610.8828125000
521.444580     53950.1796875000
521.790222     53985.0390625000
522.135681     54054.7578125000
522.481201     54073.3476562500
522.826660     53824.6875000000
523.172058     53782.8554687500
523.517395     54031.5156250000
523.862671     54066.3750000000
524.208069     54368.4882812500
524.553284     54454.4726562500
524.898438     54528.8398437500
525.243591     54758.9101562500
525.588745     54747.2890625000
525.933899     54612.5000000000
526.278931     53671.3085937500
526.623962     52595.3242187500
526.968872     52023.6367187500
527.313904     51828.4257812500
527.658813     52374.5507812500
528.003601     52764.9726562500
528.348450     53527.2226562500
528.693237     53499.3359375000
529.037964     54064.0507812500
529.382751     54117.5039062500
529.727356     54236.0234375000
530.072021     54231.3750000000
530.416626     54249.9687500000
530.761169     54819.3320312500
531.105652     55095.8789062500
531.450134     55033.1328125000
531.794617     54789.1210937500
532.138916     54517.2187500000
532.483337     53950.1796875000
532.827637     53506.3085937500
533.171936     53115.8867187500
533.516174     53225.1132812500
533.860352     53631.8007812500
534.204529     53813.0664062500
534.548645     53817.7148437500
534.892700     54024.5468750000
535.236816     53785.1796875000
535.580750     54098.9101562500
535.924744     54231.3750000000
536.268738     54208.1367187500
536.612549     54066.3750000000
536.956421     53838.6289062500
537.300232     53624.8281250000
537.644043     53813.0664062500
537.987671     53831.6601562500
538.331421     54096.5859375000
538.675049     54015.2500000000
539.018677     53987.3632812500
539.362305     53596.9414062500
539.705750     53666.6601562500
540.049316     53232.0820312500
540.392822     52518.6328125000
540.736145     52565.1132812500
541.079590     52837.0156250000
541.422913     52372.2265625000
541.766235     53229.7578125000
542.109436     53715.4609375000
542.452698     53971.0937500000
542.795898     53513.2812500000
543.138977     53754.9687500000
543.482178     53771.2382812500
543.825195     54252.2929687500
544.168213     54354.5429687500
544.511230     54433.5585937500
544.854187     54589.2617187500
545.197083     54354.5429687500
545.539917     54566.0234375000
545.882813     54554.4023437500
546.225586     54524.1914062500
546.568359     54454.4726562500
546.911133     54461.4453125000
547.253662     53924.6171875000
547.596436     54175.6015625000
547.938965     53892.0820312500
548.281494     53889.7578125000
548.624084     54082.6445312500
548.966492     54407.9960937500
549.308960     53908.3476562500
549.651367     54124.4765625000
549.993713     53824.6875000000
550.336060     54215.1093750000
550.678345     53931.5898437500
551.020630     54143.0664062500
551.362732     54101.2343750000
551.704956     53838.6289062500
552.047058     54038.4882812500
552.389160     54342.9257812500
552.731262     53845.6015625000
553.073181     53571.3789062500
553.415161     53580.6718750000
553.757080     53510.9570312500
554.098999     54105.8828125000
554.440857     53989.6875000000
554.782593     53964.1250000000
555.124390     53854.8984375000
555.466125     54119.8281250000
555.807800     53578.3515625000
556.149414     53655.0390625000
556.491089     53380.8164062500
556.832642     53013.6328125000
557.174133     52953.2109375000
557.515686     52890.4648437500
557.857117     52751.0273437500
558.198486     52683.6328125000
558.539917     52042.2265625000
558.881165     51916.7343750000
559.222534     51596.0312500000
559.563782     51812.1562500000
559.904968     51970.1875000000
560.246216     51312.5117187500
560.587280     51805.1875000000
560.928406     51833.0742187500
561.269470     51730.8203125000
561.610474     51563.4960937500
561.951477     51117.3007812500
562.292297     51368.2851562500
562.633301     51268.3554687500
562.974121     51740.1171875000
563.315002     51142.8632812500
563.655762     51433.3554687500
563.996460     50973.2187500000
564.337158     51391.5273437500
564.677795     50789.6250000000
565.018433     51112.6523437500
565.359009     50489.8398437500
565.699524     50192.3750000000
566.040100     49697.3750000000
566.380493     50178.4296875000
566.720947     49620.6875000000
567.061340     49901.8828125000
567.401611     49987.8671875000
567.742004     49239.5625000000
568.082153     49488.2226562500
568.422424     48888.6445312500
568.762634     48505.1953125000
569.102722     48114.7773437500
569.442810     48184.4921875000
569.782898     47670.9023437500
570.122986     47501.2578125000
570.462830     47561.6796875000
570.802856     46764.5703125000
571.142761     46685.5546875000
571.482605     46883.0898437500
571.822449     46780.8359375000
572.162170     46780.8359375000
572.501953     47099.2148437500
572.841675     47273.5117187500
573.181274     47066.6796875000
573.520996     46845.9062500000
573.860474     46927.2460937500
574.200073     47127.1015625000
574.539551     46318.3710937500
574.878967     46578.6523437500
575.218384     46085.9804687500
575.557739     46072.0351562500
575.897156     45832.6718750000
576.236450     45470.1367187500
576.575684     45511.9687500000
576.914856     45674.6406250000
577.254089     45895.4179687500
577.593262     45730.4179687500
577.932251     45339.9960937500
578.271362     45019.2929687500
578.610352     44814.7851562500
578.949341     44821.7578125000
579.288330     45028.5898437500
579.627197     44933.3085937500
579.966064     45267.9531250000
580.304871     45349.2929687500
580.643677     45628.1640625000
580.982483     45033.2343750000
581.321045     45593.3046875000
581.659790     45089.0117187500
581.998413     45946.5429687500
582.336914     45767.6015625000
582.675476     45758.3046875000
583.013916     46051.1210937500
583.352478     45825.6992187500
583.690796     45837.3164062500
584.029175     45972.1054687500
584.367493     45914.0078125000
584.705811     45900.0625000000
585.044128     45658.3750000000
585.382202     45028.5898437500
585.720459     45072.7421875000
586.058594     45089.0117187500
586.396667     44589.3632812500
586.734802     45016.9687500000
587.072693     44547.5351562500
587.410767     44607.9570312500
587.748657     44470.8437500000
588.086487     43952.6054687500
588.424316     42813.8789062500
588.762146     41277.7539062500
589.099976     40039.0976562500
589.437622     38677.2695312500
589.775391     38561.0742187500
590.113037     39067.6914062500
590.450623     39376.7734375000
590.788208     39709.0976562500
591.125671     40062.3359375000
591.463196     39901.9843750000
591.800659     40043.7460937500
592.138062     39795.0820312500
592.475464     40524.8007812500
592.812683     40441.1367187500
593.150024     40522.4765625000
593.487244     40750.2226562500
593.824402     41305.6406250000
594.161621     40290.0820312500
594.498657     40050.7187500000
594.835815     39908.9570312500
595.172852     40162.2656250000
595.509827     40431.8437500000
595.846741     40452.7578125000
596.183655     40729.3046875000
596.520630     40666.5585937500
596.857422     40980.2929687500
597.194214     40817.6171875000
597.530945     41219.6562500000
597.867615     40919.8671875000
598.204346     41036.0664062500
598.540955     40796.6992187500
598.877563     41287.0507812500
599.214111     41122.0507812500
599.550598     41124.3750000000
599.887085     41168.5312500000
600.223450     41263.8125000000
600.559937     41012.8281250000
600.896240     41361.4179687500
601.232544     41224.3046875000
601.568787     40738.6015625000
601.905029     40833.8828125000
602.241272     40466.7031250000
602.577271     41087.1914062500
602.913452     40768.8125000000
603.249512     41187.1210937500
603.585510     40538.7421875000
603.921509     41459.0234375000
604.257385     41405.5703125000
604.593323     41063.9531250000
604.929199     41291.6992187500
605.264954     40415.5742187500
605.600830     40692.1250000000
605.936462     40366.7734375000
606.272217     40513.1796875000
606.607849     40180.8554687500
606.943420     40025.1523437500
607.278992     40290.0820312500
607.614502     40278.4609375000
607.950012     39764.8710937500
608.285461     39634.7304687500
608.620850     39411.6328125000
608.956177     39467.4101562500
609.291504     39736.9843750000
609.626831     39413.9570312500
609.962036     39274.5234375000
610.297302     39560.3671875000
610.632446     39128.1132812500
610.967529     39362.8320312500
611.302673     39599.8750000000
611.637634     40073.9570312500
611.972656     39862.4765625000
612.307617     39448.8164062500
612.642517     39211.7773437500
612.977356     39360.5078125000
613.312195     39083.9609375000
613.646973     38314.7382812500
613.981750     38649.3828125000
614.316406     38093.9609375000
614.651062     38484.3828125000
614.985657     38131.1445312500
615.320313     38263.6093750000
615.654846     37524.5976562500
615.989319     37420.0195312500
616.323792     36997.0664062500
616.658203     36952.9101562500
616.992615     36511.3632812500
617.326904     36997.0664062500
617.661194     36829.7421875000
617.995483     37138.8242187500
618.329712     36694.9531250000
618.663940     37073.7539062500
618.997925     36799.5312500000
619.332092     36971.5000000000
619.666077     36499.7421875000
620.000061     37020.3046875000
620.334045     36446.2929687500
620.667969     36653.1210937500
621.001892     36676.3632812500
621.335632     36769.3203125000
621.669495     36288.2656250000
622.003296     36385.8710937500
622.336914     36167.4179687500
622.670654     35872.2812500000
623.004272     35516.7187500000
623.337891     35388.9023437500
623.671387     35340.0976562500
624.004883     35063.5507812500
624.338440     35003.1289062500
624.671753     34780.0312500000
625.005249     34384.9609375000
625.338562     34196.7226562500
625.671814     33699.3984375000
626.005066     34022.4257812500
626.338257     33790.0312500000
626.671509     33494.8945312500
627.004578     33392.6406250000
627.337708     33195.1054687500
627.670776     32660.5996093750
628.003723     32028.4882812500
628.336731     32054.0527343750
628.669556     31698.4902343750
629.002502     31742.6445312500
629.335327     31942.5039062500
629.668152     31575.3222656250
630.000916     31489.3359375000
630.333618     31452.1523437500
630.666321     31642.7148437500
630.998962     31877.4335937500
631.331482     31828.6308593750
631.664063     31256.9414062500
631.996521     30929.2675781250
632.329102     31108.2109375000
632.661499     31075.6757812500
632.993835     30926.9433593750
633.326172     30987.3652343750
633.658447     31233.7031250000
633.990784     31498.6308593750
634.322937     31191.8710937500
634.655212     31352.2226562500
634.987244     31389.4062500000
635.319397     30950.1835937500
635.651489     30824.6894531250
635.983398     31043.1406250000
636.315430     30599.2675781250
636.647278     30338.9882812500
636.979187     31066.3789062500
637.311035     31054.7597656250
637.642761     30847.9296875000
637.974609     30998.9843750000
638.306335     30550.4648437500
638.637939     30576.0292968750
638.969604     31017.5761718750
639.301147     30987.3652343750
639.632751     30615.5351562500
639.964233     30429.6210937500
640.295715     30146.1015625000
640.627075     30027.5800781250
640.958496     29855.6093750000
641.289917     30150.7480468750
641.621094     29832.3691406250
641.952393     29300.1875000000
642.283569     29402.4414062500
642.614746     29428.0039062500
642.945923     29709.2011718750
643.276917     29576.7363281250
643.608093     29242.0898437500
643.939026     29460.5390625000
644.269958     29541.8769531250
644.600891     29479.1308593750
644.931763     29376.8769531250
645.262634     28951.5976562500
645.593384     28991.1035156250
645.924133     28768.0058593750
646.254822     28814.4843750000
646.585510     28012.7265625000
646.916199     28131.2480468750
647.246704     27359.7011718750
647.577271     27540.9687500000
647.907715     27278.3632812500
648.238220     27006.4628906250
648.568665     26678.7871093750
648.898987     27004.1386718750
649.229309     26581.1816406250
649.559570     26320.9023437500
649.889832     26079.2128906250
650.220093     26286.0429687500
650.550171     26690.4082031250
650.880310     27038.9980468750
651.210388     26797.3085937500
651.540405     26534.7031250000
651.870422     26179.1406250000
652.200317     26234.9160156250
652.530273     26650.9003906250
652.860046     26962.3085937500
653.189941     27008.7871093750
653.519775     26976.2519531250
653.849426     27355.0527343750
654.179199     26530.0566406250
654.508789     26341.8164062500
654.838440     26351.1132812500
655.168030     26188.4375000000
655.497498     25637.6640625000
655.827026     25070.6230468750
656.156372     24333.9355468750
656.485840     23641.4023437500
656.815247     23174.2929687500
657.144470     23383.4453125000
657.473755     24238.6542968750
657.802979     24131.7539062500
658.132202     24512.8789062500
658.461243     24866.1171875000
658.790466     25251.8906250000
659.119507     25210.0605468750
659.448486     25386.6796875000
659.777527     25337.8769531250
660.106384     25777.1015625000
660.435242     25391.3281250000
660.764160     25842.1699218750
661.092896     25904.9179687500
661.421692     25967.6640625000
661.750427     26069.9160156250
662.079102     25904.9179687500
662.407715     26351.1132812500
662.736328     26025.7617187500
663.064880     25890.9726562500
663.393311     25577.2421875000
663.721802     25567.9472656250
664.050232     25521.4667968750
664.378601     25428.5097656250
664.706970     25365.7636718750
665.035217     25456.3964843750
665.363525     25249.5664062500
665.691650     24870.7656250000
666.019897     24747.5976562500
666.347961     24877.7363281250
666.676086     25135.6933593750
667.004150     24570.9785156250
667.332092     24601.1894531250
667.660095     24763.8652343750
667.987915     24738.3007812500
668.315796     24694.1464843750
668.643677     24354.8515625000
668.971436     24491.9628906250
669.299133     24512.8789062500
669.626892     24066.6835937500
669.954468     24192.1757812500
670.282104     23876.1210937500
670.609619     24057.3886718750
670.937256     23964.4296875000
671.264587     23483.3750000000
671.592163     23646.0507812500
671.919495     23680.9101562500
672.246887     23053.4472656250
672.574097     23339.2910156250
672.901489     22890.7714843750
673.228699     23151.0527343750
673.555847     22851.2656250000
673.882996     22760.6308593750
674.210022     22700.2089843750
674.537109     22212.1816406250
674.864136     22274.9277343750
675.191101     22342.3222656250
675.518005     22481.7597656250
675.844849     21982.1132812500
676.171692     21891.4785156250
676.498535     21991.4082031250
676.825256     22175.0000000000
677.151978     21570.7753906250
677.478577     21573.0996093750
677.805237     21686.9726562500
678.131836     21547.5371093750
678.458435     21568.4511718750
678.784851     21345.3535156250
679.111328     21338.3828125000
679.437744     21517.3261718750
679.764099     21108.3125000000
680.090454     20868.9472656250
680.416687     21033.9472656250
680.742920     20848.0312500000
681.069153     20964.2285156250
681.395203     20699.3007812500
681.721313     20529.6523437500
682.047485     20480.8496093750
682.373474     20439.0195312500
682.699402     20260.0761718750
683.025391     20262.4003906250
683.351196     20141.5546875000
683.677063     20011.4140625000
684.002930     20125.2871093750
684.328674     19195.7128906250
684.654358     19632.6132812500
684.980042     19167.8261718750
685.305603     19251.4882812500
685.631287     19170.1503906250
685.956787     19053.9531250000
686.282288     18798.3203125000
686.607788     18159.2382812500
686.933167     17027.4804687500
687.258545     16056.0751953125
687.583923     15098.6132812500
687.909180     14963.8251953125
688.234375     15124.1767578125
688.559631     15361.2187500000
688.884766     15382.1337890625
689.209839     15242.6972656250
689.534973     15198.5429687500
689.859924     14921.9941406250
690.184937     14873.1914062500
690.509827     15331.0068359375
690.834717     15235.7255859375
691.159668     15203.1904296875
691.484436     15442.5566406250
691.809204     15565.7246093750
692.133911     15642.4150390625
692.458557     15777.2031250000
692.783142     15846.9208984375
693.107849     15458.8242187500
693.432312     15324.0351562500
693.756836     15279.8808593750
694.081238     15131.1484375000
694.405701     15263.6132812500
694.730164     15024.2480468750
695.054443     14917.3466796875
695.378723     14724.4599609375
695.702942     15052.1347656250
696.027100     15233.4023437500
696.351257     15228.7539062500
696.675476     15512.2744140625
696.999512     15484.3867187500
697.323486     15686.5693359375
697.647461     15551.7812500000
697.971375     15649.3867187500
698.295349     15588.9638671875
698.619202     15505.3027343750
698.942993     15509.9501953125
699.266724     15086.9941406250
699.590393     15161.3603515625
699.914124     14940.5859375000
700.237793     14833.6845703125
700.561340     15140.4443359375
700.884949     14770.9384765625
701.208374     14327.0664062500
701.531860     14631.5029296875
701.855286     14564.1083984375
702.178650     14626.8544921875
702.501953     14552.4882812500
702.825195     14296.8554687500
703.148499     14413.0527343750
703.471680     14554.8125000000
703.794861     14719.8125000000
704.117981     14829.0371093750
704.440979     14987.0644531250
704.764038     14938.2617187500
705.086975     14921.9941406250
705.409851     14866.2197265625
705.732849     14784.8818359375
706.055664     14912.6992187500
706.378479     15038.1914062500
706.701233     14880.1640625000
707.023926     14921.9941406250
707.346619     15156.7119140625
707.669250     14994.0361328125
707.991821     14961.5009765625
708.314392     14982.4169921875
708.636841     15093.9658203125
708.959290     14887.1357421875
709.281738     14833.6845703125
709.604065     14894.1074218750
709.926392     14805.7978515625
710.248657     15040.5156250000
710.570862     14787.2060546875
710.893066     14673.3330078125
711.215210     15161.3603515625
711.537292     14863.8964843750
711.859314     14868.5439453125
712.181335     15012.6279296875
712.503357     14880.1640625000
712.825256     14791.8544921875
713.147156     14901.0791015625
713.468994     14633.8261718750
713.790771     14696.5722656250
714.112488     14499.0380859375
714.434143     14373.5458984375
714.755859     14612.9111328125
715.077515     14234.1093750000
715.399109     14155.0957031250
715.720581     14322.4189453125
716.042053     14143.4755859375
716.363525     13625.2382812500
716.684875     13309.1826171875
717.006287     12730.5224609375
717.327576     12126.2988281250
717.648804     11463.9775390625
717.969971     11075.8798828125
718.291260     11099.1191406250
718.612366     10460.0371093750
718.933411     10339.1923828125
719.254395     10016.1650390625
719.575439      9855.8134765625
719.896362      9583.9130859375
720.217285      9437.5048828125
720.538147      9337.5761718750
720.859009      9416.5898437500
721.179749      9981.3056640625
721.500488     10413.5585937500
721.821228     11089.8232421875
722.141785     11317.5693359375
722.462402     11287.3583984375
722.782959     11380.3154296875
723.103455     11282.7099609375
723.423950     10945.7392578125
723.744385     11003.8378906250
724.064758     10406.5859375000
724.385071     10550.6708984375
724.705322     10364.7558593750
725.025574     10304.3330078125
725.345825     10332.2207031250
725.665955     10227.6435546875
725.986023     10134.6855468750
726.306091     10130.0380859375
726.626099     10153.2773437500
726.946045     10171.8691406250
727.266052     10188.1367187500
727.585938     10099.8271484375
727.905762      9851.1660156250
728.225525     10076.5878906250
728.545288     10064.9677734375
728.864990     10250.8828125000
729.184692      9890.6728515625
729.504333      9892.9960937500
729.823853      9913.9121093750
730.143372     10034.7568359375
730.462891     10023.1367187500
730.782410     10146.3056640625
731.101746     10048.7001953125
731.421143     10020.8134765625
731.740417      9916.2363281250
732.059631     10236.9394531250
732.378845     10436.7978515625
732.698059     10562.2900390625
733.017212     11057.2880859375
733.336304     10964.3310546875
733.655273     10968.9785156250
733.974304     11338.4843750000
734.293335     11580.1738281250
734.612183     11640.5966796875
734.931030     11812.5673828125
735.249878     11677.7792968750
735.568665     11515.1035156250
735.887329     11580.1738281250
736.206055     11601.0898437500
736.524658     11366.3720703125
736.843262     11373.3437500000
737.161804     11422.1464843750
737.480286     11666.1601562500
737.798828     11503.4843750000
738.117249     11754.4697265625
738.435608     11773.0605468750
738.753906     11487.2167968750
739.072205     11605.7373046875
739.390442     11742.8496093750
739.708618     11519.7519531250
740.026733     11612.7089843750
740.344849     11854.3984375000
740.662903     11814.8916015625
740.980957     11710.3144531250
741.298889     11807.9199218750
741.616821     11559.2587890625
741.934692     11501.1601562500
742.252502     11463.9775390625
742.570313     11542.9912109375
742.888062     11680.1035156250
743.205750     11703.3427734375
743.523438     11536.0195312500
743.841003     11656.8642578125
744.158569     11891.5820312500
744.476074     11817.2158203125
744.793518     11666.1601562500
745.111023     11698.6953125000
745.428345     11921.7929687500
745.745728     11728.9062500000
746.062988     11591.7939453125
746.380249     11970.5957031250
746.697449     11584.8222656250
747.014648     11475.5966796875
747.331726     11659.1884765625
747.648804     11563.9062500000
747.965759     11317.5693359375
748.282776     11410.5273437500
748.599731     11447.7099609375
748.916626     11398.9072265625
749.233459     11092.1474609375
749.550232     11103.7675781250
749.867004     10945.7392578125
750.183655     10901.5849609375
750.500366     10906.2324218750
750.816956     10757.5009765625
751.133545     10864.4013671875
751.450073     10766.7968750000
751.766479     10583.2050781250
752.083008     10622.7128906250
752.399414     10625.0361328125
752.715698     10678.4873046875
753.032043     10432.1494140625
753.348328     10632.0078125000
753.664429     10346.1640625000
753.980713     10548.3466796875
754.296814     10439.1210937500
754.612854     10264.8261718750
754.928833     10546.0224609375
755.244873     10253.2070312500
755.560852     10374.0517578125
755.876709     10183.4882812500
756.192505     10143.9814453125
756.508362     10123.0664062500
756.824097      9990.6015625000
757.139771      9992.9257812500
757.455505      9972.0107421875
757.771118      9841.8701171875
758.086670      9876.7285156250
758.402222      9992.9257812500
758.717712      9521.1669921875
759.033081      9490.9550781250
759.348511      9402.6455078125
759.663879      8377.7900390625
759.979187      7427.3002929688
760.294434      6353.6416015625
760.609619      5468.2221679688
760.924805      4680.4077148438
761.239929      4192.3808593750
761.554993      4045.9729003906
761.869995      4320.1972656250
762.184998      4283.0146484375
762.499939      4543.2954101563
762.814880      4389.9155273438
763.129700      4152.8740234375
763.444519      4210.9726562500
763.759277      4104.0712890625
764.073975      4259.7749023438
764.388672      4238.8598632813
764.703308      4561.8867187500
765.017883      4696.6752929688
765.332397      4956.9560546875
765.646851      5235.8281250000
765.961304      5484.4892578125
766.275696      6028.2905273438
766.590088      6230.4731445313
766.904358      6504.6972656250
767.218628      6813.7812500000
767.532776      7394.7651367188
767.846924      7364.5537109375
768.161072      7655.0458984375
768.475159      8054.7631835938
768.789185      8108.2133789063
769.103149      8275.5371093750
769.417114      8473.0712890625
769.731079      8556.7333984375
770.044861      8742.6484375000
770.358643      8624.1269531250
770.672363      8556.7333984375
770.986084      8819.3378906250
771.299683      8703.1416015625
771.613403      8777.5068359375
771.927002      8796.0986328125
772.240479      8656.6621093750
772.553955      8889.0556640625
772.867371      8656.6621093750
773.180847      8803.0703125000
773.494141      8823.9863281250
773.807434      8814.6904296875
774.120667      8851.8730468750
774.433899      8624.1269531250
774.747009      8724.0566406250
775.060181      8758.9160156250
775.373230      8626.4511718750
775.686218      8559.0566406250
775.999207      8754.2675781250
776.312073      8628.7753906250
776.624939      8635.7470703125
776.937866      8607.8593750000
777.250671      8605.5361328125
777.563416      8505.6064453125
777.876099      8447.5078125000
778.188721      8401.0292968750
778.501343      8354.5507812500
778.813904      8361.5224609375
779.126404      8322.0156250000
779.438904      8335.9589843750
779.751282      8194.1992187500
780.063660      8205.8183593750
780.376038      8229.0585937500
780.688293      8326.6630859375
781.000549      8161.6640625000
781.312683      8154.6923828125
781.624817      8080.3261718750
781.937012      8122.1572265625
782.249023      7894.4111328125
782.561035      7917.6508789063
782.872986      7959.4814453125
783.184937      7950.1860351563
783.496765      7938.5659179688
783.808655      7794.4819335938
784.120422      7750.3271484375
784.432129      7603.9194335938
784.743774      7652.7221679688
785.055420      7699.2006835938
785.367004      7545.8208007813
785.678589      7564.4125976563
785.990051      7471.4550781250
786.301514      7543.4970703125
786.612976      7366.8779296875
786.924316      7487.7226562500
787.235657      7297.1596679688
787.546936      7283.2163085938
787.858154      7206.5263671875
788.169312      7078.7099609375
788.480408      7092.6533203125
788.791504      6988.0761718750
789.102600      6758.0063476563
789.413513      6741.7387695313
789.724487      6685.9643554688
790.035400      6565.1196289063
790.346191      6553.5000000000
790.657043      6562.7958984375
790.967834      6581.3872070313
791.278564      6655.7534179688
791.589172      6458.2187500000
791.899780      6613.9223632813
792.210327      6460.5424804688
792.520935      6311.8105468750
792.831421      6269.9799804688
793.141846      6290.8955078125
793.452209      6251.3886718750
793.762573      6293.2192382813
794.072815      6381.5288085938
794.383118      6444.2753906250
794.693359      6195.6137695313
795.003479      6223.5009765625
795.313538      6137.5156250000
795.623596      6474.4863281250
795.933716      6095.6845703125
796.243652      6100.3325195313
796.553589      5907.4458007813
796.863464      5886.5302734375
797.173218      5937.6572265625
797.483032      6051.5297851563
797.792786      5935.3330078125
798.102478      5865.6152343750
798.412109      5981.8120117188
798.721741      5928.3613281250
799.031250      5928.3613281250
799.340820      5793.5732421875
799.650269      6084.0649414063
799.959656      5937.6572265625
800.269043      5916.7416992188
800.578369      5714.5590820313
800.887573      5647.1650390625
801.196899      5661.1083984375
801.505981      5642.5170898438
801.815186      5651.8129882813
802.124207      5507.7290039063
802.433289      5621.6015625000
802.742188      5482.1655273438
803.051270      5535.6162109375
803.360168      5568.1513671875
803.668945      5568.1513671875
803.977783      5370.6166992188
804.286499      5475.1938476563
804.595276      5484.4892578125
804.903931      5284.6308593750
805.212524      5321.8139648438
805.521057      5391.5322265625
805.829590      5600.6865234375
806.138062      5614.6298828125
806.446533      5479.8417968750
806.754944      5312.5180664063
807.063293      5537.9399414063
807.371521      5405.4755859375
807.679749      5440.3344726563
807.987976      5484.4892578125
808.296143      5479.8417968750
808.604248      5403.1518554688
808.912292      5396.1796875000
809.220276      5273.0112304688
809.528198      5277.6591796875
809.836182      5019.7021484375
810.144043      5066.1811523438
810.451843      5059.2089843750
810.759644      4970.8994140625
811.067322      4929.0688476563
811.375061      4931.3925781250
811.682678      4817.5200195313
811.990295      4822.1674804688
812.297791      4798.9282226563
812.605286      4794.2802734375
812.912720      4689.7031250000
813.220154      4568.8583984375
813.527527      4538.6474609375
813.834839      4417.8027343750
814.142029      4245.8315429688
814.449219      4238.8598632813
814.756409      4176.1132812500
815.063538      4150.5502929688
815.370605      3980.9028320313
815.677612      3932.1000976563
815.984619      3999.4941406250
816.291504      4066.8884277344
816.598389      3760.1289062500
816.905273      3736.8894042969
817.212036      3662.5234375000
817.518738      3699.7065429688
817.825439      3683.4389648438
818.132080      3678.7910156250
818.438721      3801.9597167969
818.745239      3634.6362304688
819.051758      3722.9458007813
819.358215      3720.6218261719
819.664612      3685.7629394531
819.971008      3743.8613281250
820.277344      3746.1853027344
820.583557      3862.3820800781
820.889771      3915.8325195313
821.195923      4036.6772460938
821.502075      4183.0849609375
821.808167      4141.2543945313
822.114197      4066.8884277344
822.420166      4071.5363769531
822.726074      3925.1281738281
823.031921      3616.0446777344
823.337769      3502.1718750000
823.643677      3281.3979492188
823.949402      3318.5808105469
824.255066      3488.2282714844
824.560730      3567.2421875000
824.866272      3783.3681640625
825.171936      3836.8186035156
825.477356      3983.2268066406
825.782837      4055.2687988281
826.088257      3948.3676757813
826.393616      3871.6777343750
826.698914      3985.5505371094
827.004272      3999.4941406250
827.309448      3934.4240722656
827.614624      3841.4665527344
827.919739      3894.9169921875
828.224854      3685.7629394531
828.529907      3715.9741210938
828.834839      3664.8474121094
829.139832      3709.0021972656
829.444702      3576.5378417969
829.749512      3678.7910156250
830.054260      3634.6362304688
830.359131      3639.2841796875
830.663818      3676.4670410156
830.968506      3834.4948730469
831.273071      3734.5654296875
831.577576      3788.0161132813
831.882080      3704.3542480469
832.186646      3748.5090332031
832.491028      3674.1430664063
832.795410      3681.1149902344
833.099731      3753.1569824219
833.403931      3548.6506347656
833.708191      3797.3117675781
834.012390      3632.3122558594
834.316467      3788.0161132813
834.620605      3829.8469238281
834.924622      3769.4245605469
835.228577      3678.7910156250
835.532593      3722.9458007813
835.836426      3678.7910156250
836.140320      3725.2697753906
836.444031      3781.0441894531
836.747803      3834.4948730469
837.051514      3669.4953613281
837.355225      3783.3681640625
837.658752      3811.2553710938
837.962341      3743.8613281250
838.265808      3792.6638183594
838.569336      3629.9882812500
838.872742      3611.3969726563
839.176147      3695.0585937500
839.479370      3669.4953613281
839.782715      3788.0161132813
840.085876      3753.1569824219
840.389038      3713.6501464844
840.692261      3683.4389648438
840.995300      3685.7629394531
841.298340      3799.6357421875
841.601257      3669.4953613281
841.904236      3762.4526367188
842.207153      3715.9741210938
842.509949      3732.2414550781
842.812805      3767.1005859375
843.115540      3669.4953613281
843.418152      3741.5373535156
843.720825      3674.1430664063
844.023438      3657.8757324219
844.325989      3688.0866699219
844.628540      3613.7209472656
844.930969      3553.2985839844
845.233337      3646.2558593750
845.535767      3606.7490234375
845.838013      3562.5942382813
846.140259      3729.9177246094
846.442505      3609.0729980469
846.744690      3590.4814453125
847.046753      3604.4250488281
847.348877      3655.5517578125
847.650879      3669.4953613281
847.952881      3513.7915039063
848.254761      3590.4814453125
848.556641      3504.4958496094
848.858459      3546.3266601563
849.160278      3534.7070312500
849.462036      3583.5097656250
849.763733      3409.2143554688
850.065308      3430.1298828125
850.366882      3397.5947265625
850.668518      3369.7075195313
850.969971      3304.6372070313
851.271423      3374.3554687500
851.572815      3365.0595703125
851.874084      3425.4819335938
852.175476      3344.1442871094
852.476685      3390.6230468750
852.777893      3423.1579589844
853.079041      3367.3835449219
853.380127      3332.5246582031
853.681213      3276.7500000000
853.982239      3288.3698730469
854.283203      3279.0739746094
854.584106      3081.5395507813
854.885010      3011.8212890625
855.185791      3069.9196777344
855.486572      3081.5395507813
855.787292      3086.1872558594
856.088013      3160.5532226563
856.388611      3309.2851562500
856.689148      3267.4543457031
856.989685      3220.9755859375
857.290161      3265.1303710938
857.590637      3258.1586914063
857.890991      3244.2150878906
858.191284      3279.0739746094
858.491577      3267.4543457031
858.791809      3148.9335937500
859.092041      3107.1027832031
859.392212      3223.2995605469
859.692261      3220.9755859375
859.992310      3253.5107421875
860.292297      3204.7080078125
860.592224      3102.4548339844
860.892151      3118.7224121094
861.191956      3083.8632812500
861.491760      3160.5532226563
861.791565      3079.2155761719
862.091248      3097.8068847656
862.390930      3090.8352050781
862.690552      3037.3847656250
862.990051      3065.2719726563
863.289551      2997.8776855469
863.589050      2960.6948242188
863.888428      3062.9479980469
864.187805      3046.6804199219
864.487122      3141.9616699219
864.786377      3055.9760742188
865.085632      3037.3847656250
865.384705      2965.3425292969
865.683838      3032.7368164063
865.982971      2886.3288574219
866.281982      2958.3708496094
866.580933      2811.9628906250
866.879883      2814.2868652344
867.178711      2809.6389160156
867.477600      2809.6389160156
867.776367      2897.9484863281
868.075134      2753.8645019531
868.373718      2837.5261230469
868.672424      2888.6528320313
868.970947      2872.3852539063
869.269531      2828.2304687500
869.568054      2856.1176757813
869.866455      2872.3852539063
870.164856      2867.7373046875
870.463196      2902.5964355469
870.761536      2795.6953125000
871.059753      2835.2021484375
871.357971      2756.1884765625
871.656067      2793.3713378906
871.954102      2746.8925781250
872.252197      2821.2585449219
872.550232      2788.7233886719
872.848206      2753.8645019531
873.146057      2716.6813964844
873.443848      2735.2729492188
873.741638      2707.3857421875
874.039429      2735.2729492188
874.337158      2693.4421386719
874.634827      2707.3857421875
874.932373      2698.0898437500
875.229980      2670.2026367188
875.527466      2767.8081054688
875.825012      2658.5830078125
876.122375      2651.6113281250
876.419739      2674.8505859375
876.717041      2623.7238769531
877.014282      2616.7521972656
877.311462      2660.9069824219
877.608704      2619.0761718750
877.905762      2607.4565429688
878.202881      2635.3437500000
878.499817      2684.1462402344
878.796814      2519.1469726563
879.093811      2519.1469726563
879.390625      2600.4846191406
879.687439      2549.3581542969
879.984253      2574.9213867188
880.280884      2628.3718261719
880.577637      2547.0341796875
880.874268      2591.1889648438
881.170837      2514.4990234375
881.467346      2560.9777832031
881.763855      2498.2314453125
882.060242      2514.4990234375
882.356567      2567.9494628906
882.652954      2540.0622558594
882.949280      2488.9357910156
883.245483      2498.2314453125
883.541626      2486.6118164063
883.837830      2416.8935546875
884.133911      2519.1469726563
884.429932      2481.9638671875
884.725952      2502.8793945313
885.021851      2463.3723144531
885.317688      2433.1611328125
885.613525      2472.6682128906
885.909363      2402.9499511719
886.205078      2296.0490722656
