0.087700
190.260635         0.0000000000
190.642441         0.0000000000
191.024216      1337.6322021484
191.405975      1402.7182617188
191.787704      1360.0756835938
192.169403      1380.2747802734
192.551071      1413.9400634766
192.932724      1378.0303955078
193.314331      1330.8990478516
193.695923      1395.9852294922
194.077499      1395.9852294922
194.459030      1407.2070312500
194.840546      1447.6052246094
195.222031      1445.3609619141
195.603485      1337.6322021484
195.984909      1422.9173583984
196.366302      1434.1391601563
196.747681      1418.4287109375
197.129028      1366.8087158203
197.510345      1342.1208496094
197.891647      1389.2521972656
198.272919      1445.3609619141
198.654175      1407.2070312500
199.035355      1335.3878173828
199.416550      1438.6278076172
199.797714      1357.8312988281
200.178848      1407.2070312500
200.559937      1369.0529785156
200.941025      1337.6322021484
201.322083      1324.1660156250
201.703079      1335.3878173828
202.084091      1418.4287109375
202.465057      1384.7634277344
202.845993      1348.8538818359
203.226898      1317.4329833984
203.607788      1384.7634277344
203.988647      1416.1843261719
204.369461      1312.9443359375
204.750275      1395.9852294922
205.131042      1416.1843261719
205.511795      1389.2521972656
205.892517      1380.2747802734
206.273209      1369.0529785156
206.653870      1425.1617431641
207.034515      1438.6278076172
207.415115      1395.9852294922
207.795700      1348.8538818359
208.176254      1407.2070312500
208.556778      1312.9443359375
208.937271      1335.3878173828
209.317749      1344.3652343750
209.698196      1326.4104003906
210.078613      1317.4329833984
210.459000      1425.1617431641
210.839371      1348.8538818359
211.219696      1326.4104003906
211.600006      1315.1885986328
211.980286      1330.8990478516
212.360535      1326.4104003906
212.740768      1380.2747802734
213.120956      1395.9852294922
213.501129      1393.7408447266
213.881256      1375.7861328125
214.261383      1333.1434326172
214.641464      1371.2973632813
215.021530      1294.9895019531
215.401550      1357.8312988281
215.781570      1393.7408447266
216.161530      1306.2113037109
216.541504      1364.5643310547
216.921402      1353.3426513672
217.301315      1409.4512939453
217.681152      1344.3652343750
218.061005      1339.8764648438
218.440811      1315.1885986328
218.820587      1378.0303955078
219.200348      1344.3652343750
219.580078      1321.9217529297
219.959763      1339.8764648438
220.339432      1335.3878173828
220.719070      1339.8764648438
221.098694      1312.9443359375
221.478271      1378.0303955078
221.857819      1413.9400634766
222.237366      1384.7634277344
222.616867      1308.4555664063
222.996338      1398.2296142578
223.375778      1324.1660156250
223.755188      1371.2973632813
224.134583      1357.8312988281
224.513947      1389.2521972656
224.893265      1373.5417480469
225.272583      1312.9443359375
225.651855      1395.9852294922
226.031097      1330.8990478516
226.410339      1362.3199462891
226.789520      1355.5869140625
227.168686      1373.5417480469
227.547806      1393.7408447266
227.926926      1418.4287109375
228.306015      1355.5869140625
228.685059      1402.7182617188
229.064087      1400.4738769531
229.443069      1382.5191650391
229.822037      1328.6547851563
230.200989      1375.7861328125
230.579895      1404.9626464844
230.958786      1420.6730957031
231.337631      1400.4738769531
231.716461      1351.0982666016
232.095261      1407.2070312500
232.474030      1409.4512939453
232.852783      1351.0982666016
233.231476      1429.6505126953
233.610184      1303.9669189453
233.988831      1369.0529785156
234.367462      1357.8312988281
234.746048      1303.9669189453
235.124649      1371.2973632813
235.503159      1339.8764648438
235.881683      1360.0756835938
236.260162      1337.6322021484
236.638641      1371.2973632813
237.017075      1344.3652343750
237.395477      1422.9173583984
237.773834      1445.3609619141
238.152176      1373.5417480469
238.530502      1474.5374755859
238.908783      1458.8270263672
239.287048      1355.5869140625
239.665268      1364.5643310547
240.043472      1342.1208496094
240.421661      1404.9626464844
240.799805      1337.6322021484
241.177902      1447.6052246094
241.556000      1382.5191650391
241.934052      1393.7408447266
242.312088      1357.8312988281
242.690094      1308.4555664063
243.068054      1404.9626464844
243.446014      1382.5191650391
243.823929      1355.5869140625
244.201813      1362.3199462891
244.579666      1402.7182617188
244.957504      1387.0078125000
245.335297      1337.6322021484
245.713074      1357.8312988281
246.090820      1391.4965820313
246.468536      1438.6278076172
246.846207      1277.0346679688
247.223862      1346.6094970703
247.601501      1270.3016357422
247.979095      1344.3652343750
248.356674      1382.5191650391
248.734222      1292.7451171875
249.111725      1375.7861328125
249.489212      1416.1843261719
249.866669      1371.2973632813
250.244095      1373.5417480469
250.621506      1344.3652343750
250.998871      1373.5417480469
251.376221      1362.3199462891
251.753510      1378.0303955078
252.130814      1387.0078125000
252.508057      1366.8087158203
252.885284      1420.6730957031
253.262466      1353.3426513672
253.639648      1326.4104003906
254.016769      1333.1434326172
254.393906      1360.0756835938
254.770966      1279.2790527344
255.148026      1303.9669189453
255.525040      1362.3199462891
255.902054      1409.4512939453
256.278992      1346.6094970703
256.655945      1330.8990478516
257.032837      1395.9852294922
257.409729      1357.8312988281
257.786591      1404.9626464844
258.163391      1281.5234375000
258.540161      1330.8990478516
258.916962      1384.7634277344
259.293701      1418.4287109375
259.670380      1319.6773681641
260.047058      1369.0529785156
260.423706      1319.6773681641
260.800323      1411.6956787109
261.176880      1378.0303955078
261.553436      1380.2747802734
261.929962      1351.0982666016
262.306488      1375.7861328125
262.682953      1382.5191650391
263.059387      1366.8087158203
263.435791      1360.0756835938
263.812195      1391.4965820313
264.188507      1357.8312988281
264.564850      1342.1208496094
264.941132      1380.2747802734
265.317413      1319.6773681641
265.693634      1375.7861328125
266.069885      1440.8721923828
266.446045      1398.2296142578
266.822174      1418.4287109375
267.198273      1306.2113037109
267.574371      1310.6999511719
267.950439      1319.6773681641
268.326447      1362.3199462891
268.702454      1402.7182617188
269.078430      1369.0529785156
269.454376      1353.3426513672
269.830292      1393.7408447266
270.206146      1411.6956787109
270.582001      1387.0078125000
270.957825      1288.2564697266
271.333618      1294.9895019531
271.709381      1443.1165771484
272.085144      1333.1434326172
272.460815      1306.2113037109
272.836487      1371.2973632813
273.212128      1380.2747802734
273.587769      1393.7408447266
273.963348      1333.1434326172
274.338898      1333.1434326172
274.714447      1445.3609619141
275.089935      1364.5643310547
275.465393      1328.6547851563
275.840820      1393.7408447266
276.216278      1431.8947753906
276.591644      1306.2113037109
276.966949      1344.3652343750
277.342285      1413.9400634766
277.717590      1337.6322021484
278.092834      1398.2296142578
278.468048      1308.4555664063
278.843262      1294.9895019531
279.218445      1431.8947753906
279.593567      1286.0120849609
279.968658      1328.6547851563
280.343781      1344.3652343750
280.718811      1384.7634277344
281.093842      1402.7182617188
281.468811      1420.6730957031
281.843781      1409.4512939453
282.218719      1360.0756835938
282.593628      1382.5191650391
282.968506      1355.5869140625
283.343353      1382.5191650391
283.718170      1328.6547851563
284.092896      1353.3426513672
284.467682      1344.3652343750
284.842407      1371.2973632813
285.217102      1382.5191650391
285.591766      1378.0303955078
285.966400      1380.2747802734
286.340973      1373.5417480469
286.715576      1402.7182617188
287.090118      1407.2070312500
287.464630      1387.0078125000
287.839081      1378.0303955078
288.213562      1351.0982666016
288.587982      1440.8721923828
288.962372      1355.5869140625
289.336731      1395.9852294922
289.711060      1317.4329833984
290.085327      1362.3199462891
290.459625      1371.2973632813
290.833862      1375.7861328125
291.208069      1384.7634277344
291.582275      1395.9852294922
291.956421      1384.7634277344
292.330505      1360.0756835938
292.704620      1348.8538818359
293.078705      1402.7182617188
293.452698      1380.2747802734
293.826691      1339.8764648438
294.200684      1395.9852294922
294.574615      1375.7861328125
294.948517      1391.4965820313
295.322388      1339.8764648438
295.696259      1353.3426513672
296.070068      1335.3878173828
296.443848      1335.3878173828
296.817596      1431.8947753906
297.191345      1375.7861328125
297.565063      1409.4512939453
297.938690      1355.5869140625
298.312317      1308.4555664063
298.685913      1317.4329833984
299.059540      1326.4104003906
299.433044      1391.4965820313
299.806549      1395.9852294922
300.180054      1283.7678222656
300.553528      1382.5191650391
300.926910      1425.1617431641
301.300323      1310.6999511719
301.673676      1418.4287109375
302.046997      1389.2521972656
302.420319      1391.4965820313
302.793579      1335.3878173828
303.166809      1407.2070312500
303.540039      1281.5234375000
303.913208      1407.2070312500
304.286377      1339.8764648438
304.659454      1321.9217529297
305.032593      1342.1208496094
305.405609      1393.7408447266
305.778656      1342.1208496094
306.151611      1402.7182617188
306.524597      1452.0939941406
306.897522      1443.1165771484
307.270416      1371.2973632813
307.643280      1371.2973632813
308.016144      1416.1843261719
308.388916      1407.2070312500
308.761749      1420.6730957031
309.134460      1387.0078125000
309.507202      1339.8764648438
309.879913      1366.8087158203
310.252563      1362.3199462891
310.625153      1413.9400634766
310.997742      1348.8538818359
311.370361      1413.9400634766
311.742859      1380.2747802734
312.115356      1353.3426513672
312.487823      1371.2973632813
312.860291      1407.2070312500
313.232697      1382.5191650391
313.605042      1384.7634277344
313.977386      1308.4555664063
314.349731      1315.1885986328
314.721985      1413.9400634766
315.094269      1380.2747802734
315.466492      1301.7225341797
315.838684      1384.7634277344
316.210846      1317.4329833984
316.582977      1357.8312988281
316.955048      1328.6547851563
317.327148      1360.0756835938
317.699158      1268.0573730469
318.071167      1382.5191650391
318.443176      1324.1660156250
318.815125      1371.2973632813
319.187012      1355.5869140625
319.558868      1360.0756835938
319.930756      1333.1434326172
320.302582      1333.1434326172
320.674347      1353.3426513672
321.046112      1452.0939941406
321.417847      1342.1208496094
321.789581      1364.5643310547
322.161224      1333.1434326172
322.532867      1353.3426513672
322.904419      1312.9443359375
323.276031      1328.6547851563
323.647583      1360.0756835938
324.019073      1407.2070312500
324.390533      1384.7634277344
324.762024      1369.0529785156
325.133423      1339.8764648438
325.504791      1299.4782714844
325.876129      1328.6547851563
326.247467      1335.3878173828
326.618774      1407.2070312500
326.990021      1328.6547851563
327.361237      1395.9852294922
327.732452      1353.3426513672
328.103607      1362.3199462891
328.474731      1335.3878173828
328.845825      1395.9852294922
329.216919      1317.4329833984
329.587952      1395.9852294922
329.958954      1335.3878173828
330.329926      1357.8312988281
330.700867      1387.0078125000
331.071808      1294.9895019531
331.442688      1456.5826416016
331.813507      1402.7182617188
332.184357      1294.9895019531
332.555115      1351.0982666016
332.925873      1324.1660156250
333.296570      1335.3878173828
333.667267      1407.2070312500
334.037994      1371.2973632813
334.408600      1384.7634277344
334.779144      1366.8087158203
335.149750      1402.7182617188
335.520294      1353.3426513672
335.890778      1375.7861328125
336.261230      1306.2113037109
336.631683      1306.2113037109
337.002106      1407.2070312500
337.372498      1373.5417480469
337.742798      1308.4555664063
338.113129      1333.1434326172
338.483429      1317.4329833984
338.853668      1353.3426513672
339.223907      1333.1434326172
339.594086      1409.4512939453
339.964233      1378.0303955078
340.334381      1389.2521972656
340.704437      1351.0982666016
341.074493      1391.4965820313
341.444519      1371.2973632813
341.814545      1404.9626464844
342.184509      1357.8312988281
342.554413      1402.7182617188
342.924347      1324.1660156250
343.294220      1342.1208496094
343.664032      1407.2070312500
344.033813      1395.9852294922
344.403595      1393.7408447266
344.773346      1351.0982666016
345.143036      1337.6322021484
345.512695      1346.6094970703
345.882385      1420.6730957031
346.251984      1353.3426513672
346.621552      1326.4104003906
346.991089      1348.8538818359
347.360626      1346.6094970703
347.730103      1409.4512939453
348.099548      1351.0982666016
348.468964      1310.6999511719
348.838379      1362.3199462891
349.207764      1402.7182617188
349.577057      1339.8764648438
349.946320      1357.8312988281
350.315582      1324.1660156250
350.684845      1369.0529785156
351.054047      1380.2747802734
351.423157      1362.3199462891
351.792328      1357.8312988281
352.161438      1371.2973632813
352.530487      1402.7182617188
352.899506      1384.7634277344
353.268524      1344.3652343750
353.637512      1369.0529785156
354.006409      1297.2338867188
354.375336      1422.9173583984
354.744232      1344.3652343750
355.113068      1418.4287109375
355.481873      1378.0303955078
355.850616      1337.6322021484
356.219391      1342.1208496094
356.588135      1366.8087158203
356.956818      1362.3199462891
357.325470      1378.0303955078
357.694031      1366.8087158203
358.062653      1364.5643310547
358.431213      1416.1843261719
358.799713      1315.1885986328
359.168182      1339.8764648438
359.536652      1319.6773681641
359.905090      1310.6999511719
360.273438      1362.3199462891
360.641785      1364.5643310547
361.010132      1391.4965820313
361.378448      1418.4287109375
361.746704      1393.7408447266
362.114899      1362.3199462891
362.483124      1348.8538818359
362.851288      1378.0303955078
363.219421      1398.2296142578
363.587463      1339.8764648438
363.955566      1342.1208496094
364.323608      1371.2973632813
364.691589      1317.4329833984
365.059540      1402.7182617188
365.427490      1339.8764648438
365.795410      1380.2747802734
366.163269      1348.8538818359
366.531067      1351.0982666016
366.898895      1409.4512939453
367.266693      1375.7861328125
367.634430      1342.1208496094
368.002106      1398.2296142578
368.369812      1360.0756835938
368.737457      1333.1434326172
369.105042      1360.0756835938
369.472595      1369.0529785156
369.840149      1395.9852294922
370.207672      1342.1208496094
370.575134      1411.6956787109
370.942566      1317.4329833984
371.309998      1301.7225341797
371.677399      1310.6999511719
372.044708      1409.4512939453
372.411987      1353.3426513672
372.779297      1387.0078125000
373.146576      1373.5417480469
373.513794      1366.8087158203
373.880951      1369.0529785156
374.248077      1342.1208496094
374.615204      1395.9852294922
374.982300      1380.2747802734
375.349365      1395.9852294922
375.716339      1357.8312988281
376.083374      1395.9852294922
376.450317      1366.8087158203
376.817230      1404.9626464844
377.184082      1387.0078125000
377.550964      1344.3652343750
377.917786      1346.6094970703
378.284576      1400.4738769531
378.651306      1362.3199462891
379.018036      1398.2296142578
379.384735      1398.2296142578
379.751373      1348.8538818359
380.117981      1312.9443359375
380.484589      1353.3426513672
380.851166      1398.2296142578
381.217651      1409.4512939453
381.584137      1279.2790527344
381.950623      1360.0756835938
382.317017      1371.2973632813
382.683411      1337.6322021484
383.049774      1366.8087158203
383.416107      1391.4965820313
383.782410      1400.4738769531
384.148651      1400.4738769531
384.514832      1443.1165771484
384.881042      1375.7861328125
385.247223      1301.7225341797
385.613342      1398.2296142578
385.979401      1402.7182617188
386.345459      1319.6773681641
386.711517      1364.5643310547
387.077484      1335.3878173828
387.443420      1382.5191650391
387.809357      1351.0982666016
388.175262      1335.3878173828
388.541107      1344.3652343750
388.906891      1420.6730957031
389.272705      1346.6094970703
389.638489      1366.8087158203
390.004211      1429.6505126953
390.369873      1317.4329833984
390.735535      1407.2070312500
391.101196      1373.5417480469
391.466766      1319.6773681641
391.832336      1413.9400634766
392.197815      1382.5191650391
392.563324      1389.2521972656
392.928802      1319.6773681641
393.294189      1312.9443359375
393.659607      1378.0303955078
394.024963      1351.0982666016
394.390289      1328.6547851563
394.755554      1366.8087158203
395.120789      1324.1660156250
395.486023      1348.8538818359
395.851227      1393.7408447266
396.216370      1339.8764648438
396.581482      1382.5191650391
396.946564      1449.8496093750
397.311646      1402.7182617188
397.676636      1321.9217529297
398.041626      1380.2747802734
398.406586      1369.0529785156
398.771515      1348.8538818359
399.136383      1301.7225341797
399.501221      1353.3426513672
399.866058      1315.1885986328
400.230865      1348.8538818359
400.595581      1391.4965820313
400.960297      1360.0756835938
401.324982      1373.5417480469
401.689636      1351.0982666016
402.054230      1371.2973632813
402.418793      1355.5869140625
402.783356      1398.2296142578
403.147919      1357.8312988281
403.512360      1333.1434326172
403.876770      1353.3426513672
404.241211      1366.8087158203
404.605621      1373.5417480469
404.969910      1373.5417480469
405.334229      1404.9626464844
405.698517      1395.9852294922
406.062775      1321.9217529297
406.426971      1339.8764648438
406.791107      1328.6547851563
407.155273      1416.1843261719
407.519379      1447.6052246094
407.883484      1315.1885986328
408.247498      1351.0982666016
408.611481      1418.4287109375
408.975464      1351.0982666016
409.339417      1351.0982666016
409.703308      1351.0982666016
410.067169      1326.4104003906
410.431030      1463.3156738281
410.794800      1337.6322021484
411.158569      1366.8087158203
411.522278      1434.1391601563
411.885986      1360.0756835938
412.249664      1292.7451171875
412.613312      1398.2296142578
412.976868      1362.3199462891
413.340454      1411.6956787109
413.703979      1380.2747802734
414.067474      1315.1885986328
414.430908      1411.6956787109
414.794342      1294.9895019531
415.157745      1382.5191650391
415.521088      1400.4738769531
415.884369      1339.8764648438
416.247711      1436.3835449219
416.610931      1384.7634277344
416.974152      1434.1391601563
417.337341      1425.1617431641
417.700500      1312.9443359375
418.063629      1369.0529785156
418.426697      1391.4965820313
418.789703      1346.6094970703
419.152740      1416.1843261719
419.515717      1463.3156738281
419.878662      1362.3199462891
420.241577      1407.2070312500
420.604431      1369.0529785156
420.967285      1355.5869140625
421.330109      1369.0529785156
421.692841      1369.0529785156
422.055603      1319.6773681641
422.418335      1319.6773681641
422.780975      1380.2747802734
423.143585      1362.3199462891
423.506226      1324.1660156250
423.868774      1404.9626464844
424.231293      1326.4104003906
424.593811      1393.7408447266
424.956238      1479.0261230469
425.318665      1303.9669189453
425.681091      1409.4512939453
426.043427      1344.3652343750
426.405731      1404.9626464844
426.768036      1391.4965820313
427.130310      1409.4512939453
427.492493      1463.3156738281
427.854675      1384.7634277344
428.216858      1371.2973632813
428.578979      1389.2521972656
428.941040      1362.3199462891
429.303040      1312.9443359375
429.665070      1299.4782714844
430.027069      1366.8087158203
430.389008      1425.1617431641
430.750885      1393.7408447266
431.112762      1351.0982666016
431.474640      1335.3878173828
431.836395      1315.1885986328
432.198181      1339.8764648438
432.559937      1335.3878173828
432.921600      1452.0939941406
433.283264      1378.0303955078
433.644867      1344.3652343750
434.006500      1411.6956787109
434.368073      1427.4061279297
434.729553      1391.4965820313
435.091034      1373.5417480469
435.452515      1306.2113037109
435.813934      1447.6052246094
436.175293      1402.7182617188
436.536621      1333.1434326172
436.897949      1360.0756835938
437.259277      1297.2338867188
437.620483      1344.3652343750
437.981659      1391.4965820313
438.342865      1357.8312988281
438.704010      1413.9400634766
439.065125      1413.9400634766
439.426178      1436.3835449219
439.787201      1366.8087158203
440.148224      1395.9852294922
440.509186      1398.2296142578
440.870087      1373.5417480469
441.230988      1400.4738769531
441.591858      1416.1843261719
441.952667      1409.4512939453
442.313416      1420.6730957031
442.674194      1501.4696044922
443.034912      1402.7182617188
443.395630      1357.8312988281
443.756226      1339.8764648438
444.116852      1362.3199462891
444.477417      1413.9400634766
444.837982      1357.8312988281
445.198456      1312.9443359375
445.558960      1348.8538818359
445.919403      1339.8764648438
446.279816      1337.6322021484
446.640106      1400.4738769531
447.000458      1335.3878173828
447.360779      1348.8538818359
447.721039      1339.8764648438
448.081207      1344.3652343750
448.441406      1355.5869140625
448.801575      1369.0529785156
449.161713      1360.0756835938
449.521759      1369.0529785156
449.881805      1321.9217529297
450.241852      1418.4287109375
450.601837      1389.2521972656
450.961792      1398.2296142578
451.321655      1407.2070312500
451.681549      1333.1434326172
452.041382      1315.1885986328
452.401184      1335.3878173828
452.760895      1335.3878173828
453.120636      1389.2521972656
453.480347      1398.2296142578
453.840027      1369.0529785156
454.199585      1375.7861328125
454.559174      1389.2521972656
454.918762      1286.0120849609
455.278290      1342.1208496094
455.637726      1315.1885986328
455.997162      1378.0303955078
456.356598      1351.0982666016
456.715973      1330.8990478516
457.075287      1371.2973632813
457.434570      1404.9626464844
457.793854      1416.1843261719
458.153107      1382.5191650391
458.512268      1375.7861328125
458.871429      1447.6052246094
459.230560      1409.4512939453
459.589661      1416.1843261719
459.948639      1420.6730957031
460.307678      1306.2113037109
460.666687      1395.9852294922
461.025635      1427.4061279297
461.384491      1324.1660156250
461.743378      1427.4061279297
462.102264      1360.0756835938
462.461060      1382.5191650391
462.819794      1382.5191650391
463.178497      1404.9626464844
463.537231      1321.9217529297
463.895905      1371.2973632813
464.254456      1281.5234375000
464.613068      1398.2296142578
464.971649      1382.5191650391
465.330170      1357.8312988281
465.688568      1369.0529785156
466.047028      1353.3426513672
466.405457      1312.9443359375
466.763855      1384.7634277344
467.122192      1378.0303955078
467.480438      1398.2296142578
467.838715      1355.5869140625
468.196960      1398.2296142578
468.555176      1351.0982666016
468.913269      1353.3426513672
469.271393      1312.9443359375
469.629486      1319.6773681641
469.987549      1335.3878173828
470.345520      1373.5417480469
470.703491      1355.5869140625
471.061462      1413.9400634766
471.419342      1427.4061279297
471.777191      1360.0756835938
472.135040      1355.5869140625
472.492828      1389.2521972656
472.850586      1395.9852294922
473.208282      1355.5869140625
473.565979      1375.7861328125
473.923615      1351.0982666016
474.281281      1344.3652343750
474.638794      1330.8990478516
474.996338      1335.3878173828
475.353851      1348.8538818359
475.711334      1330.8990478516
476.068726      1362.3199462891
476.426117      1422.9173583984
476.783478      1339.8764648438
477.140808      1330.8990478516
477.498077      1382.5191650391
477.855316      1369.0529785156
478.212555      1355.5869140625
478.569763      1378.0303955078
478.926819      1393.7408447266
479.283936      1310.6999511719
479.641022      1375.7861328125
479.998077      1294.9895019531
480.355011      1382.5191650391
480.711975      1342.1208496094
481.068939      1398.2296142578
481.425842      1378.0303955078
481.782623      1364.5643310547
482.139435      1351.0982666016
482.496216      1303.9669189453
482.852966      1395.9852294922
483.209717      1391.4965820313
483.566315      1360.0756835938
483.922943      1369.0529785156
484.279572      1382.5191650391
484.636139      1445.3609619141
484.992615      1391.4965820313
485.349121      1380.2747802734
485.705566      1409.4512939453
486.062012      1404.9626464844
486.418304      1382.5191650391
486.774689      1303.9669189453
487.130981      1378.0303955078
487.487274      1407.2070312500
487.843445      1391.4965820313
488.199615      1391.4965820313
488.555786      1366.8087158203
488.911957      1346.6094970703
489.267975      1434.1391601563
489.624023      1369.0529785156
489.980042      1301.7225341797
490.336029      1351.0982666016
490.691925      1326.4104003906
491.047821      1402.7182617188
491.403687      1407.2070312500
491.759521      1371.2973632813
492.115265      1342.1208496094
492.471008      1346.6094970703
492.826752      1355.5869140625
493.182434      1328.6547851563
493.538025      1324.1660156250
493.893646      1346.6094970703
494.249207      1274.7904052734
494.604736      1413.9400634766
494.960205      1380.2747802734
495.315674      1366.8087158203
495.671082      1429.6505126953
496.026489      1335.3878173828
496.381775      1357.8312988281
496.737091      1378.0303955078
497.092377      1382.5191650391
497.447632      1362.3199462891
497.802795      1382.5191650391
498.157959      1326.4104003906
498.513062      1380.2747802734
498.868195      1321.9217529297
499.223175      1342.1208496094
499.578217      1342.1208496094
499.933167      1339.8764648438
500.288116      1339.8764648438
500.643036      1369.0529785156
500.997833      1326.4104003906
501.352692      1369.0529785156
501.707489      1393.7408447266
502.062225      1328.6547851563
502.416901      1362.3199462891
502.771606      1402.7182617188
503.126221      1373.5417480469
503.480865      1353.3426513672
503.835358      1357.8312988281
504.189941      1398.2296142578
504.544434      1449.8496093750
504.898865      1301.7225341797
505.253265      1409.4512939453
505.607635      1351.0982666016
505.961975      1387.0078125000
506.316315      1369.0529785156
506.670532      1364.5643310547
507.024750      1369.0529785156
507.378967      1351.0982666016
507.733154      1369.0529785156
508.087189      1369.0529785156
508.441315      1407.2070312500
508.795349      1360.0756835938
509.149353      1409.4512939453
509.503265      1384.7634277344
509.857208      1312.9443359375
510.211121      1400.4738769531
510.565002      1337.6322021484
510.918762      1378.0303955078
511.272583      1348.8538818359
511.626312      1380.2747802734
511.980042      1353.3426513672
512.333618      1391.4965820313
512.687256      1362.3199462891
513.040894      1391.4965820313
513.394470      1319.6773681641
513.747925      1378.0303955078
514.101440      1357.8312988281
514.454895      1382.5191650391
514.808289      1317.4329833984
515.161621      1369.0529785156
515.514893      1355.5869140625
515.868225      1353.3426513672
516.221497      1362.3199462891
516.574707      1351.0982666016
516.927856      1380.2747802734
517.281006      1393.7408447266
517.634155      1382.5191650391
517.987183      1366.8087158203
518.340210      1398.2296142578
518.693237      1362.3199462891
519.046204      1391.4965820313
519.399048      1366.8087158203
519.751892      1404.9626464844
520.104736      1373.5417480469
520.457520      1384.7634277344
520.810364      1391.4965820313
521.163025      1355.5869140625
521.515686      1324.1660156250
521.868408      1389.2521972656
522.221008      1355.5869140625
522.573547      1344.3652343750
522.926086      1389.2521972656
523.278625      1391.4965820313
523.631042      1272.5460205078
523.983459      1411.6956787109
524.335815      1297.2338867188
524.688171      1366.8087158203
525.040527      1333.1434326172
525.392761      1429.6505126953
525.744934      1404.9626464844
526.097168      1279.2790527344
526.449341      1380.2747802734
526.801453      1333.1434326172
527.153503      1364.5643310547
527.505554      1348.8538818359
527.857544      1360.0756835938
528.209534      1387.0078125000
528.561462      1312.9443359375
528.913330      1393.7408447266
529.265198      1351.0982666016
529.617004      1310.6999511719
529.968750      1317.4329833984
530.320496      1337.6322021484
530.672180      1391.4965820313
531.023804      1337.6322021484
531.375488      1378.0303955078
531.727051      1382.5191650391
532.078613      1380.2747802734
532.430115      1315.1885986328
532.781555      1326.4104003906
533.132996      1391.4965820313
533.484375      1299.4782714844
533.835815      1337.6322021484
534.187073      1375.7861328125
534.538330      1384.7634277344
534.889587      1342.1208496094
535.240784      1355.5869140625
535.591919      1366.8087158203
535.942993      1389.2521972656
536.294128      1413.9400634766
536.645203      1416.1843261719
536.996155      1447.6052246094
537.347107      1335.3878173828
537.698120      1416.1843261719
538.049011      1398.2296142578
538.399841      1382.5191650391
538.750610      1422.9173583984
539.101440      1393.7408447266
539.452209      1321.9217529297
539.802856      1355.5869140625
540.153503      1369.0529785156
540.504150      1312.9443359375
540.854736      1337.6322021484
541.205261      1366.8087158203
541.555786      1380.2747802734
541.906250      1308.4555664063
542.256714      1290.5008544922
542.607056      1357.8312988281
542.957458      1373.5417480469
543.307739      1449.8496093750
543.658020      1411.6956787109
544.008240      1384.7634277344
544.358398      1328.6547851563
544.708618      1344.3652343750
545.058777      1315.1885986328
545.408813      1438.6278076172
545.758850      1375.7861328125
546.108887      1393.7408447266
546.458862      1333.1434326172
546.808716      1378.0303955078
547.158691      1297.2338867188
547.508545      1353.3426513672
547.858337      1355.5869140625
548.208069      1398.2296142578
548.557800      1391.4965820313
548.907532      1366.8087158203
549.257202      1427.4061279297
549.606812      1357.8312988281
549.956360      1333.1434326172
550.305908      1330.8990478516
550.655457      1384.7634277344
551.004883      1371.2973632813
551.354309      1461.0714111328
551.703674      1281.5234375000
552.053040      1393.7408447266
552.402405      1409.4512939453
552.751587      1434.1391601563
553.100830      1351.0982666016
553.450012      1348.8538818359
553.799255      1398.2296142578
554.148254      1357.8312988281
554.497375      1458.8270263672
554.846436      1387.0078125000
555.195435      1409.4512939453
555.544373      1389.2521972656
555.893250      1387.0078125000
556.242188      1398.2296142578
556.591003      1393.7408447266
556.939758      1425.1617431641
557.288574      1391.4965820313
557.637268      1274.7904052734
557.985962      1418.4287109375
558.334595      1434.1391601563
558.683228      1315.1885986328
559.031799      1326.4104003906
559.380310      1337.6322021484
559.728760      1335.3878173828
560.077209      1384.7634277344
560.425659      1279.2790527344
560.774048      1387.0078125000
561.122314      1319.6773681641
561.470581      1380.2747802734
561.818909      1425.1617431641
562.167114      1371.2973632813
562.515259      1324.1660156250
562.863342      1328.6547851563
563.211487      1387.0078125000
563.559570      1400.4738769531
563.907532      1357.8312988281
564.255554      1454.3382568359
564.603455      1373.5417480469
564.951355      1391.4965820313
565.299255      1346.6094970703
565.647095      1326.4104003906
565.994812      1393.7408447266
566.342590      1360.0756835938
566.690308      1335.3878173828
567.037903      1371.2973632813
567.385620      1411.6956787109
567.733154      1404.9626464844
568.080750      1364.5643310547
568.428162      1380.2747802734
568.775696      1326.4104003906
569.123108      1413.9400634766
569.470520      1440.8721923828
569.817810      1346.6094970703
570.165161      1344.3652343750
570.512451      1238.8807373047
570.859680      1479.0261230469
571.206787      1404.9626464844
571.554016      1263.5686035156
571.901062      1393.7408447266
572.248169      1425.1617431641
572.595154      1395.9852294922
572.942200      1427.4061279297
573.289124      1387.0078125000
573.636047      1387.0078125000
573.982849      1371.2973632813
574.329712      1294.9895019531
574.676514      1422.9173583984
575.023315      1339.8764648438
575.369995      1333.1434326172
575.716675      1342.1208496094
576.063293      1369.0529785156
576.409912      1328.6547851563
576.756409      1404.9626464844
577.102966      1418.4287109375
577.449402      1373.5417480469
577.795898      1369.0529785156
578.142273      1308.4555664063
578.488647      1387.0078125000
578.834961      1447.6052246094
579.181213      1346.6094970703
579.527405      1362.3199462891
579.873596      1371.2973632813
580.219788      1400.4738769531
580.565918      1306.2113037109
580.911926      1425.1617431641
581.258057      1413.9400634766
581.604065      1328.6547851563
581.949951      1364.5643310547
582.295898      1317.4329833984
582.641724      1382.5191650391
582.987610      1353.3426513672
583.333435      1395.9852294922
583.679199      1420.6730957031
584.024902      1373.5417480469
584.370544      1398.2296142578
584.716187      1330.8990478516
585.061829      1339.8764648438
585.407349      1429.6505126953
585.752869      1333.1434326172
586.098328      1353.3426513672
586.443787      1369.0529785156
586.789124      1391.4965820313
587.134521      1306.2113037109
587.479858      1393.7408447266
587.825134      1395.9852294922
588.170288      1351.0982666016
588.515564      1299.4782714844
588.860657      1360.0756835938
589.205872      1371.2973632813
589.550842      1369.0529785156
589.895935      1427.4061279297
590.240906      1380.2747802734
590.585876      1326.4104003906
590.930786      1420.6730957031
591.275635      1351.0982666016
591.620483      1400.4738769531
591.965271      1297.2338867188
592.310059      1375.7861328125
592.654724      1362.3199462891
592.999451      1330.8990478516
593.344055      1355.5869140625
593.688660      1366.8087158203
594.033203      1337.6322021484
594.377686      1375.7861328125
594.722229      1373.5417480469
595.066528      1337.6322021484
595.411011      1337.6322021484
595.755371      1360.0756835938
596.099670      1335.3878173828
596.443848      1393.7408447266
596.788147      1319.6773681641
597.132324      1373.5417480469
597.476501      1317.4329833984
597.820618      1391.4965820313
598.164612      1378.0303955078
598.508667      1472.2930908203
598.852661      1425.1617431641
599.196655      1416.1843261719
599.540466      1366.8087158203
599.884338      1360.0756835938
600.228210      1418.4287109375
600.571960      1353.3426513672
600.915710      1371.2973632813
601.259460      1434.1391601563
601.603088      1387.0078125000
601.946716      1348.8538818359
602.290283      1393.7408447266
602.633850      1409.4512939453
602.977295      1348.8538818359
603.320801      1319.6773681641
603.664124      1375.7861328125
604.007568      1395.9852294922
604.350952      1371.2973632813
604.694214      1369.0529785156
605.037415      1362.3199462891
605.380676      1425.1617431641
605.723816      1351.0982666016
606.066956      1366.8087158203
606.410034      1366.8087158203
606.753052      1366.8087158203
607.096130      1411.6956787109
607.439087      1382.5191650391
607.781921      1366.8087158203
608.124878      1335.3878173828
608.467712      1449.8496093750
608.810547      1373.5417480469
609.153259      1391.4965820313
609.495972      1362.3199462891
609.838684      1375.7861328125
610.181335      1398.2296142578
610.523865      1380.2747802734
610.866516      1357.8312988281
611.209045      1371.2973632813
611.551453      1346.6094970703
611.893921      1362.3199462891
612.236267      1337.6322021484
612.578674      1342.1208496094
612.920959      1315.1885986328
613.263306      1375.7861328125
613.605469      1328.6547851563
613.947632      1364.5643310547
614.289795      1360.0756835938
614.631958      1308.4555664063
614.973938      1324.1660156250
615.315979      1310.6999511719
615.657959      1339.8764648438
615.999939      1465.5600585938
616.341858      1337.6322021484
616.683716      1321.9217529297
617.025513      1353.3426513672
617.367310      1326.4104003906
617.708984      1342.1208496094
618.050720      1268.0573730469
618.392395      1366.8087158203
618.734070      1418.4287109375
619.075500      1395.9852294922
619.417114      1333.1434326172
619.758606      1404.9626464844
620.100098      1357.8312988281
620.441467      1362.3199462891
620.782776      1380.2747802734
621.124146      1315.1885986328
621.465393      1364.5643310547
621.806641      1369.0529785156
622.147888      1378.0303955078
622.489014      1393.7408447266
622.830139      1337.6322021484
623.171204      1362.3199462891
623.512207      1357.8312988281
623.853271      1411.6956787109
624.194214      1378.0303955078
624.535095      1351.0982666016
624.875916      1382.5191650391
625.216797      1335.3878173828
625.557617      1411.6956787109
625.898315      1384.7634277344
626.239075      1346.6094970703
626.579712      1330.8990478516
626.920349      1342.1208496094
627.260864      1357.8312988281
627.601440      1337.6322021484
627.941895      1317.4329833984
628.282410      1413.9400634766
628.622803      1393.7408447266
628.963135      1380.2747802734
629.303528      1357.8312988281
629.643799      1418.4287109375
629.984070      1409.4512939453
630.324219      1375.7861328125
630.664429      1427.4061279297
631.004517      1339.8764648438
631.344604      1375.7861328125
631.684631      1360.0756835938
632.024597      1393.7408447266
632.364624      1375.7861328125
632.704529      1355.5869140625
633.044373      1393.7408447266
633.384155      1378.0303955078
633.723999      1373.5417480469
634.063782      1384.7634277344
634.403442      1409.4512939453
634.743042      1364.5643310547
635.082764      1395.9852294922
635.422302      1411.6956787109
635.761841      1364.5643310547
636.101318      1337.6322021484
636.440796      1328.6547851563
636.780212      1290.5008544922
637.119507      1272.5460205078
637.458862      1436.3835449219
637.798157      1342.1208496094
638.137451      1351.0982666016
638.476563      1402.7182617188
638.815735      1416.1843261719
639.154907      1387.0078125000
639.494019      1449.8496093750
639.833008      1364.5643310547
640.171997      1384.7634277344
640.510925      1400.4738769531
640.849854      1440.8721923828
641.188660      1389.2521972656
641.527527      1391.4965820313
641.866333      1458.8270263672
642.205078      1360.0756835938
642.543762      1330.8990478516
642.882446      1342.1208496094
643.221008      1395.9852294922
643.559570      1355.5869140625
643.898071      1339.8764648438
644.236572      1382.5191650391
644.575073      1346.6094970703
644.913452      1382.5191650391
645.251831      1443.1165771484
645.590149      1369.0529785156
645.928406      1389.2521972656
646.266602      1344.3652343750
646.604858      1387.0078125000
646.942932      1378.0303955078
647.281128      1402.7182617188
647.619141      1422.9173583984
647.957214      1337.6322021484
648.295166      1371.2973632813
648.633057      1355.5869140625
648.970947      1301.7225341797
649.308838      1373.5417480469
649.646606      1310.6999511719
649.984436      1378.0303955078
650.322144      1351.0982666016
650.659851      1402.7182617188
650.997498      1373.5417480469
651.335022      1326.4104003906
651.672607      1353.3426513672
652.010132      1369.0529785156
652.347595      1375.7861328125
652.684998      1378.0303955078
653.022461      1375.7861328125
653.359802      1315.1885986328
653.697021      1400.4738769531
654.034302      1420.6730957031
654.371521      1328.6547851563
654.708740      1339.8764648438
655.045837      1382.5191650391
655.382935      1337.6322021484
655.719971      1407.2070312500
656.057007      1395.9852294922
656.393921      1420.6730957031
656.730835      1389.2521972656
657.067749      1355.5869140625
657.404602      1393.7408447266
657.741333      1339.8764648438
658.078064      1312.9443359375
658.414795      1288.2564697266
658.751465      1319.6773681641
659.088074      1330.8990478516
659.424683      1384.7634277344
659.761230      1420.6730957031
660.097717      1366.8087158203
660.434143      1384.7634277344
660.770569      1461.0714111328
661.106934      1348.8538818359
661.443298      1328.6547851563
661.779541      1339.8764648438
662.115784      1413.9400634766
662.451965      1310.6999511719
662.788086      1378.0303955078
663.124268      1369.0529785156
663.460266      1389.2521972656
663.796265      1393.7408447266
664.132324      1409.4512939453
664.468201      1384.7634277344
664.804077      1387.0078125000
665.139954      1373.5417480469
665.475769      1369.0529785156
665.811523      1427.4061279297
666.147278      1315.1885986328
666.482971      1351.0982666016
666.818542      1375.7861328125
667.154236      1404.9626464844
667.489685      1427.4061279297
667.825195      1355.5869140625
668.160706      1303.9669189453
668.496094      1369.0529785156
668.831421      1373.5417480469
669.166809      1454.3382568359
669.502136      1400.4738769531
669.837402      1369.0529785156
670.172546      1335.3878173828
670.507751      1348.8538818359
670.842834      1355.5869140625
671.177917      1395.9852294922
671.512878      1355.5869140625
671.847961      1339.8764648438
672.182861      1344.3652343750
672.517761      1375.7861328125
672.852600      1371.2973632813
673.187439      1458.8270263672
673.522217      1393.7408447266
673.856934      1371.2973632813
674.191650      1348.8538818359
674.526306      1422.9173583984
674.860901      1339.8764648438
675.195435      1369.0529785156
675.529968      1362.3199462891
675.864441      1400.4738769531
676.198853      1382.5191650391
676.533264      1369.0529785156
676.867554      1387.0078125000
677.201843      1317.4329833984
677.536133      1312.9443359375
677.870361      1371.2973632813
678.204529      1389.2521972656
678.538635      1330.8990478516
678.872742      1366.8087158203
679.206787      1427.4061279297
679.540710      1328.6547851563
679.874695      1411.6956787109
680.208618      1351.0982666016
680.542480      1449.8496093750
680.876282      1407.2070312500
681.210083      1387.0078125000
681.543823      1373.5417480469
681.877502      1398.2296142578
682.211121      1400.4738769531
682.544739      1342.1208496094
682.878357      1402.7182617188
683.211853      1427.4061279297
683.545227      1328.6547851563
683.878723      1357.8312988281
684.212097      1317.4329833984
684.545471      1319.6773681641
684.878723      1378.0303955078
685.212036      1378.0303955078
685.545227      1362.3199462891
685.878418      1402.7182617188
686.211487      1324.1660156250
686.544556      1351.0982666016
686.877625      1353.3426513672
687.210632      1353.3426513672
687.543518      1348.8538818359
687.876465      1299.4782714844
688.209290      1364.5643310547
688.542114      1351.0982666016
688.874878      1328.6547851563
689.207642      1407.2070312500
689.540344      1402.7182617188
689.872986      1447.6052246094
690.205566      1389.2521972656
690.538147      1378.0303955078
690.870667      1391.4965820313
691.203125      1409.4512939453
691.535461      1456.5826416016
691.867920      1420.6730957031
692.200256      1389.2521972656
692.532593      1382.5191650391
692.864807      1467.8044433594
693.196960      1357.8312988281
693.529114      1337.6322021484
693.861267      1317.4329833984
694.193420      1431.8947753906
694.525391      1387.0078125000
694.857361      1393.7408447266
695.189270      1339.8764648438
695.521240      1328.6547851563
695.853027      1362.3199462891
696.184814      1355.5869140625
696.516663      1357.8312988281
696.848389      1321.9217529297
697.179993      1395.9852294922
697.511658      1357.8312988281
697.843262      1357.8312988281
698.174805      1369.0529785156
698.506287      1380.2747802734
698.837708      1364.5643310547
699.169189      1333.1434326172
699.500549      1344.3652343750
699.831787      1339.8764648438
700.163147      1400.4738769531
700.494385      1391.4965820313
700.825562      1366.8087158203
701.156677      1398.2296142578
701.487793      1378.0303955078
701.818848      1413.9400634766
702.149902      1288.2564697266
702.480774      1342.1208496094
702.811768      1398.2296142578
703.142639      1447.6052246094
703.473511      1357.8312988281
703.804199      1395.9852294922
704.135010      1407.2070312500
704.465759      1337.6322021484
704.796387      1362.3199462891
705.126953      1378.0303955078
705.457520      1339.8764648438
705.788086      1351.0982666016
706.118591      1384.7634277344
706.448975      1294.9895019531
706.779419      1373.5417480469
707.109741      1330.8990478516
707.440063      1355.5869140625
707.770325      1339.8764648438
708.100525      1346.6094970703
708.430725      1375.7861328125
708.760864      1364.5643310547
709.090942      1411.6956787109
709.420959      1404.9626464844
709.750916      1348.8538818359
710.080933      1342.1208496094
710.410828      1348.8538818359
710.740662      1353.3426513672
711.070496      1335.3878173828
711.400269      1333.1434326172
711.729980      1353.3426513672
712.059631      1382.5191650391
712.389282      1339.8764648438
712.718872      1391.4965820313
713.048462      1389.2521972656
713.377930      1328.6547851563
713.707397      1371.2973632813
714.036865      1353.3426513672
714.366211      1402.7182617188
714.695435      1404.9626464844
715.024780      1333.1434326172
715.354004      1411.6956787109
715.683228      1351.0982666016
716.012329      1380.2747802734
716.341431      1384.7634277344
716.670532      1416.1843261719
716.999573      1400.4738769531
717.328430      1351.0982666016
717.657349      1447.6052246094
717.986267      1382.5191650391
718.315125      1337.6322021484
718.643860      1413.9400634766
718.972656      1391.4965820313
719.301331      1409.4512939453
719.630005      1389.2521972656
719.958557      1393.7408447266
720.287170      1351.0982666016
720.615662      1418.4287109375
720.944214      1375.7861328125
721.272583      1438.6278076172
721.600952      1360.0756835938
721.929321      1360.0756835938
722.257629      1380.2747802734
722.585876      1355.5869140625
722.914063      1360.0756835938
723.242188      1413.9400634766
723.570313      1461.0714111328
723.898376      1389.2521972656
724.226440      1328.6547851563
724.554382      1384.7634277344
724.882324      1420.6730957031
725.210266      1375.7861328125
725.538025      1294.9895019531
725.865784      1326.4104003906
726.193604      1342.1208496094
726.521301      1393.7408447266
726.848938      1321.9217529297
727.176514      1335.3878173828
727.504150      1373.5417480469
727.831726      1427.4061279297
728.159119      1351.0982666016
728.486572      1353.3426513672
728.813965      1335.3878173828
729.141357      1324.1660156250
729.468567      1355.5869140625
729.795837      1375.7861328125
730.123108      1409.4512939453
730.450317      1344.3652343750
730.777344      1353.3426513672
731.104431      1369.0529785156
731.431519      1319.6773681641
731.758484      1409.4512939453
732.085388      1402.7182617188
732.412292      1299.4782714844
732.739136      1310.6999511719
733.065979      1357.8312988281
733.392639      1360.0756835938
733.719421      1337.6322021484
734.046082      1429.6505126953
734.372681      1294.9895019531
734.699219      1344.3652343750
735.025757      1330.8990478516
735.352234      1429.6505126953
735.678711      1389.2521972656
736.005127      1342.1208496094
736.331482      1402.7182617188
736.657715      1362.3199462891
736.984009      1351.0982666016
737.310181      1326.4104003906
737.636353      1357.8312988281
737.962524      1382.5191650391
738.288574      1389.2521972656
738.614624      1353.3426513672
738.940613      1378.0303955078
739.266541      1328.6547851563
739.592407      1326.4104003906
739.918274      1384.7634277344
740.244080      1387.0078125000
740.569824      1337.6322021484
740.895569      1395.9852294922
741.221191      1404.9626464844
741.546753      1339.8764648438
741.872375      1321.9217529297
742.197937      1384.7634277344
742.523376      1380.2747802734
742.848816      1400.4738769531
743.174194      1369.0529785156
743.499573      1342.1208496094
743.824890      1321.9217529297
744.150085      1362.3199462891
744.475342      1413.9400634766
744.800476      1402.7182617188
745.125610      1335.3878173828
745.450623      1443.1165771484
745.775696      1400.4738769531
746.100708      1355.5869140625
746.425598      1391.4965820313
746.750427      1391.4965820313
747.075256      1360.0756835938
747.400085      1373.5417480469
747.724915      1353.3426513672
748.049561      1378.0303955078
748.374207      1398.2296142578
748.698853      1315.1885986328
749.023438      1373.5417480469
749.347900      1400.4738769531
749.672363      1438.6278076172
749.996765      1400.4738769531
750.321167      1391.4965820313
750.645508      1422.9173583984
750.969788      1436.3835449219
751.294067      1382.5191650391
751.618286      1409.4512939453
751.942383      1395.9852294922
752.266479      1342.1208496094
752.590576      1375.7861328125
752.914551      1427.4061279297
753.238525      1389.2521972656
753.562439      1362.3199462891
753.886292      1360.0756835938
754.210144      1360.0756835938
754.533936      1387.0078125000
754.857666      1328.6547851563
755.181335      1395.9852294922
755.505005      1366.8087158203
755.828613      1375.7861328125
756.152100      1382.5191650391
756.475586      1420.6730957031
756.799133      1413.9400634766
757.122498      1395.9852294922
757.445862      1427.4061279297
757.769165      1413.9400634766
758.092468      1362.3199462891
758.415710      1337.6322021484
758.738831      1337.6322021484
759.061951      1384.7634277344
759.385071      1384.7634277344
759.708130      1429.6505126953
760.031067      1362.3199462891
760.354004      1409.4512939453
760.676941      1382.5191650391
760.999817      1373.5417480469
761.322632      1378.0303955078
761.645386      1283.7678222656
761.968079      1319.6773681641
762.290771      1380.2747802734
762.613342      1360.0756835938
762.935974      1382.5191650391
763.258484      1362.3199462891
763.580994      1402.7182617188
763.903381      1342.1208496094
764.225830      1402.7182617188
764.548157      1306.2113037109
764.870422      1346.6094970703
765.192688      1342.1208496094
765.514832      1348.8538818359
765.837036      1319.6773681641
766.159119      1369.0529785156
766.481140      1387.0078125000
766.803223      1328.6547851563
767.125183      1413.9400634766
767.447144      1286.0120849609
767.768982      1362.3199462891
768.090820      1416.1843261719
768.412659      1378.0303955078
768.734314      1375.7861328125
769.056091      1337.6322021484
769.377686      1366.8087158203
769.699280      1411.6956787109
770.020813      1375.7861328125
770.342346      1382.5191650391
770.663757      1317.4329833984
770.985229      1310.6999511719
771.306580      1409.4512939453
771.627869      1395.9852294922
771.949158      1299.4782714844
772.270386      1402.7182617188
772.591553      1375.7861328125
772.912659      1391.4965820313
773.233765      1425.1617431641
773.554810      1362.3199462891
773.875793      1387.0078125000
774.196716      1425.1617431641
774.517578      1366.8087158203
774.838440      1355.5869140625
775.159302      1373.5417480469
775.480042      1346.6094970703
775.800659      1373.5417480469
776.121399      1393.7408447266
776.441956      1369.0529785156
776.762573      1344.3652343750
777.083008      1375.7861328125
777.403503      1393.7408447266
777.723999      1364.5643310547
778.044373      1330.8990478516
778.364624      1328.6547851563
778.684937      1299.4782714844
779.005188      1310.6999511719
779.325378      1391.4965820313
779.645447      1393.7408447266
779.965637      1418.4287109375
780.285706      1324.1660156250
780.605652      1344.3652343750
780.925598      1391.4965820313
781.245483      1362.3199462891
781.565369      1382.5191650391
781.885193      1342.1208496094
782.204895      1357.8312988281
782.524658      1315.1885986328
782.844299      1319.6773681641
783.163940      1286.0120849609
783.483582      1306.2113037109
783.803040      1384.7634277344
784.122559      1378.0303955078
784.442017      1382.5191650391
784.761414      1328.6547851563
785.080688      1357.8312988281
785.400024      1319.6773681641
785.719238      1362.3199462891
786.038452      1400.4738769531
786.357544      1407.2070312500
786.676697      1360.0756835938
786.995789      1357.8312988281
787.314758      1337.6322021484
787.633728      1366.8087158203
787.952637      1348.8538818359
788.271484      1375.7861328125
788.590271      1366.8087158203
788.908997      1342.1208496094
789.227783      1339.8764648438
789.546448      1366.8087158203
789.865112      1360.0756835938
790.183655      1342.1208496094
790.502197      1389.2521972656
790.820679      1375.7861328125
791.139099      1346.6094970703
791.457520      1339.8764648438
791.775879      1319.6773681641
792.094116      1373.5417480469
792.412415      1346.6094970703
792.730530      1362.3199462891
793.048767      1393.7408447266
793.366821      1317.4329833984
793.684937      1326.4104003906
794.002869      1384.7634277344
794.320862      1353.3426513672
794.638733      1373.5417480469
794.956665      1357.8312988281
795.274414      1375.7861328125
795.592224      1398.2296142578
795.909912      1351.0982666016
796.227661      1328.6547851563
796.545227      1339.8764648438
796.862854      1337.6322021484
797.180359      1337.6322021484
797.497864      1389.2521972656
797.815308      1355.5869140625
798.132629      1351.0982666016
798.450012      1342.1208496094
798.767273      1335.3878173828
799.084595      1378.0303955078
799.401733      1346.6094970703
799.718933      1380.2747802734
800.036011      1380.2747802734
800.353027      1364.5643310547
800.670044      1400.4738769531
800.987000      1375.7861328125
801.303894      1378.0303955078
801.620850      1346.6094970703
801.937561      1389.2521972656
802.254333      1425.1617431641
802.571106      1389.2521972656
802.887817      1346.6094970703
803.204346      1483.5148925781
803.520935      1371.2973632813
803.837463      1407.2070312500
804.153992      1344.3652343750
804.470337      1393.7408447266
804.786743      1346.6094970703
805.103027      1357.8312988281
805.419434      1398.2296142578
805.735535      1373.5417480469
806.051758      1351.0982666016
806.367920      1306.2113037109
806.684021      1317.4329833984
807.000000      1380.2747802734
807.316040      1407.2070312500
807.632019      1438.6278076172
807.947876      1463.3156738281
808.263672      1416.1843261719
808.579529      1382.5191650391
808.895325      1360.0756835938
809.211060      1371.2973632813
809.526611      1404.9626464844
809.842224      1440.8721923828
810.157837      1452.0939941406
810.473389      1333.1434326172
810.788757      1400.4738769531
811.104187      1378.0303955078
811.419617      1440.8721923828
811.734924      1375.7861328125
812.050171      1407.2070312500
812.365417      1427.4061279297
812.680542      1378.0303955078
812.995728      1371.2973632813
813.310852      1360.0756835938
813.625854      1373.5417480469
813.940796      1360.0756835938
814.255798      1366.8087158203
814.570679      1391.4965820313
814.885498      1369.0529785156
815.200256      1445.3609619141
815.515015      1402.7182617188
815.829651      1400.4738769531
816.144287      1353.3426513672
816.458923      1317.4329833984
816.773438      1315.1885986328
817.087952      1418.4287109375
817.402344      1342.1208496094
817.716797      1371.2973632813
818.031189      1409.4512939453
818.345520      1369.0529785156
818.659668      1348.8538818359
818.973877      1409.4512939453
819.288086      1362.3199462891
819.602173      1393.7408447266
819.916199      1281.5234375000
820.230225      1294.9895019531
820.544189      1378.0303955078
820.858154      1328.6547851563
821.171997      1369.0529785156
821.485779      1404.9626464844
821.799561      1355.5869140625
822.113281      1321.9217529297
822.426880      1357.8312988281
822.740540      1330.8990478516
823.054138      1357.8312988281
823.367676      1400.4738769531
823.681152      1371.2973632813
823.994568      1382.5191650391
824.307922      1301.7225341797
824.621277      1409.4512939453
824.934509      1360.0756835938
825.247742      1326.4104003906
825.560913      1425.1617431641
825.874146      1389.2521972656
826.187134      1366.8087158203
826.500183      1326.4104003906
826.813171      1303.9669189453
827.126160      1324.1660156250
827.439026      1348.8538818359
827.751831      1330.8990478516
828.064636      1330.8990478516
828.377380      1355.5869140625
828.690063      1324.1660156250
829.002686      1321.9217529297
829.315308      1317.4329833984
829.627869      1353.3426513672
829.940308      1337.6322021484
830.252808      1344.3652343750
830.565125      1328.6547851563
830.877563      1371.2973632813
831.189880      1393.7408447266
831.502075      1344.3652343750
831.814270      1348.8538818359
832.126465      1425.1617431641
832.438599      1389.2521972656
832.750549      1297.2338867188
833.062622      1378.0303955078
833.374512      1373.5417480469
833.686462      1355.5869140625
833.998291      1402.7182617188
834.310120      1355.5869140625
834.621887      1315.1885986328
834.933594      1384.7634277344
835.245239      1375.7861328125
835.556885      1407.2070312500
835.868408      1337.6322021484
836.179932      1351.0982666016
836.491333      1378.0303955078
836.802795      1429.6505126953
837.114197      1346.6094970703
837.425537      1382.5191650391
837.736694      1330.8990478516
838.047913      1420.6730957031
838.359131      1360.0756835938
838.670227      1422.9173583984
838.981262      1391.4965820313
839.292358      1324.1660156250
839.603333      1294.9895019531
839.914246      1357.8312988281
840.225037      1337.6322021484
840.535889      1337.6322021484
840.846680      1342.1208496094
841.157410      1364.5643310547
841.468079      1382.5191650391
841.778687      1328.6547851563
842.089233      1319.6773681641
842.399780      1290.5008544922
842.710266      1395.9852294922
843.020691      1375.7861328125
843.331055      1371.2973632813
843.641418      1416.1843261719
843.951721      1362.3199462891
844.261841      1371.2973632813
844.572083      1344.3652343750
844.882202      1360.0756835938
845.192261      1360.0756835938
845.502258      1333.1434326172
845.812256      1342.1208496094
846.122192      1326.4104003906
846.432068      1393.7408447266
846.741882      1375.7861328125
847.051636      1420.6730957031
847.361389      1342.1208496094
847.671143      1353.3426513672
847.980713      1348.8538818359
848.290283      1324.1660156250
848.599792      1344.3652343750
848.909302      1387.0078125000
849.218689      1312.9443359375
849.528076      1366.8087158203
849.837463      1395.9852294922
850.146790      1366.8087158203
850.455933      1362.3199462891
850.765137      1393.7408447266
851.074280      1324.1660156250
851.383362      1443.1165771484
851.692383      1371.2973632813
852.001343      1378.0303955078
852.310303      1384.7634277344
852.619202      1348.8538818359
852.927979      1369.0529785156
853.236816      1344.3652343750
853.545532      1301.7225341797
853.854248      1355.5869140625
854.162842      1366.8087158203
854.471436      1373.5417480469
854.779968      1360.0756835938
855.088440      1301.7225341797
855.396851      1380.2747802734
855.705200      1315.1885986328
856.013611      1328.6547851563
856.321899      1364.5643310547
856.630127      1375.7861328125
856.938293      1324.1660156250
857.246399      1321.9217529297
857.554504      1364.5643310547
857.862549      1357.8312988281
858.170471      1371.2973632813
858.478394      1346.6094970703
858.786316      1333.1434326172
859.094177      1398.2296142578
859.401917      1357.8312988281
859.709656      1342.1208496094
860.017334      1328.6547851563
860.324951      1413.9400634766
860.632507      1373.5417480469
860.940063      1404.9626464844
861.247559      1315.1885986328
861.555054      1342.1208496094
861.862366      1364.5643310547
862.169739      1337.6322021484
862.476990      1362.3199462891
862.784241      1330.8990478516
863.091370      1371.2973632813
863.398499      1346.6094970703
863.705627      1393.7408447266
864.012634      1393.7408447266
864.319519      1369.0529785156
864.626526      1418.4287109375
864.933350      1364.5643310547
865.240234      1391.4965820313
865.546936      1413.9400634766
865.853699      1317.4329833984
866.160400      1375.7861328125
866.466980      1312.9443359375
866.773560      1364.5643310547
867.080078      1380.2747802734
867.386536      1324.1660156250
867.692993      1319.6773681641
867.999329      1382.5191650391
868.305664      1326.4104003906
868.611938      1319.6773681641
868.918152      1384.7634277344
869.224304      1371.2973632813
869.530457      1384.7634277344
869.836487      1310.6999511719
870.142517      1355.5869140625
870.448547      1330.8990478516
870.754395      1312.9443359375
871.060242      1344.3652343750
871.366089      1391.4965820313
871.671814      1326.4104003906
871.977539      1393.7408447266
872.283203      1306.2113037109
872.588806      1380.2747802734
872.894409      1398.2296142578
873.199890      1353.3426513672
873.505371      1362.3199462891
873.810730      1398.2296142578
874.116150      1310.6999511719
874.421387      1366.8087158203
874.726685      1357.8312988281
875.031860      1413.9400634766
875.337097      1364.5643310547
875.642090      1431.8947753906
875.947205      1393.7408447266
876.252197      1351.0982666016
876.557129      1317.4329833984
876.862000      1366.8087158203
877.166870      1330.8990478516
877.471680      1351.0982666016
877.776428      1364.5643310547
878.081116      1355.5869140625
878.385742      1420.6730957031
878.690369      1348.8538818359
878.994873      1362.3199462891
879.299316      1351.0982666016
879.603821      1393.7408447266
879.908203      1355.5869140625
880.212585      1360.0756835938
880.516846      1393.7408447266
880.821106      1360.0756835938
881.125244      1299.4782714844
881.429382      1326.4104003906
881.733459      1418.4287109375
882.037537      1333.1434326172
882.341492      1389.2521972656
882.645447      1373.5417480469
882.949280      1342.1208496094
883.253113      1402.7182617188
883.556885      1371.2973632813
883.860657      1286.0120849609
884.164307      1281.5234375000
884.467896      1339.8764648438
884.771484      1420.6730957031
885.075073      1400.4738769531
885.378540      1387.0078125000
885.681885      1317.4329833984
885.985291      1321.9217529297
886.288635      1373.5417480469
886.591858      1400.4738769531
886.895020      1391.4965820313
887.198242      1274.7904052734
887.501343      1364.5643310547
887.804443      1351.0982666016
888.107422      1373.5417480469
888.410400      1373.5417480469
888.713257      1346.6094970703
889.016174      1371.2973632813
889.318909      1265.8129882813
889.621643      1342.1208496094
889.924377      1404.9626464844
890.227051      1355.5869140625
890.529602      1355.5869140625
890.832153      1351.0982666016
891.134705      1380.2747802734
891.437134      1393.7408447266
891.739441      1429.6505126953
892.041870      1387.0078125000
892.344116      1353.3426513672
892.646362      1362.3199462891
892.948486      1375.7861328125
893.250671      1378.0303955078
893.552734      1382.5191650391
893.854797      1387.0078125000
894.156738      1387.0078125000
894.458618      1400.4738769531
894.760559      1312.9443359375
895.062378      1398.2296142578
895.364136      1339.8764648438
895.665894      1404.9626464844
895.967590      1344.3652343750
896.269165      1458.8270263672
896.570679      1407.2070312500
896.872192      1344.3652343750
897.173706      1339.8764648438
897.475159      1348.8538818359
897.776428      1353.3426513672
898.077759      1407.2070312500
