0.070600
190.544205         0.0000000000
190.924866         0.0000000000
191.305481      1328.5325927734
191.686081      1277.2637939453
192.066635      1290.6383056641
192.447174      1339.6781005859
192.827667      1373.1142578125
193.208130      1404.3214111328
193.588577      1375.3433837891
193.968964      1390.9468994141
194.349350      1455.5903320313
194.729691      1433.2994384766
195.110001      1408.7795410156
195.490295      1357.5107421875
195.870529      1382.0306396484
196.250763      1417.6959228516
196.630936      1402.0922851563
197.011093      1390.9468994141
197.391220      1390.9468994141
197.771301      1364.1979980469
198.151367      1413.2377929688
198.531403      1353.0524902344
198.911407      1373.1142578125
199.291382      1368.6561279297
199.671295      1455.5903320313
200.051208      1283.9510498047
200.431076      1299.5545654297
200.810928      1324.0744628906
201.190735      1379.8015136719
201.570511      1315.1582031250
201.950272      1337.4489746094
202.329971      1393.1760253906
202.709671      1346.3653564453
203.089310      1341.9071044922
203.468933      1328.5325927734
203.848541      1366.4270019531
204.228073      1386.4887695313
204.607620      1373.1142578125
204.987106      1404.3214111328
205.366577      1350.8234863281
205.746017      1315.1582031250
206.125412      1370.8852539063
206.504776      1312.9290771484
206.884125      1375.3433837891
207.263428      1332.9908447266
207.642700      1308.4709472656
208.021942      1399.8632812500
208.401169      1321.8454589844
208.780334      1319.6163330078
209.159485      1364.1979980469
209.538605      1366.4270019531
209.917694      1295.0964355469
210.296753      1263.8892822266
210.675766      1261.6601562500
211.054764      1328.5325927734
211.433716      1341.9071044922
211.812637      1359.7397460938
212.191544      1335.2198486328
212.570404      1281.7219238281
212.949249      1299.5545654297
213.328033      1335.2198486328
213.706802      1283.9510498047
214.085556      1395.4051513672
214.464249      1288.4091796875
214.842926      1261.6601562500
215.221558      1402.0922851563
215.600174      1413.2377929688
215.978760      1257.2020263672
216.357300      1317.3872070313
216.735825      1321.8454589844
217.114288      1292.8673095703
217.492737      1364.1979980469
217.871185      1346.3653564453
218.249557      1388.7178955078
218.627914      1359.7397460938
219.006226      1357.5107421875
219.384521      1330.7617187500
219.762772      1306.2418212891
220.141006      1397.6341552734
220.519196      1337.4489746094
220.897354      1324.0744628906
221.275497      1319.6163330078
221.653580      1272.8056640625
222.031662      1366.4270019531
222.409698      1364.1979980469
222.787704      1277.2637939453
223.165680      1344.1362304688
223.543610      1366.4270019531
223.921524      1254.9729003906
224.299393      1357.5107421875
224.677231      1310.6999511719
225.055054      1355.2816162109
225.432816      1332.9908447266
225.810577      1357.5107421875
226.188278      1361.9688720703
226.565979      1335.2198486328
226.943634      1254.9729003906
227.321243      1308.4709472656
227.698837      1319.6163330078
228.076385      1373.1142578125
228.453903      1277.2637939453
228.831406      1301.7836914063
229.208847      1382.0306396484
229.586288      1312.9290771484
229.963669      1341.9071044922
230.341034      1332.9908447266
230.718369      1344.1362304688
231.095657      1328.5325927734
231.472916      1353.0524902344
231.850143      1355.2816162109
232.227356      1350.8234863281
232.604523      1312.9290771484
232.981659      1212.6203613281
233.358749      1366.4270019531
233.735825      1364.1979980469
234.112869      1348.5943603516
234.489868      1299.5545654297
234.866852      1295.0964355469
235.243790      1341.9071044922
235.620697      1377.5723876953
235.997589      1357.5107421875
236.374405      1299.5545654297
236.751221      1328.5325927734
237.128006      1361.9688720703
237.504745      1350.8234863281
237.881470      1375.3433837891
238.258133      1386.4887695313
238.634796      1431.0704345703
239.011414      1304.0126953125
239.388000      1283.9510498047
239.764557      1337.4489746094
240.141068      1388.7178955078
240.517563      1310.6999511719
240.893997      1384.2596435547
241.270432      1326.3035888672
241.646835      1355.2816162109
242.023178      1361.9688720703
242.399506      1375.3433837891
242.775787      1279.4927978516
243.152054      1341.9071044922
243.528290      1321.8454589844
243.904465      1335.2198486328
244.280640      1361.9688720703
244.656754      1353.0524902344
245.032852      1364.1979980469
245.408936      1288.4091796875
245.784943      1328.5325927734
246.160950      1335.2198486328
246.536911      1344.1362304688
246.912842      1346.3653564453
247.288757      1330.7617187500
247.664612      1388.7178955078
248.040451      1375.3433837891
248.416229      1310.6999511719
248.792023      1364.1979980469
249.167755      1299.5545654297
249.543457      1359.7397460938
249.919113      1390.9468994141
250.294754      1355.2816162109
250.670364      1373.1142578125
251.045944      1364.1979980469
251.421478      1411.0086669922
251.796982      1328.5325927734
252.172440      1279.4927978516
252.547897      1350.8234863281
252.923294      1366.4270019531
253.298676      1306.2418212891
253.673996      1268.3474121094
254.049316      1393.1760253906
254.424606      1301.7836914063
254.799850      1328.5325927734
255.175064      1326.3035888672
255.550217      1306.2418212891
255.925369      1370.8852539063
256.300476      1310.6999511719
256.675537      1299.5545654297
257.050598      1395.4051513672
257.425598      1339.6781005859
257.800598      1368.6561279297
258.175537      1332.9908447266
258.550446      1373.1142578125
258.925354      1299.5545654297
259.300171      1346.3653564453
259.674988      1361.9688720703
260.049774      1370.8852539063
260.424500      1312.9290771484
260.799225      1355.2816162109
261.173889      1341.9071044922
261.548553      1370.8852539063
261.923187      1368.6561279297
262.297760      1324.0744628906
262.672302      1386.4887695313
263.046814      1377.5723876953
263.421326      1306.2418212891
263.795776      1310.6999511719
264.170135      1328.5325927734
264.544525      1339.6781005859
264.918915      1350.8234863281
265.293243      1312.9290771484
265.667511      1344.1362304688
266.041748      1335.2198486328
266.415955      1375.3433837891
266.790161      1286.1800537109
267.164307      1328.5325927734
267.538422      1308.4709472656
267.912476      1335.2198486328
268.286530      1304.0126953125
268.660583      1308.4709472656
269.034546      1335.2198486328
269.408508      1350.8234863281
269.782440      1286.1800537109
270.156311      1301.7836914063
270.530151      1357.5107421875
270.903992      1292.8673095703
271.277710      1319.6163330078
271.651489      1346.3653564453
272.025208      1357.5107421875
272.398895      1379.8015136719
272.772552      1348.5943603516
273.146179      1339.6781005859
273.519745      1306.2418212891
273.893280      1364.1979980469
274.266815      1290.6383056641
274.640289      1341.9071044922
275.013733      1411.0086669922
275.387146      1335.2198486328
275.760529      1332.9908447266
276.133881      1326.3035888672
276.507202      1312.9290771484
276.880463      1283.9510498047
277.253723      1390.9468994141
277.626923      1359.7397460938
278.000122      1379.8015136719
278.373260      1304.0126953125
278.746338      1386.4887695313
279.119446      1321.8454589844
279.492493      1339.6781005859
279.865509      1297.3255615234
280.238495      1402.0922851563
280.611450      1364.1979980469
280.984314      1328.5325927734
281.357208      1373.1142578125
281.730072      1315.1582031250
282.102875      1312.9290771484
282.475647      1319.6163330078
282.848358      1359.7397460938
283.221069      1275.0346679688
283.593750      1411.0086669922
283.966400      1335.2198486328
284.339020      1301.7836914063
284.711548      1330.7617187500
285.084106      1397.6341552734
285.456635      1319.6163330078
285.829071      1431.0704345703
286.201508      1328.5325927734
286.573914      1299.5545654297
286.946320      1324.0744628906
287.318634      1393.1760253906
287.690948      1397.6341552734
288.063202      1337.4489746094
288.435425      1384.2596435547
288.807648      1319.6163330078
289.179810      1350.8234863281
289.551941      1373.1142578125
289.924011      1299.5545654297
290.296112      1341.9071044922
290.668121      1326.3035888672
291.040161      1321.8454589844
291.412109      1315.1582031250
291.783997      1361.9688720703
292.155914      1332.9908447266
292.527771      1350.8234863281
292.899597      1332.9908447266
293.271393      1364.1979980469
293.643127      1301.7836914063
294.014862      1348.5943603516
294.386566      1344.1362304688
294.758240      1350.8234863281
295.129852      1382.0306396484
295.501404      1346.3653564453
295.872955      1308.4709472656
296.244507      1359.7397460938
296.615997      1337.4489746094
296.987427      1304.0126953125
297.358826      1252.7438964844
297.730225      1348.5943603516
298.101593      1350.8234863281
298.472900      1366.4270019531
298.844177      1328.5325927734
299.215393      1353.0524902344
299.586609      1306.2418212891
299.957794      1301.7836914063
300.328918      1332.9908447266
300.700043      1355.2816162109
301.071136      1330.7617187500
301.442169      1317.3872070313
301.813171      1299.5545654297
302.184174      1353.0524902344
302.555115      1332.9908447266
302.925995      1304.0126953125
303.296844      1406.5505371094
303.667694      1328.5325927734
304.038483      1317.3872070313
304.409271      1366.4270019531
304.779968      1344.1362304688
305.150696      1377.5723876953
305.521362      1335.2198486328
305.891968      1310.6999511719
306.262543      1324.0744628906
306.633118      1292.8673095703
307.003632      1399.8632812500
307.374146      1350.8234863281
307.744598      1324.0744628906
308.114990      1373.1142578125
308.485413      1366.4270019531
308.855743      1357.5107421875
309.226074      1348.5943603516
309.596375      1337.4489746094
309.966614      1370.8852539063
310.336792      1306.2418212891
310.707001      1248.2857666016
311.077148      1297.3255615234
311.447235      1350.8234863281
311.817322      1379.8015136719
312.187347      1292.8673095703
312.557373      1306.2418212891
312.927368      1350.8234863281
313.297302      1310.6999511719
313.667175      1408.7795410156
314.037048      1332.9908447266
314.406891      1335.2198486328
314.776642      1317.3872070313
315.146423      1299.5545654297
315.516144      1326.3035888672
315.885864      1339.6781005859
316.255524      1348.5943603516
316.625153      1332.9908447266
316.994751      1304.0126953125
317.364288      1408.7795410156
317.733795      1375.3433837891
318.103302      1328.5325927734
318.472717      1341.9071044922
318.842133      1350.8234863281
319.211517      1355.2816162109
319.580872      1359.7397460938
319.950195      1426.6123046875
320.319489      1357.5107421875
320.688751      1370.8852539063
321.057922      1321.8454589844
321.427094      1324.0744628906
321.796234      1279.4927978516
322.165344      1312.9290771484
322.534393      1308.4709472656
322.903412      1361.9688720703
323.272430      1330.7617187500
323.641418      1359.7397460938
324.010315      1266.1184082031
324.379242      1368.6561279297
324.748077      1286.1800537109
325.116913      1335.2198486328
325.485657      1350.8234863281
325.854431      1263.8892822266
326.223145      1350.8234863281
326.591827      1277.2637939453
326.960480      1364.1979980469
327.329102      1359.7397460938
327.697693      1384.2596435547
328.066193      1319.6163330078
328.434723      1364.1979980469
328.803192      1395.4051513672
329.171600      1408.7795410156
329.540009      1348.5943603516
329.908386      1364.1979980469
330.276703      1382.0306396484
330.645050      1355.2816162109
331.013306      1288.4091796875
331.381500      1366.4270019531
331.749695      1357.5107421875
332.117859      1328.5325927734
332.485962      1348.5943603516
332.854034      1350.8234863281
333.222107      1324.0744628906
333.590118      1366.4270019531
333.958099      1310.6999511719
334.326050      1332.9908447266
334.693970      1341.9071044922
335.061859      1308.4709472656
335.429657      1299.5545654297
335.797455      1404.3214111328
336.165192      1341.9071044922
336.532959      1382.0306396484
336.900665      1370.8852539063
337.268341      1328.5325927734
337.635956      1337.4489746094
338.003571      1315.1582031250
338.371124      1355.2816162109
338.738647      1350.8234863281
339.106110      1286.1800537109
339.473572      1332.9908447266
339.840942      1332.9908447266
340.208344      1377.5723876953
340.575653      1346.3653564453
340.942993      1328.5325927734
341.310272      1308.4709472656
341.677521      1232.6821289063
342.044708      1361.9688720703
342.411865      1324.0744628906
342.778992      1308.4709472656
343.146088      1332.9908447266
343.513123      1317.3872070313
343.880157      1350.8234863281
344.247131      1359.7397460938
344.614105      1395.4051513672
344.981049      1299.5545654297
345.347900      1317.3872070313
345.714783      1332.9908447266
346.081573      1301.7836914063
346.448334      1283.9510498047
346.815094      1299.5545654297
347.181763      1304.0126953125
347.548431      1388.7178955078
347.915070      1304.0126953125
348.281677      1350.8234863281
348.648224      1310.6999511719
349.014771      1324.0744628906
349.381256      1286.1800537109
349.747711      1335.2198486328
350.114105      1359.7397460938
350.480469      1332.9908447266
350.846832      1248.2857666016
351.213135      1259.4311523438
351.579407      1335.2198486328
351.945679      1295.0964355469
352.311890      1339.6781005859
352.678040      1310.6999511719
353.044189      1263.8892822266
353.410278      1379.8015136719
353.776337      1390.9468994141
354.142303      1355.2816162109
354.508301      1353.0524902344
354.874268      1384.2596435547
355.240204      1346.3653564453
355.606079      1330.7617187500
355.971924      1339.6781005859
356.337738      1332.9908447266
356.703491      1328.5325927734
357.069244      1390.9468994141
357.434937      1337.4489746094
357.800598      1324.0744628906
358.166229      1382.0306396484
358.531830      1328.5325927734
358.897369      1277.2637939453
359.262909      1346.3653564453
359.628418      1330.7617187500
359.993866      1357.5107421875
360.359222      1306.2418212891
360.724609      1353.0524902344
361.089966      1384.2596435547
361.455261      1373.1142578125
361.820526      1297.3255615234
362.185760      1357.5107421875
362.550964      1368.6561279297
362.916138      1335.2198486328
363.281250      1373.1142578125
363.646332      1366.4270019531
364.011383      1359.7397460938
364.376404      1375.3433837891
364.741333      1413.2377929688
365.106293      1346.3653564453
365.471222      1386.4887695313
365.836090      1310.6999511719
366.200928      1341.9071044922
366.565735      1426.6123046875
366.930511      1241.5985107422
367.295227      1328.5325927734
367.659912      1366.4270019531
368.024536      1332.9908447266
368.389160      1330.7617187500
368.753723      1382.0306396484
369.118317      1275.0346679688
369.482819      1339.6781005859
369.847260      1306.2418212891
370.211731      1361.9688720703
370.576111      1319.6163330078
370.940460      1348.5943603516
371.304810      1368.6561279297
371.669098      1350.8234863281
372.033325      1375.3433837891
372.397522      1370.8852539063
372.761749      1286.1800537109
373.125885      1279.4927978516
373.489990      1397.6341552734
373.854065      1370.8852539063
374.218109      1377.5723876953
374.582092      1377.5723876953
374.946075      1357.5107421875
375.309998      1319.6163330078
375.673859      1337.4489746094
376.037720      1321.8454589844
376.401550      1315.1582031250
376.765320      1319.6163330078
377.129059      1312.9290771484
377.492798      1270.5765380859
377.856476      1395.4051513672
378.220062      1324.0744628906
378.583679      1292.8673095703
378.947205      1335.2198486328
379.310730      1283.9510498047
379.674225      1382.0306396484
380.037689      1321.8454589844
380.401093      1406.5505371094
380.764496      1368.6561279297
381.127838      1297.3255615234
381.491119      1337.4489746094
381.854370      1366.4270019531
382.217621      1364.1979980469
382.580811      1370.8852539063
382.943939      1317.3872070313
383.307068      1344.1362304688
383.670166      1324.0744628906
384.033203      1370.8852539063
384.396240      1328.5325927734
384.759216      1402.0922851563
385.122131      1326.3035888672
385.485016      1368.6561279297
385.847900      1379.8015136719
386.210724      1306.2418212891
386.573486      1330.7617187500
386.936279      1341.9071044922
387.298981      1359.7397460938
387.661652      1332.9908447266
388.024323      1368.6561279297
388.386902      1417.6959228516
388.749481      1417.6959228516
389.112000      1364.1979980469
389.474487      1324.0744628906
389.836945      1386.4887695313
390.199371      1386.4887695313
390.561737      1321.8454589844
390.924103      1350.8234863281
391.286407      1370.8852539063
391.648682      1332.9908447266
392.010925      1346.3653564453
392.373108      1437.7576904297
392.735291      1283.9510498047
393.097382      1326.3035888672
393.459473      1328.5325927734
393.821533      1324.0744628906
394.183533      1328.5325927734
394.545532      1355.2816162109
394.907471      1341.9071044922
395.269379      1395.4051513672
395.631256      1232.6821289063
395.993042      1364.1979980469
396.354828      1335.2198486328
396.716583      1397.6341552734
397.078308      1339.6781005859
397.439972      1344.1362304688
397.801636      1310.6999511719
398.163239      1339.6781005859
398.524841      1261.6601562500
398.886383      1357.5107421875
399.247833      1357.5107421875
399.609283      1359.7397460938
399.970703      1310.6999511719
400.332062      1344.1362304688
400.693420      1310.6999511719
401.054718      1304.0126953125
401.416016      1335.2198486328
401.777252      1377.5723876953
402.138458      1382.0306396484
402.499603      1328.5325927734
402.860718      1277.2637939453
403.221832      1319.6163330078
403.582855      1364.1979980469
403.943848      1402.0922851563
404.304810      1317.3872070313
404.665771      1348.5943603516
405.026642      1337.4489746094
405.387543      1277.2637939453
405.748352      1355.2816162109
406.109161      1299.5545654297
406.469849      1341.9071044922
406.830597      1346.3653564453
407.191223      1321.8454589844
407.551880      1330.7617187500
407.912476      1348.5943603516
408.273041      1355.2816162109
408.633575      1348.5943603516
408.994049      1339.6781005859
409.354492      1359.7397460938
409.714935      1332.9908447266
410.075287      1277.2637939453
410.435608      1386.4887695313
410.795868      1299.5545654297
411.156158      1319.6163330078
411.516388      1317.3872070313
411.876587      1317.3872070313
412.236725      1368.6561279297
412.596832      1373.1142578125
412.956909      1366.4270019531
413.316925      1357.5107421875
413.676910      1390.9468994141
414.036896      1346.3653564453
414.396820      1426.6123046875
414.756683      1373.1142578125
415.116547      1286.1800537109
415.476379      1375.3433837891
415.836121      1388.7178955078
416.195862      1366.4270019531
416.555542      1384.2596435547
416.915192      1379.8015136719
417.274811      1332.9908447266
417.634399      1306.2418212891
417.993927      1370.8852539063
418.353455      1312.9290771484
418.712891      1324.0744628906
419.072357      1292.8673095703
419.431763      1408.7795410156
419.791107      1370.8852539063
420.150452      1312.9290771484
420.509674      1315.1582031250
420.868927      1433.2994384766
421.228119      1346.3653564453
421.587280      1339.6781005859
421.946411      1332.9908447266
422.305542      1317.3872070313
422.664581      1330.7617187500
423.023621      1393.1760253906
423.382568      1321.8454589844
423.741516      1359.7397460938
424.100403      1341.9071044922
424.459259      1377.5723876953
424.818054      1301.7836914063
425.176880      1332.9908447266
425.535614      1306.2418212891
425.894348      1341.9071044922
426.252991      1353.0524902344
426.611633      1321.8454589844
426.970245      1364.1979980469
427.328796      1377.5723876953
427.687317      1310.6999511719
428.045807      1281.7219238281
428.404205      1324.0744628906
428.762604      1328.5325927734
429.121002      1361.9688720703
429.479340      1288.4091796875
429.837616      1399.8632812500
430.195892      1306.2418212891
430.554138      1350.8234863281
430.912292      1330.7617187500
431.270416      1270.5765380859
431.628510      1346.3653564453
431.986542      1375.3433837891
432.344574      1357.5107421875
432.702576      1397.6341552734
433.060516      1415.4667968750
433.418427      1364.1979980469
433.776306      1368.6561279297
434.134155      1295.0964355469
434.491913      1332.9908447266
434.849701      1332.9908447266
435.207397      1317.3872070313
435.565063      1341.9071044922
435.922729      1348.5943603516
436.280334      1275.0346679688
436.637909      1370.8852539063
436.995453      1317.3872070313
437.352936      1275.0346679688
437.710388      1332.9908447266
438.067780      1382.0306396484
438.425171      1375.3433837891
438.782471      1339.6781005859
439.139771      1368.6561279297
439.497040      1353.0524902344
439.854279      1286.1800537109
440.211426      1290.6383056641
440.568604      1328.5325927734
440.925720      1339.6781005859
441.282776      1317.3872070313
441.639801      1350.8234863281
441.996735      1346.3653564453
442.353699      1353.0524902344
442.710602      1353.0524902344
443.067505      1346.3653564453
443.424347      1339.6781005859
443.781128      1337.4489746094
444.137878      1393.1760253906
444.494629      1339.6781005859
444.851288      1373.1142578125
445.207916      1292.8673095703
445.564514      1366.4270019531
445.921051      1319.6163330078
446.277618      1295.0964355469
446.634094      1355.2816162109
446.990540      1408.7795410156
447.346985      1364.1979980469
447.703339      1364.1979980469
448.059692      1317.3872070313
448.416016      1339.6781005859
448.772186      1364.1979980469
449.128418      1344.1362304688
449.484589      1375.3433837891
449.840729      1330.7617187500
450.196838      1361.9688720703
450.552917      1306.2418212891
450.908966      1335.2198486328
451.264954      1375.3433837891
451.620880      1353.0524902344
451.976807      1364.1979980469
452.332611      1370.8852539063
452.688446      1359.7397460938
453.044250      1319.6163330078
453.399994      1382.0306396484
453.755707      1382.0306396484
454.111389      1350.8234863281
454.467041      1364.1979980469
454.822632      1243.8275146484
455.178192      1275.0346679688
455.533722      1339.6781005859
455.889130      1402.0922851563
456.244598      1295.0964355469
456.600006      1286.1800537109
456.955353      1297.3255615234
457.310699      1321.8454589844
457.665985      1328.5325927734
458.021240      1279.4927978516
458.376434      1346.3653564453
458.731628      1312.9290771484
459.086700      1359.7397460938
459.441772      1317.3872070313
459.796844      1348.5943603516
460.151886      1355.2816162109
460.506836      1353.0524902344
460.861786      1346.3653564453
461.216675      1357.5107421875
461.571533      1350.8234863281
461.926361      1364.1979980469
462.281158      1350.8234863281
462.635803      1321.8454589844
462.990540      1346.3653564453
463.345184      1348.5943603516
463.699829      1275.0346679688
464.054413      1306.2418212891
464.408936      1335.2198486328
464.763458      1312.9290771484
465.117920      1308.4709472656
465.472351      1332.9908447266
465.826752      1326.3035888672
466.181030      1341.9071044922
466.535339      1390.9468994141
466.889618      1324.0744628906
467.243866      1370.8852539063
467.598053      1350.8234863281
467.952209      1304.0126953125
468.306305      1335.2198486328
468.660370      1312.9290771484
469.014435      1368.6561279297
469.368439      1350.8234863281
469.722321      1321.8454589844
470.076263      1361.9688720703
470.430115      1299.5545654297
470.783966      1368.6561279297
471.137756      1315.1582031250
471.491516      1337.4489746094
471.845245      1364.1979980469
472.198944      1319.6163330078
472.552582      1321.8454589844
472.906128      1270.5765380859
473.259705      1379.8015136719
473.613220      1308.4709472656
473.966675      1243.8275146484
474.320129      1350.8234863281
474.673553      1275.0346679688
475.026917      1319.6163330078
475.380249      1375.3433837891
475.733521      1301.7836914063
476.086761      1364.1979980469
476.439911      1390.9468994141
476.793091      1361.9688720703
477.146210      1290.6383056641
477.499298      1377.5723876953
477.852356      1350.8234863281
478.205353      1295.0964355469
478.558350      1368.6561279297
478.911285      1301.7836914063
479.264160      1321.8454589844
479.617035      1288.4091796875
479.969757      1346.3653564453
480.322540      1393.1760253906
480.675262      1402.0922851563
481.027985      1370.8852539063
481.380615      1431.0704345703
481.733246      1335.2198486328
482.085815      1379.8015136719
482.438324      1426.6123046875
482.790833      1292.8673095703
483.143280      1339.6781005859
483.495667      1286.1800537109
483.848022      1277.2637939453
484.200348      1335.2198486328
484.552673      1321.8454589844
484.904907      1339.6781005859
485.257111      1404.3214111328
485.609283      1348.5943603516
485.961456      1277.2637939453
486.313538      1308.4709472656
486.665588      1339.6781005859
487.017548      1346.3653564453
487.369507      1317.3872070313
487.721466      1397.6341552734
488.073334      1321.8454589844
488.425232      1315.1582031250
488.777039      1328.5325927734
489.128815      1375.3433837891
489.480560      1295.0964355469
489.832245      1368.6561279297
490.183868      1252.7438964844
490.535461      1326.3035888672
490.887054      1310.6999511719
491.238586      1346.3653564453
491.590057      1386.4887695313
491.941528      1402.0922851563
492.292938      1339.6781005859
492.644318      1370.8852539063
492.995667      1297.3255615234
493.346954      1388.7178955078
493.698181      1359.7397460938
494.049377      1384.2596435547
494.400543      1335.2198486328
494.751678      1315.1582031250
495.102783      1292.8673095703
495.453827      1308.4709472656
495.804871      1346.3653564453
496.155853      1319.6163330078
496.506775      1335.2198486328
496.857666      1312.9290771484
497.208466      1319.6163330078
497.559265      1288.4091796875
497.910065      1297.3255615234
498.260773      1308.4709472656
498.611481      1330.7617187500
498.962128      1335.2198486328
499.312744      1324.0744628906
499.663300      1344.1362304688
500.013855      1321.8454589844
500.364349      1324.0744628906
500.714752      1310.6999511719
501.065155      1335.2198486328
501.415527      1290.6383056641
501.765869      1361.9688720703
502.116150      1292.8673095703
502.466400      1252.7438964844
502.816620      1379.8015136719
503.166779      1375.3433837891
503.516907      1346.3653564453
503.866943      1341.9071044922
504.217010      1402.0922851563
504.567017      1388.7178955078
504.916962      1382.0306396484
505.266876      1317.3872070313
505.616791      1357.5107421875
505.966644      1384.2596435547
506.316437      1379.8015136719
506.666199      1348.5943603516
507.015930      1317.3872070313
507.365570      1308.4709472656
507.715210      1332.9908447266
508.064789      1346.3653564453
508.414368      1263.8892822266
508.763885      1292.8673095703
509.113373      1355.2816162109
509.462830      1266.1184082031
509.812225      1344.1362304688
510.161591      1321.8454589844
510.510895      1319.6163330078
510.860107      1288.4091796875
511.209381      1382.0306396484
511.558563      1341.9071044922
511.907715      1375.3433837891
512.256836      1292.8673095703
512.605896      1312.9290771484
512.954956      1370.8852539063
513.303955      1393.1760253906
513.652832      1277.2637939453
514.001831      1288.4091796875
514.350647      1384.2596435547
514.699463      1292.8673095703
515.048279      1330.7617187500
515.396973      1328.5325927734
515.745728      1355.2816162109
516.094360      1346.3653564453
516.442993      1328.5325927734
516.791565      1373.1142578125
517.140137      1268.3474121094
517.488586      1382.0306396484
517.837036      1388.7178955078
518.185425      1357.5107421875
518.533875      1384.2596435547
518.882202      1406.5505371094
519.230469      1319.6163330078
519.578735      1370.8852539063
519.927002      1353.0524902344
520.275146      1355.2816162109
520.623291      1399.8632812500
520.971313      1393.1760253906
521.319336      1375.3433837891
521.667419      1321.8454589844
522.015381      1301.7836914063
522.363281      1350.8234863281
522.711182      1317.3872070313
523.059021      1339.6781005859
523.406860      1353.0524902344
523.754639      1310.6999511719
524.102356      1301.7836914063
524.449951      1268.3474121094
524.797607      1310.6999511719
525.145203      1399.8632812500
525.492798      1422.1540527344
525.840332      1292.8673095703
526.187805      1359.7397460938
526.535217      1299.5545654297
526.882629      1375.3433837891
527.230042      1337.4489746094
527.577332      1292.8673095703
527.924500      1315.1582031250
528.271729      1341.9071044922
528.618896      1330.7617187500
528.966125      1344.1362304688
529.313232      1328.5325927734
529.660278      1304.0126953125
530.007324      1348.5943603516
530.354309      1321.8454589844
530.701233      1326.3035888672
531.048096      1292.8673095703
531.394958      1319.6163330078
531.741760      1339.6781005859
532.088562      1288.4091796875
532.435303      1346.3653564453
532.781982      1321.8454589844
533.128601      1393.1760253906
533.475281      1390.9468994141
533.821838      1337.4489746094
534.168335      1324.0744628906
534.514832      1382.0306396484
534.861206      1286.1800537109
535.207703      1344.1362304688
535.554016      1270.5765380859
535.900391      1326.3035888672
536.246643      1364.1979980469
536.592896      1359.7397460938
536.939087      1304.0126953125
537.285278      1399.8632812500
537.631348      1312.9290771484
537.977417      1357.5107421875
538.323425      1375.3433837891
538.669373      1346.3653564453
539.015381      1277.2637939453
539.361267      1290.6383056641
539.707153      1384.2596435547
540.052979      1353.0524902344
540.398804      1310.6999511719
540.744507      1350.8234863281
541.090210      1370.8852539063
541.435791      1330.7617187500
541.781433      1344.1362304688
542.127014      1308.4709472656
542.472595      1357.5107421875
542.818054      1328.5325927734
543.163513      1330.7617187500
543.508911      1375.3433837891
543.854309      1382.0306396484
544.199646      1348.5943603516
544.544800      1301.7836914063
544.890076      1350.8234863281
545.235291      1344.1362304688
545.580444      1301.7836914063
545.925537      1344.1362304688
546.270630      1428.8413085938
546.615723      1357.5107421875
546.960693      1377.5723876953
547.305603      1393.1760253906
547.650574      1254.9729003906
547.995361      1308.4709472656
548.340149      1277.2637939453
548.684998      1359.7397460938
549.029724      1335.2198486328
549.374390      1279.4927978516
549.719116      1295.0964355469
550.063660      1364.1979980469
550.408264      1292.8673095703
550.752869      1341.9071044922
551.097290      1263.8892822266
551.441711      1337.4489746094
551.786133      1304.0126953125
552.130493      1386.4887695313
552.474854      1332.9908447266
552.819092      1348.5943603516
553.163330      1292.8673095703
553.507507      1277.2637939453
553.851685      1317.3872070313
554.195801      1355.2816162109
554.539917      1384.2596435547
554.883850      1243.8275146484
555.227844      1315.1582031250
555.571777      1328.5325927734
555.915710      1312.9290771484
556.259583      1357.5107421875
556.603333      1382.0306396484
556.947205      1368.6561279297
557.290894      1344.1362304688
557.634583      1308.4709472656
557.978210      1390.9468994141
558.321777      1341.9071044922
558.665405      1399.8632812500
559.008911      1411.0086669922
559.352417      1297.3255615234
559.695862      1348.5943603516
560.039185      1364.1979980469
560.382568      1279.4927978516
560.725891      1295.0964355469
561.069153      1275.0346679688
561.412354      1304.0126953125
561.755554      1286.1800537109
562.098694      1337.4489746094
562.441772      1337.4489746094
562.784851      1368.6561279297
563.127930      1337.4489746094
563.470825      1279.4927978516
563.813782      1426.6123046875
564.156738      1419.9250488281
564.499573      1286.1800537109
564.842285      1317.3872070313
565.185059      1312.9290771484
565.527771      1312.9290771484
565.870422      1344.1362304688
566.213135      1254.9729003906
566.555725      1339.6781005859
566.898254      1417.6959228516
567.240784      1288.4091796875
567.583252      1375.3433837891
567.925659      1361.9688720703
568.268005      1393.1760253906
568.610291      1379.8015136719
568.952637      1382.0306396484
569.294922      1386.4887695313
569.637146      1353.0524902344
569.979309      1259.4311523438
570.321411      1283.9510498047
570.663513      1310.6999511719
571.005554      1337.4489746094
571.347473      1317.3872070313
571.689453      1324.0744628906
572.031372      1364.1979980469
572.373230      1386.4887695313
572.715088      1366.4270019531
573.056885      1375.3433837891
573.398621      1330.7617187500
573.740295      1348.5943603516
574.082031      1370.8852539063
574.423584      1308.4709472656
574.765137      1308.4709472656
575.106689      1339.6781005859
575.448120      1312.9290771484
575.789612      1332.9908447266
576.130981      1308.4709472656
576.472351      1357.5107421875
576.813721      1353.0524902344
577.154968      1373.1142578125
577.496216      1344.1362304688
577.837402      1321.8454589844
578.178467      1341.9071044922
578.519592      1277.2637939453
578.860657      1355.2816162109
579.201660      1359.7397460938
579.542664      1344.1362304688
579.883606      1348.5943603516
580.224487      1346.3653564453
580.565308      1397.6341552734
580.906189      1344.1362304688
581.246948      1295.0964355469
581.587585      1299.5545654297
581.928223      1415.4667968750
582.268921      1315.1582031250
582.609497      1319.6163330078
582.950012      1326.3035888672
583.290527      1301.7836914063
583.630981      1297.3255615234
583.971436      1306.2418212891
584.311829      1353.0524902344
584.652100      1288.4091796875
584.992371      1328.5325927734
585.332642      1317.3872070313
585.672852      1411.0086669922
586.013000      1319.6163330078
586.353088      1344.1362304688
586.693176      1390.9468994141
587.033264      1330.7617187500
587.373230      1355.2816162109
587.713196      1328.5325927734
588.053040      1306.2418212891
588.392883      1330.7617187500
588.732727      1397.6341552734
589.072510      1279.4927978516
589.412231      1346.3653564453
589.751892      1326.3035888672
590.091553      1257.2020263672
590.431152      1292.8673095703
590.770752      1366.4270019531
591.110229      1315.1582031250
591.449707      1319.6163330078
591.789124      1341.9071044922
592.128479      1337.4489746094
592.467834      1366.4270019531
592.807129      1326.3035888672
593.146423      1324.0744628906
593.485596      1332.9908447266
593.824768      1399.8632812500
594.163879      1433.2994384766
594.502991      1399.8632812500
594.841980      1355.2816162109
595.180969      1312.9290771484
595.519897      1330.7617187500
595.858887      1346.3653564453
596.197693      1384.2596435547
596.536499      1397.6341552734
596.875305      1384.2596435547
597.214050      1388.7178955078
597.552734      1370.8852539063
597.891296      1370.8852539063
598.229980      1348.5943603516
598.568542      1286.1800537109
598.907043      1330.7617187500
599.245483      1270.5765380859
599.583984      1350.8234863281
599.922363      1379.8015136719
600.260681      1306.2418212891
600.598999      1379.8015136719
600.937256      1373.1142578125
601.275452      1335.2198486328
601.613586      1304.0126953125
601.951721      1295.0964355469
602.289856      1332.9908447266
602.627869      1386.4887695313
602.965881      1382.0306396484
603.303833      1295.0964355469
603.641724      1326.3035888672
603.979614      1373.1142578125
604.317444      1341.9071044922
604.655151      1335.2198486328
604.992859      1330.7617187500
605.330566      1348.5943603516
605.668274      1306.2418212891
606.005859      1332.9908447266
606.343445      1292.8673095703
606.680908      1328.5325927734
607.018433      1390.9468994141
607.355835      1286.1800537109
607.693237      1370.8852539063
608.030579      1301.7836914063
608.367859      1373.1142578125
608.705078      1312.9290771484
609.042297      1384.2596435547
609.379456      1393.1760253906
609.716614      1270.5765380859
610.053650      1373.1142578125
610.390686      1382.0306396484
610.727722      1292.8673095703
611.064575      1353.0524902344
611.401550      1368.6561279297
611.738403      1312.9290771484
612.075256      1348.5943603516
612.411987      1337.4489746094
612.748779      1315.1582031250
613.085449      1346.3653564453
613.422058      1337.4489746094
613.758667      1364.1979980469
614.095215      1390.9468994141
614.431702      1328.5325927734
614.768127      1259.4311523438
615.104614      1270.5765380859
615.440979      1364.1979980469
615.777283      1348.5943603516
616.113586      1339.6781005859
616.449829      1348.5943603516
616.786011      1330.7617187500
617.122192      1364.1979980469
617.458374      1408.7795410156
617.794373      1306.2418212891
618.130371      1328.5325927734
618.466370      1279.4927978516
618.802246      1321.8454589844
619.138184      1366.4270019531
619.474060      1337.4489746094
619.809875      1355.2816162109
620.145630      1422.1540527344
620.481323      1390.9468994141
620.817017      1275.0346679688
621.152588      1424.3831787109
621.488220      1386.4887695313
621.823792      1359.7397460938
622.159241      1353.0524902344
622.494690      1344.1362304688
622.830078      1370.8852539063
623.165466      1299.5545654297
623.500793      1370.8852539063
623.836060      1335.2198486328
624.171265      1319.6163330078
624.506470      1304.0126953125
624.841553      1339.6781005859
625.176697      1259.4311523438
625.511719      1277.2637939453
625.846741      1382.0306396484
626.181702      1368.6561279297
626.516663      1366.4270019531
626.851563      1339.6781005859
627.186401      1317.3872070313
627.521118      1417.6959228516
627.855896      1290.6383056641
628.190552      1393.1760253906
628.525269      1299.5545654297
628.859863      1321.8454589844
629.194458      1359.7397460938
629.528992      1297.3255615234
629.863403      1364.1979980469
630.197815      1324.0744628906
630.532288      1348.5943603516
630.866516      1364.1979980469
631.200867      1357.5107421875
631.535156      1299.5545654297
631.869324      1283.9510498047
632.203491      1330.7617187500
632.537659      1297.3255615234
632.871704      1326.3035888672
633.205750      1324.0744628906
633.539795      1335.2198486328
633.873718      1370.8852539063
634.207520      1283.9510498047
634.541443      1364.1979980469
634.875244      1319.6163330078
635.208984      1330.7617187500
635.542725      1319.6163330078
635.876404      1359.7397460938
636.210022      1295.0964355469
636.543640      1330.7617187500
636.877197      1310.6999511719
637.210571      1332.9908447266
637.544067      1324.0744628906
637.877502      1370.8852539063
638.210815      1335.2198486328
638.544189      1277.2637939453
638.877441      1312.9290771484
639.210693      1299.5545654297
639.543884      1315.1582031250
639.877014      1288.4091796875
640.210144      1357.5107421875
640.543091      1326.3035888672
640.876099      1330.7617187500
641.209106      1326.3035888672
641.541992      1344.1362304688
641.874939      1301.7836914063
642.207703      1335.2198486328
642.540527      1406.5505371094
642.873230      1350.8234863281
643.205994      1388.7178955078
643.538574      1348.5943603516
643.871155      1306.2418212891
644.203674      1332.9908447266
644.536255      1315.1582031250
644.868713      1357.5107421875
645.201172      1375.3433837891
645.533508      1375.3433837891
645.865845      1308.4709472656
646.198120      1299.5545654297
646.530396      1328.5325927734
646.862610      1390.9468994141
647.194702      1310.6999511719
647.526855      1364.1979980469
647.858887      1319.6163330078
648.190857      1344.1362304688
648.522827      1295.0964355469
648.854797      1344.1362304688
649.186707      1375.3433837891
649.518555      1330.7617187500
649.850342      1301.7836914063
650.182007      1368.6561279297
650.513733      1317.3872070313
650.845398      1261.6601562500
651.177063      1326.3035888672
651.508606      1304.0126953125
651.840088      1326.3035888672
652.171631      1357.5107421875
652.503052      1344.1362304688
652.834412      1355.2816162109
653.165771      1339.6781005859
653.497070      1321.8454589844
653.828308      1304.0126953125
654.159485      1297.3255615234
654.490662      1379.8015136719
654.821838      1292.8673095703
655.152832      1393.1760253906
655.483887      1370.8852539063
655.814880      1359.7397460938
656.145813      1375.3433837891
656.476685      1426.6123046875
656.807495      1361.9688720703
657.138306      1297.3255615234
657.469116      1330.7617187500
657.799744      1344.1362304688
658.130493      1279.4927978516
658.461121      1361.9688720703
658.791687      1346.3653564453
659.122192      1259.4311523438
659.452698      1404.3214111328
659.783142      1366.4270019531
660.113464      1266.1184082031
660.443787      1266.1184082031
660.774109      1375.3433837891
661.104370      1330.7617187500
661.434570      1312.9290771484
661.764771      1308.4709472656
662.094849      1326.3035888672
662.424988      1321.8454589844
662.755005      1299.5545654297
663.084900      1370.8852539063
663.414856      1384.2596435547
663.744751      1283.9510498047
664.074585      1288.4091796875
664.404419      1297.3255615234
664.734131      1326.3035888672
665.063904      1341.9071044922
665.393555      1310.6999511719
665.723206      1321.8454589844
666.052734      1368.6561279297
666.382202      1370.8852539063
666.711670      1359.7397460938
667.041138      1348.5943603516
667.370544      1310.6999511719
667.699829      1332.9908447266
668.029175      1279.4927978516
668.358459      1357.5107421875
668.687622      1312.9290771484
669.016846      1346.3653564453
669.345947      1268.3474121094
669.674927      1332.9908447266
670.003967      1364.1979980469
670.332947      1312.9290771484
670.661865      1290.6383056641
670.990784      1355.2816162109
671.319641      1304.0126953125
671.648438      1341.9071044922
671.977112      1344.1362304688
672.305847      1324.0744628906
672.634521      1348.5943603516
672.963135      1332.9908447266
673.291687      1375.3433837891
673.620178      1364.1979980469
673.948669      1377.5723876953
674.277100      1422.1540527344
674.605469      1411.0086669922
674.933899      1330.7617187500
675.262085      1361.9688720703
675.590332      1357.5107421875
675.918579      1348.5943603516
676.246704      1348.5943603516
676.574829      1386.4887695313
676.902893      1308.4709472656
677.230896      1337.4489746094
677.558899      1295.0964355469
677.886841      1408.7795410156
678.214661      1324.0744628906
678.542480      1373.1142578125
678.870239      1297.3255615234
679.197998      1341.9071044922
679.525696      1335.2198486328
679.853394      1326.3035888672
680.180969      1326.3035888672
680.508484      1299.5545654297
680.836060      1330.7617187500
681.163452      1292.8673095703
681.490845      1286.1800537109
681.818237      1321.8454589844
682.145569      1393.1760253906
682.472839      1395.4051513672
682.800110      1304.0126953125
683.127319      1286.1800537109
683.454468      1357.5107421875
683.781494      1328.5325927734
684.108582      1364.1979980469
684.435608      1344.1362304688
684.762451      1301.7836914063
685.089355      1353.0524902344
685.416199      1341.9071044922
685.743103      1388.7178955078
686.069824      1288.4091796875
686.396606      1361.9688720703
686.723267      1304.0126953125
687.049927      1361.9688720703
687.376465      1301.7836914063
687.703003      1355.2816162109
688.029419      1353.0524902344
688.355957      1315.1582031250
688.682312      1326.3035888672
689.008667      1339.6781005859
689.334961      1368.6561279297
689.661316      1317.3872070313
689.987427      1370.8852539063
690.313660      1390.9468994141
690.639771      1424.3831787109
690.965881      1357.5107421875
691.291809      1341.9071044922
691.617798      1344.1362304688
691.943726      1364.1979980469
692.269714      1328.5325927734
692.595459      1279.4927978516
692.921326      1361.9688720703
693.247009      1355.2816162109
693.572754      1261.6601562500
693.898438      1337.4489746094
694.223999      1339.6781005859
694.549561      1377.5723876953
694.875061      1359.7397460938
695.200562      1346.3653564453
695.526001      1328.5325927734
695.851379      1382.0306396484
696.176697      1326.3035888672
696.502014      1350.8234863281
696.827271      1279.4927978516
697.152405      1308.4709472656
697.477539      1306.2418212891
697.802612      1279.4927978516
698.127625      1326.3035888672
698.452698      1326.3035888672
698.777649      1379.8015136719
699.102539      1328.5325927734
699.427429      1422.1540527344
699.752258      1346.3653564453
700.077026      1324.0744628906
700.401733      1321.8454589844
700.726379      1355.2816162109
701.051025      1357.5107421875
701.375610      1366.4270019531
701.700134      1310.6999511719
702.024658      1308.4709472656
702.349060      1411.0086669922
702.673462      1373.1142578125
702.997864      1270.5765380859
703.322144      1353.0524902344
703.646362      1299.5545654297
703.970520      1319.6163330078
704.294739      1355.2816162109
704.618896      1364.1979980469
704.942932      1335.2198486328
705.266968      1330.7617187500
705.590942      1353.0524902344
705.914917      1332.9908447266
706.238770      1350.8234863281
706.562622      1357.5107421875
706.886292      1344.1362304688
707.210083      1328.5325927734
707.533813      1321.8454589844
707.857422      1357.5107421875
708.181030      1368.6561279297
708.504578      1368.6561279297
708.828064      1393.1760253906
709.151550      1395.4051513672
709.474976      1341.9071044922
709.798340      1335.2198486328
710.121582      1317.3872070313
710.444885      1332.9908447266
710.768127      1346.3653564453
711.091248      1326.3035888672
711.414429      1364.1979980469
711.737488      1277.2637939453
712.060547      1319.6163330078
712.383484      1339.6781005859
712.706482      1299.5545654297
713.029358      1317.3872070313
713.352112      1344.1362304688
713.674927      1315.1582031250
713.997681      1419.9250488281
714.320435      1344.1362304688
714.643066      1375.3433837891
714.965698      1259.4311523438
715.288269      1390.9468994141
715.610779      1357.5107421875
715.933289      1304.0126953125
716.255737      1384.2596435547
716.578003      1328.5325927734
716.900330      1361.9688720703
717.222595      1346.3653564453
717.544861      1364.1979980469
717.867065      1357.5107421875
718.189209      1310.6999511719
718.511292      1321.8454589844
718.833313      1319.6163330078
719.155334      1348.5943603516
719.477234      1315.1582031250
719.799133      1272.8056640625
720.120972      1350.8234863281
720.442749      1348.5943603516
720.764587      1357.5107421875
721.086304      1308.4709472656
721.407898      1317.3872070313
721.729553      1301.7836914063
722.051147      1330.7617187500
722.372681      1310.6999511719
722.694092      1330.7617187500
723.015503      1390.9468994141
723.336914      1355.2816162109
723.658264      1353.0524902344
723.979492      1330.7617187500
724.300781      1346.3653564453
724.621948      1384.2596435547
724.943115      1295.0964355469
725.264160      1408.7795410156
725.585205      1310.6999511719
725.906189      1225.9948730469
726.227173      1344.1362304688
726.548035      1317.3872070313
726.868896      1321.8454589844
727.189697      1390.9468994141
727.510498      1353.0524902344
727.831177      1395.4051513672
728.151855      1382.0306396484
728.472473      1330.7617187500
728.793091      1330.7617187500
729.113525      1353.0524902344
729.434021      1308.4709472656
729.754456      1319.6163330078
730.074829      1279.4927978516
730.395142      1283.9510498047
730.715454      1315.1582031250
731.035706      1341.9071044922
731.355896      1346.3653564453
731.676025      1373.1142578125
731.996033      1357.5107421875
732.316101      1324.0744628906
732.636108      1402.0922851563
732.956055      1326.3035888672
733.275940      1370.8852539063
733.595825      1377.5723876953
733.915649      1324.0744628906
734.235413      1350.8234863281
734.555054      1435.5285644531
734.874817      1344.1362304688
735.194336      1348.5943603516
735.513855      1317.3872070313
735.833435      1355.2816162109
736.152893      1346.3653564453
736.472290      1306.2418212891
736.791687      1419.9250488281
737.111023      1388.7178955078
737.430298      1330.7617187500
737.749512      1346.3653564453
738.068665      1344.1362304688
738.387817      1375.3433837891
738.706909      1306.2418212891
739.025879      1375.3433837891
739.344910      1317.3872070313
739.663879      1350.8234863281
739.982788      1315.1582031250
740.301636      1390.9468994141
740.620422      1346.3653564453
740.939148      1328.5325927734
741.257874      1272.8056640625
741.576477      1283.9510498047
741.895020      1317.3872070313
742.213623      1368.6561279297
742.532166      1324.0744628906
742.850586      1326.3035888672
743.169006      1306.2418212891
743.487366      1375.3433837891
743.805725      1357.5107421875
744.123962      1337.4489746094
744.442200      1277.2637939453
744.760315      1344.1362304688
745.078430      1364.1979980469
745.396484      1297.3255615234
745.714539      1399.8632812500
746.032532      1370.8852539063
746.350464      1295.0964355469
746.668335      1288.4091796875
746.986206      1339.6781005859
747.303955      1353.0524902344
747.621643      1330.7617187500
747.939331      1304.0126953125
748.257019      1315.1582031250
748.574585      1357.5107421875
748.892151      1335.2198486328
749.209656      1426.6123046875
749.527100      1332.9908447266
749.844482      1359.7397460938
750.161804      1368.6561279297
750.479126      1290.6383056641
750.796326      1368.6561279297
751.113525      1304.0126953125
751.430725      1306.2418212891
751.747803      1328.5325927734
752.064880      1355.2816162109
752.381897      1350.8234863281
752.698853      1377.5723876953
753.015747      1261.6601562500
753.332703      1357.5107421875
753.649475      1370.8852539063
753.966187      1321.8454589844
754.282898      1308.4709472656
754.599609      1295.0964355469
754.916199      1370.8852539063
755.232788      1263.8892822266
755.549316      1339.6781005859
755.865784      1386.4887695313
756.182190      1290.6383056641
756.498596      1364.1979980469
756.814941      1377.5723876953
757.131165      1306.2418212891
757.447388      1375.3433837891
757.763611      1341.9071044922
758.079712      1315.1582031250
758.395813      1341.9071044922
758.711853      1375.3433837891
759.027832      1411.0086669922
759.343811      1292.8673095703
759.659668      1350.8234863281
759.975464      1390.9468994141
760.291260      1312.9290771484
760.606995      1308.4709472656
760.922668      1308.4709472656
761.238342      1324.0744628906
761.554016      1364.1979980469
761.869507      1439.9866943359
762.185059      1357.5107421875
762.500488      1386.4887695313
762.815918      1310.6999511719
763.131165      1337.4489746094
763.446533      1359.7397460938
763.761719      1408.7795410156
764.076965      1368.6561279297
764.392151      1330.7617187500
764.707214      1422.1540527344
765.022339      1283.9510498047
765.337341      1350.8234863281
765.652283      1337.4489746094
765.967224      1386.4887695313
766.282043      1266.1184082031
766.596863      1290.6383056641
766.911621      1328.5325927734
767.226379      1292.8673095703
767.541016      1386.4887695313
767.855591      1337.4489746094
768.170227      1326.3035888672
768.484741      1332.9908447266
768.799194      1361.9688720703
769.113647      1301.7836914063
769.427979      1306.2418212891
769.742310      1304.0126953125
770.056580      1339.6781005859
770.370850      1299.5545654297
770.684998      1348.5943603516
770.999084      1299.5545654297
771.313232      1324.0744628906
771.627258      1324.0744628906
771.941223      1261.6601562500
772.255066      1315.1582031250
772.569031      1350.8234863281
772.882813      1368.6561279297
773.196594      1295.0964355469
773.510376      1324.0744628906
773.824036      1364.1979980469
774.137695      1397.6341552734
774.451294      1417.6959228516
774.764832      1366.4270019531
775.078308      1370.8852539063
775.391724      1364.1979980469
775.705078      1346.3653564453
776.018433      1304.0126953125
776.331726      1366.4270019531
776.644958      1272.8056640625
776.958130      1357.5107421875
777.271301      1339.6781005859
777.584412      1344.1362304688
777.897461      1370.8852539063
778.210510      1317.3872070313
778.523315      1310.6999511719
778.836304      1364.1979980469
779.149109      1335.2198486328
779.461914      1268.3474121094
779.774658      1332.9908447266
780.087402      1319.6163330078
780.400024      1364.1979980469
780.712585      1297.3255615234
781.025146      1328.5325927734
781.337646      1279.4927978516
781.650085      1304.0126953125
781.962463      1297.3255615234
782.274841      1319.6163330078
782.587158      1337.4489746094
782.899414      1350.8234863281
783.211609      1373.1142578125
783.523743      1324.0744628906
783.835938      1390.9468994141
784.147949      1326.3035888672
784.459900      1319.6163330078
784.771851      1384.2596435547
785.083801      1368.6561279297
785.395630      1312.9290771484
785.707397      1431.0704345703
786.019226      1337.4489746094
786.330933      1326.3035888672
786.642578      1348.5943603516
786.954224      1361.9688720703
787.265747      1357.5107421875
787.577209      1388.7178955078
787.888672      1395.4051513672
788.200073      1328.5325927734
788.511414      1375.3433837891
788.822754      1292.8673095703
789.133972      1319.6163330078
789.445190      1259.4311523438
789.756409      1221.5367431641
790.067505      1321.8454589844
790.378540      1317.3872070313
790.689514      1366.4270019531
791.000488      1326.3035888672
791.311401      1324.0744628906
791.622314      1283.9510498047
791.933105      1321.8454589844
792.243896      1364.1979980469
792.554565      1315.1582031250
792.865234      1359.7397460938
793.175842      1306.2418212891
793.486389      1350.8234863281
793.796875      1310.6999511719
794.107300      1324.0744628906
794.417786      1312.9290771484
794.728088      1350.8234863281
795.038452      1306.2418212891
795.348694      1317.3872070313
795.658936      1304.0126953125
795.969055      1337.4489746094
796.279175      1341.9071044922
796.589172      1330.7617187500
796.899231      1388.7178955078
797.209167      1355.2816162109
797.519104      1330.7617187500
797.828979      1330.7617187500
798.138794      1359.7397460938
798.448547      1317.3872070313
798.758301      1426.6123046875
799.067932      1295.0964355469
799.377563      1428.8413085938
799.687073      1328.5325927734
799.996582      1277.2637939453
800.306030      1308.4709472656
800.615479      1386.4887695313
800.924805      1330.7617187500
801.234192      1279.4927978516
801.543457      1353.0524902344
801.852600      1275.0346679688
802.161743      1390.9468994141
802.470886      1408.7795410156
802.779907      1306.2418212891
803.088867      1297.3255615234
803.397827      1290.6383056641
803.706787      1328.5325927734
804.015686      1259.4311523438
804.324463      1337.4489746094
804.633179      1413.2377929688
804.941956      1332.9908447266
805.250610      1335.2198486328
805.559204      1272.8056640625
805.867676      1364.1979980469
806.176270      1379.8015136719
806.484680      1317.3872070313
806.793091      1328.5325927734
807.101440      1339.6781005859
807.409729      1344.1362304688
807.718018      1451.1322021484
808.026184      1370.8852539063
808.334351      1399.8632812500
808.642456      1328.5325927734
808.950439      1368.6561279297
809.258484      1330.7617187500
809.566467      1397.6341552734
809.874329      1324.0744628906
810.182190      1350.8234863281
810.489990      1373.1142578125
810.797791      1359.7397460938
811.105469      1411.0086669922
811.413147      1350.8234863281
811.720642      1295.0964355469
812.028198      1330.7617187500
812.335693      1295.0964355469
812.643188      1308.4709472656
812.950562      1366.4270019531
813.257935      1315.1582031250
813.565186      1304.0126953125
813.872498      1339.6781005859
814.179626      1299.5545654297
814.486816      1324.0744628906
814.793823      1373.1142578125
815.100830      1399.8632812500
815.407837      1315.1582031250
815.714783      1373.1142578125
816.021667      1319.6163330078
816.328552      1310.6999511719
816.635315      1353.0524902344
816.942078      1299.5545654297
817.248779      1341.9071044922
817.555359      1306.2418212891
817.861938      1348.5943603516
818.168457      1341.9071044922
818.474976      1301.7836914063
818.781372      1341.9071044922
819.087769      1370.8852539063
819.394104      1377.5723876953
819.700378      1330.7617187500
820.006592      1344.1362304688
820.312744      1341.9071044922
820.618896      1417.6959228516
820.924927      1375.3433837891
821.230957      1357.5107421875
821.536926      1382.0306396484
821.842896      1386.4887695313
822.148804      1384.2596435547
822.454590      1324.0744628906
822.760376      1332.9908447266
823.066040      1328.5325927734
823.371704      1382.0306396484
823.677307      1279.4927978516
823.982910      1395.4051513672
824.288391      1299.5545654297
824.593872      1337.4489746094
824.899292      1377.5723876953
825.204651      1328.5325927734
825.509949      1326.3035888672
825.815186      1379.8015136719
826.120422      1277.2637939453
826.425598      1301.7836914063
826.730652      1335.2198486328
827.035706      1344.1362304688
827.340759      1304.0126953125
827.645630      1319.6163330078
827.950623      1431.0704345703
828.255432      1361.9688720703
828.560242      1324.0744628906
828.864990      1348.5943603516
829.169739      1404.3214111328
829.474304      1359.7397460938
829.778870      1330.7617187500
830.083435      1377.5723876953
830.387878      1375.3433837891
830.692383      1377.5723876953
830.996765      1368.6561279297
831.301086      1355.2816162109
831.605408      1417.6959228516
831.909668      1388.7178955078
832.213867      1364.1979980469
832.517883      1375.3433837891
832.821960      1359.7397460938
833.126038      1310.6999511719
833.429993      1335.2198486328
833.733948      1272.8056640625
834.037842      1373.1142578125
834.341614      1357.5107421875
834.645386      1283.9510498047
834.949158      1321.8454589844
835.252808      1346.3653564453
835.556335      1272.8056640625
835.859924      1366.4270019531
836.163513      1350.8234863281
836.466980      1335.2198486328
836.770325      1290.6383056641
837.073730      1339.6781005859
837.377075      1417.6959228516
837.680298      1310.6999511719
837.983521      1361.9688720703
838.286682      1275.0346679688
838.589722      1283.9510498047
838.892761      1350.8234863281
839.195801      1337.4489746094
839.498779      1330.7617187500
839.801636      1417.6959228516
840.104492      1326.3035888672
840.407288      1330.7617187500
840.710022      1348.5943603516
841.012695      1373.1142578125
841.315369      1346.3653564453
841.617920      1326.3035888672
841.920410      1330.7617187500
842.222961      1306.2418212891
842.525391      1346.3653564453
842.827759      1388.7178955078
843.130127      1373.1142578125
843.432373      1315.1582031250
843.734619      1324.0744628906
844.036804      1297.3255615234
844.338867      1344.1362304688
844.640930      1306.2418212891
844.942993      1308.4709472656
845.244934      1341.9071044922
845.546814      1370.8852539063
845.848755      1350.8234863281
846.150513      1337.4489746094
846.452332      1395.4051513672
846.754028      1330.7617187500
847.055664      1355.2816162109
847.357239      1344.1362304688
847.658813      1386.4887695313
847.960327      1337.4489746094
848.261780      1344.1362304688
848.563110      1370.8852539063
848.864563      1366.4270019531
849.165771      1290.6383056641
849.467041      1315.1582031250
849.768250      1324.0744628906
850.069397      1346.3653564453
850.370422      1290.6383056641
850.671448      1350.8234863281
850.972473      1299.5545654297
851.273376      1390.9468994141
851.574280      1359.7397460938
851.875122      1350.8234863281
852.175842      1295.0964355469
852.476624      1353.0524902344
852.777222      1304.0126953125
853.077881      1346.3653564453
853.378418      1346.3653564453
853.678955      1288.4091796875
853.979370      1366.4270019531
854.279785      1326.3035888672
854.580200      1390.9468994141
854.880493      1377.5723876953
855.180725      1348.5943603516
855.480957      1364.1979980469
855.781067      1379.8015136719
856.081116      1373.1142578125
856.381165      1364.1979980469
856.681152      1341.9071044922
856.981140      1301.7836914063
857.281006      1295.0964355469
857.580872      1337.4489746094
857.880676      1348.5943603516
858.180420      1301.7836914063
858.480103      1348.5943603516
858.779724      1355.2816162109
859.079224      1328.5325927734
859.378723      1350.8234863281
859.678223      1279.4927978516
859.977661      1373.1142578125
860.277039      1326.3035888672
860.576355      1341.9071044922
860.875610      1330.7617187500
861.174805      1395.4051513672
861.473999      1375.3433837891
861.773071      1312.9290771484
862.072083      1301.7836914063
862.371094      1330.7617187500
862.670044      1361.9688720703
862.968933      1324.0744628906
863.267761      1330.7617187500
863.566589      1317.3872070313
863.865356      1393.1760253906
864.164001      1395.4051513672
864.462646      1335.2198486328
864.761230      1359.7397460938
865.059692      1332.9908447266
865.358154      1270.5765380859
865.656616      1312.9290771484
865.954956      1393.1760253906
866.253357      1373.1142578125
866.551575      1330.7617187500
866.849792      1355.2816162109
867.147949      1319.6163330078
867.446106      1281.7219238281
867.744080      1301.7836914063
868.042053      1310.6999511719
868.340027      1348.5943603516
868.637878      1308.4709472656
868.935791      1353.0524902344
869.233582      1319.6163330078
869.531311      1339.6781005859
869.828979      1386.4887695313
870.126648      1335.2198486328
870.424255      1332.9908447266
870.721741      1324.0744628906
871.019165      1319.6163330078
871.316589      1297.3255615234
871.613953      1328.5325927734
871.911316      1341.9071044922
872.208557      1310.6999511719
872.505798      1361.9688720703
872.802979      1399.8632812500
873.100037      1328.5325927734
873.397156      1350.8234863281
873.694092      1379.8015136719
873.991028      1359.7397460938
874.287964      1386.4887695313
874.584778      1390.9468994141
874.881592      1339.6781005859
875.178284      1350.8234863281
875.474976      1350.8234863281
875.771606      1317.3872070313
876.068237      1324.0744628906
876.364746      1308.4709472656
876.661194      1370.8852539063
876.957581      1281.7219238281
877.253967      1402.0922851563
877.550293      1357.5107421875
877.846497      1319.6163330078
878.142761      1254.9729003906
878.438904      1350.8234863281
878.734985      1317.3872070313
879.031067      1308.4709472656
879.326965      1366.4270019531
879.622925      1346.3653564453
879.918823      1332.9908447266
880.214661      1290.6383056641
880.510498      1328.5325927734
880.806213      1448.9030761719
881.101868      1348.5943603516
881.397522      1341.9071044922
881.693115      1370.8852539063
881.988586      1370.8852539063
882.283997      1402.0922851563
882.579407      1335.2198486328
882.874817      1368.6561279297
883.170105      1306.2418212891
883.465332      1332.9908447266
883.760559      1417.6959228516
884.055725      1308.4709472656
884.350769      1341.9071044922
884.645813      1339.6781005859
884.940857      1299.5545654297
885.235718      1330.7617187500
885.530579      1310.6999511719
885.825439      1290.6383056641
886.120239      1310.6999511719
886.414917      1366.4270019531
886.709595      1299.5545654297
887.004272      1428.8413085938
887.298767      1341.9071044922
887.593323      1304.0126953125
887.887756      1364.1979980469
888.182129      1315.1582031250
888.476440      1346.3653564453
888.770752      1359.7397460938
889.065002      1317.3872070313
