0.112000
190.544205         0.0000000000
190.924866         0.0000000000
191.305481      1439.9866943359
191.686081      1471.1938476563
192.066635      1491.2556152344
192.447174      1417.6959228516
192.827667      1411.0086669922
193.208130      1448.9030761719
193.588577      1419.9250488281
193.968964      1480.1102294922
194.349350      1493.4847412109
194.729691      1493.4847412109
195.110001      1419.9250488281
195.490295      1462.2775878906
195.870529      1482.3392333984
196.250763      1495.7137451172
196.630936      1466.7357177734
197.011093      1558.1280517578
197.391220      1553.6699218750
197.771301      1468.9648437500
198.151367      1493.4847412109
198.531403      1542.5245361328
198.911407      1464.5065917969
199.291382      1439.9866943359
199.671295      1464.5065917969
200.051208      1451.1322021484
200.431076      1399.8632812500
200.810928      1466.7357177734
201.190735      1495.7137451172
201.570511      1462.2775878906
201.950272      1457.8193359375
202.329971      1482.3392333984
202.709671      1462.2775878906
203.089310      1437.7576904297
203.468933      1393.1760253906
203.848541      1437.7576904297
204.228073      1404.3214111328
204.607620      1444.4449462891
204.987106      1486.7974853516
205.366577      1518.0046386719
205.746017      1531.3790283203
206.125412      1442.2158203125
206.504776      1477.8811035156
206.884125      1515.7755126953
207.263428      1475.6520996094
207.642700      1520.2336425781
208.021942      1475.6520996094
208.401169      1484.5683593750
208.780334      1442.2158203125
209.159485      1484.5683593750
209.538605      1439.9866943359
209.917694      1544.7535400391
210.296753      1477.8811035156
210.675766      1464.5065917969
211.054764      1491.2556152344
211.433716      1426.6123046875
211.812637      1422.1540527344
212.191544      1480.1102294922
212.570404      1524.6918945313
212.949249      1542.5245361328
213.328033      1520.2336425781
213.706802      1491.2556152344
214.085556      1513.5463867188
214.464249      1435.5285644531
214.842926      1444.4449462891
215.221558      1515.7755126953
215.600174      1506.8591308594
215.978760      1439.9866943359
216.357300      1475.6520996094
216.735825      1477.8811035156
217.114288      1531.3790283203
217.492737      1506.8591308594
217.871185      1439.9866943359
218.249557      1464.5065917969
218.627914      1442.2158203125
219.006226      1439.9866943359
219.384521      1477.8811035156
219.762772      1473.4229736328
220.141006      1535.8372802734
220.519196      1457.8193359375
220.897354      1471.1938476563
221.275497      1535.8372802734
221.653580      1466.7357177734
222.031662      1551.4407958984
222.409698      1482.3392333984
222.787704      1491.2556152344
223.165680      1442.2158203125
223.543610      1511.3173828125
223.921524      1491.2556152344
224.299393      1531.3790283203
224.677231      1435.5285644531
225.055054      1506.8591308594
225.432816      1484.5683593750
225.810577      1497.9428710938
226.188278      1486.7974853516
226.565979      1462.2775878906
226.943634      1484.5683593750
227.321243      1500.1719970703
227.698837      1538.0662841797
228.076385      1542.5245361328
228.453903      1473.4229736328
228.831406      1533.6081542969
229.208847      1419.9250488281
229.586288      1484.5683593750
229.963669      1522.4627685547
230.341034      1491.2556152344
230.718369      1435.5285644531
231.095657      1442.2158203125
231.472916      1477.8811035156
231.850143      1426.6123046875
232.227356      1466.7357177734
232.604523      1480.1102294922
232.981659      1453.3612060547
233.358749      1466.7357177734
233.735825      1464.5065917969
234.112869      1446.6739501953
234.489868      1495.7137451172
234.866852      1513.5463867188
235.243790      1404.3214111328
235.620697      1531.3790283203
235.997589      1444.4449462891
236.374405      1413.2377929688
236.751221      1484.5683593750
237.128006      1386.4887695313
237.504745      1428.8413085938
237.881470      1417.6959228516
238.258133      1457.8193359375
238.634796      1471.1938476563
239.011414      1475.6520996094
239.388000      1522.4627685547
239.764557      1497.9428710938
240.141068      1511.3173828125
240.517563      1513.5463867188
240.893997      1540.2954101563
241.270432      1497.9428710938
241.646835      1468.9648437500
242.023178      1497.9428710938
242.399506      1509.0882568359
242.775787      1520.2336425781
243.152054      1475.6520996094
243.528290      1457.8193359375
243.904465      1453.3612060547
244.280640      1466.7357177734
244.656754      1477.8811035156
245.032852      1515.7755126953
245.408936      1431.0704345703
245.784943      1437.7576904297
246.160950      1419.9250488281
246.536911      1457.8193359375
246.912842      1482.3392333984
247.288757      1480.1102294922
247.664612      1500.1719970703
248.040451      1477.8811035156
248.416229      1504.6301269531
248.792023      1477.8811035156
249.167755      1484.5683593750
249.543457      1489.0264892578
249.919113      1480.1102294922
250.294754      1531.3790283203
250.670364      1480.1102294922
251.045944      1484.5683593750
251.421478      1471.1938476563
251.796982      1511.3173828125
252.172440      1587.1060791016
252.547897      1460.0484619141
252.923294      1491.2556152344
253.298676      1428.8413085938
253.673996      1524.6918945313
254.049316      1513.5463867188
254.424606      1471.1938476563
254.799850      1513.5463867188
255.175064      1437.7576904297
255.550217      1495.7137451172
255.925369      1500.1719970703
256.300476      1471.1938476563
256.675537      1422.1540527344
257.050598      1480.1102294922
257.425598      1500.1719970703
257.800598      1417.6959228516
258.175537      1520.2336425781
258.550446      1446.6739501953
258.925354      1462.2775878906
259.300171      1535.8372802734
259.674988      1491.2556152344
260.049774      1462.2775878906
260.424500      1520.2336425781
260.799225      1473.4229736328
261.173889      1415.4667968750
261.548553      1493.4847412109
261.923187      1553.6699218750
262.297760      1526.9208984375
262.672302      1520.2336425781
263.046814      1497.9428710938
263.421326      1471.1938476563
263.795776      1493.4847412109
264.170135      1535.8372802734
264.544525      1551.4407958984
264.918915      1448.9030761719
265.293243      1502.4010009766
265.667511      1475.6520996094
266.041748      1489.0264892578
266.415955      1457.8193359375
266.790161      1484.5683593750
267.164307      1542.5245361328
267.538422      1529.1500244141
267.912476      1453.3612060547
268.286530      1529.1500244141
268.660583      1573.7316894531
269.034546      1506.8591308594
269.408508      1549.2117919922
269.782440      1526.9208984375
270.156311      1468.9648437500
270.530151      1468.9648437500
270.903992      1462.2775878906
271.277710      1471.1938476563
271.651489      1457.8193359375
272.025208      1448.9030761719
272.398895      1518.0046386719
272.772552      1460.0484619141
273.146179      1422.1540527344
273.519745      1486.7974853516
273.893280      1466.7357177734
274.266815      1460.0484619141
274.640289      1520.2336425781
275.013733      1477.8811035156
275.387146      1493.4847412109
275.760529      1468.9648437500
276.133881      1457.8193359375
276.507202      1482.3392333984
276.880463      1468.9648437500
277.253723      1489.0264892578
277.626923      1468.9648437500
278.000122      1520.2336425781
278.373260      1460.0484619141
278.746338      1444.4449462891
279.119446      1462.2775878906
279.492493      1422.1540527344
279.865509      1480.1102294922
280.238495      1513.5463867188
280.611450      1464.5065917969
280.984314      1573.7316894531
281.357208      1500.1719970703
281.730072      1504.6301269531
282.102875      1466.7357177734
282.475647      1457.8193359375
282.848358      1493.4847412109
283.221069      1535.8372802734
283.593750      1446.6739501953
283.966400      1584.8770751953
284.339020      1522.4627685547
284.711548      1489.0264892578
285.084106      1451.1322021484
285.456635      1468.9648437500
285.829071      1460.0484619141
286.201508      1448.9030761719
286.573914      1468.9648437500
286.946320      1460.0484619141
287.318634      1573.7316894531
287.690948      1504.6301269531
288.063202      1484.5683593750
288.435425      1535.8372802734
288.807648      1464.5065917969
289.179810      1575.9606933594
289.551941      1509.0882568359
289.924011      1471.1938476563
290.296112      1489.0264892578
290.668121      1417.6959228516
291.040161      1428.8413085938
291.412109      1497.9428710938
291.783997      1482.3392333984
292.155914      1504.6301269531
292.527771      1471.1938476563
292.899597      1455.5903320313
293.271393      1455.5903320313
293.643127      1408.7795410156
294.014862      1397.6341552734
294.386566      1544.7535400391
294.758240      1522.4627685547
295.129852      1511.3173828125
295.501404      1567.0444335938
295.872955      1506.8591308594
296.244507      1542.5245361328
296.615997      1558.1280517578
296.987427      1431.0704345703
297.358826      1518.0046386719
297.730225      1526.9208984375
298.101593      1524.6918945313
298.472900      1513.5463867188
298.844177      1540.2954101563
299.215393      1453.3612060547
299.586609      1442.2158203125
299.957794      1524.6918945313
300.328918      1477.8811035156
300.700043      1502.4010009766
301.071136      1495.7137451172
301.442169      1509.0882568359
301.813171      1448.9030761719
302.184174      1515.7755126953
302.555115      1546.9826660156
302.925995      1460.0484619141
303.296844      1589.3352050781
303.667694      1513.5463867188
304.038483      1587.1060791016
304.409271      1520.2336425781
304.779968      1571.5025634766
305.150696      1573.7316894531
305.521362      1515.7755126953
305.891968      1571.5025634766
306.262543      1489.0264892578
306.633118      1589.3352050781
307.003632      1616.0842285156
307.374146      1506.8591308594
307.744598      1526.9208984375
308.114990      1640.6041259766
308.485413      1629.4586181641
308.855743      1649.5203857422
309.226074      1658.4367675781
309.596375      1687.4147949219
309.966614      1627.2296142578
310.336792      1680.7275390625
310.707001      1629.4586181641
311.077148      1740.9127197266
311.447235      1725.3092041016
311.817322      1725.3092041016
312.187347      1740.9127197266
312.557373      1859.0540771484
312.927368      1879.1158447266
313.297302      1827.8469238281
313.667175      1885.8031005859
314.037048      1932.6137695313
314.406891      1966.0500488281
314.776642      1919.2392578125
315.146423      2015.0898437500
315.516144      2010.6315917969
315.885864      2108.7111816406
316.255524      2037.3806152344
316.625153      2064.1296386719
316.994751      1999.4862060547
317.364288      2077.5041503906
317.733795      2151.0637207031
318.103302      2146.6057128906
318.472717      2222.3942871094
318.842133      2235.7687988281
319.211517      2200.1035156250
319.580872      2342.7648925781
319.950195      2313.7866210938
320.319489      2209.0197753906
320.688751      2431.9279785156
321.057922      2400.7209472656
321.427094      2503.2587890625
321.796234      2532.2368164063
322.165344      2451.9897460938
322.534393      2389.5754394531
322.903412      2360.5974121094
323.272430      2391.8046875000
323.641418      2492.1132812500
324.010315      2356.1394042969
324.379242      2547.8403320313
324.748077      2634.7744140625
325.116913      2697.1887207031
325.485657      2750.6867675781
325.854431      2710.5632324219
326.223145      2857.6826171875
326.591827      2913.4096679688
326.960480      2989.1984863281
327.329102      3027.0927734375
327.697693      3082.8198242188
328.066193      3073.9035644531
328.434723      3064.9873046875
328.803192      3171.9831542969
329.171600      3160.8376464844
329.540009      3140.7761230469
329.908386      3221.0229492188
330.276703      3285.6662597656
330.645050      3568.7597656250
331.013306      3682.4428710938
331.381500      3530.8652343750
331.749695      3443.9311523438
332.117859      3406.0366210938
332.485962      3316.8735351563
332.854034      3577.6760253906
333.222107      3533.0944824219
333.590118      3479.5964355469
333.958099      3528.6362304688
334.326050      3501.8872070313
334.693970      3517.4907226563
335.061859      3608.8830566406
335.429657      3564.3015136719
335.797455      3615.5703125000
336.165192      3662.3811035156
336.532959      3546.4689941406
336.900665      3528.6362304688
337.268341      3272.2917480469
337.635956      3276.7500000000
338.003571      3285.6662597656
338.371124      3446.1601562500
338.738647      3481.8254394531
339.106110      3662.3811035156
339.473572      3615.5703125000
339.840942      3655.6938476563
340.208344      3640.0903320313
340.575653      3856.3112792969
340.942993      3889.7475585938
341.310272      3907.5800781250
341.677521      3756.0024414063
342.044708      3771.6062011719
342.411865      3816.1877441406
342.778992      3851.8530273438
343.146088      3923.1835937500
343.513123      4039.0959472656
343.880157      3998.9724121094
344.247131      3949.9326171875
344.614105      3713.6499023438
344.981049      3660.1520996094
345.347900      3555.3852539063
345.714783      3686.9011230469
346.081573      3874.1437988281
346.448334      3958.8488769531
346.815094      3856.3112792969
347.181763      3981.1398925781
347.548431      4001.2014160156
347.915070      4137.1752929688
348.281677      3965.5361328125
348.648224      3972.2233886719
349.014771      4025.7214355469
349.381256      4076.9902343750
349.747711      4019.0341796875
350.114105      3903.1218261719
350.480469      4132.7172851563
350.846832      4259.7749023438
351.213135      4440.3305664063
351.579407      4473.7666015625
351.945679      4404.6655273438
352.311890      4442.5595703125
352.678040      4384.6035156250
353.044189      4259.7749023438
353.410278      4074.7612304688
353.776337      4384.6035156250
354.142303      4447.0180664063
354.508301      4781.3798828125
354.874268      4810.3583984375
355.240204      4995.3720703125
355.606079      4814.8164062500
355.971924      4935.1865234375
356.337738      4859.3979492188
356.703491      4730.1113281250
357.069244      4658.7807617188
357.434937      4369.0000000000
357.800598      4201.8188476563
358.166229      4199.5898437500
358.531830      4121.5717773438
358.897369      4132.7172851563
359.262909      4014.5759277344
359.628418      4025.7214355469
359.993866      4435.8725585938
360.359222      4870.5434570313
360.724609      4973.0810546875
361.089966      5019.8916015625
361.455261      4634.2607421875
361.820526      4656.5517578125
362.185760      4603.0537109375
362.550964      4774.6928710938
362.916138      4788.0673828125
363.281250      5015.4335937500
363.646332      5146.9497070313
364.011383      5095.6806640625
364.376404      5207.1347656250
364.741333      5218.2802734375
365.106293      5189.3022460938
365.471222      5318.5888671875
365.836090      5501.3735351563
366.200928      5554.8715820313
366.565735      5882.5463867188
366.930511      5978.3969726563
367.295227      6080.9345703125
367.659912      5996.2294921875
368.024536      5960.5644531250
368.389160      5933.8154296875
368.753723      5994.0004882813
369.118317      5739.8852539063
369.482819      5996.2294921875
369.847260      5989.5424804688
370.211731      6179.0141601563
370.576111      6245.8867187500
370.940460      6243.6577148438
371.304810      6040.8110351563
371.669098      5800.0703125000
372.033325      5987.3134765625
372.397522      5929.3569335938
372.761749      6009.6040039063
373.125885      5748.8017578125
373.489990      5929.3569335938
373.854065      5679.7001953125
374.218109      5262.8618164063
374.582092      5191.5312500000
374.946075      5367.6284179688
375.309998      5184.8437500000
375.673859      5231.6547851563
376.037720      5434.5009765625
376.401550      5960.5644531250
376.765320      6014.0620117188
377.129059      5978.3969726563
377.492798      6094.3090820313
377.856476      6368.4863281250
378.220062      6758.5756835938
378.583679      7153.1230468750
378.947205      7199.9335937500
379.310730      7137.5195312500
379.674225      6707.3066406250
380.037689      6419.7548828125
380.401093      6359.5698242188
380.764496      6245.8867187500
381.127838      6734.0556640625
381.491119      6885.6333007813
381.854370      6796.4697265625
382.217621      6430.9003906250
382.580811      6087.6220703125
382.943939      5690.8452148438
383.307068      5280.6943359375
383.670166      4790.2963867188
384.033203      4959.7065429688
384.396240      4819.2744140625
384.759216      5224.9672851563
385.122131      5588.3076171875
385.485016      6040.8110351563
385.847900      6321.6752929688
386.210724      6167.8686523438
386.573486      6083.1635742188
386.936279      6123.2871093750
387.298981      6379.6318359375
387.661652      6377.4023437500
388.024323      6390.7768554688
388.386902      6274.8647460938
388.749481      6399.6933593750
389.112000      6546.8129882813
389.474487      6531.2089843750
389.836945      6729.5976562500
390.199371      7318.0751953125
390.561737      7574.4194335938
390.924103      7728.2260742188
391.286407      7919.9272460938
391.648682      7993.4868164063
392.010925      8379.1181640625
392.373108      8376.8886718750
392.735291      8020.2358398438
393.097382      7512.0048828125
393.459473      6627.0595703125
393.821533      5757.7177734375
394.183533      5291.8398437500
394.545532      5331.9633789063
394.907471      5936.0444335938
395.269379      6836.5932617188
395.631256      7585.5649414063
395.993042      8388.0341796875
396.354828      8544.0703125000
396.716583      8136.1479492188
397.078308      7331.4497070313
397.439972      6390.7768554688
397.801636      6176.7851562500
398.163239      6765.2626953125
398.524841      8018.0068359375
398.886383      9299.7285156250
399.247833     10113.3437500000
399.609283     10668.3847656250
399.970703     11412.8984375000
400.332062     11673.7001953125
400.693420     12041.4990234375
401.054718     12329.0507812500
401.416016     12487.3154296875
401.777252     12701.3076171875
402.138458     13051.2724609375
402.499603     13245.2031250000
402.860718     13503.7763671875
403.221832     13746.7460937500
403.582855     13604.0849609375
403.943848     13474.7988281250
404.304810     13722.2265625000
404.665771     13896.0947265625
405.026642     13766.8085937500
405.387543     13760.1210937500
405.748352     13864.8876953125
406.109161     14112.3154296875
406.469849     13864.8876953125
406.830597     13717.7685546875
407.191223     13887.1787109375
407.551880     14047.6728515625
407.912476     14083.3378906250
408.273041     14308.4746093750
408.633575     14373.1181640625
408.994049     15126.5478515625
409.354492     15670.4443359375
409.714935     16223.2558593750
410.075287     16000.3476562500
410.435608     15057.4462890625
410.795868     14707.4804687500
411.156158     14656.2119140625
411.516388     15266.9804687500
411.876587     16067.2207031250
412.236725     16876.3769531250
412.596832     16912.0429687500
412.956909     17255.3203125000
413.316925     17101.5136718750
413.676910     16883.0644531250
414.036896     16916.5000000000
414.396820     16990.0605468750
414.756683     17598.5996093750
415.116547     17404.6699218750
415.476379     17467.0839843750
415.836121     16976.6855468750
416.195862     17266.4667968750
416.555542     17578.5371093750
416.915192     17794.7578125000
417.274811     18093.4550781250
417.634399     17999.8339843750
417.993927     17344.4843750000
418.353455     17239.7167968750
418.712891     17609.7441406250
419.072357     17123.8046875000
419.431763     17433.6464843750
419.791107     18006.5214843750
420.150452     17605.2871093750
420.509674     17128.2636718750
420.868927     17333.3378906250
421.228119     18153.6406250000
421.587280     18648.4960937500
421.946411     18238.3457031250
422.305542     18436.7343750000
422.664581     18436.7343750000
423.023621     17768.0097656250
423.382568     17656.5546875000
423.741516     17529.4980468750
424.100403     17620.8906250000
424.459259     17930.7324218750
424.818054     18026.5839843750
425.176880     18122.4335937500
425.535614     17895.0664062500
425.894348     18019.8964843750
426.252991     17926.2753906250
426.611633     17846.0273437500
426.970245     18104.6015625000
427.328796     18265.0957031250
427.687317     17761.3222656250
428.045807     17311.0488281250
428.404205     17429.1894531250
428.762604     17801.4453125000
429.121002     17881.6933593750
429.479340     17384.6074218750
429.837616     17152.7832031250
430.195892     16263.3798828125
430.554138     15817.5634765625
430.912292     14609.4013671875
431.270416     13931.7597656250
431.628510     14431.0742187500
431.986542     15509.9501953125
432.344574     17239.7167968750
432.702576     18167.0156250000
433.060516     18258.4082031250
433.418427     18597.2285156250
433.776306     19263.7226562500
434.134155     19049.7324218750
434.491913     18516.9804687500
434.849701     18039.9570312500
435.207397     18606.1445312500
435.565063     19277.0976562500
435.922729     19849.9726562500
436.280334     19823.2226562500
436.637909     21071.5078125000
436.995453     21111.6328125000
437.352936     21194.1074218750
437.710388     20913.2441406250
438.067780     20971.1992187500
438.425171     20284.6425781250
438.782471     19952.5097656250
439.139771     19049.7324218750
439.497040     19426.4472656250
439.854279     19950.2812500000
440.211426     20340.3691406250
440.568604     20462.9687500000
440.925720     20692.5644531250
441.282776     20890.9531250000
441.639801     21245.3769531250
441.996735     21764.7539062500
442.353699     22371.0625000000
442.710602     22422.3320312500
443.067505     22531.5566406250
443.424347     22656.3847656250
443.781128     22852.5449218750
444.137878     22774.5273437500
444.494629     22923.8750000000
444.851288     23137.8671875000
445.207916     23378.6074218750
445.564514     23612.6621093750
445.921051     22629.6367187500
446.277618     22404.5000000000
446.634094     22152.6132812500
446.990540     22375.5214843750
447.346985     22928.3339843750
447.703339     23242.6347656250
448.059692     23911.3593750000
448.416016     24276.9277343750
448.772186     23969.3144531250
449.128418     24430.7343750000
449.484589     24285.8437500000
449.840729     24582.3125000000
450.196838     24640.2675781250
450.552917     24814.1367187500
450.908966     25563.1074218750
451.264954     25928.6777343750
451.620880     25714.6855468750
451.976807     25605.4609375000
452.332611     25433.8222656250
452.688446     25346.8867187500
453.044250     24629.1230468750
453.399994     24178.8476562500
453.755707     23282.7578125000
454.111389     23828.8828125000
454.467041     24098.6015625000
454.822632     24261.3242187500
455.178192     24441.8808593750
455.533722     24495.3789062500
455.889130     23915.8164062500
456.244598     24738.3476562500
456.600006     25311.2226562500
456.955353     25288.9316406250
457.310699     25340.1992187500
457.665985     25128.4375000000
458.021240     25616.6054687500
458.376434     25507.3808593750
458.731628     25306.7636718750
459.086700     24760.6386718750
459.441772     25190.8515625000
459.796844     25179.7070312500
460.151886     25103.9179687500
460.506836     25121.7500000000
460.861786     25478.4023437500
461.216675     25480.6328125000
461.571533     26008.9238281250
461.926361     25946.5097656250
462.281158     26454.7402343750
462.635803     26002.2363281250
462.990540     26387.8691406250
463.345184     26958.5136718750
463.699829     27069.9667968750
464.054413     26824.7675781250
464.408936     26655.3574218750
464.763458     26503.7812500000
465.117920     26641.9843750000
465.472351     26664.2753906250
465.826752     27032.0722656250
466.181030     27404.3300781250
466.535339     27337.4570312500
466.889618     27275.0429687500
467.243866     27272.8144531250
467.598053     27085.5703125000
467.952209     27620.5507812500
468.306305     27509.0957031250
468.660370     27823.3964843750
469.014435     28659.3027343750
469.368439     29111.8066406250
469.722321     29036.0175781250
470.076263     29080.5996093750
470.430115     28942.3964843750
470.783966     29140.7832031250
471.137756     29250.0097656250
471.491516     29062.7656250000
471.845245     29923.1914062500
472.198944     30903.9882812500
472.552582     31835.7441406250
472.906128     31864.7226562500
473.259705     32156.7324218750
473.613220     32537.9042968750
473.966675     32798.7070312500
474.320129     32952.5156250000
474.673553     33159.8164062500
475.026917     34265.4414062500
475.380249     34617.6367187500
475.733521     35170.4492187500
476.086761     35157.0742187500
476.439911     35001.0390625000
476.793091     35143.6992187500
477.146210     35631.8710937500
477.499298     36340.7187500000
477.852356     36590.3750000000
478.205353     37872.0976562500
478.558350     38342.4335937500
478.911285     38083.8593750000
479.264160     38014.7578125000
479.617035     38754.8125000000
479.969757     40047.6796875000
480.322540     40437.7695312500
480.675262     41030.7070312500
481.027985     41059.6835937500
481.380615     41066.3710937500
481.733246     41637.0156250000
482.085815     42490.7539062500
482.438324     43030.1914062500
482.790833     43703.3750000000
483.143280     43250.8710937500
483.495667     42996.7539062500
483.848022     43692.2304687500
484.200348     43910.6796875000
484.552673     44097.9218750000
484.904907     43941.8867187500
485.257111     44153.6484375000
485.609283     44013.2187500000
485.961456     43190.6875000000
486.313538     40495.7265625000
486.665588     39931.7695312500
487.017548     39078.0312500000
487.369507     40096.7187500000
487.721466     41086.4335937500
488.073334     42183.1406250000
488.425232     43371.2421875000
488.777039     44158.1054687500
489.128815     44581.6328125000
489.480560     44579.4023437500
489.832245     45036.3671875000
490.183868     46594.4921875000
490.535461     46962.2929687500
490.887054     47537.3945312500
491.238586     47408.1093750000
491.590057     47142.8476562500
491.941528     47185.1992187500
492.292938     46512.0156250000
492.644318     45910.1640625000
492.995667     46438.4570312500
493.346954     46799.5703125000
493.698181     47972.0664062500
494.049377     47093.8085937500
494.400543     47771.4492187500
494.751678     47624.3281250000
495.102783     48700.9765625000
495.453827     49066.5429687500
495.804871     49146.7929687500
496.155853     48685.3710937500
496.506775     48885.9882812500
496.857666     48926.1132812500
497.208466     49374.1562500000
497.559265     49496.7578125000
497.910065     49728.5820312500
498.260773     49733.0390625000
498.611481     48663.0820312500
498.962128     48614.0429687500
499.312744     48515.9609375000
499.663300     49108.8984375000
500.013855     48986.2968750000
500.364349     48781.2226562500
500.714752     48493.6718750000
501.065155     48326.4882812500
501.415527     47709.0351562500
501.765869     47245.3867187500
502.116150     47379.1289062500
502.466400     47421.4843750000
502.816620     47084.8906250000
503.166779     47706.8046875000
503.516907     48337.6367187500
503.866943     47733.5546875000
504.217010     47907.4218750000
504.567017     46957.8320312500
504.916962     47439.3164062500
505.266876     48631.8750000000
505.616791     48883.7617187500
505.966644     49305.0546875000
506.316437     49724.1250000000
506.666199     50098.6093750000
507.015930     50018.3632812500
507.365570     49824.4335937500
507.715210     49748.6445312500
508.064789     49447.7187500000
508.414368     49289.4531250000
508.763885     49131.1875000000
509.113373     49412.0507812500
509.462830     49942.5742187500
509.812225     50691.5468750000
510.161591     50584.5507812500
510.510895     50408.4531250000
510.860107     50127.5859375000
511.209381     50205.6054687500
511.558563     50736.1289062500
511.907715     50999.1601562500
512.256836     51607.6992187500
512.605896     51563.1171875000
512.954956     50811.9140625000
513.303955     50673.7109375000
513.652832     50673.7109375000
514.001831     51023.6796875000
514.350647     50528.8242187500
514.699463     50232.3554687500
515.048279     50388.3906250000
515.396973     50711.6054687500
515.745728     50700.4609375000
516.094360     51355.8125000000
516.442993     51210.9218750000
516.791565     50675.9414062500
517.140137     48979.6093750000
517.488586     47196.3437500000
517.837036     46855.2968750000
518.185425     48130.3320312500
518.533875     48395.5898437500
518.882202     48027.7929687500
519.230469     47958.6914062500
519.578735     48796.8242187500
519.927002     49507.9023437500
520.275146     50334.8906250000
520.623291     51206.4648437500
520.971313     51186.4023437500
521.319336     51083.8632812500
521.667419     51375.8750000000
522.015381     51933.1445312500
522.363281     52153.8242187500
522.711182     52109.2421875000
523.059021     51899.7070312500
523.406860     51099.4687500000
523.754639     51516.3046875000
524.102356     52173.8828125000
524.449951     52142.6757812500
524.797607     52637.5351562500
525.145203     52798.0273437500
525.492798     52789.1093750000
525.840332     52599.6406250000
526.187805     52896.1054687500
526.535217     52501.5585937500
526.882629     51672.3398437500
527.230042     49918.0546875000
527.577332     49621.5859375000
527.924500     50016.1328125000
528.271729     50733.8984375000
528.618896     51219.8359375000
528.966125     51819.4609375000
529.313232     52051.2851562500
529.660278     52624.1601562500
530.007324     52695.4882812500
530.354309     52298.7148437500
530.701233     52238.5273437500
531.048096     52501.5585937500
531.394958     53127.9296875000
531.741760     53359.7578125000
532.088562     53346.3828125000
532.435303     52793.5703125000
532.781982     52198.4062500000
533.128601     51502.9296875000
533.475281     51337.9804687500
533.821838     51148.5078125000
534.168335     51875.1875000000
534.514832     51578.7187500000
534.861206     51516.3046875000
535.207703     51752.5898437500
535.554016     52008.9335937500
535.900391     52267.5078125000
536.246643     52842.6093750000
536.592896     52613.0156250000
536.939087     52260.8203125000
537.285278     51663.4257812500
537.631348     51598.7812500000
537.977417     51355.8125000000
538.323425     51988.8710937500
538.669373     51984.4140625000
539.015381     51930.9140625000
539.361267     51589.8671875000
539.707153     51745.9023437500
540.052979     51014.7617187500
540.398804     50539.9687500000
540.744507     49904.6796875000
541.090210     50054.0273437500
541.435791     49692.9179687500
541.781433     50089.6914062500
542.127014     50502.0742187500
542.472595     50727.2109375000
542.818054     50722.7539062500
543.163513     50776.2500000000
543.508911     50519.9062500000
543.854309     50473.0937500000
544.199646     51001.3867187500
544.544800     51282.2539062500
544.890076     51451.6640625000
545.235291     51144.0507812500
545.580444     51440.5156250000
545.925537     51436.0585937500
546.270630     51139.5898437500
546.615723     51157.4218750000
546.960693     50814.1445312500
547.305603     51152.9648437500
547.650574     51045.9687500000
547.995361     50310.3710937500
548.340149     50132.0468750000
548.684998     50058.4843750000
549.029724     50129.8164062500
549.374390     50684.8593750000
549.719116     50907.7656250000
550.063660     50370.5585937500
550.408264     50497.6171875000
550.752869     50348.2656250000
551.097290     50207.8359375000
551.441711     50120.9023437500
551.786133     50203.3750000000
552.130493     49984.9257812500
552.474854     50482.0117187500
552.819092     50149.8789062500
553.163330     50424.0546875000
553.507507     49753.1015625000
553.851685     49897.9921875000
554.195801     49996.0703125000
554.539917     50212.2929687500
554.883850     50049.5703125000
555.227844     50109.7539062500
555.571777     50328.2031250000
555.915710     49920.2812500000
556.259583     49978.2382812500
556.603333     49782.0781250000
556.947205     49512.3593750000
557.290894     48758.9296875000
557.634583     48723.2656250000
557.978210     48781.2226562500
558.321777     48665.3085937500
558.665405     48850.3242187500
559.008911     48226.1796875000
559.352417     47882.9023437500
559.695862     47240.9257812500
560.039185     47156.2226562500
560.382568     47185.1992187500
560.725891     47174.0546875000
561.069153     47481.6679687500
561.412354     47929.7148437500
561.755554     48045.6250000000
562.098694     47570.8320312500
562.441772     47359.0664062500
562.784851     47078.2031250000
563.127930     47492.8125000000
563.470825     47428.1679687500
563.813782     47430.3984375000
564.156738     47203.0312500000
564.499573     47015.7890625000
564.842285     47118.3281250000
565.185059     47129.4726562500
565.527771     47318.9453125000
565.870422     46630.1601562500
566.213135     45901.2500000000
566.555725     45974.8085937500
566.898254     45640.4453125000
567.240784     45878.9570312500
567.583252     46164.2812500000
567.925659     45814.3164062500
568.268005     46447.3750000000
568.610291     45767.5039062500
568.952637     44902.6210937500
569.294922     44586.0898437500
569.637146     44077.8593750000
569.979309     44345.3515625000
570.321411     44514.7617187500
570.663513     44247.2695312500
571.005554     43881.6992187500
571.347473     43707.8320312500
571.689453     43016.8164062500
572.031372     43206.2890625000
572.373230     42963.3203125000
572.715088     43500.5273437500
573.056885     43843.8046875000
573.398621     43977.5507812500
573.740295     43788.0781250000
574.082031     43520.5898437500
574.423584     44425.5976562500
574.765137     43866.0976562500
575.106689     43311.0546875000
575.448120     43409.1367187500
575.789612     42827.3437500000
576.130981     42776.0781250000
576.472351     42448.4023437500
576.813721     42457.3164062500
577.154968     42936.5703125000
577.496216     42490.7539062500
577.837402     42397.1328125000
578.178467     42085.0625000000
578.519592     41897.8164062500
578.860657     41982.5234375000
579.201660     41770.7617187500
579.542664     41525.5625000000
579.883606     41637.0156250000
580.224487     42105.1210937500
580.565308     42160.8515625000
580.906189     42116.2695312500
581.246948     42292.3671875000
581.587585     42399.3632812500
581.928223     42328.0312500000
582.268921     42443.9414062500
582.609497     42967.7773437500
582.950012     43355.6367187500
583.290527     42604.4375000000
583.630981     43105.9804687500
583.971436     43186.2265625000
584.311829     42608.8945312500
584.652100     42698.0585937500
584.992371     42704.7460937500
585.332642     42363.6953125000
585.672852     41784.1367187500
586.013000     42018.1875000000
586.353088     41663.7656250000
586.693176     41458.6875000000
587.033264     41046.3085937500
587.373230     41737.3242187500
587.713196     41293.7382812500
588.053040     40972.7500000000
588.392883     40241.6093750000
588.732727     39271.9609375000
589.072510     37956.8007812500
589.412231     36895.7578125000
589.751892     35678.6796875000
590.091553     34894.0429687500
590.431152     34775.9023437500
590.770752     35696.5117187500
591.110229     36284.9921875000
591.449707     36617.1250000000
591.789124     36342.9453125000
592.128479     35946.1718750000
592.467834     35785.6757812500
592.807129     36414.2773437500
593.146423     37181.0820312500
593.485596     36906.9062500000
593.824768     37359.4062500000
594.163879     37388.3867187500
594.502991     36831.1171875000
594.841980     36235.9492187500
595.180969     35937.2539062500
595.519897     35941.7109375000
595.858887     36652.7890625000
596.197693     36461.0898437500
596.536499     36320.6562500000
596.875305     36819.9687500000
597.214050     36476.6914062500
597.552734     36806.5976562500
597.891296     36659.4765625000
598.229980     36831.1171875000
598.568542     36835.5742187500
598.907043     36730.8085937500
599.245483     36893.5312500000
599.583984     36846.7187500000
599.922363     36987.1523437500
600.260681     37149.8750000000
600.598999     36969.3203125000
600.937256     36463.3164062500
601.275452     36697.3710937500
601.613586     37020.5859375000
601.951721     36659.4765625000
602.289856     36648.3320312500
602.627869     36476.6914062500
602.965881     36367.4687500000
603.303833     36864.5507812500
603.641724     36412.0468750000
603.979614     37201.1445312500
604.317444     36933.6523437500
604.655151     36960.4023437500
604.992859     36935.8828125000
605.330566     37187.7695312500
605.668274     37000.5273437500
606.005859     36768.7031250000
606.343445     36663.9335937500
606.680908     36759.7851562500
607.018433     36704.0585937500
607.355835     36394.2148437500
607.693237     36516.8164062500
608.030579     36293.9062500000
608.367859     35816.8828125000
608.705078     35618.4960937500
609.042297     35569.4570312500
609.379456     35609.5781250000
609.716614     35680.9101562500
610.053650     35531.5625000000
610.390686     35411.1914062500
610.727722     34715.7187500000
611.064575     34974.2890625000
611.401550     34940.8554687500
611.738403     35246.2382812500
612.075256     35375.5273437500
612.411987     35083.5156250000
612.748779     34882.8984375000
613.085449     34541.8476562500
613.422058     34356.8359375000
613.758667     34483.8945312500
614.095215     34203.0273437500
614.431702     33656.9023437500
614.768127     33768.3593750000
615.104614     34031.3906250000
615.440979     33779.5039062500
615.777283     33668.0507812500
616.113586     33812.9375000000
616.449829     33454.0585937500
616.786011     32633.7558593750
617.122192     32297.1640625000
617.458374     32364.0371093750
617.794373     32687.2539062500
618.130371     32471.0312500000
618.466370     33371.5820312500
618.802246     33026.0742187500
619.138184     32769.7304687500
619.474060     32812.0820312500
619.809875     33055.0507812500
620.145630     32914.6210937500
620.481323     33271.2734375000
620.817017     33360.4375000000
621.152588     33284.6484375000
621.488220     33092.9453125000
621.823792     33075.1132812500
622.159241     32736.2929687500
622.494690     32809.8515625000
622.830078     32705.0859375000
623.165466     32225.8339843750
623.500793     32540.1328125000
623.836060     32194.6269531250
624.171265     32087.6308593750
624.506470     32234.7500000000
624.841553     31907.0742187500
625.176697     31577.1699218750
625.511719     31443.4257812500
625.846741     31276.2441406250
626.181702     31010.9843750000
626.516663     30739.0351562500
626.851563     30961.9433593750
627.186401     31109.0625000000
627.521118     31274.0156250000
627.855896     30536.1894531250
628.190552     30016.8125000000
628.525269     28871.0644531250
628.859863     29510.8125000000
629.194458     29459.5429687500
629.528992     29628.9531250000
629.863403     29127.4101562500
630.197815     29321.3398437500
630.532288     28873.2949218750
630.866516     29189.8242187500
631.200867     29234.4062500000
631.535156     29450.6269531250
631.869324     28788.5898437500
632.203491     29080.5996093750
632.537659     28692.7382812500
632.871704     29134.0976562500
633.205750     28726.1757812500
633.539795     29000.3515625000
633.873718     28721.7167968750
634.207520     29138.5546875000
634.541443     29022.6425781250
634.875244     28982.5195312500
635.208984     28975.8320312500
635.542725     28603.5761718750
635.876404     29044.9335937500
636.210022     28661.5312500000
636.543640     28376.2089843750
636.877197     28425.2480468750
637.210571     28534.4746093750
637.544067     28616.9492187500
637.877502     28619.1796875000
638.210815     28634.7832031250
638.544189     29067.2246093750
638.877441     28844.3164062500
639.210693     28851.0039062500
639.543884     28336.0859375000
639.877014     28463.1425781250
640.210144     28028.4726562500
640.543091     28055.2207031250
640.876099     27613.8632812500
641.209106     27564.8242187500
641.541992     27538.0742187500
641.874939     27778.8144531250
642.207703     27444.4531250000
642.540527     27183.6503906250
642.873230     27468.9726562500
643.205994     27268.3554687500
643.538574     27297.3339843750
643.871155     27500.1796875000
644.203674     27281.7304687500
644.536255     27346.3730468750
644.868713     26626.3808593750
645.201172     26864.8925781250
645.533508     26793.5605468750
645.865845     26757.8964843750
646.198120     26251.8945312500
646.530396     25701.3105468750
646.862610     25723.6015625000
647.194702     25159.6445312500
647.526855     24856.4902343750
647.858887     24678.1621093750
648.190857     24475.3164062500
648.522827     23880.1523437500
648.854797     23492.2910156250
649.186707     23929.1914062500
649.518555     23572.5390625000
649.850342     23068.7656250000
650.182007     23169.0742187500
650.513733     23371.9199218750
650.845398     23920.2753906250
651.177063     23897.9843750000
651.508606     24192.2226562500
651.840088     23739.7187500000
652.171631     23351.8593750000
652.503052     23412.0449218750
652.834412     23407.5859375000
653.165771     23976.0019531250
653.497070     24100.8300781250
653.828308     24259.0957031250
654.159485     24114.2050781250
654.490662     24145.4121093750
654.821838     24069.6230468750
655.152832     23284.9863281250
655.483887     23478.9160156250
655.814880     23269.3828125000
656.145813     22810.1914062500
656.476685     21370.2050781250
656.807495     20766.1250000000
657.138306     20538.7578125000
657.469116     20708.1679687500
657.799744     21350.1445312500
658.130493     21731.3164062500
658.461121     21949.7675781250
658.791687     22125.8652343750
659.122192     22703.1972656250
659.452698     22643.0117187500
659.783142     22696.5097656250
660.113464     22671.9902343750
660.443787     23485.6035156250
660.774109     23322.8808593750
661.104370     23429.8769531250
661.434570     23342.9433593750
661.764771     23494.5195312500
662.094849     23423.1894531250
662.424988     23485.6035156250
662.755005     23432.1054687500
663.084900     23554.7050781250
663.414856     23235.9472656250
663.744751     23166.8457031250
664.074585     23046.4746093750
664.404419     22992.9765625000
664.734131     22912.7304687500
665.063904     22420.1035156250
665.393555     22935.0214843750
665.723206     22841.4003906250
666.052734     22881.5234375000
666.382202     22725.4863281250
666.711670     22264.0664062500
667.041138     22382.2089843750
667.370544     22393.3535156250
667.699829     22415.6445312500
668.029175     22128.0937500000
668.358459     22337.6269531250
668.687622     22330.9394531250
669.016846     22453.5390625000
669.345947     21909.6425781250
669.674927     22058.9921875000
670.003967     21840.5410156250
670.332947     21896.2695312500
670.661865     21840.5410156250
670.990784     21675.5898437500
671.319641     21568.5937500000
671.648438     21631.0078125000
671.977112     21321.1660156250
672.305847     21182.9628906250
672.634521     21332.3105468750
672.963135     21249.8359375000
673.291687     20995.7207031250
673.620178     21104.9453125000
673.948669     21098.2578125000
674.277100     21223.0859375000
674.605469     21082.6542968750
674.933899     20986.8027343750
675.262085     20483.0312500000
675.590332     20471.8847656250
675.918579     20380.4941406250
676.246704     20454.0527343750
676.574829     20351.5156250000
676.902893     20157.5859375000
677.230896     20264.5820312500
677.558899     20097.4003906250
677.886841     20353.7441406250
678.214661     20097.4003906250
678.542480     20237.8320312500
678.870239     19925.7597656250
679.197998     19992.6328125000
679.525696     19827.6816406250
679.853394     19881.1796875000
680.180969     19988.1757812500
680.508484     19671.6445312500
680.836060     19803.1621093750
681.163452     19515.6093750000
681.490845     19586.9394531250
681.818237     19268.1816406250
682.145569     19277.0976562500
682.472839     19125.5195312500
682.800110     19134.4375000000
683.127319     19002.9218750000
683.454468     19241.4335937500
683.781494     19007.3789062500
684.108582     18927.1328125000
684.435608     18461.2539062500
684.762451     18728.7441406250
685.089355     18519.2109375000
685.416199     18508.0644531250
685.743103     18189.3066406250
686.069824     18245.0332031250
686.396606     18213.8261718750
686.723267     17953.0234375000
687.049927     16715.8828125000
687.376465     15447.5361328125
687.703003     13949.5927734375
688.029419     13410.1552734375
688.355957     13793.5576171875
688.682312     14299.5585937500
689.008667     14509.0927734375
689.334961     14337.4531250000
689.661316     14127.9189453125
689.987427     14105.6289062500
690.313660     14003.0908203125
690.639771     14283.9550781250
690.965881     14658.4404296875
691.291809     14709.7099609375
691.617798     15122.0898437500
691.943726     14957.1376953125
692.269714     15144.3808593750
692.595459     15153.2968750000
692.921326     15068.5917968750
693.247009     15175.5878906250
693.572754     14925.9306640625
693.898438     14807.7890625000
694.223999     14658.4404296875
694.549561     14426.6162109375
694.875061     14330.7656250000
695.200562     14183.6464843750
695.526001     14243.8320312500
695.851379     14495.7177734375
696.176697     14304.0166015625
696.502014     14901.4111328125
696.827271     14823.3925781250
697.152405     15124.3193359375
697.477539     15191.1914062500
697.802612     15229.0859375000
698.127625     15532.2412109375
698.452698     15322.7070312500
698.777649     15347.2265625000
699.102539     15015.0937500000
699.427429     14823.3925781250
699.752258     14785.4980468750
700.077026     14384.2636718750
700.401733     14625.0048828125
700.726379     13980.7998046875
701.051025     14259.4355468750
701.375610     14074.4218750000
701.700134     14043.2138671875
702.024658     13911.6982421875
702.349060     13849.2841796875
702.673462     13686.5615234375
702.997864     13621.9179687500
703.322144     13855.9716796875
703.646362     14096.7119140625
703.970520     14299.5585937500
704.294739     14214.8535156250
704.618896     13987.4873046875
704.942932     14279.4970703125
705.266968     14593.7978515625
705.590942     14513.5507812500
705.914917     14132.3779296875
706.238770     14219.3115234375
706.562622     14328.5371093750
706.886292     14339.6826171875
707.210083     14337.4531250000
707.533813     14359.7441406250
707.857422     14506.8632812500
708.181030     14346.3691406250
708.504578     14275.0390625000
708.828064     14424.3876953125
709.151550     14348.5986328125
709.474976     14562.5898437500
709.798340     14310.7041015625
710.121582     14531.3828125000
710.444885     14306.2460937500
710.768127     14393.1796875000
711.091248     14384.2636718750
711.414429     14168.0429687500
711.737488     14239.3730468750
712.060547     14243.8320312500
712.383484     14239.3730468750
712.706482     14061.0468750000
713.029358     14197.0205078125
713.352112     14003.0908203125
713.674927     13853.7421875000
713.997681     13842.5966796875
714.320435     13615.2304687500
714.643066     13686.5615234375
714.965698     13588.4814453125
715.288269     13677.6445312500
715.610779     13249.6611328125
715.933289     13209.5380859375
716.255737     13071.3349609375
716.578003     13022.2949218750
716.900330     12500.6894531250
717.222595     11945.6484375000
717.544861     10851.1689453125
717.867065     10378.6044921875
718.189209      9932.7880859375
718.511292      9816.8759765625
718.833313      9446.8476562500
719.155334      9045.6132812500
719.477234      8976.5117187500
719.799133      8635.4619140625
720.120972      8653.2949218750
720.442749      8479.4267578125
720.764587      8537.3828125000
721.086304      8439.3027343750
721.407898      8688.9599609375
721.729553      9529.3242187500
722.051147     10244.8593750000
722.372681     10325.1064453125
722.694092     10757.5478515625
723.015503     10735.2568359375
723.336914     10833.3369140625
723.658264     10300.5859375000
723.979492     10082.1357421875
724.300781      9674.2138671875
724.621948      9386.6630859375
724.943115      9170.4414062500
725.264160      9366.6005859375
725.585205      9128.0888671875
725.906189      9152.6093750000
726.227173      9081.2783203125
726.548035      9087.9658203125
726.868896      9023.3222656250
727.189697      9197.1904296875
727.510498      9495.8876953125
727.831177      9257.3759765625
728.151855      8722.3964843750
728.472473      8775.8945312500
728.793091      9041.1552734375
729.113525      9299.7285156250
729.434021      9023.3222656250
729.754456      8925.2431640625
730.074829      8967.5957031250
730.395142      9043.3837890625
730.715454      9154.8378906250
731.035706      9197.1904296875
731.355896      9005.4902343750
731.676025      8943.0751953125
731.996033      9012.1767578125
732.316101      9246.2304687500
732.636108      9333.1650390625
732.956055      9643.0068359375
733.275940      9948.3916015625
733.595825     10117.8017578125
733.915649     10516.8076171875
734.235413     10748.6318359375
734.555054     10634.9482421875
734.874817     10822.1914062500
735.194336     10915.8125000000
735.513855     10851.1689453125
735.833435     10576.9921875000
736.152893     10597.0537109375
736.472290     10481.1416015625
736.791687     10347.3964843750
737.111023     10418.7275390625
737.430298     10298.3574218750
737.749512     10378.6044921875
738.068665     10556.9306640625
738.387817     10597.0537109375
738.706909     10634.9482421875
739.025879     10358.5419921875
739.344910     10501.2031250000
739.663879     10496.7451171875
739.982788     10536.8691406250
740.301636     10514.5781250000
740.620422     10407.5820312500
740.939148     10536.8691406250
741.257874     10599.2832031250
741.576477     10704.0498046875
741.895020     10661.6972656250
742.213623     10405.3535156250
742.532166     10436.5605468750
742.850586     10262.6914062500
743.169006     10565.8466796875
743.487366     10628.2607421875
743.805725     10755.3193359375
744.123962     10590.3671875000
744.442200     10717.4248046875
744.760315     10563.6181640625
745.078430     10605.9707031250
745.396484     10597.0537109375
745.714539     10570.3046875000
746.032532     10675.0722656250
746.350464     10418.7275390625
746.668335     10407.5820312500
746.986206     10396.4365234375
747.303955     10465.5380859375
747.621643     10525.7236328125
747.939331     10474.4541015625
748.257019     10358.5419921875
748.574585     10340.7099609375
748.892151     10202.5068359375
749.209656     10454.3925781250
749.527100     10218.1103515625
749.844482     10124.4882812500
750.161804     10075.4492187500
750.479126     10030.8671875000
750.796326      9963.9951171875
751.113525      9972.9111328125
751.430725      9761.1484375000
751.747803      9692.0468750000
752.064880      9805.7304687500
752.381897      9870.3730468750
752.698853      9968.4531250000
753.015747      9698.7343750000
753.332703      9852.5410156250
753.649475      9843.6240234375
753.966187      9863.6865234375
754.282898      9774.5234375000
754.599609      9792.3554687500
754.916199      9807.9589843750
755.232788      9727.7119140625
755.549316      9921.6425781250
755.865784      9734.3994140625
756.182190      9645.2363281250
756.498596      9823.5625000000
756.814941      9614.0292968750
757.131165      9754.4609375000
757.447388      9504.8037109375
757.763611      9758.9189453125
758.079712      9645.2363281250
758.395813      9522.6367187500
758.711853      9544.9277343750
759.027832      9500.3457031250
759.343811      9210.5654296875
759.659668      8896.2646484375
759.975464      7732.6840820313
760.291260      6312.7592773438
760.606995      4850.4814453125
760.922668      3764.9189453125
761.238342      3114.0270996094
761.554016      2859.9116210938
761.869507      2973.5949707031
762.185059      3579.9050292969
762.500488      4097.0522460938
762.815918      4393.5200195313
763.131165      4215.1933593750
763.446533      4063.6157226563
763.761719      3956.6198730469
764.076965      3883.0603027344
764.392151      3990.0561523438
764.707214      3976.6816406250
765.022339      4357.8544921875
765.337341      4551.7846679688
765.652283      5042.1826171875
765.967224      5287.3818359375
766.282043      5759.9467773438
766.596863      6000.6879882813
766.911621      6254.8032226563
767.226379      6651.5795898438
767.541016      6943.5893554688
767.855591      7240.0571289063
768.170227      7500.8598632813
768.484741      7772.8076171875
768.799194      7857.5126953125
769.113647      7946.6757812500
769.427979      8167.3549804688
769.742310      7953.3632812500
770.056580      8096.0244140625
770.370850      8138.3769531250
770.684998      8185.1879882813
770.999084      8419.2412109375
771.313232      8254.2890625000
771.627258      8267.6640625000
771.941223      8283.2675781250
772.255066      8153.9804687500
772.569031      8211.9365234375
772.882813      8042.5263671875
773.196594      8240.9150390625
773.510376      8091.5664062500
773.824036      8125.0024414063
774.137695      8160.6679687500
774.451294      8125.0024414063
774.764832      8015.7773437500
775.078308      7908.7817382813
775.391724      7933.3017578125
775.705078      7861.9707031250
776.018433      7743.8295898438
776.331726      7797.3276367188
776.644958      7679.1860351563
776.958130      7703.7060546875
777.271301      7752.7460937500
777.584412      7503.0888671875
777.897461      7621.2299804688
778.210510      7607.8554687500
778.523315      7215.5371093750
778.836304      7416.1547851563
779.149109      7498.6303710938
779.461914      7440.6743164063
779.774658      7429.5292968750
780.087402      7242.2861328125
780.400024      7088.4794921875
780.712585      7273.4931640625
781.025146      7393.8637695313
781.337646      7233.3701171875
781.650085      7213.3081054688
781.962463      7211.0791015625
782.274841      7186.5590820313
782.587158      7121.9160156250
782.899414      7133.0610351563
783.211609      6968.1093750000
783.523743      7153.1230468750
783.835938      6792.0117187500
784.147949      7008.2324218750
784.459900      6977.0253906250
784.771851      6849.9677734375
785.083801      6899.0078125000
785.395630      6700.6191406250
785.707397      6829.9062500000
786.019226      6667.1831054688
786.330933      6698.3901367188
786.642578      6660.4960937500
786.954224      6439.8168945313
787.265747      6326.1337890625
787.577209      6359.5698242188
787.888672      6214.6796875000
788.200073      6294.9267578125
788.511414      6152.2651367188
788.822754      6185.7016601563
789.133972      6009.6040039063
789.445190      6087.6220703125
789.756409      6000.6879882813
790.067505      5998.4584960938
790.378540      5773.3212890625
790.689514      5882.5463867188
791.000488      5800.0703125000
791.311401      5889.2338867188
791.622314      5755.4887695313
791.933105      5784.4667968750
792.243896      5695.3037109375
792.554565      5697.5327148438
792.865234      5762.1757812500
793.175842      5612.8276367188
793.486389      5543.7260742188
793.796875      5681.9291992188
794.107300      5570.4750976563
794.417786      5541.4970703125
794.728088      5686.3872070313
795.038452      5744.3432617188
795.348694      5597.2241210938
795.658936      5557.1005859375
795.969055      5615.0566406250
796.279175      5561.5585937500
796.589172      5329.7343750000
796.899231      5138.0332031250
797.209167      5285.1523437500
797.519104      5262.8618164063
797.828979      5269.5488281250
798.138794      5311.9013671875
798.448547      5349.7958984375
798.758301      5294.0688476563
799.067932      5318.5888671875
799.377563      5285.1523437500
799.687073      5343.1088867188
799.996582      5189.3022460938
800.306030      5129.1166992188
800.615479      5211.5927734375
800.924805      5004.2880859375
801.234192      5028.8081054688
801.543457      4950.7905273438
801.852600      4961.9355468750
802.161743      5019.8916015625
802.470886      5084.5351562500
802.779907      4995.3720703125
803.088867      4866.0849609375
803.397827      4721.1948242188
803.706787      4734.5693359375
804.015686      4768.0053710938
804.324463      4866.0849609375
804.633179      4750.1728515625
804.941956      4763.5473632813
805.250610      4707.8203125000
805.559204      4678.8422851563
805.867676      4808.1289062500
806.176270      4832.6489257813
806.484680      4897.2924804688
806.793091      4899.5214843750
807.101440      4781.3798828125
807.409729      4794.7543945313
807.718018      4745.7148437500
808.026184      4743.4858398438
808.334351      4721.1948242188
808.642456      4848.2524414063
808.950439      4640.9477539063
809.258484      4683.3002929688
809.566467      4614.1992187500
809.874329      4658.7807617188
810.182190      4475.9960937500
810.489990      4413.5815429688
810.797791      4315.5019531250
811.105469      4304.3564453125
811.413147      4146.0917968750
811.720642      4308.8149414063
812.028198      4183.9863281250
812.335693      4172.8408203125
812.643188      4108.1972656250
812.950562      4052.4704589844
813.257935      4032.4086914063
813.565186      3860.7692871094
813.872498      3805.0422363281
814.179626      3776.0642089844
814.486816      3564.3015136719
814.793823      3671.2973632813
815.100830      3510.8034667969
815.407837      3339.1643066406
815.714783      3345.8515625000
816.021667      3345.8515625000
816.328552      3356.9968261719
816.635315      3363.6840820313
816.942078      3212.1066894531
817.248779      3120.7143554688
817.555359      3307.9570312500
817.861938      3227.7102050781
818.168457      3118.4851074219
818.474976      3091.7363281250
818.781372      3149.6923828125
819.087769      3189.8159179688
819.394104      3270.0627441406
819.700378      3122.9433593750
820.006592      3278.9790039063
820.312744      3178.6704101563
820.618896      3258.9172363281
820.924927      3385.9750976563
821.230957      3459.5346679688
821.536926      3626.7158203125
821.842896      3519.7199707031
822.148804      3582.1342773438
822.454590      3466.2219238281
822.760376      3363.6840820313
823.066040      3183.1286621094
823.371704      2848.7663574219
823.677307      2806.4138183594
823.982910      2897.8061523438
824.288391      3004.8020019531
824.593872      3056.0708007813
824.899292      3200.9611816406
825.204651      3392.6623535156
825.509949      3459.5346679688
825.815186      3377.0585937500
826.120422      3504.1162109375
826.425598      3368.1423339844
826.730652      3285.6662597656
827.035706      3519.7199707031
827.340759      3417.1821289063
827.645630      3361.4550781250
827.950623      3307.9570312500
828.255432      3238.8557128906
828.560242      3013.7182617188
828.864990      3198.7321777344
829.169739      3047.1545410156
829.474304      3073.9035644531
829.778870      3018.1765136719
830.083435      3200.9611816406
830.387878      3169.7541503906
830.692383      3085.0490722656
830.996765      3122.9433593750
831.301086      3165.2958984375
831.605408      3189.8159179688
831.909668      3118.4851074219
832.213867      3040.4672851563
832.517883      3125.1723632813
832.821960      3107.3398437500
833.126038      3116.2561035156
833.429993      3122.9433593750
833.733948      3058.3000488281
834.037842      3051.6127929688
834.341614      2966.9077148438
834.645386      3212.1066894531
834.949158      3196.5031738281
835.252808      3145.2341308594
835.556335      3069.4453125000
835.859924      3158.6086425781
836.163513      3167.5249023438
836.466980      3160.8376464844
836.770325      3165.2958984375
837.073730      3187.5866699219
837.377075      3149.6923828125
837.680298      3203.1901855469
837.983521      3254.4592285156
838.286682      3140.7761230469
838.589722      3167.5249023438
838.892761      3174.2121582031
839.195801      3147.4633789063
839.498779      3178.6704101563
839.801636      3180.8994140625
840.104492      3147.4633789063
840.407288      3209.8774414063
840.710022      3238.8557128906
841.012695      3165.2958984375
841.315369      3091.7363281250
841.617920      3120.7143554688
841.920410      3116.2561035156
842.222961      3109.5688476563
842.525391      3053.8417968750
842.827759      3116.2561035156
843.130127      3107.3398437500
843.432373      3073.9035644531
843.734619      3029.3220214844
844.036804      3089.5070800781
844.338867      3047.1545410156
844.640930      3040.4672851563
844.942993      3087.2780761719
845.244934      3125.1723632813
845.546814      3033.7800292969
845.848755      3031.5510253906
846.150513      3027.0927734375
846.452332      3058.3000488281
846.754028      3002.5729980469
847.055664      3073.9035644531
847.357239      2991.4274902344
847.658813      2951.3041992188
847.960327      3064.9873046875
848.261780      2957.9912109375
848.563110      2984.7402343750
848.864563      2917.8679199219
849.165771      2995.8857421875
849.467041      2924.5551757813
849.768250      2929.0131835938
850.069397      2935.7004394531
850.370422      2857.6826171875
850.671448      2759.6030273438
850.972473      2828.7045898438
851.273376      2781.8937988281
851.574280      2721.7087402344
851.875122      2866.5988769531
852.175842      2755.1447753906
852.476624      2804.1845703125
852.777222      2777.4357910156
853.077881      2781.8937988281
853.378418      2868.8281250000
853.678955      2824.2463378906
853.979370      2768.5192871094
854.279785      2717.2504882813
854.580200      2628.0871582031
854.880493      2489.8842773438
855.180725      2443.0734863281
855.480957      2556.7565917969
855.781067      2612.4836425781
856.081116      2634.7744140625
856.381165      2634.7744140625
856.681152      2628.0871582031
856.981140      2768.5192871094
857.281006      2605.7963867188
857.580872      2694.9597167969
857.880676      2694.9597167969
858.180420      2659.2944335938
858.480103      2710.5632324219
858.779724      2728.3959960938
859.079224      2630.3164062500
859.378723      2619.1708984375
859.678223      2650.3781738281
859.977661      2663.7524414063
860.277039      2710.5632324219
860.576355      2608.0253906250
860.875610      2674.8979492188
861.174805      2681.5852050781
861.473999      2630.3164062500
861.773071      2605.7963867188
862.072083      2610.2546386719
862.371094      2505.4877929688
862.670044      2601.3383789063
862.968933      2614.7126464844
863.267761      2521.0913085938
863.566589      2545.6113281250
863.865356      2534.4658203125
864.164001      2576.8183593750
864.462646      2492.1132812500
864.761230      2541.1530761719
865.059692      2523.3203125000
865.358154      2523.3203125000
865.656616      2512.1750488281
865.954956      2514.4040527344
866.253357      2445.3024902344
866.551575      2458.6770019531
866.849792      2351.6811523438
867.147949      2304.8703613281
867.446106      2367.2846679688
867.744080      2423.0117187500
868.042053      2302.6413574219
868.340027      2478.7387695313
868.637878      2373.9719238281
868.935791      2429.6989746094
869.233582      2460.9060058594
869.531311      2385.1174316406
869.828979      2425.2407226563
870.126648      2429.6989746094
870.424255      2394.0336914063
870.721741      2402.9499511719
871.019165      2436.3862304688
871.316589      2405.1791992188
871.613953      2382.8881835938
871.911316      2342.7648925781
872.208557      2262.5178222656
872.505798      2344.9938964844
872.802979      2333.8483886719
873.100037      2402.9499511719
873.397156      2304.8703613281
873.694092      2313.7866210938
873.991028      2349.4521484375
874.287964      2329.3903808594
874.584778      2360.5974121094
874.881592      2264.7468261719
875.178284      2202.3327636719
875.474976      2311.5576171875
875.771606      2284.8085937500
876.068237      2139.9184570313
876.364746      2211.2490234375
876.661194      2153.2929687500
876.957581      2173.3544921875
877.253967      2180.0417480469
877.550293      2266.9760742188
877.846497      2175.5837402344
878.142761      2224.6235351563
878.438904      2164.4382324219
878.734985      2106.4821777344
879.031067      2224.6235351563
879.326965      2142.1474609375
879.622925      2099.7949218750
879.918823      2224.6235351563
880.214661      2242.4560546875
880.510498      2177.8127441406
880.806213      2133.2312011719
881.101868      2188.9582519531
881.397522      2204.5617675781
881.693115      2159.9799804688
881.988586      2144.3764648438
882.283997      2106.4821777344
882.579407      2151.0637207031
882.874817      2099.7949218750
883.170105      2044.0678710938
883.465332      2119.8566894531
883.760559      2108.7111816406
884.055725      2081.9621582031
884.350769      2068.5876464844
884.645813      2019.5479736328
884.940857      2081.9621582031
885.235718      2095.3366699219
885.530579      2044.0678710938
885.825439      2037.3806152344
886.120239      2003.9443359375
886.414917      1997.2570800781
886.709595      2012.8607177734
887.004272      2059.6713867188
887.298767      2066.3586425781
887.593323      1963.8209228516
887.887756      2021.7770996094
888.182129      1995.0280761719
888.476440      1908.0938720703
888.770752      1979.4244384766
889.065002      1986.1116943359
