0.089100
190.260635         0.0000000000
190.642441         0.0000000000
191.024216      1328.6547851563
191.405975      1364.5643310547
191.787704      1337.6322021484
192.169403      1380.2747802734
192.551071      1407.2070312500
192.932724      1393.7408447266
193.314331      1523.9130859375
193.695923      1400.4738769531
194.077499      1373.5417480469
194.459030      1384.7634277344
194.840546      1434.1391601563
195.222031      1440.8721923828
195.603485      1416.1843261719
195.984909      1400.4738769531
196.366302      1465.5600585938
196.747681      1431.8947753906
197.129028      1427.4061279297
197.510345      1400.4738769531
197.891647      1438.6278076172
198.272919      1382.5191650391
198.654175      1427.4061279297
199.035355      1454.3382568359
199.416550      1362.3199462891
199.797714      1384.7634277344
200.178848      1351.0982666016
200.559937      1402.7182617188
200.941025      1407.2070312500
201.322083      1387.0078125000
201.703079      1369.0529785156
202.084091      1407.2070312500
202.465057      1402.7182617188
202.845993      1355.5869140625
203.226898      1378.0303955078
203.607788      1360.0756835938
203.988647      1452.0939941406
204.369461      1402.7182617188
204.750275      1393.7408447266
205.131042      1337.6322021484
205.511795      1357.8312988281
205.892517      1315.1885986328
206.273209      1378.0303955078
206.653870      1362.3199462891
207.034515      1357.8312988281
207.415115      1348.8538818359
207.795700      1380.2747802734
208.176254      1434.1391601563
208.556778      1342.1208496094
208.937271      1378.0303955078
209.317749      1342.1208496094
209.698196      1294.9895019531
210.078613      1357.8312988281
210.459000      1344.3652343750
210.839371      1355.5869140625
211.219696      1384.7634277344
211.600006      1339.8764648438
211.980286      1330.8990478516
212.360535      1333.1434326172
212.740768      1346.6094970703
213.120956      1337.6322021484
213.501129      1409.4512939453
213.881256      1339.8764648438
214.261383      1380.2747802734
214.641464      1391.4965820313
215.021530      1346.6094970703
215.401550      1333.1434326172
215.781570      1436.3835449219
216.161530      1375.7861328125
216.541504      1366.8087158203
216.921402      1443.1165771484
217.301315      1467.8044433594
217.681152      1443.1165771484
218.061005      1407.2070312500
218.440811      1409.4512939453
218.820587      1312.9443359375
219.200348      1407.2070312500
219.580078      1447.6052246094
219.959763      1355.5869140625
220.339432      1337.6322021484
220.719070      1364.5643310547
221.098694      1425.1617431641
221.478271      1404.9626464844
221.857819      1400.4738769531
222.237366      1404.9626464844
222.616867      1425.1617431641
222.996338      1337.6322021484
223.375778      1373.5417480469
223.755188      1398.2296142578
224.134583      1294.9895019531
224.513947      1384.7634277344
224.893265      1380.2747802734
225.272583      1378.0303955078
225.651855      1425.1617431641
226.031097      1380.2747802734
226.410339      1369.0529785156
226.789520      1380.2747802734
227.168686      1445.3609619141
227.547806      1346.6094970703
227.926926      1364.5643310547
228.306015      1389.2521972656
228.685059      1348.8538818359
229.064087      1393.7408447266
229.443069      1413.9400634766
229.822037      1330.8990478516
230.200989      1312.9443359375
230.579895      1413.9400634766
230.958786      1387.0078125000
231.337631      1434.1391601563
231.716461      1351.0982666016
232.095261      1427.4061279297
232.474030      1416.1843261719
232.852783      1310.6999511719
233.231476      1355.5869140625
233.610184      1400.4738769531
233.988831      1391.4965820313
234.367462      1436.3835449219
234.746048      1391.4965820313
235.124649      1458.8270263672
235.503159      1353.3426513672
235.881683      1429.6505126953
236.260162      1443.1165771484
236.638641      1382.5191650391
237.017075      1357.8312988281
237.395477      1427.4061279297
237.773834      1348.8538818359
238.152176      1324.1660156250
238.530502      1411.6956787109
238.908783      1337.6322021484
239.287048      1380.2747802734
239.665268      1391.4965820313
240.043472      1389.2521972656
240.421661      1407.2070312500
240.799805      1463.3156738281
241.177902      1387.0078125000
241.556000      1380.2747802734
241.934052      1400.4738769531
242.312088      1279.2790527344
242.690094      1425.1617431641
243.068054      1337.6322021484
243.446014      1353.3426513672
243.823929      1373.5417480469
244.201813      1398.2296142578
244.579666      1324.1660156250
244.957504      1427.4061279297
245.335297      1362.3199462891
245.713074      1407.2070312500
246.090820      1335.3878173828
246.468536      1402.7182617188
246.846207      1393.7408447266
247.223862      1364.5643310547
247.601501      1409.4512939453
247.979095      1389.2521972656
248.356674      1373.5417480469
248.734222      1371.2973632813
249.111725      1371.2973632813
249.489212      1348.8538818359
249.866669      1382.5191650391
250.244095      1337.6322021484
250.621506      1339.8764648438
250.998871      1355.5869140625
251.376221      1375.7861328125
251.753510      1353.3426513672
252.130814      1360.0756835938
252.508057      1384.7634277344
252.885284      1384.7634277344
253.262466      1413.9400634766
253.639648      1438.6278076172
254.016769      1299.4782714844
254.393906      1387.0078125000
254.770966      1422.9173583984
255.148026      1393.7408447266
255.525040      1395.9852294922
255.902054      1409.4512939453
256.278992      1447.6052246094
256.655945      1337.6322021484
257.032837      1360.0756835938
257.409729      1299.4782714844
257.786591      1373.5417480469
258.163391      1346.6094970703
258.540161      1369.0529785156
258.916962      1353.3426513672
259.293701      1400.4738769531
259.670380      1393.7408447266
260.047058      1476.7818603516
260.423706      1366.8087158203
260.800323      1373.5417480469
261.176880      1436.3835449219
261.553436      1362.3199462891
261.929962      1373.5417480469
262.306488      1351.0982666016
262.682953      1458.8270263672
263.059387      1355.5869140625
263.435791      1494.7365722656
263.812195      1371.2973632813
264.188507      1436.3835449219
264.564850      1362.3199462891
264.941132      1366.8087158203
265.317413      1362.3199462891
265.693634      1382.5191650391
266.069885      1319.6773681641
266.446045      1339.8764648438
266.822174      1378.0303955078
267.198273      1387.0078125000
267.574371      1319.6773681641
267.950439      1382.5191650391
268.326447      1431.8947753906
268.702454      1456.5826416016
269.078430      1348.8538818359
269.454376      1409.4512939453
269.830292      1371.2973632813
270.206146      1339.8764648438
270.582001      1339.8764648438
270.957825      1384.7634277344
271.333618      1384.7634277344
271.709381      1378.0303955078
272.085144      1348.8538818359
272.460815      1427.4061279297
272.836487      1378.0303955078
273.212128      1402.7182617188
273.587769      1384.7634277344
273.963348      1382.5191650391
274.338898      1422.9173583984
274.714447      1328.6547851563
275.089935      1353.3426513672
275.465393      1395.9852294922
275.840820      1344.3652343750
276.216278      1384.7634277344
276.591644      1371.2973632813
276.966949      1393.7408447266
277.342285      1398.2296142578
277.717590      1422.9173583984
278.092834      1279.2790527344
278.468048      1369.0529785156
278.843262      1357.8312988281
279.218445      1321.9217529297
279.593567      1418.4287109375
279.968658      1409.4512939453
280.343781      1326.4104003906
280.718811      1429.6505126953
281.093842      1330.8990478516
281.468811      1404.9626464844
281.843781      1422.9173583984
282.218719      1355.5869140625
282.593628      1348.8538818359
282.968506      1268.0573730469
283.343353      1391.4965820313
283.718170      1402.7182617188
284.092896      1364.5643310547
284.467682      1317.4329833984
284.842407      1380.2747802734
285.217102      1402.7182617188
285.591766      1479.0261230469
285.966400      1395.9852294922
286.340973      1429.6505126953
286.715576      1413.9400634766
287.090118      1490.2479248047
287.464630      1431.8947753906
287.839081      1335.3878173828
288.213562      1404.9626464844
288.587982      1342.1208496094
288.962372      1364.5643310547
289.336731      1360.0756835938
289.711060      1389.2521972656
290.085327      1418.4287109375
290.459625      1411.6956787109
290.833862      1387.0078125000
291.208069      1373.5417480469
291.582275      1476.7818603516
291.956421      1357.8312988281
292.330505      1364.5643310547
292.704620      1429.6505126953
293.078705      1364.5643310547
293.452698      1360.0756835938
293.826691      1425.1617431641
294.200684      1364.5643310547
294.574615      1375.7861328125
294.948517      1321.9217529297
295.322388      1375.7861328125
295.696259      1317.4329833984
296.070068      1337.6322021484
296.443848      1375.7861328125
296.817596      1391.4965820313
297.191345      1395.9852294922
297.565063      1328.6547851563
297.938690      1400.4738769531
298.312317      1387.0078125000
298.685913      1380.2747802734
299.059540      1382.5191650391
299.433044      1407.2070312500
299.806549      1382.5191650391
300.180054      1342.1208496094
300.553528      1393.7408447266
300.926910      1393.7408447266
301.300323      1315.1885986328
301.673676      1395.9852294922
302.046997      1443.1165771484
302.420319      1373.5417480469
302.793579      1389.2521972656
303.166809      1391.4965820313
303.540039      1321.9217529297
303.913208      1355.5869140625
304.286377      1387.0078125000
304.659454      1346.6094970703
305.032593      1398.2296142578
305.405609      1382.5191650391
305.778656      1330.8990478516
306.151611      1389.2521972656
306.524597      1393.7408447266
306.897522      1387.0078125000
307.270416      1371.2973632813
307.643280      1398.2296142578
308.016144      1366.8087158203
308.388916      1328.6547851563
308.761749      1398.2296142578
309.134460      1382.5191650391
309.507202      1375.7861328125
309.879913      1369.0529785156
310.252563      1402.7182617188
310.625153      1411.6956787109
310.997742      1411.6956787109
311.370361      1387.0078125000
311.742859      1366.8087158203
312.115356      1344.3652343750
312.487823      1373.5417480469
312.860291      1353.3426513672
313.232697      1407.2070312500
313.605042      1398.2296142578
313.977386      1404.9626464844
314.349731      1382.5191650391
314.721985      1384.7634277344
315.094269      1360.0756835938
315.466492      1344.3652343750
315.838684      1407.2070312500
316.210846      1339.8764648438
316.582977      1328.6547851563
316.955048      1443.1165771484
317.327148      1420.6730957031
317.699158      1286.0120849609
318.071167      1409.4512939453
318.443176      1418.4287109375
318.815125      1438.6278076172
319.187012      1362.3199462891
319.558868      1362.3199462891
319.930756      1384.7634277344
320.302582      1378.0303955078
320.674347      1369.0529785156
321.046112      1382.5191650391
321.417847      1391.4965820313
321.789581      1366.8087158203
322.161224      1353.3426513672
322.532867      1420.6730957031
322.904419      1400.4738769531
323.276031      1393.7408447266
323.647583      1402.7182617188
324.019073      1353.3426513672
324.390533      1391.4965820313
324.762024      1418.4287109375
325.133423      1384.7634277344
325.504791      1389.2521972656
325.876129      1330.8990478516
326.247467      1346.6094970703
326.618774      1351.0982666016
326.990021      1335.3878173828
327.361237      1308.4555664063
327.732452      1407.2070312500
328.103607      1422.9173583984
328.474731      1290.5008544922
328.845825      1366.8087158203
329.216919      1294.9895019531
329.587952      1413.9400634766
329.958954      1326.4104003906
330.329926      1378.0303955078
330.700867      1375.7861328125
331.071808      1339.8764648438
331.442688      1393.7408447266
331.813507      1319.6773681641
332.184357      1366.8087158203
332.555115      1380.2747802734
332.925873      1333.1434326172
333.296570      1395.9852294922
333.667267      1344.3652343750
334.037994      1398.2296142578
334.408600      1395.9852294922
334.779144      1431.8947753906
335.149750      1402.7182617188
335.520294      1339.8764648438
335.890778      1360.0756835938
336.261230      1431.8947753906
336.631683      1339.8764648438
337.002106      1351.0982666016
337.372498      1362.3199462891
337.742798      1353.3426513672
338.113129      1409.4512939453
338.483429      1355.5869140625
338.853668      1324.1660156250
339.223907      1364.5643310547
339.594086      1445.3609619141
339.964233      1420.6730957031
340.334381      1355.5869140625
340.704437      1411.6956787109
341.074493      1360.0756835938
341.444519      1378.0303955078
341.814545      1387.0078125000
342.184509      1357.8312988281
342.554413      1348.8538818359
342.924347      1395.9852294922
343.294220      1290.5008544922
343.664032      1326.4104003906
344.033813      1438.6278076172
344.403595      1364.5643310547
344.773346      1333.1434326172
345.143036      1317.4329833984
345.512695      1391.4965820313
345.882385      1411.6956787109
346.251984      1436.3835449219
346.621552      1321.9217529297
346.991089      1402.7182617188
347.360626      1366.8087158203
347.730103      1299.4782714844
348.099548      1382.5191650391
348.468964      1335.3878173828
348.838379      1369.0529785156
349.207764      1288.2564697266
349.577057      1335.3878173828
349.946320      1315.1885986328
350.315582      1299.4782714844
350.684845      1364.5643310547
351.054047      1324.1660156250
351.423157      1369.0529785156
351.792328      1391.4965820313
352.161438      1380.2747802734
352.530487      1326.4104003906
352.899506      1404.9626464844
353.268524      1407.2070312500
353.637512      1395.9852294922
354.006409      1351.0982666016
354.375336      1411.6956787109
354.744232      1391.4965820313
355.113068      1337.6322021484
355.481873      1404.9626464844
355.850616      1382.5191650391
356.219391      1400.4738769531
356.588135      1360.0756835938
356.956818      1342.1208496094
357.325470      1400.4738769531
357.694031      1348.8538818359
358.062653      1440.8721923828
358.431213      1369.0529785156
358.799713      1389.2521972656
359.168182      1402.7182617188
359.536652      1366.8087158203
359.905090      1369.0529785156
360.273438      1342.1208496094
360.641785      1335.3878173828
361.010132      1380.2747802734
361.378448      1387.0078125000
361.746704      1360.0756835938
362.114899      1364.5643310547
362.483124      1344.3652343750
362.851288      1400.4738769531
363.219421      1371.2973632813
363.587463      1355.5869140625
363.955566      1326.4104003906
364.323608      1364.5643310547
364.691589      1375.7861328125
365.059540      1360.0756835938
365.427490      1400.4738769531
365.795410      1380.2747802734
366.163269      1351.0982666016
366.531067      1382.5191650391
366.898895      1355.5869140625
367.266693      1436.3835449219
367.634430      1389.2521972656
368.002106      1355.5869140625
368.369812      1387.0078125000
368.737457      1328.6547851563
369.105042      1324.1660156250
369.472595      1369.0529785156
369.840149      1312.9443359375
370.207672      1310.6999511719
370.575134      1344.3652343750
370.942566      1429.6505126953
371.309998      1366.8087158203
371.677399      1438.6278076172
372.044708      1364.5643310547
372.411987      1378.0303955078
372.779297      1348.8538818359
373.146576      1351.0982666016
373.513794      1346.6094970703
373.880951      1321.9217529297
374.248077      1362.3199462891
374.615204      1375.7861328125
374.982300      1344.3652343750
375.349365      1429.6505126953
375.716339      1431.8947753906
376.083374      1384.7634277344
376.450317      1353.3426513672
376.817230      1371.2973632813
377.184082      1319.6773681641
377.550964      1387.0078125000
377.917786      1445.3609619141
378.284576      1308.4555664063
378.651306      1373.5417480469
379.018036      1342.1208496094
379.384735      1362.3199462891
379.751373      1378.0303955078
380.117981      1387.0078125000
380.484589      1369.0529785156
380.851166      1351.0982666016
381.217651      1420.6730957031
381.584137      1391.4965820313
381.950623      1404.9626464844
382.317017      1371.2973632813
382.683411      1407.2070312500
383.049774      1357.8312988281
383.416107      1355.5869140625
383.782410      1342.1208496094
384.148651      1362.3199462891
384.514832      1360.0756835938
384.881042      1373.5417480469
385.247223      1371.2973632813
385.613342      1344.3652343750
385.979401      1369.0529785156
386.345459      1409.4512939453
386.711517      1409.4512939453
387.077484      1362.3199462891
387.443420      1411.6956787109
387.809357      1389.2521972656
388.175262      1400.4738769531
388.541107      1355.5869140625
388.906891      1445.3609619141
389.272705      1373.5417480469
389.638489      1378.0303955078
390.004211      1416.1843261719
390.369873      1382.5191650391
390.735535      1312.9443359375
391.101196      1398.2296142578
391.466766      1393.7408447266
391.832336      1348.8538818359
392.197815      1416.1843261719
392.563324      1407.2070312500
392.928802      1380.2747802734
393.294189      1342.1208496094
393.659607      1366.8087158203
394.024963      1389.2521972656
394.390289      1375.7861328125
394.755554      1330.8990478516
395.120789      1366.8087158203
395.486023      1317.4329833984
395.851227      1351.0982666016
396.216370      1373.5417480469
396.581482      1416.1843261719
396.946564      1373.5417480469
397.311646      1369.0529785156
397.676636      1353.3426513672
398.041626      1292.7451171875
398.406586      1321.9217529297
398.771515      1319.6773681641
399.136383      1409.4512939453
399.501221      1360.0756835938
399.866058      1355.5869140625
400.230865      1360.0756835938
400.595581      1429.6505126953
400.960297      1382.5191650391
401.324982      1452.0939941406
401.689636      1342.1208496094
402.054230      1393.7408447266
402.418793      1366.8087158203
402.783356      1375.7861328125
403.147919      1357.8312988281
403.512360      1364.5643310547
403.876770      1360.0756835938
404.241211      1436.3835449219
404.605621      1330.8990478516
404.969910      1357.8312988281
405.334229      1346.6094970703
405.698517      1326.4104003906
406.062775      1380.2747802734
406.426971      1326.4104003906
406.791107      1319.6773681641
407.155273      1360.0756835938
407.519379      1321.9217529297
407.883484      1436.3835449219
408.247498      1420.6730957031
408.611481      1333.1434326172
408.975464      1362.3199462891
409.339417      1384.7634277344
409.703308      1360.0756835938
410.067169      1389.2521972656
410.431030      1337.6322021484
410.794800      1360.0756835938
411.158569      1395.9852294922
411.522278      1434.1391601563
411.885986      1351.0982666016
412.249664      1355.5869140625
412.613312      1380.2747802734
412.976868      1391.4965820313
413.340454      1297.2338867188
413.703979      1402.7182617188
414.067474      1375.7861328125
414.430908      1339.8764648438
414.794342      1346.6094970703
415.157745      1378.0303955078
415.521088      1362.3199462891
415.884369      1337.6322021484
416.247711      1279.2790527344
416.610931      1290.5008544922
416.974152      1259.0799560547
417.337341      1308.4555664063
417.700500      1326.4104003906
418.063629      1357.8312988281
418.426697      1413.9400634766
418.789703      1393.7408447266
419.152740      1407.2070312500
419.515717      1404.9626464844
419.878662      1382.5191650391
420.241577      1422.9173583984
420.604431      1353.3426513672
420.967285      1418.4287109375
421.330109      1328.6547851563
421.692841      1375.7861328125
422.055603      1452.0939941406
422.418335      1375.7861328125
422.780975      1427.4061279297
423.143585      1395.9852294922
423.506226      1382.5191650391
423.868774      1378.0303955078
424.231293      1427.4061279297
424.593811      1351.0982666016
424.956238      1339.8764648438
425.318665      1339.8764648438
425.681091      1378.0303955078
426.043427      1353.3426513672
426.405731      1337.6322021484
426.768036      1317.4329833984
427.130310      1384.7634277344
427.492493      1387.0078125000
427.854675      1369.0529785156
428.216858      1292.7451171875
428.578979      1342.1208496094
428.941040      1404.9626464844
429.303040      1333.1434326172
429.665070      1380.2747802734
430.027069      1337.6322021484
430.389008      1411.6956787109
430.750885      1357.8312988281
431.112762      1357.8312988281
431.474640      1387.0078125000
431.836395      1420.6730957031
432.198181      1364.5643310547
432.559937      1391.4965820313
432.921600      1357.8312988281
433.283264      1382.5191650391
433.644867      1422.9173583984
434.006500      1375.7861328125
434.368073      1422.9173583984
434.729553      1281.5234375000
435.091034      1369.0529785156
435.452515      1434.1391601563
435.813934      1418.4287109375
436.175293      1306.2113037109
436.536621      1425.1617431641
436.897949      1382.5191650391
437.259277      1312.9443359375
437.620483      1369.0529785156
437.981659      1321.9217529297
438.342865      1310.6999511719
438.704010      1330.8990478516
439.065125      1364.5643310547
439.426178      1398.2296142578
439.787201      1369.0529785156
440.148224      1382.5191650391
440.509186      1402.7182617188
440.870087      1413.9400634766
441.230988      1373.5417480469
441.591858      1398.2296142578
441.952667      1389.2521972656
442.313416      1321.9217529297
442.674194      1348.8538818359
443.034912      1393.7408447266
443.395630      1378.0303955078
443.756226      1369.0529785156
444.116852      1380.2747802734
444.477417      1360.0756835938
444.837982      1436.3835449219
445.198456      1416.1843261719
445.558960      1425.1617431641
445.919403      1303.9669189453
446.279816      1362.3199462891
446.640106      1351.0982666016
447.000458      1344.3652343750
447.360779      1407.2070312500
447.721039      1404.9626464844
448.081207      1360.0756835938
448.441406      1351.0982666016
448.801575      1346.6094970703
449.161713      1362.3199462891
449.521759      1389.2521972656
449.881805      1371.2973632813
450.241852      1283.7678222656
450.601837      1382.5191650391
450.961792      1337.6322021484
451.321655      1360.0756835938
451.681549      1319.6773681641
452.041382      1400.4738769531
452.401184      1357.8312988281
452.760895      1404.9626464844
453.120636      1418.4287109375
453.480347      1353.3426513672
453.840027      1409.4512939453
454.199585      1393.7408447266
454.559174      1400.4738769531
454.918762      1319.6773681641
455.278290      1375.7861328125
455.637726      1342.1208496094
455.997162      1342.1208496094
456.356598      1310.6999511719
456.715973      1382.5191650391
457.075287      1413.9400634766
457.434570      1281.5234375000
457.793854      1384.7634277344
458.153107      1355.5869140625
458.512268      1398.2296142578
458.871429      1407.2070312500
459.230560      1279.2790527344
459.589661      1387.0078125000
459.948639      1364.5643310547
460.307678      1389.2521972656
460.666687      1357.8312988281
461.025635      1416.1843261719
461.384491      1418.4287109375
461.743378      1344.3652343750
462.102264      1429.6505126953
462.461060      1445.3609619141
462.819794      1364.5643310547
463.178497      1335.3878173828
463.537231      1384.7634277344
463.895905      1369.0529785156
464.254456      1416.1843261719
464.613068      1333.1434326172
464.971649      1360.0756835938
465.330170      1326.4104003906
465.688568      1355.5869140625
466.047028      1333.1434326172
466.405457      1384.7634277344
466.763855      1362.3199462891
467.122192      1389.2521972656
467.480438      1348.8538818359
467.838715      1346.6094970703
468.196960      1366.8087158203
468.555176      1315.1885986328
468.913269      1357.8312988281
469.271393      1384.7634277344
469.629486      1431.8947753906
469.987549      1378.0303955078
470.345520      1360.0756835938
470.703491      1400.4738769531
471.061462      1384.7634277344
471.419342      1366.8087158203
471.777191      1364.5643310547
472.135040      1395.9852294922
472.492828      1391.4965820313
472.850586      1425.1617431641
473.208282      1344.3652343750
473.565979      1357.8312988281
473.923615      1407.2070312500
474.281281      1420.6730957031
474.638794      1330.8990478516
474.996338      1330.8990478516
475.353851      1360.0756835938
475.711334      1387.0078125000
476.068726      1371.2973632813
476.426117      1384.7634277344
476.783478      1366.8087158203
477.140808      1360.0756835938
477.498077      1357.8312988281
477.855316      1344.3652343750
478.212555      1371.2973632813
478.569763      1434.1391601563
478.926819      1342.1208496094
479.283936      1335.3878173828
479.641022      1400.4738769531
479.998077      1328.6547851563
480.355011      1353.3426513672
480.711975      1452.0939941406
481.068939      1389.2521972656
481.425842      1387.0078125000
481.782623      1371.2973632813
482.139435      1355.5869140625
482.496216      1400.4738769531
482.852966      1366.8087158203
483.209717      1299.4782714844
483.566315      1357.8312988281
483.922943      1357.8312988281
484.279572      1294.9895019531
484.636139      1362.3199462891
484.992615      1407.2070312500
485.349121      1360.0756835938
485.705566      1465.5600585938
486.062012      1431.8947753906
486.418304      1387.0078125000
486.774689      1395.9852294922
487.130981      1427.4061279297
487.487274      1413.9400634766
487.843445      1456.5826416016
488.199615      1389.2521972656
488.555786      1409.4512939453
488.911957      1375.7861328125
489.267975      1378.0303955078
489.624023      1384.7634277344
489.980042      1398.2296142578
490.336029      1321.9217529297
490.691925      1380.2747802734
491.047821      1362.3199462891
491.403687      1346.6094970703
491.759521      1321.9217529297
492.115265      1402.7182617188
492.471008      1319.6773681641
492.826752      1402.7182617188
493.182434      1364.5643310547
493.538025      1337.6322021484
493.893646      1378.0303955078
494.249207      1321.9217529297
494.604736      1366.8087158203
494.960205      1371.2973632813
495.315674      1353.3426513672
495.671082      1303.9669189453
496.026489      1339.8764648438
496.381775      1346.6094970703
496.737091      1411.6956787109
497.092377      1380.2747802734
497.447632      1425.1617431641
497.802795      1362.3199462891
498.157959      1360.0756835938
498.513062      1344.3652343750
498.868195      1373.5417480469
499.223175      1384.7634277344
499.578217      1360.0756835938
499.933167      1335.3878173828
500.288116      1425.1617431641
500.643036      1409.4512939453
500.997833      1360.0756835938
501.352692      1380.2747802734
501.707489      1427.4061279297
502.062225      1346.6094970703
502.416901      1319.6773681641
502.771606      1438.6278076172
503.126221      1449.8496093750
503.480865      1422.9173583984
503.835358      1375.7861328125
504.189941      1326.4104003906
504.544434      1398.2296142578
504.898865      1360.0756835938
505.253265      1330.8990478516
505.607635      1348.8538818359
505.961975      1380.2747802734
506.316315      1387.0078125000
506.670532      1371.2973632813
507.024750      1391.4965820313
507.378967      1362.3199462891
507.733154      1411.6956787109
508.087189      1371.2973632813
508.441315      1375.7861328125
508.795349      1279.2790527344
509.149353      1371.2973632813
509.503265      1463.3156738281
509.857208      1369.0529785156
510.211121      1324.1660156250
510.565002      1387.0078125000
510.918762      1422.9173583984
511.272583      1389.2521972656
511.626312      1418.4287109375
511.980042      1310.6999511719
512.333618      1402.7182617188
512.687256      1429.6505126953
513.040894      1351.0982666016
513.394470      1360.0756835938
513.747925      1353.3426513672
514.101440      1369.0529785156
514.454895      1360.0756835938
514.808289      1378.0303955078
515.161621      1418.4287109375
515.514893      1333.1434326172
515.868225      1409.4512939453
516.221497      1431.8947753906
516.574707      1395.9852294922
516.927856      1366.8087158203
517.281006      1382.5191650391
517.634155      1400.4738769531
517.987183      1395.9852294922
518.340210      1418.4287109375
518.693237      1427.4061279297
519.046204      1353.3426513672
519.399048      1373.5417480469
519.751892      1400.4738769531
520.104736      1373.5417480469
520.457520      1274.7904052734
520.810364      1364.5643310547
521.163025      1378.0303955078
521.515686      1364.5643310547
521.868408      1364.5643310547
522.221008      1380.2747802734
522.573547      1312.9443359375
522.926086      1337.6322021484
523.278625      1335.3878173828
523.631042      1373.5417480469
523.983459      1418.4287109375
524.335815      1391.4965820313
524.688171      1389.2521972656
525.040527      1333.1434326172
525.392761      1360.0756835938
525.744934      1333.1434326172
526.097168      1389.2521972656
526.449341      1436.3835449219
526.801453      1398.2296142578
527.153503      1476.7818603516
527.505554      1402.7182617188
527.857544      1357.8312988281
528.209534      1357.8312988281
528.561462      1391.4965820313
528.913330      1364.5643310547
529.265198      1378.0303955078
529.617004      1375.7861328125
529.968750      1326.4104003906
530.320496      1398.2296142578
530.672180      1375.7861328125
531.023804      1416.1843261719
531.375488      1395.9852294922
531.727051      1306.2113037109
532.078613      1353.3426513672
532.430115      1348.8538818359
532.781555      1375.7861328125
533.132996      1393.7408447266
533.484375      1375.7861328125
533.835815      1348.8538818359
534.187073      1384.7634277344
534.538330      1326.4104003906
534.889587      1355.5869140625
535.240784      1413.9400634766
535.591919      1351.0982666016
535.942993      1413.9400634766
536.294128      1387.0078125000
536.645203      1387.0078125000
536.996155      1380.2747802734
537.347107      1366.8087158203
537.698120      1339.8764648438
538.049011      1382.5191650391
538.399841      1360.0756835938
538.750610      1286.0120849609
539.101440      1339.8764648438
539.452209      1364.5643310547
539.802856      1422.9173583984
540.153503      1407.2070312500
540.504150      1391.4965820313
540.854736      1371.2973632813
541.205261      1355.5869140625
541.555786      1416.1843261719
541.906250      1330.8990478516
542.256714      1308.4555664063
542.607056      1418.4287109375
542.957458      1375.7861328125
543.307739      1380.2747802734
543.658020      1346.6094970703
544.008240      1404.9626464844
544.358398      1393.7408447266
544.708618      1391.4965820313
545.058777      1398.2296142578
545.408813      1364.5643310547
545.758850      1317.4329833984
546.108887      1371.2973632813
546.458862      1353.3426513672
546.808716      1319.6773681641
547.158691      1326.4104003906
547.508545      1303.9669189453
547.858337      1389.2521972656
548.208069      1378.0303955078
548.557800      1380.2747802734
548.907532      1357.8312988281
549.257202      1384.7634277344
549.606812      1425.1617431641
549.956360      1425.1617431641
550.305908      1413.9400634766
550.655457      1366.8087158203
551.004883      1418.4287109375
551.354309      1422.9173583984
551.703674      1310.6999511719
552.053040      1404.9626464844
552.402405      1344.3652343750
552.751587      1400.4738769531
553.100830      1337.6322021484
553.450012      1382.5191650391
553.799255      1427.4061279297
554.148254      1395.9852294922
554.497375      1321.9217529297
554.846436      1400.4738769531
555.195435      1321.9217529297
555.544373      1398.2296142578
555.893250      1355.5869140625
556.242188      1447.6052246094
556.591003      1393.7408447266
556.939758      1288.2564697266
557.288574      1330.8990478516
557.637268      1348.8538818359
557.985962      1355.5869140625
558.334595      1299.4782714844
558.683228      1407.2070312500
559.031799      1398.2296142578
559.380310      1281.5234375000
559.728760      1382.5191650391
560.077209      1351.0982666016
560.425659      1321.9217529297
560.774048      1348.8538818359
561.122314      1360.0756835938
561.470581      1384.7634277344
561.818909      1348.8538818359
562.167114      1306.2113037109
562.515259      1395.9852294922
562.863342      1393.7408447266
563.211487      1445.3609619141
563.559570      1366.8087158203
563.907532      1378.0303955078
564.255554      1402.7182617188
564.603455      1404.9626464844
564.951355      1409.4512939453
565.299255      1328.6547851563
565.647095      1360.0756835938
565.994812      1351.0982666016
566.342590      1382.5191650391
566.690308      1369.0529785156
567.037903      1369.0529785156
567.385620      1431.8947753906
567.733154      1409.4512939453
568.080750      1465.5600585938
568.428162      1346.6094970703
568.775696      1407.2070312500
569.123108      1364.5643310547
569.470520      1344.3652343750
569.817810      1355.5869140625
570.165161      1328.6547851563
570.512451      1348.8538818359
570.859680      1387.0078125000
571.206787      1337.6322021484
571.554016      1400.4738769531
571.901062      1330.8990478516
572.248169      1360.0756835938
572.595154      1373.5417480469
572.942200      1371.2973632813
573.289124      1317.4329833984
573.636047      1398.2296142578
573.982849      1375.7861328125
574.329712      1339.8764648438
574.676514      1373.5417480469
575.023315      1434.1391601563
575.369995      1418.4287109375
575.716675      1369.0529785156
576.063293      1342.1208496094
576.409912      1337.6322021484
576.756409      1348.8538818359
577.102966      1407.2070312500
577.449402      1382.5191650391
577.795898      1395.9852294922
578.142273      1348.8538818359
578.488647      1398.2296142578
578.834961      1391.4965820313
579.181213      1348.8538818359
579.527405      1404.9626464844
579.873596      1402.7182617188
580.219788      1389.2521972656
580.565918      1391.4965820313
580.911926      1382.5191650391
581.258057      1364.5643310547
581.604065      1364.5643310547
581.949951      1378.0303955078
582.295898      1384.7634277344
582.641724      1413.9400634766
582.987610      1357.8312988281
583.333435      1382.5191650391
583.679199      1382.5191650391
584.024902      1348.8538818359
584.370544      1369.0529785156
584.716187      1429.6505126953
585.061829      1335.3878173828
585.407349      1382.5191650391
585.752869      1380.2747802734
586.098328      1373.5417480469
586.443787      1371.2973632813
586.789124      1373.5417480469
587.134521      1400.4738769531
587.479858      1380.2747802734
587.825134      1328.6547851563
588.170288      1380.2747802734
588.515564      1369.0529785156
588.860657      1438.6278076172
589.205872      1398.2296142578
589.550842      1344.3652343750
589.895935      1395.9852294922
590.240906      1404.9626464844
590.585876      1373.5417480469
590.930786      1326.4104003906
591.275635      1360.0756835938
591.620483      1461.0714111328
591.965271      1422.9173583984
592.310059      1344.3652343750
592.654724      1427.4061279297
592.999451      1407.2070312500
593.344055      1346.6094970703
593.688660      1371.2973632813
594.033203      1362.3199462891
594.377686      1445.3609619141
594.722229      1371.2973632813
595.066528      1413.9400634766
595.411011      1400.4738769531
595.755371      1393.7408447266
596.099670      1335.3878173828
596.443848      1362.3199462891
596.788147      1306.2113037109
597.132324      1360.0756835938
597.476501      1375.7861328125
597.820618      1319.6773681641
598.164612      1351.0982666016
598.508667      1416.1843261719
598.852661      1339.8764648438
599.196655      1420.6730957031
599.540466      1393.7408447266
599.884338      1389.2521972656
600.228210      1407.2070312500
600.571960      1434.1391601563
600.915710      1389.2521972656
601.259460      1310.6999511719
601.603088      1364.5643310547
601.946716      1393.7408447266
602.290283      1452.0939941406
602.633850      1339.8764648438
602.977295      1429.6505126953
603.320801      1335.3878173828
603.664124      1348.8538818359
604.007568      1357.8312988281
604.350952      1389.2521972656
604.694214      1333.1434326172
605.037415      1371.2973632813
605.380676      1369.0529785156
605.723816      1335.3878173828
606.066956      1357.8312988281
606.410034      1422.9173583984
606.753052      1333.1434326172
607.096130      1413.9400634766
607.439087      1375.7861328125
607.781921      1407.2070312500
608.124878      1373.5417480469
608.467712      1407.2070312500
608.810547      1369.0529785156
609.153259      1393.7408447266
609.495972      1393.7408447266
609.838684      1333.1434326172
610.181335      1337.6322021484
610.523865      1373.5417480469
610.866516      1339.8764648438
611.209045      1378.0303955078
611.551453      1366.8087158203
611.893921      1404.9626464844
612.236267      1407.2070312500
612.578674      1443.1165771484
612.920959      1393.7408447266
613.263306      1380.2747802734
613.605469      1375.7861328125
613.947632      1373.5417480469
614.289795      1445.3609619141
614.631958      1393.7408447266
614.973938      1333.1434326172
615.315979      1411.6956787109
615.657959      1409.4512939453
615.999939      1422.9173583984
616.341858      1420.6730957031
616.683716      1420.6730957031
617.025513      1333.1434326172
617.367310      1395.9852294922
617.708984      1321.9217529297
618.050720      1395.9852294922
618.392395      1413.9400634766
618.734070      1342.1208496094
619.075500      1310.6999511719
619.417114      1378.0303955078
619.758606      1373.5417480469
620.100098      1371.2973632813
620.441467      1364.5643310547
620.782776      1380.2747802734
621.124146      1371.2973632813
621.465393      1407.2070312500
621.806641      1351.0982666016
622.147888      1355.5869140625
622.489014      1373.5417480469
622.830139      1357.8312988281
623.171204      1447.6052246094
623.512207      1357.8312988281
623.853271      1378.0303955078
624.194214      1355.5869140625
624.535095      1418.4287109375
624.875916      1333.1434326172
625.216797      1339.8764648438
625.557617      1389.2521972656
625.898315      1499.2253417969
626.239075      1317.4329833984
626.579712      1438.6278076172
626.920349      1348.8538818359
627.260864      1348.8538818359
627.601440      1378.0303955078
627.941895      1416.1843261719
628.282410      1395.9852294922
628.622803      1292.7451171875
628.963135      1373.5417480469
629.303528      1346.6094970703
629.643799      1362.3199462891
629.984070      1317.4329833984
630.324219      1393.7408447266
630.664429      1416.1843261719
631.004517      1375.7861328125
631.344604      1395.9852294922
631.684631      1393.7408447266
632.024597      1362.3199462891
632.364624      1335.3878173828
632.704529      1333.1434326172
633.044373      1461.0714111328
633.384155      1416.1843261719
633.723999      1339.8764648438
634.063782      1312.9443359375
634.403442      1355.5869140625
634.743042      1364.5643310547
635.082764      1387.0078125000
635.422302      1391.4965820313
635.761841      1351.0982666016
636.101318      1362.3199462891
636.440796      1330.8990478516
636.780212      1355.5869140625
637.119507      1382.5191650391
637.458862      1378.0303955078
637.798157      1393.7408447266
638.137451      1324.1660156250
638.476563      1393.7408447266
638.815735      1360.0756835938
639.154907      1373.5417480469
639.494019      1402.7182617188
639.833008      1268.0573730469
640.171997      1391.4965820313
640.510925      1364.5643310547
640.849854      1505.9583740234
641.188660      1404.9626464844
641.527527      1373.5417480469
641.866333      1346.6094970703
642.205078      1321.9217529297
642.543762      1402.7182617188
642.882446      1422.9173583984
643.221008      1310.6999511719
643.559570      1492.4921875000
643.898071      1384.7634277344
644.236572      1452.0939941406
644.575073      1400.4738769531
644.913452      1490.2479248047
645.251831      1360.0756835938
645.590149      1337.6322021484
645.928406      1425.1617431641
646.266602      1418.4287109375
646.604858      1335.3878173828
646.942932      1328.6547851563
647.281128      1335.3878173828
647.619141      1355.5869140625
647.957214      1391.4965820313
648.295166      1409.4512939453
648.633057      1389.2521972656
648.970947      1409.4512939453
649.308838      1362.3199462891
649.646606      1373.5417480469
649.984436      1353.3426513672
650.322144      1348.8538818359
650.659851      1348.8538818359
650.997498      1389.2521972656
651.335022      1409.4512939453
651.672607      1373.5417480469
652.010132      1378.0303955078
652.347595      1389.2521972656
652.684998      1391.4965820313
653.022461      1333.1434326172
653.359802      1375.7861328125
653.697021      1391.4965820313
654.034302      1373.5417480469
654.371521      1369.0529785156
654.708740      1389.2521972656
655.045837      1391.4965820313
655.382935      1373.5417480469
655.719971      1456.5826416016
656.057007      1380.2747802734
656.393921      1479.0261230469
656.730835      1400.4738769531
657.067749      1413.9400634766
657.404602      1348.8538818359
657.741333      1422.9173583984
658.078064      1348.8538818359
658.414795      1346.6094970703
658.751465      1369.0529785156
659.088074      1369.0529785156
659.424683      1436.3835449219
659.761230      1384.7634277344
660.097717      1382.5191650391
660.434143      1360.0756835938
660.770569      1407.2070312500
661.106934      1400.4738769531
661.443298      1335.3878173828
661.779541      1382.5191650391
662.115784      1422.9173583984
662.451965      1402.7182617188
662.788086      1407.2070312500
663.124268      1380.2747802734
663.460266      1391.4965820313
663.796265      1413.9400634766
664.132324      1371.2973632813
664.468201      1303.9669189453
664.804077      1353.3426513672
665.139954      1387.0078125000
665.475769      1369.0529785156
665.811523      1404.9626464844
666.147278      1456.5826416016
666.482971      1366.8087158203
666.818542      1348.8538818359
667.154236      1362.3199462891
667.489685      1398.2296142578
667.825195      1351.0982666016
668.160706      1398.2296142578
668.496094      1436.3835449219
668.831421      1351.0982666016
669.166809      1353.3426513672
669.502136      1382.5191650391
669.837402      1375.7861328125
670.172546      1362.3199462891
670.507751      1369.0529785156
670.842834      1299.4782714844
671.177917      1321.9217529297
671.512878      1344.3652343750
671.847961      1333.1434326172
672.182861      1411.6956787109
672.517761      1404.9626464844
672.852600      1429.6505126953
673.187439      1454.3382568359
673.522217      1416.1843261719
673.856934      1391.4965820313
674.191650      1472.2930908203
674.526306      1389.2521972656
674.860901      1346.6094970703
675.195435      1411.6956787109
675.529968      1431.8947753906
675.864441      1409.4512939453
676.198853      1398.2296142578
676.533264      1404.9626464844
676.867554      1413.9400634766
677.201843      1416.1843261719
677.536133      1422.9173583984
677.870361      1440.8721923828
678.204529      1400.4738769531
678.538635      1364.5643310547
678.872742      1413.9400634766
679.206787      1380.2747802734
679.540710      1321.9217529297
679.874695      1389.2521972656
680.208618      1440.8721923828
680.542480      1402.7182617188
680.876282      1380.2747802734
681.210083      1380.2747802734
681.543823      1404.9626464844
681.877502      1373.5417480469
682.211121      1393.7408447266
682.544739      1411.6956787109
682.878357      1398.2296142578
683.211853      1355.5869140625
683.545227      1409.4512939453
683.878723      1375.7861328125
684.212097      1360.0756835938
684.545471      1413.9400634766
684.878723      1337.6322021484
685.212036      1324.1660156250
685.545227      1380.2747802734
685.878418      1382.5191650391
686.211487      1371.2973632813
686.544556      1393.7408447266
686.877625      1360.0756835938
687.210632      1369.0529785156
687.543518      1425.1617431641
687.876465      1371.2973632813
688.209290      1357.8312988281
688.542114      1411.6956787109
688.874878      1366.8087158203
689.207642      1324.1660156250
689.540344      1382.5191650391
689.872986      1344.3652343750
690.205566      1355.5869140625
690.538147      1301.7225341797
690.870667      1371.2973632813
691.203125      1438.6278076172
691.535461      1360.0756835938
691.867920      1355.5869140625
692.200256      1382.5191650391
692.532593      1339.8764648438
692.864807      1391.4965820313
693.196960      1389.2521972656
693.529114      1351.0982666016
693.861267      1409.4512939453
694.193420      1378.0303955078
694.525391      1384.7634277344
694.857361      1369.0529785156
695.189270      1339.8764648438
695.521240      1348.8538818359
695.853027      1378.0303955078
696.184814      1391.4965820313
696.516663      1389.2521972656
696.848389      1420.6730957031
697.179993      1508.2026367188
697.511658      1378.0303955078
697.843262      1436.3835449219
698.174805      1348.8538818359
698.506287      1461.0714111328
698.837708      1393.7408447266
699.169189      1357.8312988281
699.500549      1364.5643310547
699.831787      1373.5417480469
700.163147      1404.9626464844
700.494385      1402.7182617188
700.825562      1416.1843261719
701.156677      1375.7861328125
701.487793      1353.3426513672
701.818848      1324.1660156250
702.149902      1319.6773681641
702.480774      1380.2747802734
702.811768      1373.5417480469
703.142639      1438.6278076172
703.473511      1395.9852294922
703.804199      1470.0487060547
704.135010      1407.2070312500
704.465759      1501.4696044922
704.796387      1400.4738769531
705.126953      1449.8496093750
705.457520      1400.4738769531
705.788086      1378.0303955078
706.118591      1402.7182617188
706.448975      1398.2296142578
706.779419      1461.0714111328
707.109741      1333.1434326172
707.440063      1362.3199462891
707.770325      1344.3652343750
708.100525      1425.1617431641
708.430725      1413.9400634766
708.760864      1456.5826416016
709.090942      1429.6505126953
709.420959      1378.0303955078
709.750916      1321.9217529297
710.080933      1384.7634277344
710.410828      1333.1434326172
710.740662      1384.7634277344
711.070496      1351.0982666016
711.400269      1326.4104003906
711.729980      1382.5191650391
712.059631      1348.8538818359
712.389282      1342.1208496094
712.718872      1434.1391601563
713.048462      1384.7634277344
713.377930      1308.4555664063
713.707397      1389.2521972656
714.036865      1357.8312988281
714.366211      1445.3609619141
714.695435      1342.1208496094
715.024780      1310.6999511719
715.354004      1330.8990478516
715.683228      1440.8721923828
716.012329      1391.4965820313
716.341431      1378.0303955078
716.670532      1384.7634277344
716.999573      1357.8312988281
717.328430      1321.9217529297
717.657349      1355.5869140625
717.986267      1391.4965820313
718.315125      1425.1617431641
718.643860      1418.4287109375
718.972656      1434.1391601563
719.301331      1411.6956787109
719.630005      1378.0303955078
719.958557      1420.6730957031
720.287170      1330.8990478516
720.615662      1317.4329833984
720.944214      1429.6505126953
721.272583      1387.0078125000
721.600952      1357.8312988281
721.929321      1360.0756835938
722.257629      1391.4965820313
722.585876      1400.4738769531
722.914063      1371.2973632813
723.242188      1353.3426513672
723.570313      1389.2521972656
723.898376      1427.4061279297
724.226440      1369.0529785156
724.554382      1375.7861328125
724.882324      1375.7861328125
725.210266      1333.1434326172
725.538025      1391.4965820313
725.865784      1261.3242187500
726.193604      1393.7408447266
726.521301      1348.8538818359
726.848938      1387.0078125000
727.176514      1306.2113037109
727.504150      1422.9173583984
727.831726      1384.7634277344
728.159119      1454.3382568359
728.486572      1427.4061279297
728.813965      1371.2973632813
729.141357      1378.0303955078
729.468567      1391.4965820313
729.795837      1335.3878173828
730.123108      1353.3426513672
730.450317      1378.0303955078
730.777344      1400.4738769531
731.104431      1384.7634277344
731.431519      1375.7861328125
731.758484      1389.2521972656
732.085388      1312.9443359375
732.412292      1416.1843261719
732.739136      1366.8087158203
733.065979      1384.7634277344
733.392639      1380.2747802734
733.719421      1380.2747802734
734.046082      1402.7182617188
734.372681      1355.5869140625
734.699219      1375.7861328125
735.025757      1436.3835449219
735.352234      1395.9852294922
735.678711      1465.5600585938
736.005127      1387.0078125000
736.331482      1315.1885986328
736.657715      1362.3199462891
736.984009      1346.6094970703
737.310181      1389.2521972656
737.636353      1346.6094970703
737.962524      1380.2747802734
738.288574      1342.1208496094
738.614624      1400.4738769531
738.940613      1360.0756835938
739.266541      1303.9669189453
739.592407      1387.0078125000
739.918274      1391.4965820313
740.244080      1321.9217529297
740.569824      1391.4965820313
740.895569      1380.2747802734
741.221191      1425.1617431641
741.546753      1378.0303955078
741.872375      1413.9400634766
742.197937      1312.9443359375
742.523376      1393.7408447266
742.848816      1326.4104003906
743.174194      1371.2973632813
743.499573      1404.9626464844
743.824890      1382.5191650391
744.150085      1326.4104003906
744.475342      1407.2070312500
744.800476      1315.1885986328
745.125610      1452.0939941406
745.450623      1398.2296142578
745.775696      1355.5869140625
746.100708      1380.2747802734
746.425598      1373.5417480469
746.750427      1404.9626464844
747.075256      1357.8312988281
747.400085      1362.3199462891
747.724915      1335.3878173828
748.049561      1378.0303955078
748.374207      1380.2747802734
748.698853      1362.3199462891
749.023438      1398.2296142578
749.347900      1357.8312988281
749.672363      1348.8538818359
749.996765      1346.6094970703
750.321167      1375.7861328125
750.645508      1400.4738769531
750.969788      1366.8087158203
751.294067      1398.2296142578
751.618286      1418.4287109375
751.942383      1348.8538818359
752.266479      1425.1617431641
752.590576      1337.6322021484
752.914551      1348.8538818359
753.238525      1317.4329833984
753.562439      1418.4287109375
753.886292      1418.4287109375
754.210144      1431.8947753906
754.533936      1335.3878173828
754.857666      1326.4104003906
755.181335      1308.4555664063
755.505005      1393.7408447266
755.828613      1369.0529785156
756.152100      1346.6094970703
756.475586      1360.0756835938
756.799133      1431.8947753906
757.122498      1384.7634277344
757.445862      1380.2747802734
757.769165      1360.0756835938
758.092468      1413.9400634766
758.415710      1324.1660156250
758.738831      1360.0756835938
759.061951      1344.3652343750
759.385071      1375.7861328125
759.708130      1299.4782714844
760.031067      1339.8764648438
760.354004      1364.5643310547
760.676941      1378.0303955078
760.999817      1400.4738769531
761.322632      1380.2747802734
761.645386      1337.6322021484
761.968079      1366.8087158203
762.290771      1299.4782714844
762.613342      1378.0303955078
762.935974      1389.2521972656
763.258484      1413.9400634766
763.580994      1371.2973632813
763.903381      1409.4512939453
764.225830      1407.2070312500
764.548157      1431.8947753906
764.870422      1389.2521972656
765.192688      1404.9626464844
765.514832      1333.1434326172
765.837036      1324.1660156250
766.159119      1362.3199462891
766.481140      1395.9852294922
766.803223      1362.3199462891
767.125183      1395.9852294922
767.447144      1339.8764648438
767.768982      1366.8087158203
768.090820      1409.4512939453
768.412659      1362.3199462891
768.734314      1357.8312988281
769.056091      1404.9626464844
769.377686      1400.4738769531
769.699280      1384.7634277344
770.020813      1382.5191650391
770.342346      1310.6999511719
770.663757      1342.1208496094
770.985229      1371.2973632813
771.306580      1413.9400634766
771.627869      1380.2747802734
771.949158      1382.5191650391
772.270386      1429.6505126953
772.591553      1360.0756835938
772.912659      1375.7861328125
773.233765      1353.3426513672
773.554810      1445.3609619141
773.875793      1378.0303955078
774.196716      1364.5643310547
774.517578      1387.0078125000
774.838440      1465.5600585938
775.159302      1387.0078125000
775.480042      1378.0303955078
775.800659      1382.5191650391
776.121399      1335.3878173828
776.441956      1431.8947753906
776.762573      1360.0756835938
777.083008      1458.8270263672
777.403503      1344.3652343750
777.723999      1337.6322021484
778.044373      1431.8947753906
778.364624      1366.8087158203
778.684937      1364.5643310547
779.005188      1348.8538818359
779.325378      1382.5191650391
779.645447      1467.8044433594
779.965637      1393.7408447266
780.285706      1413.9400634766
780.605652      1353.3426513672
780.925598      1375.7861328125
781.245483      1375.7861328125
781.565369      1348.8538818359
781.885193      1317.4329833984
782.204895      1364.5643310547
782.524658      1384.7634277344
782.844299      1387.0078125000
783.163940      1382.5191650391
783.483582      1371.2973632813
783.803040      1393.7408447266
784.122559      1351.0982666016
784.442017      1373.5417480469
784.761414      1398.2296142578
785.080688      1425.1617431641
785.400024      1351.0982666016
785.719238      1346.6094970703
786.038452      1395.9852294922
786.357544      1382.5191650391
786.676697      1373.5417480469
786.995789      1416.1843261719
787.314758      1335.3878173828
787.633728      1373.5417480469
787.952637      1351.0982666016
788.271484      1416.1843261719
788.590271      1382.5191650391
788.908997      1398.2296142578
789.227783      1333.1434326172
789.546448      1427.4061279297
789.865112      1391.4965820313
790.183655      1398.2296142578
790.502197      1384.7634277344
790.820679      1373.5417480469
791.139099      1362.3199462891
791.457520      1411.6956787109
791.775879      1445.3609619141
792.094116      1418.4287109375
792.412415      1400.4738769531
792.730530      1344.3652343750
793.048767      1384.7634277344
793.366821      1382.5191650391
793.684937      1472.2930908203
794.002869      1355.5869140625
794.320862      1416.1843261719
794.638733      1384.7634277344
794.956665      1449.8496093750
795.274414      1485.7591552734
795.592224      1362.3199462891
795.909912      1382.5191650391
796.227661      1362.3199462891
796.545227      1404.9626464844
796.862854      1369.0529785156
797.180359      1326.4104003906
797.497864      1393.7408447266
797.815308      1306.2113037109
798.132629      1337.6322021484
798.450012      1375.7861328125
798.767273      1398.2296142578
799.084595      1395.9852294922
799.401733      1362.3199462891
799.718933      1288.2564697266
800.036011      1371.2973632813
800.353027      1317.4329833984
800.670044      1342.1208496094
800.987000      1416.1843261719
801.303894      1425.1617431641
801.620850      1366.8087158203
801.937561      1409.4512939453
802.254333      1362.3199462891
802.571106      1371.2973632813
802.887817      1434.1391601563
803.204346      1422.9173583984
803.520935      1344.3652343750
803.837463      1357.8312988281
804.153992      1364.5643310547
804.470337      1418.4287109375
804.786743      1393.7408447266
805.103027      1387.0078125000
805.419434      1431.8947753906
805.735535      1375.7861328125
806.051758      1384.7634277344
806.367920      1422.9173583984
806.684021      1324.1660156250
807.000000      1425.1617431641
807.316040      1409.4512939453
807.632019      1400.4738769531
807.947876      1346.6094970703
808.263672      1373.5417480469
808.579529      1335.3878173828
808.895325      1380.2747802734
809.211060      1420.6730957031
809.526611      1393.7408447266
809.842224      1355.5869140625
810.157837      1364.5643310547
810.473389      1393.7408447266
810.788757      1342.1208496094
811.104187      1362.3199462891
811.419617      1353.3426513672
811.734924      1324.1660156250
812.050171      1366.8087158203
812.365417      1378.0303955078
812.680542      1420.6730957031
812.995728      1357.8312988281
813.310852      1393.7408447266
813.625854      1373.5417480469
813.940796      1310.6999511719
814.255798      1387.0078125000
814.570679      1404.9626464844
814.885498      1362.3199462891
815.200256      1407.2070312500
815.515015      1407.2070312500
815.829651      1409.4512939453
816.144287      1411.6956787109
816.458923      1357.8312988281
816.773438      1364.5643310547
817.087952      1373.5417480469
817.402344      1351.0982666016
817.716797      1353.3426513672
818.031189      1353.3426513672
818.345520      1378.0303955078
818.659668      1328.6547851563
818.973877      1330.8990478516
819.288086      1407.2070312500
819.602173      1391.4965820313
819.916199      1362.3199462891
820.230225      1391.4965820313
820.544189      1440.8721923828
820.858154      1364.5643310547
821.171997      1375.7861328125
821.485779      1373.5417480469
821.799561      1418.4287109375
822.113281      1431.8947753906
822.426880      1389.2521972656
822.740540      1333.1434326172
823.054138      1380.2747802734
823.367676      1315.1885986328
823.681152      1353.3426513672
823.994568      1362.3199462891
824.307922      1375.7861328125
824.621277      1348.8538818359
824.934509      1389.2521972656
825.247742      1400.4738769531
825.560913      1342.1208496094
825.874146      1346.6094970703
826.187134      1380.2747802734
826.500183      1458.8270263672
826.813171      1364.5643310547
827.126160      1348.8538818359
827.439026      1404.9626464844
827.751831      1346.6094970703
828.064636      1315.1885986328
828.377380      1378.0303955078
828.690063      1404.9626464844
829.002686      1409.4512939453
829.315308      1382.5191650391
829.627869      1445.3609619141
829.940308      1369.0529785156
830.252808      1420.6730957031
830.565125      1297.2338867188
830.877563      1337.6322021484
831.189880      1353.3426513672
831.502075      1402.7182617188
831.814270      1348.8538818359
832.126465      1297.2338867188
832.438599      1402.7182617188
832.750549      1389.2521972656
833.062622      1458.8270263672
833.374512      1360.0756835938
833.686462      1387.0078125000
833.998291      1380.2747802734
834.310120      1375.7861328125
834.621887      1337.6322021484
834.933594      1369.0529785156
835.245239      1328.6547851563
835.556885      1335.3878173828
835.868408      1393.7408447266
836.179932      1357.8312988281
836.491333      1404.9626464844
836.802795      1364.5643310547
837.114197      1395.9852294922
837.425537      1371.2973632813
837.736694      1373.5417480469
838.047913      1391.4965820313
838.359131      1333.1434326172
838.670227      1425.1617431641
838.981262      1411.6956787109
839.292358      1339.8764648438
839.603333      1378.0303955078
839.914246      1413.9400634766
840.225037      1344.3652343750
840.535889      1436.3835449219
840.846680      1378.0303955078
841.157410      1315.1885986328
841.468079      1382.5191650391
841.778687      1362.3199462891
842.089233      1346.6094970703
842.399780      1346.6094970703
842.710266      1384.7634277344
843.020691      1378.0303955078
843.331055      1346.6094970703
843.641418      1393.7408447266
843.951721      1333.1434326172
844.261841      1461.0714111328
844.572083      1449.8496093750
844.882202      1328.6547851563
845.192261      1353.3426513672
845.502258      1348.8538818359
845.812256      1395.9852294922
846.122192      1380.2747802734
846.432068      1321.9217529297
846.741882      1364.5643310547
847.051636      1339.8764648438
847.361389      1395.9852294922
847.671143      1436.3835449219
847.980713      1413.9400634766
848.290283      1420.6730957031
848.599792      1371.2973632813
848.909302      1360.0756835938
849.218689      1380.2747802734
849.528076      1351.0982666016
849.837463      1384.7634277344
850.146790      1420.6730957031
850.455933      1411.6956787109
850.765137      1387.0078125000
851.074280      1389.2521972656
851.383362      1416.1843261719
851.692383      1382.5191650391
852.001343      1360.0756835938
852.310303      1409.4512939453
852.619202      1348.8538818359
852.927979      1391.4965820313
853.236816      1335.3878173828
853.545532      1409.4512939453
853.854248      1315.1885986328
854.162842      1375.7861328125
854.471436      1317.4329833984
854.779968      1382.5191650391
855.088440      1382.5191650391
855.396851      1434.1391601563
855.705200      1393.7408447266
856.013611      1400.4738769531
856.321899      1400.4738769531
856.630127      1382.5191650391
856.938293      1387.0078125000
857.246399      1346.6094970703
857.554504      1360.0756835938
857.862549      1362.3199462891
858.170471      1348.8538818359
858.478394      1382.5191650391
858.786316      1355.5869140625
859.094177      1422.9173583984
859.401917      1420.6730957031
859.709656      1393.7408447266
860.017334      1431.8947753906
860.324951      1418.4287109375
860.632507      1380.2747802734
860.940063      1357.8312988281
861.247559      1400.4738769531
861.555054      1342.1208496094
861.862366      1357.8312988281
862.169739      1402.7182617188
862.476990      1413.9400634766
862.784241      1474.5374755859
863.091370      1364.5643310547
863.398499      1315.1885986328
863.705627      1411.6956787109
864.012634      1337.6322021484
864.319519      1413.9400634766
864.626526      1364.5643310547
864.933350      1292.7451171875
865.240234      1409.4512939453
865.546936      1422.9173583984
865.853699      1418.4287109375
866.160400      1351.0982666016
866.466980      1407.2070312500
866.773560      1402.7182617188
867.080078      1277.0346679688
867.386536      1384.7634277344
867.692993      1364.5643310547
867.999329      1402.7182617188
868.305664      1369.0529785156
868.611938      1463.3156738281
868.918152      1384.7634277344
869.224304      1375.7861328125
869.530457      1411.6956787109
869.836487      1330.8990478516
870.142517      1375.7861328125
870.448547      1425.1617431641
870.754395      1407.2070312500
871.060242      1357.8312988281
871.366089      1411.6956787109
871.671814      1353.3426513672
871.977539      1393.7408447266
872.283203      1393.7408447266
872.588806      1411.6956787109
872.894409      1324.1660156250
873.199890      1312.9443359375
873.505371      1373.5417480469
873.810730      1294.9895019531
874.116150      1387.0078125000
874.421387      1427.4061279297
874.726685      1330.8990478516
875.031860      1346.6094970703
875.337097      1382.5191650391
875.642090      1335.3878173828
875.947205      1387.0078125000
876.252197      1333.1434326172
876.557129      1395.9852294922
876.862000      1425.1617431641
877.166870      1407.2070312500
877.471680      1411.6956787109
877.776428      1371.2973632813
878.081116      1393.7408447266
878.385742      1348.8538818359
878.690369      1416.1843261719
878.994873      1369.0529785156
879.299316      1382.5191650391
879.603821      1364.5643310547
879.908203      1404.9626464844
880.212585      1364.5643310547
880.516846      1389.2521972656
880.821106      1306.2113037109
881.125244      1353.3426513672
881.429382      1348.8538818359
881.733459      1360.0756835938
882.037537      1382.5191650391
882.341492      1413.9400634766
882.645447      1393.7408447266
882.949280      1366.8087158203
883.253113      1326.4104003906
883.556885      1357.8312988281
883.860657      1337.6322021484
884.164307      1348.8538818359
884.467896      1387.0078125000
884.771484      1357.8312988281
885.075073      1384.7634277344
885.378540      1317.4329833984
885.681885      1330.8990478516
885.985291      1342.1208496094
886.288635      1387.0078125000
886.591858      1353.3426513672
886.895020      1321.9217529297
887.198242      1339.8764648438
887.501343      1351.0982666016
887.804443      1371.2973632813
888.107422      1308.4555664063
888.410400      1375.7861328125
888.713257      1387.0078125000
889.016174      1362.3199462891
889.318909      1366.8087158203
889.621643      1357.8312988281
889.924377      1328.6547851563
890.227051      1360.0756835938
890.529602      1443.1165771484
890.832153      1346.6094970703
891.134705      1407.2070312500
891.437134      1324.1660156250
891.739441      1391.4965820313
892.041870      1413.9400634766
892.344116      1427.4061279297
892.646362      1308.4555664063
892.948486      1360.0756835938
893.250671      1380.2747802734
893.552734      1387.0078125000
893.854797      1404.9626464844
894.156738      1312.9443359375
894.458618      1315.1885986328
894.760559      1413.9400634766
895.062378      1375.7861328125
895.364136      1382.5191650391
895.665894      1467.8044433594
895.967590      1409.4512939453
896.269165      1344.3652343750
896.570679      1393.7408447266
896.872192      1389.2521972656
897.173706      1409.4512939453
897.475159      1321.9217529297
897.776428      1326.4104003906
898.077759      1434.1391601563
