0.062100
191.033081         0.0000000000
191.409973         0.0000000000
191.786819      1419.9250488281
192.163651      1464.0798339844
192.540451      1371.1223144531
192.917221      1415.2770996094
193.293961      1431.5446777344
193.670670      1417.6010742188
194.047348      1482.6712646484
194.423981      1410.6292724609
194.800613      1408.3052978516
195.177200      1445.4882812500
195.553757      1503.5867919922
195.930283      1480.3474121094
196.306778      1489.6430664063
196.683258      1491.9670410156
197.059677      1519.8542480469
197.436081      1482.6712646484
197.812454      1424.5728759766
198.188812      1461.7558593750
198.565125      1466.4038085938
198.941406      1508.2346191406
199.317673      1484.9952392578
199.693893      1461.7558593750
200.070099      1464.0798339844
200.446259      1447.8122558594
200.822388      1461.7558593750
201.198486      1417.6010742188
201.574570      1368.7984619141
201.950607      1445.4882812500
202.326614      1405.9814453125
202.702606      1443.1644287109
203.078568      1403.6574707031
203.454483      1422.2490234375
203.830383      1403.6574707031
204.206253      1440.8404541016
204.582077      1403.6574707031
204.957870      1445.4882812500
205.333633      1392.0378417969
205.709396      1412.9532470703
206.085098      1459.4320068359
206.460785      1364.1505126953
206.836426      1422.2490234375
207.212051      1366.4744873047
207.587646      1464.0798339844
207.963196      1433.8686523438
208.338730      1459.4320068359
208.714218      1419.9250488281
209.089691      1480.3474121094
209.465134      1438.5164794922
209.840530      1426.8968505859
210.215897      1438.5164794922
210.591263      1450.1362304688
210.966583      1375.7702636719
211.341858      1403.6574707031
211.717102      1394.3616943359
212.092331      1471.0516357422
212.467529      1408.3052978516
212.842697      1415.2770996094
213.217819      1331.6154785156
213.592926      1378.0942382813
213.968002      1452.4600830078
214.343018      1429.2208251953
214.718033      1440.8404541016
215.093018      1382.7420654297
215.467972      1340.9112548828
215.842880      1457.1080322266
216.217773      1468.7276611328
216.592636      1447.8122558594
216.967453      1447.8122558594
217.342255      1387.3898925781
217.717026      1440.8404541016
218.091766      1431.5446777344
218.466446      1422.2490234375
218.841125      1412.9532470703
219.215759      1426.8968505859
219.590378      1373.4462890625
219.964966      1436.1926269531
220.339508      1401.3334960938
220.714020      1394.3616943359
221.088516      1445.4882812500
221.462967      1433.8686523438
221.837402      1431.5446777344
222.211792      1478.0234375000
222.586166      1429.2208251953
222.960510      1445.4882812500
223.334793      1450.1362304688
223.709061      1443.1644287109
224.083313      1387.3898925781
224.457520      1487.3192138672
224.831696      1399.0096435547
225.205856      1450.1362304688
225.579987      1440.8404541016
225.954056      1436.1926269531
226.328110      1471.0516357422
226.702148      1371.1223144531
227.076126      1389.7138671875
227.450104      1524.5021972656
227.824036      1392.0378417969
228.197937      1364.1505126953
228.571823      1415.2770996094
228.945648      1461.7558593750
229.319473      1426.8968505859
229.693237      1494.2910156250
230.066986      1454.7840576172
230.440704      1457.1080322266
230.814392      1443.1644287109
231.188034      1489.6430664063
231.561661      1447.8122558594
231.935257      1408.3052978516
232.308823      1422.2490234375
232.682343      1389.7138671875
233.055847      1478.0234375000
233.429321      1394.3616943359
233.802750      1426.8968505859
234.176147      1480.3474121094
234.549530      1426.8968505859
234.922882      1403.6574707031
235.296188      1498.9388427734
235.669464      1459.4320068359
236.042725      1452.4600830078
236.415924      1396.6856689453
236.789139      1419.9250488281
237.162292      1345.5590820313
237.535416      1359.5026855469
237.908508      1464.0798339844
238.281570      1426.8968505859
238.654617      1373.4462890625
239.027618      1440.8404541016
239.400574      1357.1787109375
239.773514      1452.4600830078
240.146423      1482.6712646484
240.519302      1345.5590820313
240.892136      1389.7138671875
241.264969      1445.4882812500
241.637726      1345.5590820313
242.010498      1412.9532470703
242.383209      1431.5446777344
242.755905      1461.7558593750
243.128555      1405.9814453125
243.501190      1436.1926269531
243.873779      1385.0660400391
244.246353      1408.3052978516
244.618866      1491.9670410156
244.991379      1401.3334960938
245.363861      1389.7138671875
245.736282      1401.3334960938
246.108688      1436.1926269531
246.481079      1436.1926269531
246.853409      1408.3052978516
247.225723      1364.1505126953
247.598007      1466.4038085938
247.970261      1440.8404541016
248.342468      1445.4882812500
248.714645      1412.9532470703
249.086823      1431.5446777344
249.458954      1466.4038085938
249.831024      1466.4038085938
250.203094      1361.8266601563
250.575134      1461.7558593750
250.947113      1452.4600830078
251.319092      1419.9250488281
251.691025      1412.9532470703
252.062912      1431.5446777344
252.434784      1408.3052978516
252.806641      1412.9532470703
253.178452      1447.8122558594
253.550232      1459.4320068359
253.921967      1461.7558593750
254.293686      1385.0660400391
254.665359      1382.7420654297
255.037003      1452.4600830078
255.408630      1482.6712646484
255.780228      1380.4180908203
256.151764      1447.8122558594
256.523285      1436.1926269531
256.894806      1459.4320068359
257.266235      1438.5164794922
257.637695      1405.9814453125
258.009064      1405.9814453125
258.380432      1505.9106445313
258.751770      1422.2490234375
259.123077      1438.5164794922
259.494385      1357.1787109375
259.865601      1419.9250488281
260.236816      1426.8968505859
260.607941      1436.1926269531
260.979126      1343.2351074219
261.350220      1429.2208251953
261.721344      1447.8122558594
262.092346      1440.8404541016
262.463379      1405.9814453125
262.834351      1392.0378417969
263.205292      1417.6010742188
263.576233      1368.7984619141
263.947144      1426.8968505859
264.317993      1412.9532470703
264.688812      1394.3616943359
265.059631      1452.4600830078
265.430359      1438.5164794922
265.801117      1436.1926269531
266.171783      1417.6010742188
266.542450      1459.4320068359
266.913086      1387.3898925781
267.283691      1436.1926269531
267.654266      1354.8548583984
268.024811      1447.8122558594
268.395325      1415.2770996094
268.765778      1378.0942382813
269.136230      1410.6292724609
269.506653      1385.0660400391
269.877045      1394.3616943359
270.247375      1443.1644287109
270.617676      1431.5446777344
270.987946      1417.6010742188
271.358246      1419.9250488281
271.728424      1424.5728759766
272.098633      1433.8686523438
272.468781      1515.2064208984
272.838867      1459.4320068359
273.209015      1433.8686523438
273.579041      1461.7558593750
273.949066      1415.2770996094
274.319061      1438.5164794922
274.689056      1450.1362304688
275.058960      1471.0516357422
275.428864      1424.5728759766
275.798737      1380.4180908203
276.168579      1438.5164794922
276.538361      1440.8404541016
276.908142      1408.3052978516
277.277832      1431.5446777344
277.647583      1392.0378417969
278.017242      1387.3898925781
278.386902      1405.9814453125
278.756500      1443.1644287109
279.126038      1378.0942382813
279.495636      1457.1080322266
279.865143      1354.8548583984
280.234619      1405.9814453125
280.604065      1378.0942382813
280.973450      1403.6574707031
281.342834      1426.8968505859
281.712189      1408.3052978516
282.081512      1440.8404541016
282.450836      1403.6574707031
282.820038      1385.0660400391
283.189270      1471.0516357422
283.558502      1410.6292724609
283.927612      1380.4180908203
284.296722      1403.6574707031
284.665863      1464.0798339844
285.034912      1473.3756103516
285.403931      1438.5164794922
285.772919      1401.3334960938
286.141876      1403.6574707031
286.510834      1417.6010742188
286.879730      1331.6154785156
287.248596      1405.9814453125
287.617401      1440.8404541016
287.986206      1424.5728759766
288.354950      1350.2069091797
288.723724      1399.0096435547
289.092407      1408.3052978516
289.461060      1396.6856689453
289.829742      1443.1644287109
290.198334      1489.6430664063
290.566925      1378.0942382813
290.935455      1452.4600830078
291.303925      1473.3756103516
291.672394      1466.4038085938
292.040894      1450.1362304688
292.409271      1531.4739990234
292.777679      1405.9814453125
293.145996      1471.0516357422
293.514313      1422.2490234375
293.882599      1433.8686523438
294.250824      1482.6712646484
294.619049      1447.8122558594
294.987244      1401.3334960938
295.355377      1359.5026855469
295.723480      1412.9532470703
296.091614      1380.4180908203
296.459625      1426.8968505859
296.827667      1401.3334960938
297.195648      1461.7558593750
297.563599      1405.9814453125
297.931488      1478.0234375000
298.299408      1394.3616943359
298.667267      1382.7420654297
299.035095      1380.4180908203
299.402893      1424.5728759766
299.770599      1387.3898925781
300.138367      1454.7840576172
300.506042      1389.7138671875
300.873718      1443.1644287109
301.241333      1438.5164794922
301.608917      1431.5446777344
301.976471      1424.5728759766
302.344025      1343.2351074219
302.711487      1436.1926269531
303.078979      1364.1505126953
303.446411      1478.0234375000
303.813782      1440.8404541016
304.181183      1422.2490234375
304.548492      1417.6010742188
304.915771      1366.4744873047
305.283051      1450.1362304688
305.650299      1424.5728759766
306.017456      1436.1926269531
306.384644      1385.0660400391
306.751770      1415.2770996094
307.118896      1392.0378417969
307.485962      1419.9250488281
307.852966      1445.4882812500
308.219971      1399.0096435547
308.586945      1452.4600830078
308.953888      1387.3898925781
309.320801      1371.1223144531
309.687653      1403.6574707031
310.054504      1468.7276611328
310.421326      1373.4462890625
310.788086      1429.2208251953
311.154846      1452.4600830078
311.521515      1471.0516357422
311.888184      1438.5164794922
312.254822      1454.7840576172
312.621429      1429.2208251953
312.988007      1408.3052978516
313.354553      1457.1080322266
313.721039      1352.5308837891
314.087494      1422.2490234375
314.453949      1452.4600830078
314.820343      1473.3756103516
315.186737      1471.0516357422
315.553101      1466.4038085938
315.919373      1426.8968505859
316.285645      1415.2770996094
316.651886      1443.1644287109
317.018066      1412.9532470703
317.384308      1403.6574707031
317.750427      1408.3052978516
318.116516      1412.9532470703
318.482574      1429.2208251953
318.848633      1424.5728759766
319.214661      1385.0660400391
319.580627      1401.3334960938
319.946564      1457.1080322266
320.312439      1380.4180908203
320.678314      1340.9112548828
321.044159      1433.8686523438
321.410004      1466.4038085938
321.775757      1399.0096435547
322.141510      1503.5867919922
322.507202      1445.4882812500
322.872894      1359.5026855469
323.238525      1424.5728759766
323.604156      1450.1362304688
323.969696      1424.5728759766
324.335266      1410.6292724609
324.700745      1385.0660400391
325.066223      1405.9814453125
325.431702      1396.6856689453
325.797089      1429.2208251953
326.162445      1412.9532470703
326.527802      1468.7276611328
326.893097      1436.1926269531
327.258362      1473.3756103516
327.623657      1419.9250488281
327.988861      1457.1080322266
328.353973      1415.2770996094
328.719116      1494.2910156250
329.084259      1408.3052978516
329.449341      1478.0234375000
329.814392      1415.2770996094
330.179352      1419.9250488281
330.544312      1445.4882812500
330.909241      1452.4600830078
331.274170      1373.4462890625
331.639069      1399.0096435547
332.003906      1396.6856689453
332.368713      1424.5728759766
332.733459      1484.9952392578
333.098206      1436.1926269531
333.462921      1403.6574707031
333.827606      1417.6010742188
334.192230      1436.1926269531
334.556824      1468.7276611328
334.921356      1452.4600830078
335.285919      1424.5728759766
335.650452      1436.1926269531
336.014893      1422.2490234375
336.379333      1431.5446777344
336.743744      1424.5728759766
337.108124      1389.7138671875
337.472443      1422.2490234375
337.836731      1452.4600830078
338.201019      1422.2490234375
338.565247      1392.0378417969
338.929413      1375.7702636719
339.293579      1410.6292724609
339.657776      1445.4882812500
340.021851      1403.6574707031
340.385895      1431.5446777344
340.749908      1403.6574707031
341.113922      1366.4744873047
341.477875      1431.5446777344
341.841827      1419.9250488281
342.205688      1426.8968505859
342.569580      1415.2770996094
342.933380      1394.3616943359
343.297211      1389.7138671875
343.660950      1422.2490234375
344.024658      1340.9112548828
344.388367      1394.3616943359
344.752014      1401.3334960938
345.115601      1422.2490234375
345.479218      1433.8686523438
345.842804      1361.8266601563
346.206299      1440.8404541016
346.569763      1459.4320068359
346.933228      1433.8686523438
347.296661      1371.1223144531
347.660034      1422.2490234375
348.023407      1464.0798339844
348.386719      1380.4180908203
348.750000      1382.7420654297
349.113220      1447.8122558594
349.476471      1461.7558593750
349.839661      1371.1223144531
350.202820      1352.5308837891
350.565887      1473.3756103516
350.928955      1412.9532470703
351.292023      1447.8122558594
351.655029      1385.0660400391
352.018036      1392.0378417969
352.380981      1419.9250488281
352.743866      1415.2770996094
353.106720      1438.5164794922
353.469574      1403.6574707031
353.832397      1368.7984619141
354.195160      1405.9814453125
354.557892      1491.9670410156
354.920593      1461.7558593750
355.283234      1424.5728759766
355.645905      1368.7984619141
356.008514      1340.9112548828
356.371094      1405.9814453125
356.733612      1394.3616943359
357.096100      1405.9814453125
357.458588      1371.1223144531
357.820984      1438.5164794922
358.183411      1440.8404541016
358.545746      1471.0516357422
358.908081      1443.1644287109
359.270355      1431.5446777344
359.632629      1424.5728759766
359.994873      1371.1223144531
360.357056      1461.7558593750
360.719208      1387.3898925781
361.081329      1447.8122558594
361.443420      1399.0096435547
361.805481      1471.0516357422
362.167511      1401.3334960938
362.529480      1431.5446777344
362.891418      1436.1926269531
363.253326      1382.7420654297
363.615234      1410.6292724609
363.977081      1408.3052978516
364.338867      1438.5164794922
364.700653      1426.8968505859
365.062378      1405.9814453125
365.424103      1422.2490234375
365.785767      1368.7984619141
366.147430      1422.2490234375
366.509033      1417.6010742188
366.870605      1347.8830566406
367.232117      1408.3052978516
367.593628      1440.8404541016
367.955109      1436.1926269531
368.316559      1399.0096435547
368.677917      1378.0942382813
369.039307      1417.6010742188
369.400635      1454.7840576172
369.761902      1450.1362304688
370.123199      1392.0378417969
370.484436      1440.8404541016
370.845581      1403.6574707031
371.206726      1415.2770996094
371.567871      1419.9250488281
371.928955      1417.6010742188
372.290039      1461.7558593750
372.651062      1412.9532470703
373.011993      1443.1644287109
373.372955      1489.6430664063
373.733887      1496.6148681641
374.094788      1440.8404541016
374.455627      1410.6292724609
374.816406      1405.9814453125
375.177185      1471.0516357422
375.537903      1424.5728759766
375.898651      1429.2208251953
376.259338      1461.7558593750
376.619965      1361.8266601563
376.980530      1401.3334960938
377.341095      1452.4600830078
377.701660      1417.6010742188
378.062134      1394.3616943359
378.422607      1394.3616943359
378.783020      1401.3334960938
379.143402      1452.4600830078
379.503784      1408.3052978516
379.864105      1389.7138671875
380.224396      1345.5590820313
380.584656      1433.8686523438
380.944855      1422.2490234375
381.305054      1424.5728759766
381.665192      1426.8968505859
382.025299      1387.3898925781
382.385406      1387.3898925781
382.745453      1461.7558593750
383.105438      1417.6010742188
383.465424      1408.3052978516
383.825348      1389.7138671875
384.185272      1352.5308837891
384.545135      1429.2208251953
384.904968      1422.2490234375
385.264771      1389.7138671875
385.624512      1399.0096435547
385.984253      1401.3334960938
386.343964      1350.2069091797
386.703613      1491.9670410156
387.063232      1426.8968505859
387.422821      1475.6994628906
387.782379      1405.9814453125
388.141907      1382.7420654297
388.501404      1403.6574707031
388.860840      1401.3334960938
389.220215      1452.4600830078
389.579620      1482.6712646484
389.938995      1366.4744873047
390.298279      1417.6010742188
390.657562      1387.3898925781
391.016785      1431.5446777344
391.376007      1412.9532470703
391.735168      1452.4600830078
392.094299      1410.6292724609
392.453430      1487.3192138672
392.812469      1466.4038085938
393.171478      1412.9532470703
393.530457      1452.4600830078
393.889435      1459.4320068359
394.248383      1436.1926269531
394.607269      1452.4600830078
394.966125      1440.8404541016
395.324921      1422.2490234375
395.683655      1382.7420654297
396.042419      1426.8968505859
396.401154      1352.5308837891
396.759827      1357.1787109375
397.118469      1408.3052978516
397.477051      1375.7702636719
397.835632      1415.2770996094
398.194153      1347.8830566406
398.552673      1375.7702636719
398.911163      1482.6712646484
399.269592      1452.4600830078
399.627960      1410.6292724609
399.986328      1464.0798339844
400.344666      1478.0234375000
400.702942      1440.8404541016
401.061188      1466.4038085938
401.419403      1422.2490234375
401.777588      1459.4320068359
402.135712      1433.8686523438
402.493835      1445.4882812500
402.851929      1426.8968505859
403.209961      1412.9532470703
403.567932      1433.8686523438
403.925903      1419.9250488281
404.283905      1412.9532470703
404.641754      1429.2208251953
404.999634      1436.1926269531
405.357452      1396.6856689453
405.715210      1403.6574707031
406.072998      1380.4180908203
406.430725      1359.5026855469
406.788422      1436.1926269531
407.146027      1429.2208251953
407.503662      1405.9814453125
407.861237      1380.4180908203
408.218781      1450.1362304688
408.576294      1475.6994628906
408.933777      1478.0234375000
409.291168      1403.6574707031
409.648590      1436.1926269531
410.005951      1417.6010742188
410.363312      1392.0378417969
410.720612      1433.8686523438
411.077820      1503.5867919922
411.435059      1396.6856689453
411.792267      1445.4882812500
412.149384      1415.2770996094
412.506531      1387.3898925781
412.863586      1403.6574707031
413.220642      1417.6010742188
413.577606      1473.3756103516
413.934601      1392.0378417969
414.291565      1436.1926269531
414.648468      1415.2770996094
415.005310      1419.9250488281
415.362122      1461.7558593750
415.718903      1399.0096435547
416.075684      1466.4038085938
416.432434      1392.0378417969
416.789093      1480.3474121094
417.145752      1478.0234375000
417.502350      1396.6856689453
417.858948      1457.1080322266
418.215485      1343.2351074219
418.571991      1405.9814453125
418.928467      1329.2915039063
419.284882      1389.7138671875
419.641266      1364.1505126953
419.997650      1452.4600830078
420.354004      1431.5446777344
420.710266      1410.6292724609
421.066528      1405.9814453125
421.422760      1382.7420654297
421.778931      1466.4038085938
422.135071      1445.4882812500
422.491211      1498.9388427734
422.847260      1426.8968505859
423.203308      1389.7138671875
423.559296      1464.0798339844
423.915283      1478.0234375000
424.271210      1436.1926269531
424.627136      1387.3898925781
424.982971      1426.8968505859
425.338776      1436.1926269531
425.694611      1333.9394531250
426.050323      1431.5446777344
426.406036      1464.0798339844
426.761749      1392.0378417969
427.117371      1359.5026855469
427.472961      1408.3052978516
427.828552      1422.2490234375
428.184113      1401.3334960938
428.539581      1380.4180908203
428.895050      1368.7984619141
429.250458      1419.9250488281
429.605865      1343.2351074219
429.961212      1396.6856689453
430.316559      1382.7420654297
430.671814      1480.3474121094
431.027069      1440.8404541016
431.382263      1461.7558593750
431.737457      1361.8266601563
432.092590      1405.9814453125
432.447723      1424.5728759766
432.802734      1454.7840576172
433.157776      1454.7840576172
433.512756      1487.3192138672
433.867706      1454.7840576172
434.222656      1368.7984619141
434.577545      1429.2208251953
434.932373      1361.8266601563
435.287201      1459.4320068359
435.641968      1452.4600830078
435.996704      1443.1644287109
436.351410      1443.1644287109
436.706085      1394.3616943359
437.060699      1417.6010742188
437.415283      1412.9532470703
437.769867      1371.1223144531
438.124420      1415.2770996094
438.478882      1422.2490234375
438.833313      1373.4462890625
439.187714      1403.6574707031
439.542084      1394.3616943359
439.896454      1415.2770996094
440.250732      1422.2490234375
440.605011      1387.3898925781
440.959229      1405.9814453125
441.313416      1466.4038085938
441.667572      1438.5164794922
442.021698      1375.7702636719
442.375793      1426.8968505859
442.729858      1431.5446777344
443.083832      1366.4744873047
443.437836      1373.4462890625
443.791748      1403.6574707031
444.145630      1445.4882812500
444.499542      1382.7420654297
444.853363      1357.1787109375
445.207123      1364.1505126953
445.560883      1419.9250488281
445.914612      1405.9814453125
446.268280      1440.8404541016
446.621918      1371.1223144531
446.975555      1368.7984619141
447.329132      1354.8548583984
447.682678      1436.1926269531
448.036133      1373.4462890625
448.389618      1392.0378417969
448.743042      1389.7138671875
449.096405      1401.3334960938
449.449799      1392.0378417969
449.803101      1389.7138671875
450.156372      1417.6010742188
450.509613      1345.5590820313
450.862823      1510.5585937500
451.216003      1445.4882812500
451.569122      1399.0096435547
451.922211      1475.6994628906
452.275269      1484.9952392578
452.628296      1454.7840576172
452.981293      1445.4882812500
453.334229      1419.9250488281
453.687134      1459.4320068359
454.040009      1385.0660400391
454.392853      1408.3052978516
454.745636      1431.5446777344
455.098419      1443.1644287109
455.451172      1438.5164794922
455.803864      1401.3334960938
456.156464      1417.6010742188
456.509125      1412.9532470703
456.861694      1405.9814453125
457.214264      1387.3898925781
457.566742      1452.4600830078
457.919220      1459.4320068359
458.271667      1401.3334960938
458.624023      1415.2770996094
458.976379      1412.9532470703
459.328705      1350.2069091797
459.681000      1405.9814453125
460.033234      1385.0660400391
460.385468      1461.7558593750
460.737610      1438.5164794922
461.089752      1408.3052978516
461.441864      1461.7558593750
461.793945      1445.4882812500
462.145996      1480.3474121094
462.497955      1450.1362304688
462.849884      1424.5728759766
463.201813      1403.6574707031
463.553680      1468.7276611328
463.905518      1452.4600830078
464.257355      1401.3334960938
464.609100      1343.2351074219
464.960815      1496.6148681641
465.312531      1487.3192138672
465.664185      1387.3898925781
466.015778      1399.0096435547
466.367371      1433.8686523438
466.718903      1468.7276611328
467.070435      1464.0798339844
467.421906      1387.3898925781
467.773346      1364.1505126953
468.124725      1447.8122558594
468.476074      1422.2490234375
468.827393      1392.0378417969
469.178680      1415.2770996094
469.529938      1366.4744873047
469.881134      1371.1223144531
470.232330      1505.9106445313
470.583435      1415.2770996094
470.934540      1366.4744873047
471.285614      1373.4462890625
471.636627      1484.9952392578
471.987610      1440.8404541016
472.338562      1375.7702636719
472.689453      1450.1362304688
473.040375      1457.1080322266
473.391205      1459.4320068359
473.741974      1422.2490234375
474.092773      1482.6712646484
474.443481      1473.3756103516
474.794159      1480.3474121094
475.144806      1415.2770996094
475.495422      1399.0096435547
475.846039      1431.5446777344
476.196533      1415.2770996094
476.547028      1352.5308837891
476.897522      1394.3616943359
477.247925      1417.6010742188
477.598328      1433.8686523438
477.948700      1445.4882812500
478.299011      1445.4882812500
478.649231      1440.8404541016
478.999481      1450.1362304688
479.349701      1359.5026855469
479.699829      1415.2770996094
480.049988      1443.1644287109
480.400055      1443.1644287109
480.750153      1440.8404541016
481.100128      1415.2770996094
481.450104      1382.7420654297
481.800049      1459.4320068359
482.149963      1438.5164794922
482.499786      1347.8830566406
482.849670      1450.1362304688
483.199432      1378.0942382813
483.549194      1468.7276611328
483.898926      1405.9814453125
484.248566      1405.9814453125
484.598206      1394.3616943359
484.947815      1529.1500244141
485.297394      1394.3616943359
485.646912      1417.6010742188
485.996399      1387.3898925781
486.345825      1452.4600830078
486.695282      1447.8122558594
487.044617      1473.3756103516
487.393951      1345.5590820313
487.743286      1412.9532470703
488.092529      1443.1644287109
488.441711      1457.1080322266
488.790955      1454.7840576172
489.140076      1457.1080322266
489.489197      1396.6856689453
489.838257      1408.3052978516
490.187286      1422.2490234375
490.536316      1440.8404541016
490.885254      1438.5164794922
491.234161      1373.4462890625
491.583069      1410.6292724609
491.931915      1468.7276611328
492.280731      1366.4744873047
492.629486      1375.7702636719
492.978210      1433.8686523438
493.326874      1401.3334960938
493.675568      1329.2915039063
494.024200      1408.3052978516
494.372742      1466.4038085938
494.721313      1431.5446777344
495.069824      1412.9532470703
495.418274      1422.2490234375
495.766724      1424.5728759766
496.115112      1408.3052978516
496.463470      1498.9388427734
496.811768      1461.7558593750
497.160034      1417.6010742188
497.508301      1308.3760986328
497.856506      1408.3052978516
498.204651      1415.2770996094
498.552765      1378.0942382813
498.900848      1431.5446777344
499.248901      1440.8404541016
499.596924      1403.6574707031
499.944885      1368.7984619141
500.292816      1392.0378417969
500.640778      1438.5164794922
500.988556      1389.7138671875
501.336426      1410.6292724609
501.684204      1394.3616943359
502.031952      1440.8404541016
502.379700      1412.9532470703
502.727295      1382.7420654297
503.074982      1399.0096435547
503.422546      1399.0096435547
503.770081      1408.3052978516
504.117615      1412.9532470703
504.465088      1459.4320068359
504.812561      1415.2770996094
505.159943      1408.3052978516
505.507294      1478.0234375000
505.854645      1419.9250488281
506.201904      1429.2208251953
506.549194      1361.8266601563
506.896332      1422.2490234375
507.243591      1431.5446777344
507.590698      1457.1080322266
507.937775      1426.8968505859
508.284912      1417.6010742188
508.631836      1447.8122558594
508.978851      1382.7420654297
509.325806      1433.8686523438
509.672699      1461.7558593750
510.019592      1466.4038085938
510.366364      1433.8686523438
510.713196      1447.8122558594
511.059937      1382.7420654297
511.406677      1373.4462890625
511.753326      1473.3756103516
512.099976      1389.7138671875
512.446594      1419.9250488281
512.793091      1471.0516357422
513.139648      1438.5164794922
513.486145      1412.9532470703
513.832520      1466.4038085938
514.179016      1394.3616943359
514.525269      1375.7702636719
514.871704      1426.8968505859
515.217957      1408.3052978516
515.564209      1419.9250488281
515.910522      1419.9250488281
516.256531      1380.4180908203
516.602783      1452.4600830078
516.948853      1410.6292724609
517.294922      1387.3898925781
517.640930      1429.2208251953
517.986877      1440.8404541016
518.332886      1399.0096435547
518.678711      1461.7558593750
519.024658      1464.0798339844
519.370422      1433.8686523438
519.716248      1394.3616943359
520.062073      1450.1362304688
520.407715      1389.7138671875
520.753418      1392.0378417969
521.099060      1431.5446777344
521.444580      1401.3334960938
521.790222      1371.1223144531
522.135681      1452.4600830078
522.481201      1438.5164794922
522.826660      1424.5728759766
523.172058      1387.3898925781
523.517395      1373.4462890625
523.862671      1431.5446777344
524.208069      1417.6010742188
524.553284      1415.2770996094
524.898438      1436.1926269531
525.243591      1433.8686523438
525.588745      1324.6436767578
525.933899      1419.9250488281
526.278931      1382.7420654297
526.623962      1361.8266601563
526.968872      1412.9532470703
527.313904      1454.7840576172
527.658813      1454.7840576172
528.003601      1410.6292724609
528.348450      1426.8968505859
528.693237      1468.7276611328
529.037964      1429.2208251953
529.382751      1433.8686523438
529.727356      1429.2208251953
530.072021      1426.8968505859
530.416626      1466.4038085938
530.761169      1403.6574707031
531.105652      1433.8686523438
531.450134      1433.8686523438
531.794617      1438.5164794922
532.138916      1452.4600830078
532.483337      1433.8686523438
532.827637      1396.6856689453
533.171936      1385.0660400391
533.516174      1378.0942382813
533.860352      1401.3334960938
534.204529      1333.9394531250
534.548645      1352.5308837891
534.892700      1368.7984619141
535.236816      1392.0378417969
535.580750      1459.4320068359
535.924744      1422.2490234375
536.268738      1457.1080322266
536.612549      1452.4600830078
536.956421      1366.4744873047
537.300232      1387.3898925781
537.644043      1387.3898925781
537.987671      1431.5446777344
538.331421      1438.5164794922
538.675049      1447.8122558594
539.018677      1401.3334960938
539.362305      1403.6574707031
539.705750      1399.0096435547
540.049316      1419.9250488281
540.392822      1482.6712646484
540.736145      1436.1926269531
541.079590      1350.2069091797
541.422913      1484.9952392578
541.766235      1424.5728759766
542.109436      1424.5728759766
542.452698      1378.0942382813
542.795898      1392.0378417969
543.138977      1464.0798339844
543.482178      1405.9814453125
543.825195      1347.8830566406
544.168213      1487.3192138672
544.511230      1405.9814453125
544.854187      1389.7138671875
545.197083      1445.4882812500
545.539917      1433.8686523438
545.882813      1450.1362304688
546.225586      1375.7702636719
546.568359      1466.4038085938
546.911133      1443.1644287109
547.253662      1466.4038085938
547.596436      1436.1926269531
547.938965      1429.2208251953
548.281494      1408.3052978516
548.624084      1403.6574707031
548.966492      1408.3052978516
549.308960      1447.8122558594
549.651367      1438.5164794922
549.993713      1431.5446777344
550.336060      1419.9250488281
550.678345      1454.7840576172
551.020630      1438.5164794922
551.362732      1403.6574707031
551.704956      1450.1362304688
552.047058      1436.1926269531
552.389160      1452.4600830078
552.731262      1445.4882812500
553.073181      1394.3616943359
553.415161      1405.9814453125
553.757080      1412.9532470703
554.098999      1447.8122558594
554.440857      1433.8686523438
554.782593      1382.7420654297
555.124390      1471.0516357422
555.466125      1454.7840576172
555.807800      1440.8404541016
556.149414      1433.8686523438
556.491089      1387.3898925781
556.832642      1487.3192138672
557.174133      1445.4882812500
557.515686      1468.7276611328
557.857117      1382.7420654297
558.198486      1415.2770996094
558.539917      1405.9814453125
558.881165      1487.3192138672
559.222534      1417.6010742188
559.563782      1378.0942382813
559.904968      1389.7138671875
560.246216      1424.5728759766
560.587280      1394.3616943359
560.928406      1426.8968505859
561.269470      1378.0942382813
561.610474      1433.8686523438
561.951477      1457.1080322266
562.292297      1478.0234375000
562.633301      1447.8122558594
562.974121      1440.8404541016
563.315002      1438.5164794922
563.655762      1403.6574707031
563.996460      1387.3898925781
564.337158      1317.6718750000
564.677795      1361.8266601563
565.018433      1385.0660400391
565.359009      1433.8686523438
565.699524      1424.5728759766
566.040100      1412.9532470703
566.380493      1447.8122558594
566.720947      1438.5164794922
567.061340      1426.8968505859
567.401611      1473.3756103516
567.742004      1333.9394531250
568.082153      1450.1362304688
568.422424      1429.2208251953
568.762634      1373.4462890625
569.102722      1443.1644287109
569.442810      1378.0942382813
569.782898      1422.2490234375
570.122986      1426.8968505859
570.462830      1401.3334960938
570.802856      1338.5872802734
571.142761      1445.4882812500
571.482605      1471.0516357422
571.822449      1450.1362304688
572.162170      1443.1644287109
572.501953      1408.3052978516
572.841675      1412.9532470703
573.181274      1401.3334960938
573.520996      1459.4320068359
573.860474      1468.7276611328
574.200073      1387.3898925781
574.539551      1396.6856689453
574.878967      1375.7702636719
575.218384      1415.2770996094
575.557739      1350.2069091797
575.897156      1399.0096435547
576.236450      1459.4320068359
576.575684      1375.7702636719
576.914856      1454.7840576172
577.254089      1401.3334960938
577.593262      1440.8404541016
577.932251      1436.1926269531
578.271362      1417.6010742188
578.610352      1429.2208251953
578.949341      1385.0660400391
579.288330      1457.1080322266
579.627197      1445.4882812500
579.966064      1431.5446777344
580.304871      1438.5164794922
580.643677      1471.0516357422
580.982483      1450.1362304688
581.321045      1417.6010742188
581.659790      1429.2208251953
581.998413      1396.6856689453
582.336914      1412.9532470703
582.675476      1333.9394531250
583.013916      1445.4882812500
583.352478      1375.7702636719
583.690796      1422.2490234375
584.029175      1426.8968505859
584.367493      1417.6010742188
584.705811      1415.2770996094
585.044128      1454.7840576172
585.382202      1389.7138671875
585.720459      1450.1362304688
586.058594      1417.6010742188
586.396667      1431.5446777344
586.734802      1412.9532470703
587.072693      1440.8404541016
587.410767      1410.6292724609
587.748657      1424.5728759766
588.086487      1440.8404541016
588.424316      1461.7558593750
588.762146      1433.8686523438
589.099976      1450.1362304688
589.437622      1457.1080322266
589.775391      1417.6010742188
590.113037      1452.4600830078
590.450623      1436.1926269531
590.788208      1424.5728759766
591.125671      1412.9532470703
591.463196      1389.7138671875
591.800659      1403.6574707031
592.138062      1475.6994628906
592.475464      1436.1926269531
592.812683      1440.8404541016
593.150024      1459.4320068359
593.487244      1364.1505126953
593.824402      1417.6010742188
594.161621      1387.3898925781
594.498657      1452.4600830078
594.835815      1424.5728759766
595.172852      1445.4882812500
595.509827      1378.0942382813
595.846741      1424.5728759766
596.183655      1480.3474121094
596.520630      1378.0942382813
596.857422      1366.4744873047
597.194214      1412.9532470703
597.530945      1438.5164794922
597.867615      1375.7702636719
598.204346      1459.4320068359
598.540955      1422.2490234375
598.877563      1394.3616943359
599.214111      1405.9814453125
599.550598      1410.6292724609
599.887085      1429.2208251953
600.223450      1350.2069091797
600.559937      1396.6856689453
600.896240      1505.9106445313
601.232544      1436.1926269531
601.568787      1403.6574707031
601.905029      1326.9675292969
602.241272      1475.6994628906
602.577271      1422.2490234375
602.913452      1440.8404541016
603.249512      1419.9250488281
603.585510      1361.8266601563
603.921509      1475.6994628906
604.257385      1475.6994628906
604.593323      1450.1362304688
604.929199      1443.1644287109
605.264954      1466.4038085938
605.600830      1417.6010742188
605.936462      1429.2208251953
606.272217      1419.9250488281
606.607849      1401.3334960938
606.943420      1443.1644287109
607.278992      1373.4462890625
607.614502      1440.8404541016
607.950012      1326.9675292969
608.285461      1403.6574707031
608.620850      1471.0516357422
608.956177      1394.3616943359
609.291504      1382.7420654297
609.626831      1431.5446777344
609.962036      1408.3052978516
610.297302      1357.1787109375
610.632446      1440.8404541016
610.967529      1424.5728759766
611.302673      1466.4038085938
611.637634      1429.2208251953
611.972656      1436.1926269531
612.307617      1389.7138671875
612.642517      1429.2208251953
612.977356      1326.9675292969
613.312195      1429.2208251953
613.646973      1443.1644287109
613.981750      1438.5164794922
614.316406      1436.1926269531
614.651062      1389.7138671875
614.985657      1433.8686523438
615.320313      1403.6574707031
615.654846      1489.6430664063
615.989319      1445.4882812500
616.323792      1424.5728759766
616.658203      1401.3334960938
616.992615      1459.4320068359
617.326904      1415.2770996094
617.661194      1382.7420654297
617.995483      1419.9250488281
618.329712      1378.0942382813
618.663940      1461.7558593750
618.997925      1364.1505126953
619.332092      1431.5446777344
619.666077      1429.2208251953
620.000061      1426.8968505859
620.334045      1438.5164794922
620.667969      1473.3756103516
621.001892      1419.9250488281
621.335632      1354.8548583984
621.669495      1394.3616943359
622.003296      1340.9112548828
622.336914      1426.8968505859
622.670654      1433.8686523438
623.004272      1399.0096435547
623.337891      1450.1362304688
623.671387      1436.1926269531
624.004883      1468.7276611328
624.338440      1443.1644287109
624.671753      1415.2770996094
625.005249      1368.7984619141
625.338562      1310.7000732422
625.671814      1440.8404541016
626.005066      1494.2910156250
626.338257      1494.2910156250
626.671509      1403.6574707031
627.004578      1424.5728759766
627.337708      1424.5728759766
627.670776      1452.4600830078
628.003723      1445.4882812500
628.336731      1464.0798339844
628.669556      1350.2069091797
629.002502      1431.5446777344
629.335327      1415.2770996094
629.668152      1345.5590820313
630.000916      1445.4882812500
630.333618      1487.3192138672
630.666321      1417.6010742188
630.998962      1403.6574707031
631.331482      1438.5164794922
631.664063      1412.9532470703
631.996521      1403.6574707031
632.329102      1415.2770996094
632.661499      1389.7138671875
632.993835      1482.6712646484
633.326172      1445.4882812500
633.658447      1357.1787109375
633.990784      1431.5446777344
634.322937      1440.8404541016
634.655212      1396.6856689453
634.987244      1405.9814453125
635.319397      1438.5164794922
635.651489      1385.0660400391
635.983398      1429.2208251953
636.315430      1380.4180908203
636.647278      1436.1926269531
636.979187      1431.5446777344
637.311035      1392.0378417969
637.642761      1412.9532470703
637.974609      1443.1644287109
638.306335      1417.6010742188
638.637939      1392.0378417969
638.969604      1396.6856689453
639.301147      1436.1926269531
639.632751      1408.3052978516
639.964233      1443.1644287109
640.295715      1429.2208251953
640.627075      1436.1926269531
640.958496      1471.0516357422
641.289917      1422.2490234375
641.621094      1452.4600830078
641.952393      1445.4882812500
642.283569      1366.4744873047
642.614746      1433.8686523438
642.945923      1473.3756103516
643.276917      1412.9532470703
643.608093      1408.3052978516
643.939026      1438.5164794922
644.269958      1459.4320068359
644.600891      1426.8968505859
644.931763      1429.2208251953
645.262634      1422.2490234375
645.593384      1415.2770996094
645.924133      1433.8686523438
646.254822      1454.7840576172
646.585510      1454.7840576172
646.916199      1466.4038085938
647.246704      1408.3052978516
647.577271      1436.1926269531
647.907715      1431.5446777344
648.238220      1429.2208251953
648.568665      1394.3616943359
648.898987      1459.4320068359
649.229309      1447.8122558594
649.559570      1415.2770996094
649.889832      1429.2208251953
650.220093      1436.1926269531
650.550171      1484.9952392578
650.880310      1482.6712646484
651.210388      1394.3616943359
651.540405      1468.7276611328
651.870422      1417.6010742188
652.200317      1429.2208251953
652.530273      1491.9670410156
652.860046      1405.9814453125
653.189941      1424.5728759766
653.519775      1419.9250488281
653.849426      1443.1644287109
654.179199      1405.9814453125
654.508789      1412.9532470703
654.838440      1385.0660400391
655.168030      1464.0798339844
655.497498      1405.9814453125
655.827026      1380.4180908203
656.156372      1389.7138671875
656.485840      1408.3052978516
656.815247      1466.4038085938
657.144470      1422.2490234375
657.473755      1422.2490234375
657.802979      1459.4320068359
658.132202      1459.4320068359
658.461243      1438.5164794922
658.790466      1385.0660400391
659.119507      1415.2770996094
659.448486      1475.6994628906
659.777527      1401.3334960938
660.106384      1322.3197021484
660.435242      1478.0234375000
660.764160      1419.9250488281
661.092896      1480.3474121094
661.421692      1380.4180908203
661.750427      1396.6856689453
662.079102      1426.8968505859
662.407715      1473.3756103516
662.736328      1471.0516357422
663.064880      1478.0234375000
663.393311      1457.1080322266
663.721802      1408.3052978516
664.050232      1394.3616943359
664.378601      1459.4320068359
664.706970      1410.6292724609
665.035217      1419.9250488281
665.363525      1422.2490234375
665.691650      1357.1787109375
666.019897      1345.5590820313
666.347961      1461.7558593750
666.676086      1424.5728759766
667.004150      1403.6574707031
667.332092      1347.8830566406
667.660095      1385.0660400391
667.987915      1450.1362304688
668.315796      1408.3052978516
668.643677      1399.0096435547
668.971436      1410.6292724609
669.299133      1380.4180908203
669.626892      1461.7558593750
669.954468      1419.9250488281
670.282104      1403.6574707031
670.609619      1373.4462890625
670.937256      1385.0660400391
671.264587      1431.5446777344
671.592163      1468.7276611328
671.919495      1354.8548583984
672.246887      1410.6292724609
672.574097      1389.7138671875
672.901489      1357.1787109375
673.228699      1440.8404541016
673.555847      1378.0942382813
673.882996      1387.3898925781
674.210022      1385.0660400391
674.537109      1487.3192138672
674.864136      1433.8686523438
675.191101      1447.8122558594
675.518005      1438.5164794922
675.844849      1380.4180908203
676.171692      1396.6856689453
676.498535      1468.7276611328
676.825256      1484.9952392578
677.151978      1440.8404541016
677.478577      1459.4320068359
677.805237      1464.0798339844
678.131836      1482.6712646484
678.458435      1364.1505126953
678.784851      1415.2770996094
679.111328      1396.6856689453
679.437744      1510.5585937500
679.764099      1366.4744873047
680.090454      1352.5308837891
680.416687      1440.8404541016
680.742920      1436.1926269531
681.069153      1415.2770996094
681.395203      1389.7138671875
681.721313      1452.4600830078
682.047485      1447.8122558594
682.373474      1378.0942382813
682.699402      1401.3334960938
683.025391      1422.2490234375
683.351196      1445.4882812500
683.677063      1405.9814453125
684.002930      1426.8968505859
684.328674      1415.2770996094
684.654358      1480.3474121094
684.980042      1424.5728759766
685.305603      1324.6436767578
685.631287      1438.5164794922
685.956787      1494.2910156250
686.282288      1417.6010742188
686.607788      1392.0378417969
686.933167      1436.1926269531
687.258545      1424.5728759766
687.583923      1461.7558593750
687.909180      1401.3334960938
688.234375      1461.7558593750
688.559631      1431.5446777344
688.884766      1424.5728759766
689.209839      1396.6856689453
689.534973      1410.6292724609
689.859924      1385.0660400391
690.184937      1371.1223144531
690.509827      1438.5164794922
690.834717      1359.5026855469
691.159668      1389.7138671875
691.484436      1415.2770996094
691.809204      1359.5026855469
692.133911      1471.0516357422
692.458557      1403.6574707031
692.783142      1303.7282714844
693.107849      1443.1644287109
693.432312      1466.4038085938
693.756836      1410.6292724609
694.081238      1473.3756103516
694.405701      1445.4882812500
694.730164      1436.1926269531
695.054443      1466.4038085938
695.378723      1447.8122558594
695.702942      1419.9250488281
696.027100      1501.2628173828
696.351257      1433.8686523438
696.675476      1394.3616943359
696.999512      1431.5446777344
697.323486      1494.2910156250
697.647461      1445.4882812500
697.971375      1436.1926269531
698.295349      1429.2208251953
698.619202      1494.2910156250
698.942993      1394.3616943359
699.266724      1410.6292724609
699.590393      1401.3334960938
699.914124      1452.4600830078
700.237793      1396.6856689453
700.561340      1450.1362304688
700.884949      1426.8968505859
701.208374      1461.7558593750
701.531860      1464.0798339844
701.855286      1345.5590820313
702.178650      1447.8122558594
702.501953      1415.2770996094
702.825195      1454.7840576172
703.148499      1405.9814453125
703.471680      1375.7702636719
703.794861      1410.6292724609
704.117981      1471.0516357422
704.440979      1408.3052978516
704.764038      1443.1644287109
705.086975      1433.8686523438
705.409851      1419.9250488281
705.732849      1380.4180908203
706.055664      1466.4038085938
706.378479      1440.8404541016
706.701233      1450.1362304688
707.023926      1408.3052978516
707.346619      1424.5728759766
707.669250      1415.2770996094
707.991821      1480.3474121094
708.314392      1445.4882812500
708.636841      1422.2490234375
708.959290      1408.3052978516
709.281738      1422.2490234375
709.604065      1375.7702636719
709.926392      1482.6712646484
710.248657      1422.2490234375
710.570862      1424.5728759766
710.893066      1357.1787109375
711.215210      1415.2770996094
711.537292      1359.5026855469
711.859314      1380.4180908203
712.181335      1452.4600830078
712.503357      1415.2770996094
712.825256      1429.2208251953
713.147156      1443.1644287109
713.468994      1466.4038085938
713.790771      1489.6430664063
714.112488      1412.9532470703
714.434143      1464.0798339844
714.755859      1440.8404541016
715.077515      1484.9952392578
715.399109      1431.5446777344
715.720581      1412.9532470703
716.042053      1440.8404541016
716.363525      1396.6856689453
716.684875      1368.7984619141
717.006287      1433.8686523438
717.327576      1401.3334960938
717.648804      1494.2910156250
717.969971      1399.0096435547
718.291260      1415.2770996094
718.612366      1454.7840576172
718.933411      1378.0942382813
719.254395      1487.3192138672
719.575439      1419.9250488281
719.896362      1475.6994628906
720.217285      1422.2490234375
720.538147      1373.4462890625
720.859009      1464.0798339844
721.179749      1468.7276611328
721.500488      1424.5728759766
721.821228      1389.7138671875
722.141785      1480.3474121094
722.462402      1440.8404541016
722.782959      1417.6010742188
723.103455      1401.3334960938
723.423950      1440.8404541016
723.744385      1438.5164794922
724.064758      1466.4038085938
724.385071      1452.4600830078
724.705322      1415.2770996094
725.025574      1364.1505126953
725.345825      1345.5590820313
725.665955      1364.1505126953
725.986023      1482.6712646484
726.306091      1382.7420654297
726.626099      1373.4462890625
726.946045      1422.2490234375
727.266052      1459.4320068359
727.585938      1412.9532470703
727.905762      1429.2208251953
728.225525      1436.1926269531
728.545288      1368.7984619141
728.864990      1394.3616943359
729.184692      1389.7138671875
729.504333      1443.1644287109
729.823853      1401.3334960938
730.143372      1422.2490234375
730.462891      1438.5164794922
730.782410      1424.5728759766
731.101746      1450.1362304688
731.421143      1482.6712646484
731.740417      1410.6292724609
732.059631      1484.9952392578
732.378845      1438.5164794922
732.698059      1387.3898925781
733.017212      1422.2490234375
733.336304      1450.1362304688
733.655273      1475.6994628906
733.974304      1445.4882812500
734.293335      1371.1223144531
734.612183      1399.0096435547
734.931030      1371.1223144531
735.249878      1466.4038085938
735.568665      1438.5164794922
735.887329      1424.5728759766
736.206055      1429.2208251953
736.524658      1424.5728759766
736.843262      1394.3616943359
737.161804      1382.7420654297
737.480286      1366.4744873047
737.798828      1405.9814453125
738.117249      1403.6574707031
738.435608      1357.1787109375
738.753906      1408.3052978516
739.072205      1403.6574707031
739.390442      1382.7420654297
739.708618      1399.0096435547
740.026733      1364.1505126953
740.344849      1438.5164794922
740.662903      1457.1080322266
740.980957      1429.2208251953
741.298889      1429.2208251953
741.616821      1424.5728759766
741.934692      1429.2208251953
742.252502      1478.0234375000
742.570313      1450.1362304688
742.888062      1401.3334960938
743.205750      1436.1926269531
743.523438      1424.5728759766
743.841003      1494.2910156250
744.158569      1457.1080322266
744.476074      1396.6856689453
744.793518      1399.0096435547
745.111023      1417.6010742188
745.428345      1378.0942382813
745.745728      1396.6856689453
746.062988      1387.3898925781
746.380249      1461.7558593750
746.697449      1443.1644287109
747.014648      1478.0234375000
747.331726      1361.8266601563
747.648804      1489.6430664063
747.965759      1426.8968505859
748.282776      1501.2628173828
748.599731      1433.8686523438
748.916626      1478.0234375000
749.233459      1478.0234375000
749.550232      1489.6430664063
749.867004      1450.1362304688
750.183655      1450.1362304688
750.500366      1401.3334960938
750.816956      1440.8404541016
751.133545      1450.1362304688
751.450073      1424.5728759766
751.766479      1394.3616943359
752.083008      1412.9532470703
752.399414      1394.3616943359
752.715698      1478.0234375000
753.032043      1364.1505126953
753.348328      1440.8404541016
753.664429      1417.6010742188
753.980713      1357.1787109375
754.296814      1429.2208251953
754.612854      1382.7420654297
754.928833      1422.2490234375
755.244873      1487.3192138672
755.560852      1378.0942382813
755.876709      1357.1787109375
756.192505      1429.2208251953
756.508362      1415.2770996094
756.824097      1412.9532470703
757.139771      1361.8266601563
757.455505      1412.9532470703
757.771118      1399.0096435547
758.086670      1484.9952392578
758.402222      1412.9532470703
758.717712      1378.0942382813
759.033081      1396.6856689453
759.348511      1359.5026855469
759.663879      1399.0096435547
759.979187      1389.7138671875
760.294434      1450.1362304688
760.609619      1429.2208251953
760.924805      1524.5021972656
761.239929      1426.8968505859
761.554993      1443.1644287109
761.869995      1385.0660400391
762.184998      1357.1787109375
762.499939      1340.9112548828
762.814880      1454.7840576172
763.129700      1338.5872802734
763.444519      1373.4462890625
763.759277      1392.0378417969
764.073975      1403.6574707031
764.388672      1459.4320068359
764.703308      1466.4038085938
765.017883      1436.1926269531
765.332397      1501.2628173828
765.646851      1408.3052978516
765.961304      1433.8686523438
766.275696      1389.7138671875
766.590088      1450.1362304688
766.904358      1387.3898925781
767.218628      1429.2208251953
767.532776      1419.9250488281
767.846924      1489.6430664063
768.161072      1491.9670410156
768.475159      1408.3052978516
768.789185      1482.6712646484
769.103149      1475.6994628906
769.417114      1399.0096435547
769.731079      1480.3474121094
770.044861      1461.7558593750
770.358643      1459.4320068359
770.672363      1357.1787109375
770.986084      1389.7138671875
771.299683      1443.1644287109
771.613403      1415.2770996094
771.927002      1475.6994628906
772.240479      1438.5164794922
772.553955      1454.7840576172
772.867371      1375.7702636719
773.180847      1484.9952392578
773.494141      1445.4882812500
773.807434      1375.7702636719
774.120667      1412.9532470703
774.433899      1450.1362304688
774.747009      1366.4744873047
775.060181      1359.5026855469
775.373230      1392.0378417969
775.686218      1368.7984619141
775.999207      1412.9532470703
776.312073      1408.3052978516
776.624939      1389.7138671875
776.937866      1357.1787109375
777.250671      1426.8968505859
777.563416      1354.8548583984
777.876099      1396.6856689453
778.188721      1382.7420654297
778.501343      1424.5728759766
778.813904      1459.4320068359
779.126404      1410.6292724609
779.438904      1457.1080322266
779.751282      1366.4744873047
780.063660      1405.9814453125
780.376038      1326.9675292969
780.688293      1410.6292724609
781.000549      1450.1362304688
781.312683      1422.2490234375
781.624817      1429.2208251953
781.937012      1436.1926269531
782.249023      1415.2770996094
782.561035      1417.6010742188
782.872986      1422.2490234375
783.184937      1422.2490234375
783.496765      1424.5728759766
783.808655      1436.1926269531
784.120422      1487.3192138672
784.432129      1410.6292724609
784.743774      1424.5728759766
785.055420      1385.0660400391
785.367004      1431.5446777344
785.678589      1364.1505126953
785.990051      1464.0798339844
786.301514      1445.4882812500
786.612976      1389.7138671875
786.924316      1371.1223144531
787.235657      1466.4038085938
787.546936      1489.6430664063
787.858154      1352.5308837891
788.169312      1459.4320068359
788.480408      1385.0660400391
788.791504      1408.3052978516
789.102600      1438.5164794922
789.413513      1480.3474121094
789.724487      1447.8122558594
790.035400      1473.3756103516
790.346191      1431.5446777344
790.657043      1410.6292724609
790.967834      1426.8968505859
791.278564      1424.5728759766
791.589172      1399.0096435547
791.899780      1401.3334960938
792.210327      1382.7420654297
792.520935      1508.2346191406
792.831421      1466.4038085938
793.141846      1436.1926269531
793.452209      1394.3616943359
793.762573      1480.3474121094
794.072815      1498.9388427734
794.383118      1399.0096435547
794.693359      1515.2064208984
795.003479      1408.3052978516
795.313538      1482.6712646484
795.623596      1438.5164794922
795.933716      1394.3616943359
796.243652      1443.1644287109
796.553589      1387.3898925781
796.863464      1459.4320068359
797.173218      1450.1362304688
797.483032      1399.0096435547
797.792786      1429.2208251953
798.102478      1452.4600830078
798.412109      1405.9814453125
798.721741      1399.0096435547
799.031250      1440.8404541016
799.340820      1508.2346191406
799.650269      1392.0378417969
799.959656      1438.5164794922
800.269043      1419.9250488281
800.578369      1396.6856689453
800.887573      1498.9388427734
801.196899      1345.5590820313
801.505981      1385.0660400391
801.815186      1426.8968505859
802.124207      1457.1080322266
802.433289      1501.2628173828
802.742188      1438.5164794922
803.051270      1417.6010742188
803.360168      1457.1080322266
803.668945      1454.7840576172
803.977783      1447.8122558594
804.286499      1378.0942382813
804.595276      1415.2770996094
804.903931      1440.8404541016
805.212524      1443.1644287109
805.521057      1366.4744873047
805.829590      1422.2490234375
806.138062      1436.1926269531
806.446533      1489.6430664063
806.754944      1399.0096435547
807.063293      1473.3756103516
807.371521      1473.3756103516
807.679749      1473.3756103516
807.987976      1340.9112548828
808.296143      1433.8686523438
808.604248      1433.8686523438
808.912292      1431.5446777344
809.220276      1345.5590820313
809.528198      1433.8686523438
809.836182      1424.5728759766
810.144043      1487.3192138672
810.451843      1480.3474121094
810.759644      1484.9952392578
811.067322      1417.6010742188
811.375061      1443.1644287109
811.682678      1457.1080322266
811.990295      1438.5164794922
812.297791      1408.3052978516
812.605286      1403.6574707031
812.912720      1364.1505126953
813.220154      1422.2490234375
813.527527      1464.0798339844
813.834839      1336.2633056641
814.142029      1452.4600830078
814.449219      1378.0942382813
814.756409      1392.0378417969
815.063538      1410.6292724609
815.370605      1482.6712646484
815.677612      1473.3756103516
815.984619      1494.2910156250
816.291504      1419.9250488281
816.598389      1429.2208251953
816.905273      1410.6292724609
817.212036      1403.6574707031
817.518738      1459.4320068359
817.825439      1457.1080322266
818.132080      1468.7276611328
818.438721      1468.7276611328
818.745239      1378.0942382813
819.051758      1461.7558593750
819.358215      1380.4180908203
819.664612      1394.3616943359
819.971008      1392.0378417969
820.277344      1484.9952392578
820.583557      1366.4744873047
820.889771      1371.1223144531
821.195923      1436.1926269531
821.502075      1350.2069091797
821.808167      1412.9532470703
822.114197      1392.0378417969
822.420166      1359.5026855469
822.726074      1452.4600830078
823.031921      1412.9532470703
823.337769      1484.9952392578
823.643677      1436.1926269531
823.949402      1512.8824462891
824.255066      1431.5446777344
824.560730      1447.8122558594
824.866272      1461.7558593750
825.171936      1417.6010742188
825.477356      1496.6148681641
825.782837      1408.3052978516
826.088257      1501.2628173828
826.393616      1382.7420654297
826.698914      1468.7276611328
827.004272      1440.8404541016
827.309448      1422.2490234375
827.614624      1396.6856689453
827.919739      1415.2770996094
828.224854      1403.6574707031
828.529907      1401.3334960938
828.834839      1412.9532470703
829.139832      1419.9250488281
829.444702      1380.4180908203
829.749512      1396.6856689453
830.054260      1433.8686523438
830.359131      1415.2770996094
830.663818      1517.5303955078
830.968506      1450.1362304688
831.273071      1368.7984619141
831.577576      1401.3334960938
831.882080      1410.6292724609
832.186646      1417.6010742188
832.491028      1422.2490234375
832.795410      1405.9814453125
833.099731      1338.5872802734
833.403931      1345.5590820313
833.708191      1392.0378417969
834.012390      1424.5728759766
834.316467      1415.2770996094
834.620605      1422.2490234375
834.924622      1473.3756103516
835.228577      1457.1080322266
835.532593      1468.7276611328
835.836426      1424.5728759766
836.140320      1378.0942382813
836.444031      1491.9670410156
836.747803      1433.8686523438
837.051514      1396.6856689453
837.355225      1396.6856689453
837.658752      1364.1505126953
837.962341      1394.3616943359
838.265808      1443.1644287109
838.569336      1529.1500244141
838.872742      1419.9250488281
839.176147      1380.4180908203
839.479370      1461.7558593750
839.782715      1410.6292724609
840.085876      1426.8968505859
840.389038      1399.0096435547
840.692261      1452.4600830078
840.995300      1347.8830566406
841.298340      1340.9112548828
841.601257      1508.2346191406
841.904236      1375.7702636719
842.207153      1389.7138671875
842.509949      1364.1505126953
842.812805      1415.2770996094
843.115540      1461.7558593750
843.418152      1396.6856689453
843.720825      1405.9814453125
844.023438      1484.9952392578
844.325989      1417.6010742188
844.628540      1375.7702636719
844.930969      1419.9250488281
845.233337      1405.9814453125
845.535767      1475.6994628906
845.838013      1454.7840576172
846.140259      1410.6292724609
846.442505      1424.5728759766
846.744690      1440.8404541016
847.046753      1382.7420654297
847.348877      1403.6574707031
847.650879      1466.4038085938
847.952881      1445.4882812500
848.254761      1445.4882812500
848.556641      1454.7840576172
848.858459      1331.6154785156
849.160278      1429.2208251953
849.462036      1364.1505126953
849.763733      1399.0096435547
850.065308      1412.9532470703
850.366882      1385.0660400391
850.668518      1408.3052978516
850.969971      1426.8968505859
851.271423      1401.3334960938
851.572815      1419.9250488281
851.874084      1464.0798339844
852.175476      1503.5867919922
852.476685      1412.9532470703
852.777893      1417.6010742188
853.079041      1447.8122558594
853.380127      1459.4320068359
853.681213      1408.3052978516
853.982239      1371.1223144531
854.283203      1378.0942382813
854.584106      1394.3616943359
854.885010      1401.3334960938
855.185791      1417.6010742188
855.486572      1443.1644287109
855.787292      1403.6574707031
856.088013      1401.3334960938
856.388611      1422.2490234375
856.689148      1405.9814453125
856.989685      1412.9532470703
857.290161      1473.3756103516
857.590637      1415.2770996094
857.890991      1438.5164794922
858.191284      1457.1080322266
858.491577      1447.8122558594
858.791809      1352.5308837891
859.092041      1389.7138671875
859.392212      1461.7558593750
859.692261      1452.4600830078
859.992310      1447.8122558594
860.292297      1399.0096435547
860.592224      1426.8968505859
860.892151      1454.7840576172
861.191956      1431.5446777344
861.491760      1385.0660400391
861.791565      1387.3898925781
862.091248      1415.2770996094
862.390930      1468.7276611328
862.690552      1429.2208251953
862.990051      1415.2770996094
863.289551      1408.3052978516
863.589050      1440.8404541016
863.888428      1452.4600830078
864.187805      1382.7420654297
864.487122      1445.4882812500
864.786377      1405.9814453125
865.085632      1438.5164794922
865.384705      1389.7138671875
865.683838      1480.3474121094
865.982971      1396.6856689453
866.281982      1345.5590820313
866.580933      1417.6010742188
866.879883      1454.7840576172
867.178711      1412.9532470703
867.477600      1512.8824462891
867.776367      1429.2208251953
868.075134      1484.9952392578
868.373718      1422.2490234375
868.672424      1368.7984619141
868.970947      1489.6430664063
869.269531      1452.4600830078
869.568054      1345.5590820313
869.866455      1412.9532470703
870.164856      1468.7276611328
870.463196      1396.6856689453
870.761536      1415.2770996094
871.059753      1478.0234375000
871.357971      1431.5446777344
871.656067      1405.9814453125
871.954102      1410.6292724609
872.252197      1422.2490234375
872.550232      1417.6010742188
872.848206      1401.3334960938
873.146057      1433.8686523438
873.443848      1401.3334960938
873.741638      1401.3334960938
874.039429      1399.0096435547
874.337158      1415.2770996094
874.634827      1394.3616943359
874.932373      1382.7420654297
875.229980      1482.6712646484
875.527466      1454.7840576172
875.825012      1445.4882812500
876.122375      1431.5446777344
876.419739      1438.5164794922
876.717041      1443.1644287109
877.014282      1443.1644287109
877.311462      1431.5446777344
877.608704      1403.6574707031
877.905762      1436.1926269531
878.202881      1385.0660400391
878.499817      1471.0516357422
878.796814      1333.9394531250
879.093811      1438.5164794922
879.390625      1433.8686523438
879.687439      1412.9532470703
879.984253      1403.6574707031
880.280884      1385.0660400391
880.577637      1380.4180908203
880.874268      1468.7276611328
881.170837      1392.0378417969
881.467346      1426.8968505859
881.763855      1419.9250488281
882.060242      1405.9814453125
882.356567      1333.9394531250
882.652954      1424.5728759766
882.949280      1466.4038085938
883.245483      1419.9250488281
883.541626      1459.4320068359
883.837830      1399.0096435547
884.133911      1450.1362304688
884.429932      1410.6292724609
884.725952      1410.6292724609
885.021851      1464.0798339844
885.317688      1396.6856689453
885.613525      1417.6010742188
885.909363      1359.5026855469
886.205078      1387.3898925781
