0.062800
191.033081         0.0000000000
191.409973         0.0000000000
191.786819      1568.6569824219
192.163651      1615.1356201172
192.540451      1605.8399658203
192.917221      1594.2202148438
193.293961      1573.3048095703
193.670670      1687.1777343750
194.047348      1659.2904052734
194.423981      1698.7973632813
194.800613      1587.2484130859
195.177200      1619.7835693359
195.553757      1612.8117675781
195.930283      1552.3894042969
196.306778      1624.4313964844
196.683258      1577.9526367188
197.059677      1601.1920166016
197.436081      1649.9947509766
197.812454      1596.5441894531
198.188812      1617.4595947266
198.565125      1656.9665527344
198.941406      1557.0372314453
199.317673      1598.8681640625
199.693893      1591.8963623047
200.070099      1522.1782226563
200.446259      1559.3612060547
200.822388      1601.1920166016
201.198486      1582.6005859375
201.574570      1587.2484130859
201.950607      1568.6569824219
202.326614      1589.5723876953
202.702606      1594.2202148438
203.078568      1652.3186035156
203.454483      1545.4176025391
203.830383      1587.2484130859
204.206253      1589.5723876953
204.582077      1668.5861816406
204.957870      1629.0793457031
205.333633      1559.3612060547
205.709396      1570.9808349609
206.085098      1557.0372314453
206.460785      1554.7133789063
206.836426      1545.4176025391
207.212051      1577.9526367188
207.587646      1561.6851806641
207.963196      1552.3894042969
208.338730      1573.3048095703
208.714218      1510.5585937500
209.089691      1603.5159912109
209.465134      1608.1638183594
209.840530      1598.8681640625
210.215897      1626.7553710938
210.591263      1591.8963623047
210.966583      1536.1218261719
211.341858      1638.3750000000
211.717102      1645.3468017578
212.092331      1566.3330078125
212.467529      1547.7415771484
212.842697      1615.1356201172
213.217819      1584.9245605469
213.592926      1598.8681640625
213.968002      1561.6851806641
214.343018      1587.2484130859
214.718033      1594.2202148438
215.093018      1557.0372314453
215.467972      1564.0090332031
215.842880      1598.8681640625
216.217773      1522.1782226563
216.592636      1529.1500244141
216.967453      1566.3330078125
217.342255      1540.7697753906
217.717026      1587.2484130859
218.091766      1575.6287841797
218.466446      1529.1500244141
218.841125      1617.4595947266
219.215759      1594.2202148438
219.590378      1575.6287841797
219.964966      1629.0793457031
220.339508      1501.2628173828
220.714020      1538.4458007813
221.088516      1589.5723876953
221.462967      1591.8963623047
221.837402      1557.0372314453
222.211792      1626.7553710938
222.586166      1564.0090332031
222.960510      1522.1782226563
223.334793      1554.7133789063
223.709061      1575.6287841797
224.083313      1589.5723876953
224.457520      1608.1638183594
224.831696      1533.7978515625
225.205856      1503.5867919922
225.579987      1508.2346191406
225.954056      1557.0372314453
226.328110      1570.9808349609
226.702148      1531.4739990234
227.076126      1522.1782226563
227.450104      1584.9245605469
227.824036      1608.1638183594
228.197937      1557.0372314453
228.571823      1601.1920166016
228.945648      1605.8399658203
229.319473      1591.8963623047
229.693237      1582.6005859375
230.066986      1552.3894042969
230.440704      1608.1638183594
230.814392      1543.0936279297
231.188034      1591.8963623047
231.561661      1561.6851806641
231.935257      1610.4877929688
232.308823      1631.4031982422
232.682343      1596.5441894531
233.055847      1570.9808349609
233.429321      1580.2766113281
233.802750      1503.5867919922
234.176147      1626.7553710938
234.549530      1598.8681640625
234.922882      1547.7415771484
235.296188      1531.4739990234
235.669464      1557.0372314453
236.042725      1545.4176025391
236.415924      1531.4739990234
236.789139      1552.3894042969
237.162292      1631.4031982422
237.535416      1536.1218261719
237.908508      1557.0372314453
238.281570      1617.4595947266
238.654617      1631.4031982422
239.027618      1605.8399658203
239.400574      1643.0229492188
239.773514      1557.0372314453
240.146423      1566.3330078125
240.519302      1594.2202148438
240.892136      1587.2484130859
241.264969      1584.9245605469
241.637726      1594.2202148438
242.010498      1591.8963623047
242.383209      1589.5723876953
242.755905      1617.4595947266
243.128555      1554.7133789063
243.501190      1552.3894042969
243.873779      1550.0654296875
244.246353      1566.3330078125
244.618866      1552.3894042969
244.991379      1605.8399658203
245.363861      1564.0090332031
245.736282      1524.5021972656
246.108688      1675.5579833984
246.481079      1687.1777343750
246.853409      1666.2623291016
247.225723      1652.3186035156
247.598007      1570.9808349609
247.970261      1536.1218261719
248.342468      1608.1638183594
248.714645      1568.6569824219
249.086823      1522.1782226563
249.458954      1589.5723876953
249.831024      1601.1920166016
250.203094      1570.9808349609
250.575134      1617.4595947266
250.947113      1545.4176025391
251.319092      1575.6287841797
251.691025      1545.4176025391
252.062912      1557.0372314453
252.434784      1559.3612060547
252.806641      1603.5159912109
253.178452      1608.1638183594
253.550232      1605.8399658203
253.921967      1582.6005859375
254.293686      1529.1500244141
254.665359      1601.1920166016
255.037003      1612.8117675781
255.408630      1568.6569824219
255.780228      1680.2059326172
256.151764      1561.6851806641
256.523285      1643.0229492188
256.894806      1587.2484130859
257.266235      1559.3612060547
257.637695      1515.2064208984
258.009064      1540.7697753906
258.380432      1547.7415771484
258.751770      1617.4595947266
259.123077      1547.7415771484
259.494385      1601.1920166016
259.865601      1617.4595947266
260.236816      1566.3330078125
260.607941      1543.0936279297
260.979126      1529.1500244141
261.350220      1547.7415771484
261.721344      1591.8963623047
262.092346      1587.2484130859
262.463379      1587.2484130859
262.834351      1575.6287841797
263.205292      1552.3894042969
263.576233      1608.1638183594
263.947144      1624.4313964844
264.317993      1584.9245605469
264.688812      1626.7553710938
265.059631      1615.1356201172
265.430359      1677.8819580078
265.801117      1554.7133789063
266.171783      1587.2484130859
266.542450      1584.9245605469
266.913086      1538.4458007813
267.283691      1575.6287841797
267.654266      1645.3468017578
268.024811      1629.0793457031
268.395325      1566.3330078125
268.765778      1538.4458007813
269.136230      1587.2484130859
269.506653      1601.1920166016
269.877045      1580.2766113281
270.247375      1559.3612060547
270.617676      1636.0511474609
270.987946      1510.5585937500
271.358246      1584.9245605469
271.728424      1596.5441894531
272.098633      1564.0090332031
272.468781      1594.2202148438
272.838867      1564.0090332031
273.209015      1557.0372314453
273.579041      1536.1218261719
273.949066      1612.8117675781
274.319061      1531.4739990234
274.689056      1619.7835693359
275.058960      1610.4877929688
275.428864      1564.0090332031
275.798737      1643.0229492188
276.168579      1596.5441894531
276.538361      1603.5159912109
276.908142      1608.1638183594
277.277832      1591.8963623047
277.647583      1584.9245605469
278.017242      1554.7133789063
278.386902      1531.4739990234
278.756500      1561.6851806641
279.126038      1619.7835693359
279.495636      1561.6851806641
279.865143      1591.8963623047
280.234619      1577.9526367188
280.604065      1598.8681640625
280.973450      1543.0936279297
281.342834      1603.5159912109
281.712189      1589.5723876953
282.081512      1598.8681640625
282.450836      1570.9808349609
282.820038      1575.6287841797
283.189270      1577.9526367188
283.558502      1596.5441894531
283.927612      1559.3612060547
284.296722      1612.8117675781
284.665863      1522.1782226563
285.034912      1564.0090332031
285.403931      1596.5441894531
285.772919      1550.0654296875
286.141876      1647.6707763672
286.510834      1577.9526367188
286.879730      1596.5441894531
287.248596      1584.9245605469
287.617401      1584.9245605469
287.986206      1591.8963623047
288.354950      1584.9245605469
288.723724      1622.1075439453
289.092407      1631.4031982422
289.461060      1577.9526367188
289.829742      1587.2484130859
290.198334      1580.2766113281
290.566925      1643.0229492188
290.935455      1622.1075439453
291.303925      1598.8681640625
291.672394      1587.2484130859
292.040894      1598.8681640625
292.409271      1608.1638183594
292.777679      1591.8963623047
293.145996      1577.9526367188
293.514313      1594.2202148438
293.882599      1584.9245605469
294.250824      1615.1356201172
294.619049      1543.0936279297
294.987244      1552.3894042969
295.355377      1524.5021972656
295.723480      1582.6005859375
296.091614      1687.1777343750
296.459625      1601.1920166016
296.827667      1503.5867919922
297.195648      1591.8963623047
297.563599      1557.0372314453
297.931488      1582.6005859375
298.299408      1647.6707763672
298.667267      1654.6425781250
299.035095      1684.8537597656
299.402893      1580.2766113281
299.770599      1615.1356201172
300.138367      1575.6287841797
300.506042      1582.6005859375
300.873718      1631.4031982422
301.241333      1601.1920166016
301.608917      1622.1075439453
301.976471      1596.5441894531
302.344025      1682.5297851563
302.711487      1619.7835693359
303.078979      1645.3468017578
303.446411      1663.9383544922
303.813782      1656.9665527344
304.181183      1715.0649414063
304.548492      1633.7271728516
304.915771      1798.7266845703
305.283051      1759.2197265625
305.650299      1726.6845703125
306.017456      1682.5297851563
306.384644      1675.5579833984
306.751770      1770.8393554688
307.118896      1768.5155029297
307.485962      1845.2053222656
307.852966      1887.0362548828
308.219971      1884.7122802734
308.586945      1889.3601074219
308.953888      1912.5994873047
309.320801      1961.4022216797
309.687653      1905.6276855469
310.054504      1942.8106689453
310.421326      2010.2048339844
310.788086      1993.9372558594
311.154846      2072.9511718750
311.521515      2093.8664550781
311.888184      2100.8383789063
312.254822      2126.4016113281
312.621429      2117.1059570313
312.988007      2147.3171386719
313.354553      2177.5283203125
313.721039      2291.4011230469
314.087494      2398.3022460938
314.453949      2319.2883300781
314.820343      2370.4150390625
315.186737      2458.7246093750
315.553101      2384.3586425781
315.919373      2502.8793945313
316.285645      2479.6398925781
316.651886      2623.7238769531
317.018066      2535.4143066406
317.384308      2735.2729492188
317.750427      2811.9628906250
318.116516      2679.4985351563
318.482574      2737.5969238281
318.848633      2818.9345703125
319.214661      2865.4133300781
319.580627      2988.5820312500
319.946564      2990.9060058594
320.312439      3023.4409179688
320.678314      3069.9196777344
321.044159      3081.5395507813
321.410004      3111.7504882813
321.775757      3144.2856445313
322.141510      3204.7080078125
322.507202      3102.4548339844
322.872894      3090.8352050781
323.238525      3167.5251464844
323.604156      3214.0039062500
323.969696      3427.8059082031
324.335266      3518.4394531250
324.700745      3576.5378417969
325.066223      3634.6362304688
325.431702      3729.9177246094
325.797089      3829.8469238281
326.162445      4004.1420898438
326.527802      4064.5644531250
326.893097      4120.3388671875
327.258362      4201.6767578125
327.623657      4066.8884277344
327.988861      4122.6630859375
328.353973      4104.0712890625
328.719116      4329.4931640625
329.084259      4550.2670898438
329.449341      4533.9995117188
329.814392      4685.0556640625
330.179352      4780.3369140625
330.544312      4780.3369140625
330.909241      4859.3505859375
331.274170      4782.6606445313
331.639069      4754.7734375000
332.003906      4931.3925781250
332.368713      4896.5336914063
332.733459      5008.0825195313
333.098206      5017.3784179688
333.462921      4929.0688476563
333.827606      5033.6459960938
334.192230      4917.4492187500
334.556824      4982.5190429688
334.921356      5033.6459960938
335.285919      5022.0263671875
335.650452      5008.0825195313
336.014893      4870.9702148438
336.379333      4712.9428710938
336.743744      4698.9990234375
337.108124      4726.8862304688
337.472443      4884.9140625000
337.836731      4901.1816406250
338.201019      5096.3920898438
338.565247      5022.0263671875
338.929413      5189.3496093750
339.293579      5289.2788085938
339.657776      5200.9692382813
340.021851      5391.5322265625
340.385895      5475.1938476563
340.749908      5472.8696289063
341.113922      5503.0810546875
341.477875      5498.4331054688
341.841827      5668.0805664063
342.205688      5691.3198242188
342.569580      5819.1362304688
342.933380      5712.2353515625
343.297211      5800.5449218750
343.660950      5670.4042968750
344.024658      5324.1376953125
344.388367      5438.0107421875
344.752014      5358.9970703125
345.115601      5479.8417968750
345.479218      5807.5166015625
345.842804      5807.5166015625
346.206299      5772.6577148438
346.569763      5572.7988281250
346.933228      5826.1079101563
347.296661      5963.2202148438
347.660034      5791.2490234375
348.023407      5742.4462890625
348.386719      5867.9389648438
348.750000      5905.1220703125
349.113220      5944.6289062500
349.476471      6109.6284179688
349.839661      6372.2329101563
350.202820      6507.0214843750
350.565887      6588.3593750000
350.928955      6534.9086914063
351.292023      6674.3447265625
351.655029      6525.6127929688
352.018036      6618.5703125000
352.380981      6397.7963867188
352.743866      6379.2050781250
353.106720      6558.1479492188
353.469574      6997.3720703125
353.832397      7071.7377929688
354.195160      7197.2304687500
354.557892      7385.4692382813
354.920593      7401.7368164063
355.283234      7239.0615234375
355.645905      7108.9208984375
356.008514      6927.6538085938
356.371094      6876.5273437500
356.733612      6593.0068359375
357.096100      6376.8808593750
357.458588      6256.0361328125
357.820984      6135.1914062500
358.183411      6072.4453125000
358.545746      6114.2763671875
358.908081      6232.7968750000
359.270355      6627.8662109375
359.632629      7129.8364257813
359.994873      7352.9340820313
360.357056      7524.9052734375
360.719208      7280.8920898438
361.081329      7292.5117187500
361.443420      6992.7241210938
361.805481      7064.7661132813
362.167511      7338.9907226563
362.529480      7529.5532226563
362.891418      7710.8203125000
363.253326      7827.0170898438
363.615234      8005.9604492188
363.977081      7992.0166015625
364.338867      8159.3398437500
364.700653      8259.2695312500
365.062378      8417.2968750000
365.424103      8661.3105468750
365.785767      9014.5488281250
366.147430      9507.2226562500
366.509033      9679.1943359375
366.870605      9607.1523437500
367.232117      9544.4062500000
367.593628      9477.0117187500
367.955109      9407.2939453125
368.316559      9274.8291015625
368.677917      9223.7031250000
369.039307      9174.9003906250
369.400635      9695.4619140625
369.761902      9776.7998046875
370.123199      9865.1093750000
370.484436      9969.6865234375
370.845581      9660.6025390625
371.206726      9748.9121093750
371.567871      9809.3349609375
371.928955      9467.7158203125
372.290039      9056.3798828125
372.651062      9074.9707031250
373.011993      8968.0703125000
373.372955      8545.1132812500
373.733887      8375.4658203125
374.094788      8452.1562500000
374.455627      8328.9873046875
374.816406      8414.9726562500
375.177185      8717.0849609375
375.537903      8949.4785156250
375.898651      9095.8867187500
376.259338      9588.5605468750
376.619965      9795.3916015625
376.980530     10199.7558593750
377.341095     10413.5585937500
377.701660     11036.3730468750
378.062134     11326.8652343750
378.422607     11422.1464843750
378.783020     11259.4707031250
379.143402     10671.5156250000
379.503784     10420.5302734375
379.864105     10195.1083984375
380.224396     10297.3613281250
380.584656     10485.6005859375
380.944855     10801.6552734375
381.305054     10357.7841796875
381.665192      9909.2636718750
382.025299      9207.4355468750
382.385406      8693.8457031250
382.745453      8180.2553710938
383.105438      7655.0458984375
383.465424      7659.6938476563
383.825348      7775.8906250000
384.185272      8182.5795898438
384.545135      8798.4228515625
384.904968      9565.3212890625
385.264771      9609.4765625000
385.624512      9642.0117187500
385.984253      9704.7578125000
386.343964      9748.9121093750
386.703613      9841.8701171875
387.063232      9851.1660156250
387.422821      9911.5878906250
387.782379     10090.5312500000
388.141907      9820.9541015625
388.501404      9946.4472656250
388.860840     10295.0371093750
389.220215     10597.1494140625
389.579620     11045.6689453125
389.938995     11475.5966796875
390.298279     11756.7929687500
390.657562     11882.2861328125
391.016785     12458.6220703125
391.376007     12553.9033203125
391.735168     12674.7480468750
392.094299     11866.0185546875
392.453430     11052.6406250000
392.812469      9911.5878906250
393.171478      8682.2255859375
393.530457      7994.3408203125
393.889435      8203.4951171875
394.248383      9056.3798828125
394.607269     10109.1230468750
394.966125     11203.6962890625
395.324921     11914.8212890625
395.683655     11945.0322265625
396.042419     11561.5830078125
396.401154     10548.3466796875
396.759827      9860.4609375000
397.118469      9483.9833984375
397.477051      9872.0810546875
397.835632     11294.3300781250
398.194153     12925.7333984375
398.552673     14250.3769531250
398.911163     15391.4296875000
399.269592     15712.1328125000
399.627960     16602.2011718750
399.986328     16818.3261718750
400.344666     17150.6484375000
400.702942     17180.8613281250
401.061188     17977.9707031250
401.419403     18263.8144531250
401.777588     18270.7871093750
402.135712     18461.3496093750
402.493835     18310.2929687500
402.851929     18366.0683593750
403.209961     18640.2929687500
403.567932     18519.4472656250
403.925903     18287.0546875000
404.283905     18384.6601562500
404.641754     18259.1660156250
404.999634     18252.1953125000
405.357452     18373.0390625000
405.715210     17861.7734375000
406.072998     17970.9980468750
406.430725     17794.3789062500
406.788422     17852.4785156250
407.146027     18098.8144531250
407.503662     18424.1660156250
407.861237     18459.0253906250
408.218781     19218.9531250000
408.576294     18998.1777343750
408.933777     19957.9648437500
409.291168     19630.2890625000
409.648590     19404.8671875000
410.005951     18786.7011718750
410.363312     18377.6875000000
410.720612     18898.2500000000
411.077820     19539.6562500000
411.435059     20057.8925781250
411.792267     20694.6523437500
412.149384     20873.5957031250
412.506531     20511.0605468750
412.863586     20715.5683593750
413.220642     20604.0195312500
413.577606     20643.5253906250
413.934601     20820.1445312500
414.291565     20785.2851562500
414.648468     20864.2988281250
415.005310     20940.9902343750
415.362122     20471.5546875000
415.718903     20685.3554687500
416.075684     21238.4531250000
416.432434     21331.4101562500
416.789093     21189.6503906250
417.145752     21291.9042968750
417.502350     20964.2285156250
417.858948     20469.2304687500
418.215485     20624.9335937500
418.571991     20592.3984375000
418.928467     20599.3710937500
419.284882     21043.2421875000
419.641266     20455.2871093750
419.997650     20429.7226562500
420.354004     20490.1464843750
420.710266     21449.9316406250
421.066528     21924.0136718750
421.422760     21761.3378906250
421.778931     22012.3242187500
422.135071     21568.4511718750
422.491211     21215.2128906250
422.847260     20673.7363281250
423.203308     20940.9902343750
423.559296     20885.2148437500
423.915283     20899.1582031250
424.271210     21161.7636718750
424.627136     21352.3261718750
424.982971     21254.7207031250
425.338776     21442.9589843750
425.694611     21092.0449218750
426.050323     21036.2714843750
426.406036     21449.9316406250
426.761749     20959.5800781250
427.117371     20901.4824218750
427.472961     20794.5820312500
427.828552     20276.3437500000
428.184113     21178.0312500000
428.539581     20392.5410156250
428.895050     20627.2578125000
429.250458     20155.4980468750
429.605865     19067.8964843750
429.961212     18191.7734375000
430.316559     17424.8730468750
430.671814     16948.4667968750
431.027069     17152.9726562500
431.382263     18219.6601562500
431.737457     19848.7402343750
432.092590     20845.7070312500
432.447723     21649.7890625000
432.802734     21466.1992187500
433.157776     22158.7324218750
433.512756     22451.5488281250
433.867706     21926.3378906250
434.222656     21494.0859375000
434.577545     21686.9726562500
434.932373     22007.6757812500
435.287201     22893.0957031250
435.641968     23346.2636718750
435.996704     24199.1484375000
436.351410     24252.5976562500
436.706085     24784.7792968750
437.060699     24359.5000000000
437.415283     24438.5136718750
437.769867     23729.7128906250
438.124420     23367.1796875000
438.478882     23048.7988281250
438.833313     22890.7714843750
439.187714     23169.6445312500
439.542084     23657.6699218750
439.896454     24222.3867187500
440.250732     23838.9375000000
440.605011     24282.8105468750
440.959229     24654.6386718750
441.313416     25472.6640625000
441.667572     25491.2558593750
442.021698     26425.4785156250
442.375793     26093.1562500000
442.729858     26332.5214843750
443.083832     26534.7031250000
443.437836     26678.7871093750
443.791748     26715.9707031250
444.145630     26618.3652343750
444.499542     26511.4648437500
444.853363     27097.0957031250
445.207123     26690.4082031250
445.560883     26283.7187500000
445.914612     25946.7480468750
446.268280     26430.1269531250
446.621918     26193.0859375000
446.975555     27059.9140625000
447.329132     27138.9277343750
447.682678     27629.2773437500
448.036133     28191.6699218750
448.389618     28024.3476562500
448.743042     28056.8828125000
449.096405     28986.4570312500
449.449799     28117.3046875000
449.803101     28256.7402343750
450.156372     28772.6542968750
450.509613     29239.7656250000
450.862823     29613.9199218750
451.216003     29990.3964843750
451.569122     29567.4414062500
451.922211     29149.1328125000
452.275269     28695.9648437500
452.628296     28891.1757812500
452.981293     27843.0800781250
453.334229     27661.8125000000
453.687134     27708.2910156250
454.040009     28568.1484375000
454.392853     28356.6699218750
454.745636     28340.4023437500
455.098419     28340.4023437500
455.451172     28333.4296875000
455.803864     28245.1210937500
456.156464     29307.1601562500
456.509125     29132.8652343750
456.861694     29834.6933593750
457.214264     29553.4960937500
457.566742     30071.7343750000
457.919220     29976.4531250000
458.271667     29311.8066406250
458.624023     29479.1308593750
458.976379     29072.4414062500
459.328705     29448.9199218750
459.681000     29579.0605468750
460.033234     29351.3144531250
460.385468     29788.2148437500
460.737610     29897.4394531250
461.089752     30234.4101562500
461.441864     30387.7910156250
461.793945     30608.5644531250
462.145996     30882.7890625000
462.497955     31428.9140625000
462.849884     31029.1972656250
463.201813     31301.0976562500
463.553680     31570.6738281250
463.905518     31026.8730468750
464.257355     31182.5761718750
464.609100     30827.0136718750
464.960815     31229.0546875000
465.312531     31163.9843750000
465.664185     31061.7324218750
466.015778     31328.9843750000
466.367371     32012.2207031250
466.718903     31475.3925781250
467.070435     31326.6601562500
467.421906     31324.3359375000
467.773346     32095.8828125000
468.124725     31982.0097656250
468.476074     32514.1914062500
468.827393     33004.5429687500
469.178680     33376.3710937500
469.529938     33246.2304687500
469.881134     33046.3750000000
470.232330     33111.4414062500
470.583435     33025.4570312500
470.934540     33571.5820312500
471.285614     34038.6953125000
471.636627     34331.5117187500
471.987610     35144.8867187500
472.338562     35763.0546875000
472.689453     36402.1367187500
473.040375     36183.6875000000
473.391205     36116.2929687500
473.741974     36534.6015625000
474.092773     36557.8398437500
474.443481     38356.5664062500
474.794159     37845.3007812500
475.144806     38519.2421875000
475.495422     38363.5390625000
475.846039     39330.2968750000
476.196533     38758.6093750000
476.547028     39183.8906250000
476.897522     39609.1679687500
477.247925     40178.5351562500
477.598328     40603.8125000000
477.948700     41628.6679687500
478.299011     41191.7695312500
478.649231     42277.0468750000
478.999481     42353.7382812500
479.349701     43136.9023437500
479.699829     43397.1835937500
480.049988     43557.5351562500
480.400055     44475.4921875000
480.750153     44614.9257812500
481.100128     44412.7460937500
481.450104     45128.5156250000
481.800049     45749.0078125000
482.149963     46185.9101562500
482.499786     46302.1054687500
482.849670     45862.8828125000
483.199432     46253.3007812500
483.549194     45811.7539062500
483.898926     46213.7968750000
484.248566     45953.5156250000
484.598206     46436.8945312500
484.947815     46016.2617187500
485.297394     45556.1210937500
485.646912     44340.7031250000
485.996399     42611.6953125000
486.345825     41535.7109375000
486.695282     41368.3906250000
487.044617     41979.5820312500
487.393951     43399.5078125000
487.743286     44577.7460937500
488.092529     45597.9531250000
488.441711     45755.9804687500
488.790955     45823.3750000000
489.140076     46276.5429687500
489.489197     46655.3437500000
489.838257     47738.2968750000
490.187286     48572.5898437500
490.536316     48649.2812500000
490.885254     48412.2382812500
491.234161     48361.1132812500
491.583069     47931.1835937500
491.931915     47608.1562500000
492.280731     47471.0468750000
492.629486     47661.6093750000
492.978210     48182.1679687500
493.326874     48344.8437500000
493.675568     48600.4765625000
494.024200     48570.2656250000
494.372742     49232.5898437500
494.721313     49880.9687500000
495.069824     49922.7968750000
495.418274     50025.0507812500
495.766724     49927.4453125000
496.115112     49820.5429687500
496.463470     50317.8671875000
496.811768     50631.5976562500
497.160034     50531.6679687500
497.508301     50859.3437500000
497.856506     50668.7812500000
498.204651     50273.7109375000
498.552765     49987.8671875000
498.900848     49530.0546875000
499.248901     50496.8085937500
499.596924     50266.7421875000
499.944885     50480.5429687500
500.292816     49994.8398437500
500.640778     49474.2773437500
500.988556     49383.6445312500
501.336426     49195.4062500000
501.684204     48767.8007812500
502.031952     49374.3476562500
502.379700     49220.9687500000
502.727295     49448.7148437500
503.074982     49578.8554687500
503.422546     49632.3046875000
503.770081     49390.6171875000
504.117615     49439.4179687500
504.465088     49346.4609375000
504.812561     49743.8554687500
505.159943     49946.0390625000
505.507294     50996.4570312500
505.854645     51224.2031250000
506.201904     51328.7812500000
506.549194     51521.6679687500
506.896332     51451.9492187500
507.243591     51491.4531250000
507.590698     51063.8515625000
507.937775     50977.8632812500
508.284912     50601.3867187500
508.631836     51024.3437500000
508.978851     51347.3710937500
509.325806     51661.1015625000
509.672699     51649.4843750000
510.019592     51444.9765625000
510.366364     51723.8476562500
510.713196     51426.3828125000
511.059937     51849.3398437500
511.406677     52242.0859375000
511.753326     52888.1406250000
512.099976     52716.1679687500
512.446594     52502.3671875000
512.793091     51819.1289062500
513.139648     52151.4531250000
513.486145     51809.8359375000
513.832520     51572.7929687500
514.179016     51319.4843750000
514.525269     51108.0039062500
514.871704     51500.7500000000
515.217957     51586.7343750000
515.564209     51730.8203125000
515.910522     51788.9179687500
516.256531     51033.6406250000
516.602783     50085.4726562500
516.948853     48509.8437500000
517.294922     48370.4101562500
517.640930     47991.6054687500
517.986877     48823.5742187500
518.332886     48279.7734375000
518.678711     48612.0976562500
519.024658     48781.7460937500
519.370422     49690.4062500000
519.716248     50308.5703125000
520.062073     51121.9492187500
520.407715     51087.0898437500
520.753418     51365.9609375000
521.099060     51391.5273437500
521.444580     51656.4531250000
521.790222     52153.7773437500
522.135681     52335.0429687500
522.481201     51967.8632812500
522.826660     51640.1875000000
523.172058     51695.9609375000
523.517395     51800.5390625000
523.862671     52416.3828125000
524.208069     52509.3398437500
524.553284     52895.1132812500
524.898438     53064.7578125000
525.243591     53034.5468750000
525.588745     52913.7031250000
525.933899     52774.2695312500
526.278931     52098.0039062500
526.623962     50689.6953125000
526.968872     50475.8945312500
527.313904     50355.0507812500
527.658813     50217.9375000000
528.003601     51291.5976562500
528.348450     51626.2421875000
528.693237     51823.7773437500
529.037964     52351.3125000000
529.382751     52674.3398437500
529.727356     52648.7734375000
530.072021     52437.2968750000
530.416626     52348.9882812500
530.761169     53004.3359375000
531.105652     53397.0820312500
531.450134     53364.5468750000
531.794617     53127.5078125000
532.138916     52988.0703125000
532.483337     52170.0429687500
532.827637     51737.7929687500
533.171936     51226.5273437500
533.516174     51551.8789062500
533.860352     51661.1015625000
534.204529     52016.6640625000
534.548645     51596.0312500000
534.892700     51965.5390625000
535.236816     52067.7929687500
535.580750     52783.5625000000
535.924744     52544.1992187500
536.268738     52716.1679687500
536.612549     52362.9296875000
536.956421     51828.4257812500
537.300232     51791.2421875000
537.644043     51695.9609375000
537.987671     52225.8203125000
538.331421     52139.8320312500
538.675049     52228.1445312500
539.018677     52177.0156250000
539.362305     51786.5937500000
539.705750     51828.4257812500
540.049316     51291.5976562500
540.392822     51008.0781250000
540.736145     50752.4414062500
541.079590     50566.5273437500
541.422913     50659.4843750000
541.766235     51147.5117187500
542.109436     51675.0468750000
542.452698     51377.5820312500
542.795898     51793.5664062500
543.138977     51795.8906250000
543.482178     51438.0039062500
543.825195     52067.7929687500
544.168213     52256.0312500000
544.511230     52142.1562500000
544.854187     52651.0976562500
545.197083     52228.1445312500
545.539917     52032.9335937500
545.882813     52316.4531250000
546.225586     52760.3242187500
546.568359     52565.1132812500
546.911133     52330.3945312500
547.253662     52009.6914062500
547.596436     51477.5117187500
547.938965     51960.8906250000
548.281494     51793.5664062500
548.624084     52056.1718750000
548.966492     52274.6210937500
549.308960     51898.1445312500
549.651367     52441.9453125000
549.993713     51793.5664062500
550.336060     52077.0859375000
550.678345     52153.7773437500
551.020630     52416.3828125000
551.362732     52253.7070312500
551.704956     52135.1835937500
552.047058     52335.0429687500
552.389160     52397.7890625000
552.731262     52125.8906250000
553.073181     51979.4804687500
553.415161     51809.8359375000
553.757080     52293.2148437500
554.098999     52128.2148437500
554.440857     51963.2148437500
554.782593     52125.8906250000
555.124390     52077.0859375000
555.466125     52265.3242187500
555.807800     52074.7617187500
556.149414     51900.4687500000
556.491089     51551.8789062500
556.832642     51231.1757812500
557.174133     50980.1875000000
557.515686     51056.8789062500
557.857117     51026.6679687500
558.198486     51084.7656250000
558.539917     49827.5156250000
558.881165     49748.5039062500
559.222534     49664.8398437500
559.563782     49523.0820312500
559.904968     49692.7265625000
560.246216     49297.6601562500
560.587280     49950.6835937500
560.928406     49711.3203125000
561.269470     50180.7539062500
561.610474     49346.4609375000
561.951477     49527.7304687500
562.292297     49190.7578125000
562.633301     49685.7578125000
562.974121     49708.9960937500
563.315002     49497.5195312500
563.655762     49467.3046875000
563.996460     49502.1640625000
564.337158     48730.6171875000
564.677795     48995.5468750000
565.018433     48639.9843750000
565.359009     48535.4062500000
565.699524     47852.1718750000
566.040100     47884.7070312500
566.380493     47536.1171875000
566.720947     47796.3945312500
567.061340     47536.1171875000
567.401611     47457.1015625000
567.742004     47536.1171875000
568.082153     47161.9609375000
568.422424     47001.6093750000
568.762634     45960.4882812500
569.102722     46055.7695312500
569.442810     46085.9804687500
569.782898     45767.6015625000
570.122986     45839.6406250000
570.462830     45270.2773437500
570.802856     44926.3359375000
571.142761     44693.9414062500
571.482605     44756.6875000000
571.822449     44624.2226562500
572.162170     44838.0273437500
572.501953     44742.7421875000
572.841675     44937.9531250000
573.181274     44863.5898437500
573.520996     45158.7304687500
573.860474     44561.4765625000
574.200073     45151.7578125000
574.539551     44043.2382812500
574.878967     44254.7187500000
575.218384     44143.1679687500
575.557739     43959.5781250000
575.897156     43459.9296875000
576.236450     43492.4648437500
576.575684     43655.1406250000
576.914856     43501.7617187500
577.254089     43522.6757812500
577.593262     43555.2109375000
577.932251     43336.7617187500
578.271362     42511.7656250000
578.610352     42572.1875000000
578.949341     42720.9179687500
579.288330     42462.9609375000
579.627197     42737.1875000000
579.966064     43169.4375000000
580.304871     42765.0742187500
580.643677     43652.8164062500
580.982483     42930.0742187500
581.321045     43206.6210937500
581.659790     42853.3828125000
581.998413     42983.5234375000
582.336914     43738.8046875000
582.675476     43392.5390625000
583.013916     43875.9140625000
583.352478     43880.5625000000
583.690796     43894.5078125000
584.029175     43638.8750000000
584.367493     43185.7070312500
584.705811     43499.4375000000
585.044128     43387.8906250000
585.382202     42718.5937500000
585.720459     42718.5937500000
586.058594     42674.4414062500
586.396667     42607.0468750000
586.734802     42016.7656250000
587.072693     42256.1328125000
587.410767     42286.3437500000
587.748657     42174.7929687500
588.086487     41489.2343750000
588.424316     40320.2929687500
588.762146     38995.6484375000
589.099976     37698.8945312500
589.437622     37182.9804687500
589.775391     36357.9804687500
590.113037     36894.8125000000
590.450623     37217.8398437500
590.788208     37631.5000000000
591.125671     37605.9375000000
591.463196     37729.1054687500
591.800659     37798.8242187500
592.138062     37666.3593750000
592.475464     37940.5820312500
592.812683     38349.5937500000
593.150024     38626.1445312500
593.487244     38691.2148437500
593.824402     38928.2539062500
594.161621     38472.7656250000
594.498657     38261.2851562500
594.835815     38033.5390625000
595.172852     37963.8203125000
595.509827     38233.3984375000
595.846741     38114.8789062500
596.183655     38491.3554687500
596.520630     38788.8203125000
596.857422     38837.6210937500
597.194214     38988.6796875000
597.530945     38846.9179687500
597.867615     38354.2421875000
598.204346     38819.0312500000
598.540955     38614.5234375000
598.877563     38816.7070312500
599.214111     38967.7617187500
599.550598     38693.5390625000
599.887085     39311.7070312500
600.223450     39011.9179687500
600.559937     39021.2148437500
600.896240     39102.5507812500
601.232544     38712.1289062500
601.568787     38463.4687500000
601.905029     39021.2148437500
602.241272     38124.1718750000
602.577271     38823.6796875000
602.913452     39000.2968750000
603.249512     39149.0312500000
603.585510     38570.3710937500
603.921509     39611.4921875000
604.257385     39176.9179687500
604.593323     38858.5390625000
604.929199     38898.0429687500
605.264954     38923.6093750000
605.600830     38535.5117187500
605.936462     38451.8476562500
606.272217     38681.9179687500
606.607849     38423.9609375000
606.943420     38591.2851562500
607.278992     38103.2578125000
607.614502     38184.5976562500
607.950012     38198.5390625000
608.285461     37733.7539062500
608.620850     37131.8515625000
608.956177     37457.2031250000
609.291504     37591.9921875000
609.626831     37322.4140625000
609.962036     37008.6835937500
610.297302     37224.8085937500
610.632446     37231.7812500000
610.967529     37001.7109375000
611.302673     37506.0078125000
611.637634     37629.1757812500
611.972656     37106.2890625000
612.307617     37231.7812500000
612.642517     36911.0781250000
612.977356     36876.2187500000
613.312195     36908.7539062500
613.646973     36206.9257812500
613.981750     36344.0390625000
614.316406     35883.8984375000
614.651062     36118.6171875000
614.985657     36023.3359375000
615.320313     35979.1796875000
615.654846     35737.4921875000
615.989319     35100.7343750000
616.323792     34968.2695312500
616.658203     34326.8632812500
616.992615     34424.4687500000
617.326904     34833.4804687500
617.661194     35047.2812500000
617.995483     34563.9023437500
618.329712     35288.9726562500
618.663940     35133.2695312500
618.997925     35093.7617187500
619.332092     35284.3242187500
619.666077     34787.0000000000
620.000061     34954.3242187500
620.334045     34661.5078125000
620.667969     35042.6328125000
621.001892     34905.5234375000
621.335632     34603.4101562500
621.669495     34459.3281250000
622.003296     34373.3398437500
622.336914     34354.7500000000
622.670654     33627.3554687500
623.004272     33975.9492187500
623.337891     33457.7109375000
623.671387     33241.5820312500
624.004883     32906.9375000000
624.338440     32825.5976562500
624.671753     33097.5000000000
625.005249     32214.4042968750
625.338562     32560.6699218750
625.671814     32239.9667968750
626.005066     31884.4042968750
626.338257     32207.4316406250
626.671509     31731.0253906250
627.004578     31663.6308593750
627.337708     31531.1660156250
627.670776     31010.6054687500
628.003723     30820.0429687500
628.336731     30113.5664062500
628.669556     29867.2285156250
629.002502     29897.4394531250
629.335327     30132.1562500000
629.668152     30229.7617187500
630.000916     29785.8906250000
630.333618     30032.2285156250
630.666321     29909.0585937500
630.998962     29725.4687500000
631.331482     29792.8632812500
631.664063     29486.1035156250
631.996521     29265.3281250000
632.329102     29407.0898437500
632.661499     29167.7226562500
632.993835     29558.1445312500
633.326172     29077.0898437500
633.658447     29328.0742187500
633.990784     29632.5117187500
634.322937     29507.0175781250
634.655212     29379.2011718750
634.987244     29407.0898437500
635.319397     29276.9492187500
635.651489     29197.9355468750
635.983398     29337.3710937500
636.315430     29579.0605468750
636.647278     29137.5117187500
636.979187     28919.0625000000
637.311035     29249.0605468750
637.642761     29507.0175781250
637.974609     29386.1738281250
638.306335     29216.5253906250
638.637939     29195.6113281250
638.969604     29174.6953125000
639.301147     29016.6679687500
639.632751     29311.8066406250
639.964233     28828.4296875000
640.295715     28865.6113281250
640.627075     28793.5703125000
640.958496     28528.6406250000
641.289917     28147.5156250000
641.621094     28147.5156250000
641.952393     28145.1914062500
642.283569     27917.4453125000
642.614746     28224.2050781250
642.945923     27982.5156250000
643.276917     28189.3457031250
643.608093     27654.8417968750
643.939026     27798.9257812500
644.269958     27822.1640625000
644.600891     28477.5136718750
644.931763     27910.4746093750
645.262634     27738.5019531250
645.593384     27387.5878906250
645.924133     27092.4492187500
646.254822     27171.4628906250
646.585510     26611.3945312500
646.916199     26813.5761718750
647.246704     25730.6210937500
647.577271     26000.1992187500
647.907715     25674.8476562500
648.238220     25607.4531250000
648.568665     25293.7226562500
648.898987     25249.5664062500
649.229309     25400.6230468750
649.559570     24812.6679687500
649.889832     25035.7656250000
650.220093     24966.0468750000
650.550171     25319.2851562500
650.880310     25368.0878906250
651.210388     25342.5253906250
651.540405     25172.8769531250
651.870422     24835.9062500000
652.200317     24821.9628906250
652.530273     25082.2441406250
652.860046     25421.5390625000
653.189941     25156.6093750000
653.519775     25279.7773437500
653.849426     25533.0878906250
654.179199     25105.4824218750
654.508789     25096.1875000000
654.838440     24921.8925781250
655.168030     24731.3300781250
655.497498     24438.5136718750
655.827026     23622.8125000000
656.156372     23118.5175781250
656.485840     22342.3222656250
656.815247     22005.3515625000
657.144470     21777.6054687500
657.473755     22558.4492187500
657.802979     22823.3769531250
658.132202     23360.2070312500
658.461243     23562.3886718750
658.790466     23899.3593750000
659.119507     23762.2480468750
659.448486     23848.2343750000
659.777527     24120.1347656250
660.106384     24089.9238281250
660.435242     24380.4140625000
660.764160     24308.3730468750
661.092896     24545.4140625000
661.421692     24096.8945312500
661.750427     24622.1035156250
662.079102     24789.4277343750
662.407715     24487.3164062500
662.736328     24603.5136718750
663.064880     24498.9355468750
663.393311     24238.6542968750
663.721802     24185.2050781250
664.050232     24296.7539062500
664.378601     24115.4863281250
664.706970     23799.4316406250
665.035217     23845.9101562500
665.363525     23904.0078125000
665.691650     23848.2343750000
666.019897     23664.6425781250
666.347961     23829.6425781250
666.676086     23439.2207031250
667.004150     23441.5449218750
667.332092     23427.6015625000
667.660095     23067.3906250000
667.987915     23420.6289062500
668.315796     23164.9960937500
668.643677     23318.3769531250
668.971436     23116.1933593750
669.299133     23574.0097656250
669.626892     22923.3066406250
669.954468     23039.5039062500
670.282104     22570.0683593750
670.609619     22728.0957031250
670.937256     22307.4628906250
671.264587     22367.8867187500
671.592163     22003.0273437500
671.919495     22128.5214843750
672.246887     21942.6054687500
672.574097     22077.3945312500
672.901489     21772.9589843750
673.228699     21607.9589843750
673.555847     21738.0996093750
673.882996     21505.7050781250
674.210022     21696.2695312500
674.537109     21291.9042968750
674.864136     20940.9902343750
675.191101     21017.6796875000
675.518005     20820.1445312500
675.844849     20910.7773437500
676.171692     20873.5957031250
676.498535     20559.8632812500
676.825256     20882.8906250000
677.151978     20162.4707031250
677.478577     20383.2441406250
677.805237     20578.4550781250
678.131836     20401.8359375000
678.458435     20355.3574218750
678.784851     20076.4843750000
679.111328     20418.1035156250
679.437744     20471.5546875000
679.764099     20260.0761718750
680.090454     20016.0625000000
680.416687     19876.6269531250
680.742920     19788.3164062500
681.069153     19481.5566406250
681.395203     19390.9238281250
681.721313     19404.8671875000
682.047485     19335.1484375000
682.373474     19225.9238281250
682.699402     19012.1230468750
683.025391     19386.2753906250
683.351196     19172.4746093750
683.677063     18805.2910156250
684.002930     18821.5585937500
684.328674     18686.7714843750
684.654358     18647.2636718750
684.980042     18549.6582031250
685.305603     18363.7441406250
685.631287     18398.6035156250
685.956787     18075.5761718750
686.282288     17520.1542968750
686.607788     17169.2402343750
686.933167     16100.2304687500
687.258545     15035.8671875000
687.583923     14585.0234375000
687.909180     14011.0117187500
688.234375     14259.6728515625
688.559631     14510.6582031250
688.884766     14543.1933593750
689.209839     14090.0253906250
689.534973     14310.7988281250
689.859924     14238.7568359375
690.184937     14087.7011718750
690.509827     14094.6728515625
690.834717     14466.5029296875
691.159668     14515.3056640625
691.484436     14640.7978515625
691.809204     14761.6425781250
692.133911     14740.7275390625
692.458557     14796.5019531250
692.783142     14566.4326171875
693.107849     14675.6572265625
693.432312     14733.7558593750
693.756836     14619.8828125000
694.081238     14447.9111328125
694.405701     14059.8144531250
694.730164     14138.8281250000
695.054443     14329.3906250000
695.378723     14120.2363281250
695.702942     14334.0390625000
696.027100     14568.7558593750
696.351257     14459.5312500000
696.675476     14643.1220703125
696.999512     14698.8964843750
697.323486     14980.0927734375
697.647461     14849.9521484375
697.971375     14919.6708984375
698.295349     14745.3750000000
698.619202     14668.6855468750
698.942993     14719.8125000000
699.266724     14394.4609375000
699.590393     14243.4052734375
699.914124     14429.3203125000
700.237793     14055.1660156250
700.561340     13897.1386718750
700.884949     13943.6171875000
701.208374     13669.3925781250
701.531860     13734.4628906250
701.855286     13529.9570312500
702.178650     13643.8291015625
702.501953     13590.3789062500
702.825195     13518.3369140625
703.148499     13562.4921875000
703.471680     13848.3359375000
703.794861     13827.4208984375
704.117981     14092.3496093750
704.440979     13685.6601562500
704.764038     14215.5175781250
705.086975     14064.4619140625
705.409851     13978.4765625000
705.732849     13950.5888671875
706.055664     13899.4628906250
706.378479     14062.1376953125
706.701233     14285.2363281250
707.023926     14083.0537109375
707.346619     13992.4199218750
707.669250     14038.8984375000
707.991821     13894.8144531250
708.314392     14199.2500000000
708.636841     14013.3349609375
708.959290     14296.8554687500
709.281738     14159.7431640625
709.604065     14227.1376953125
709.926392     14120.2363281250
710.248657     14317.7714843750
710.570862     13931.9980468750
710.893066     13869.2509765625
711.215210     14115.5888671875
711.537292     14059.8144531250
711.859314     14090.0253906250
712.181335     14090.0253906250
712.503357     13945.9414062500
712.825256     13971.5048828125
713.147156     13880.8710937500
713.468994     13978.4765625000
713.790771     13850.6601562500
714.112488     13957.5605468750
714.434143     13550.8720703125
714.755859     13771.6464843750
715.077515     13550.8720703125
715.399109     13560.1679687500
715.720581     13295.2392578125
716.042053     13132.5634765625
716.363525     12997.7753906250
716.684875     12526.0166015625
717.006287     12007.7783203125
717.327576     11415.1748046875
717.648804     10680.8105468750
717.969971     10492.5722656250
718.291260     10387.9951171875
718.612366     10011.5175781250
718.933411      9565.3212890625
719.254395      9418.9130859375
719.575439      9232.9990234375
719.896362      8993.6328125000
720.217285      8940.1826171875
720.538147      8854.1972656250
720.859009      9163.2802734375
721.179749      9316.6601562500
721.500488      9786.0957031250
721.821228     10329.8964843750
722.141785     10441.4453125000
722.462402     10736.5849609375
722.782959     10864.4013671875
723.103455     10852.7822265625
723.423950     10394.9667968750
723.744385     10130.0380859375
724.064758      9874.4052734375
724.385071      9790.7431640625
724.705322      9702.4335937500
725.025574      9702.4335937500
725.345825      9565.3212890625
725.665955      9581.5888671875
725.986023      9553.7021484375
726.306091      9521.1669921875
726.626099      9456.0966796875
726.946045      9579.2646484375
727.266052      9400.3222656250
727.585938      9428.2089843750
727.905762      9047.0839843750
728.225525      9393.3505859375
728.545288      9351.5195312500
728.864990      9416.5898437500
729.184692      9528.1386718750
729.504333      9202.7871093750
729.823853      9300.3925781250
730.143372      9235.3222656250
730.462891      9414.2656250000
730.782410      9414.2656250000
731.101746      9309.6884765625
731.421143      9349.1953125000
731.740417      9458.4208984375
732.059631      9709.4052734375
732.378845      9658.2792968750
732.698059      9944.1230468750
733.017212     10243.9111328125
733.336304     10355.4599609375
733.655273     10562.2900390625
733.974304     10636.6562500000
734.293335     10899.2607421875
734.612183     10764.4726562500
734.931030     11064.2607421875
735.249878     11010.8095703125
735.568665     11020.1054687500
735.887329     11027.0771484375
736.206055     10785.3876953125
736.524658     10794.6835937500
736.843262     10827.2187500000
737.161804     10722.6416015625
737.480286     10824.8945312500
737.798828     10964.3310546875
738.117249     11231.5839843750
738.435608     11024.7539062500
738.753906     10876.0214843750
739.072205     10917.8525390625
739.390442     11024.7539062500
739.708618     10968.9785156250
740.026733     10931.7958984375
740.344849     11324.5410156250
740.662903     11075.8798828125
740.980957     11029.4013671875
741.298889     11064.2607421875
741.616821     10948.0634765625
741.934692     10931.7958984375
742.252502     11217.6406250000
742.570313     11010.8095703125
742.888062     10964.3310546875
743.205750     11029.4013671875
743.523438     11103.7675781250
743.841003     11054.9648437500
744.158569     11429.1181640625
744.476074     11454.6816406250
744.793518     11192.0771484375
745.111023     11027.0771484375
745.428345     11003.8378906250
745.745728     11120.0351562500
746.062988     11029.4013671875
746.380249     10927.1484375000
746.697449     11017.7812500000
747.014648     10955.0351562500
747.331726     10790.0361328125
747.648804     10899.2607421875
747.965759     10917.8525390625
748.282776     10546.0224609375
748.599731     10771.4443359375
748.916626     10562.2900390625
749.233459     10643.6279296875
749.550232     10353.1357421875
749.867004     10387.9951171875
750.183655     10225.3193359375
750.500366     10357.7841796875
750.816956     10439.1210937500
751.133545     10518.1357421875
751.450073     10225.3193359375
751.766479     10099.8271484375
752.083008     10167.2207031250
752.399414     10204.4042968750
752.715698     10095.1787109375
753.032043      9946.4472656250
753.348328     10176.5166015625
753.664429     10032.4326171875
753.980713      9895.3203125000
754.296814      9623.4199218750
754.612854      9790.7431640625
754.928833      9793.0673828125
755.244873      9662.9267578125
755.560852      9723.3496093750
755.876709      9767.5039062500
756.192505      9672.2226562500
756.508362      9500.2509765625
756.824097      9635.0400390625
757.139771      9421.2373046875
757.455505      9367.7871093750
757.771118      9314.3359375000
758.086670      9393.3505859375
758.402222      9107.5058593750
758.717712      9219.0546875000
759.033081      9051.7314453125
759.348511      8556.7333984375
759.663879      7915.3266601563
759.979187      7039.2026367188
760.294434      5930.6850585938
760.609619      5087.0961914063
760.924805      4434.0703125000
761.239929      3962.3112792969
761.554993      3934.4240722656
761.869995      3904.2128906250
762.184998      4118.0151367188
762.499939      4187.7329101563
762.814880      4162.1699218750
763.129700      4178.4375000000
763.444519      3964.6352539063
763.759277      3839.1425781250
764.073975      3932.1000976563
764.388672      4066.8884277344
764.703308      4273.7187500000
765.017883      4501.4643554688
765.332397      4731.5341796875
765.646851      4952.3081054688
765.961304      5219.5605468750
766.275696      5442.6586914063
766.590088      5747.0942382813
766.904358      6111.9521484375
767.218628      6402.4443359375
767.532776      6964.8369140625
767.846924      7257.6528320313
768.161072      7304.1313476563
768.475159      7631.8066406250
768.789185      7606.2431640625
769.103149      7880.4677734375
769.417114      8033.8476562500
769.731079      8110.5375976563
770.044861      7917.6508789063
770.358643      7994.3408203125
770.672363      8359.1982421875
770.986084      8373.1425781250
771.299683      8254.6210937500
771.613403      8289.4804687500
771.927002      8289.4804687500
772.240479      8428.9169921875
772.553955      8238.3535156250
772.867371      8368.4941406250
773.180847      8159.3398437500
773.494141      8117.5092773438
773.807434      8382.4375000000
774.120667      8291.8046875000
774.433899      8140.7485351563
774.747009      8115.1850585938
775.060181      8403.3535156250
775.373230      8380.1142578125
775.686218      8094.2700195313
775.999207      8140.7485351563
776.312073      8136.1005859375
776.624939      8122.1572265625
776.937866      8280.1845703125
777.250671      8084.9741210938
777.563416      8059.4106445313
777.876099      8066.3828125000
778.188721      7917.6508789063
778.501343      7989.6928710938
778.813904      7754.9750976563
779.126404      7734.0595703125
779.438904      7645.7500000000
779.751282      7678.2851562500
780.063660      7840.9609375000
780.376038      7743.3554687500
780.688293      7638.7783203125
781.000549      7806.1015625000
781.312683      7641.1025390625
781.624817      7657.3696289063
781.937012      7643.4262695313
782.249023      7645.7500000000
782.561035      7629.4824218750
782.872986      7576.0322265625
783.184937      7485.3984375000
783.496765      7445.8916015625
783.808655      7418.0043945313
784.120422      7213.4980468750
784.432129      7241.3852539063
784.743774      7173.9912109375
785.055420      7199.5541992188
785.367004      7143.7797851563
785.678589      7094.9770507813
785.990051      7134.4843750000
786.301514      7078.7099609375
786.612976      6943.9213867188
786.924316      7092.6533203125
787.235657      6941.5976562500
787.546936      6869.5556640625
787.858154      6853.2880859375
788.169312      6627.8662109375
788.480408      6565.1196289063
788.791504      6618.5703125000
789.102600      6439.6274414063
789.413513      6344.3457031250
789.724487      6425.6835937500
790.035400      6434.9794921875
790.346191      6314.1347656250
790.657043      6235.1210937500
790.967834      6216.5292968750
791.278564      6195.6137695313
791.589172      6156.1069335938
791.899780      6086.3891601563
792.210327      6281.5996093750
792.520935      6218.8535156250
792.831421      6093.3608398438
793.141846      6179.3461914063
793.452209      5960.8964843750
793.762573      6042.2343750000
794.072815      6100.3325195313
794.383118      6065.4736328125
794.693359      5844.6997070313
795.003479      5851.6713867188
795.313538      5823.7841796875
795.623596      6018.9946289063
795.933716      5993.4316406250
796.243652      5795.8969726563
796.553589      5791.2490234375
796.863464      5626.2495117188
797.173218      5751.7421875000
797.483032      5658.7846679688
797.792786      5730.8266601563
798.102478      5700.6157226563
798.412109      5589.0664062500
798.721741      5651.8129882813
799.031250      5544.9116210938
799.340820      5605.3339843750
799.650269      5688.9960937500
799.959656      5623.9257812500
800.269043      5582.0947265625
800.578369      5470.5458984375
800.887573      5382.2363281250
801.196899      5333.4335937500
801.505981      5447.3066406250
801.815186      5166.1103515625
802.124207      5307.8701171875
802.433289      5245.1240234375
802.742188      5207.9409179688
803.051270      5221.8847656250
803.360168      5263.7153320313
803.668945      5182.3779296875
803.977783      5152.1665039063
804.286499      5140.5468750000
804.595276      5114.9833984375
804.903931      5152.1665039063
805.212524      5091.7441406250
805.521057      5089.4204101563
805.829590      5159.1381835938
806.138062      5075.4765625000
806.446533      5221.8847656250
806.754944      5177.7299804688
807.063293      5259.0678710938
807.371521      5226.5327148438
807.679749      5173.0820312500
807.987976      4998.7866210938
808.296143      5101.0400390625
808.604248      5126.6035156250
808.912292      5045.2656250000
809.220276      4998.7866210938
809.528198      4961.6040039063
809.836182      4884.9140625000
810.144043      4752.4497070313
810.451843      4868.6464843750
810.759644      4619.9853515625
811.067322      4708.2949218750
811.375061      4812.8720703125
811.682678      4594.4218750000
811.990295      4543.2954101563
812.297791      4489.8447265625
812.605286      4529.3515625000
812.912720      4389.9155273438
813.220154      4266.7470703125
813.527527      4210.9726562500
813.834839      4120.3388671875
814.142029      4066.8884277344
814.449219      4069.2124023438
814.756409      3894.9169921875
815.063538      3848.4384765625
815.370605      3722.9458007813
815.677612      3734.5654296875
815.984619      3829.8469238281
816.291504      3646.2558593750
816.598389      3611.3969726563
816.905273      3560.2702636719
817.212036      3518.4394531250
817.518738      3485.9042968750
817.825439      3537.0310058594
818.132080      3562.5942382813
818.438721      3495.2001953125
818.745239      3497.5239257813
819.051758      3534.7070312500
819.358215      3499.8479003906
819.664612      3555.6223144531
819.971008      3495.2001953125
820.277344      3623.0166015625
820.583557      3588.1574707031
820.889771      3709.0021972656
821.195923      3846.1145019531
821.502075      3953.0156250000
821.808167      3934.4240722656
822.114197      3883.2973632813
822.420166      3820.5512695313
822.726074      3725.2697753906
823.031921      3557.9462890625
823.337769      3234.9191894531
823.643677      3151.2575683594
823.949402      3288.3698730469
824.255066      3279.0739746094
824.560730      3525.4111328125
824.866272      3492.8762207031
825.171936      3636.9602050781
825.477356      3627.6645507813
825.782837      3715.9741210938
826.088257      3834.4948730469
826.393616      3725.2697753906
826.698914      3750.8330078125
827.004272      3811.2553710938
827.309448      3850.7622070313
827.614624      3592.8054199219
827.919739      3667.1713867188
828.224854      3444.0734863281
828.529907      3451.0454101563
828.834839      3481.2563476563
829.139832      3485.9042968750
829.444702      3490.5522460938
829.749512      3611.3969726563
830.054260      3339.4963378906
830.359131      3532.3830566406
830.663818      3495.2001953125
830.968506      3530.0590820313
831.273071      3590.4814453125
831.577576      3643.9318847656
831.882080      3525.4111328125
832.186646      3488.2282714844
832.491028      3499.8479003906
832.795410      3453.3691406250
833.099731      3555.6223144531
833.403931      3553.2985839844
833.708191      3474.2846679688
834.012390      3518.4394531250
834.316467      3418.5102539063
834.620605      3367.3835449219
834.924622      3590.4814453125
835.228577      3564.9182128906
835.532593      3537.0310058594
835.836426      3625.3405761719
836.140320      3657.8757324219
836.444031      3648.5798339844
836.747803      3511.4675292969
837.051514      3625.3405761719
837.355225      3657.8757324219
837.658752      3653.2277832031
837.962341      3567.2421875000
838.265808      3534.7070312500
838.569336      3564.9182128906
838.872742      3530.0590820313
839.176147      3564.9182128906
839.479370      3520.7634277344
839.782715      3592.8054199219
840.085876      3646.2558593750
840.389038      3588.1574707031
840.692261      3655.5517578125
840.995300      3574.2138671875
841.298340      3537.0310058594
841.601257      3525.4111328125
841.904236      3634.6362304688
842.207153      3504.4958496094
842.509949      3511.4675292969
842.812805      3606.7490234375
843.115540      3379.0031738281
843.418152      3490.5522460938
843.720825      3478.9326171875
844.023438      3444.0734863281
844.325989      3388.2990722656
844.628540      3506.8198242188
844.930969      3460.3410644531
845.233337      3604.4250488281
845.535767      3492.8762207031
845.838013      3629.9882812500
846.140259      3655.5517578125
846.442505      3455.6931152344
846.744690      3511.4675292969
847.046753      3560.2702636719
847.348877      3437.1015625000
847.650879      3502.1718750000
847.952881      3497.5239257813
848.254761      3416.1862792969
848.556641      3365.0595703125
848.858459      3383.6511230469
849.160278      3346.4682617188
849.462036      3353.4399414063
849.763733      3341.8203125000
850.065308      3281.3979492188
850.366882      3209.3559570313
850.668518      3248.8627929688
850.969971      3323.2287597656
851.271423      3260.4824218750
851.572815      3174.4968261719
851.874084      3311.6091308594
852.175476      3253.5107421875
852.476685      3197.7363281250
852.777893      3241.8911132813
853.079041      3188.4404296875
853.380127      3158.2292480469
853.681213      3220.9755859375
853.982239      3220.9755859375
854.283203      3062.9479980469
854.584106      2969.9904785156
854.885010      2925.8356933594
855.185791      2846.8217773438
855.486572      2928.1596679688
855.787292      3030.4128417969
856.088013      3093.1591796875
856.388611      3058.3000488281
856.689148      3035.0607910156
856.989685      3051.3283691406
857.290161      3146.6096191406
857.590637      3116.3984375000
857.890991      2956.0468750000
858.191284      2993.2297363281
858.491577      3132.6660156250
858.791809      2988.5820312500
859.092041      2956.0468750000
859.392212      3044.3564453125
859.692261      3055.9760742188
859.992310      3028.0888671875
860.292297      2972.3144531250
860.592224      3062.9479980469
860.892151      2930.4836425781
861.191956      2921.1877441406
861.491760      2911.8920898438
861.791565      2956.0468750000
862.091248      2942.1032714844
862.390930      2951.3989257813
862.690552      3060.6240234375
862.990051      2870.0612792969
863.289551      2895.6245117188
863.589050      2877.0329589844
863.888428      2939.7792968750
864.187805      2860.7653808594
864.487122      2988.5820312500
864.786377      2944.4272460938
865.085632      2777.1037597656
865.384705      2823.5825195313
865.683838      2828.2304687500
865.982971      2832.8781738281
866.281982      2791.0473632813
866.580933      2753.8645019531
866.879883      2712.0336914063
867.178711      2758.5122070313
867.477600      2684.1462402344
867.776367      2723.6533203125
868.075134      2709.7097167969
868.373718      2728.3010253906
868.672424      2728.3010253906
868.970947      2779.4277343750
869.269531      2649.2873535156
869.568054      2809.6389160156
869.866455      2751.5405273438
870.164856      2719.0053710938
870.463196      2679.4985351563
870.761536      2695.7661132813
871.059753      2677.1745605469
871.357971      2651.6113281250
871.656067      2679.4985351563
871.954102      2714.3574218750
872.252197      2600.4846191406
872.550232      2633.0197753906
872.848206      2658.5830078125
873.146057      2619.0761718750
873.443848      2679.4985351563
873.741638      2605.1325683594
874.039429      2728.3010253906
874.337158      2558.6538085938
874.634827      2623.7238769531
874.932373      2660.9069824219
875.229980      2560.9777832031
875.527466      2514.4990234375
875.825012      2479.6398925781
876.122375      2563.3017578125
876.419739      2465.6962890625
876.717041      2605.1325683594
877.014282      2523.7946777344
877.311462      2649.2873535156
877.608704      2505.2033691406
877.905762      2542.3862304688
878.202881      2498.2314453125
878.499817      2584.2170410156
878.796814      2530.7666015625
879.093811      2463.3723144531
879.390625      2426.1894531250
879.687439      2512.1750488281
879.984253      2465.6962890625
880.280884      2433.1611328125
880.577637      2382.0346679688
880.874268      2407.5979003906
881.170837      2416.8935546875
881.467346      2440.1330566406
881.763855      2382.0346679688
882.060242      2444.7810058594
882.356567      2405.2739257813
882.652954      2449.4287109375
882.949280      2342.5278320313
883.245483      2354.1474609375
883.541626      2368.0910644531
883.837830      2279.7814941406
884.133911      2389.0063476563
884.429932      2409.9218750000
884.725952      2395.9782714844
885.021851      2358.7951660156
885.317688      2372.7387695313
885.613525      2384.3586425781
885.909363      2263.5139160156
886.205078      2279.7814941406
