0.072600
191.033081         0.0000000000
191.409973         0.0000000000
191.786819      1429.2208251953
192.163651      1382.7420654297
192.540451      1459.4320068359
192.917221      1482.6712646484
193.293961      1461.7558593750
193.670670      1445.4882812500
194.047348      1475.6994628906
194.423981      1519.8542480469
194.800613      1531.4739990234
195.177200      1450.1362304688
195.553757      1454.7840576172
195.930283      1487.3192138672
196.306778      1529.1500244141
196.683258      1515.2064208984
197.059677      1570.9808349609
197.436081      1461.7558593750
197.812454      1457.1080322266
198.188812      1517.5303955078
198.565125      1429.2208251953
198.941406      1510.5585937500
199.317673      1519.8542480469
199.693893      1482.6712646484
200.070099      1501.2628173828
200.446259      1433.8686523438
200.822388      1489.6430664063
201.198486      1505.9106445313
201.574570      1491.9670410156
201.950607      1431.5446777344
202.326614      1491.9670410156
202.702606      1466.4038085938
203.078568      1464.0798339844
203.454483      1461.7558593750
203.830383      1399.0096435547
204.206253      1468.7276611328
204.582077      1536.1218261719
204.957870      1466.4038085938
205.333633      1424.5728759766
205.709396      1412.9532470703
206.085098      1368.7984619141
206.460785      1361.8266601563
206.836426      1454.7840576172
207.212051      1417.6010742188
207.587646      1443.1644287109
207.963196      1424.5728759766
208.338730      1438.5164794922
208.714218      1438.5164794922
209.089691      1354.8548583984
209.465134      1468.7276611328
209.840530      1501.2628173828
210.215897      1438.5164794922
210.591263      1429.2208251953
210.966583      1478.0234375000
211.341858      1410.6292724609
211.717102      1450.1362304688
212.092331      1466.4038085938
212.467529      1436.1926269531
212.842697      1438.5164794922
213.217819      1426.8968505859
213.592926      1457.1080322266
213.968002      1415.2770996094
214.343018      1480.3474121094
214.718033      1459.4320068359
215.093018      1443.1644287109
215.467972      1399.0096435547
215.842880      1478.0234375000
216.217773      1491.9670410156
216.592636      1471.0516357422
216.967453      1415.2770996094
217.342255      1429.2208251953
217.717026      1401.3334960938
218.091766      1447.8122558594
218.466446      1399.0096435547
218.841125      1419.9250488281
219.215759      1415.2770996094
219.590378      1387.3898925781
219.964966      1533.7978515625
220.339508      1364.1505126953
220.714020      1482.6712646484
221.088516      1375.7702636719
221.462967      1415.2770996094
221.837402      1426.8968505859
222.211792      1417.6010742188
222.586166      1436.1926269531
222.960510      1484.9952392578
223.334793      1396.6856689453
223.709061      1378.0942382813
224.083313      1415.2770996094
224.457520      1438.5164794922
224.831696      1410.6292724609
225.205856      1438.5164794922
225.579987      1436.1926269531
225.954056      1438.5164794922
226.328110      1429.2208251953
226.702148      1519.8542480469
227.076126      1408.3052978516
227.450104      1436.1926269531
227.824036      1473.3756103516
228.197937      1440.8404541016
228.571823      1417.6010742188
228.945648      1424.5728759766
229.319473      1466.4038085938
229.693237      1464.0798339844
230.066986      1540.7697753906
230.440704      1433.8686523438
230.814392      1471.0516357422
231.188034      1503.5867919922
231.561661      1461.7558593750
231.935257      1484.9952392578
232.308823      1443.1644287109
232.682343      1382.7420654297
233.055847      1487.3192138672
233.429321      1433.8686523438
233.802750      1392.0378417969
234.176147      1440.8404541016
234.549530      1452.4600830078
234.922882      1452.4600830078
235.296188      1445.4882812500
235.669464      1440.8404541016
236.042725      1487.3192138672
236.415924      1471.0516357422
236.789139      1484.9952392578
237.162292      1389.7138671875
237.535416      1403.6574707031
237.908508      1417.6010742188
238.281570      1433.8686523438
238.654617      1515.2064208984
239.027618      1487.3192138672
239.400574      1375.7702636719
239.773514      1440.8404541016
240.146423      1464.0798339844
240.519302      1431.5446777344
240.892136      1480.3474121094
241.264969      1436.1926269531
241.637726      1429.2208251953
242.010498      1454.7840576172
242.383209      1468.7276611328
242.755905      1415.2770996094
243.128555      1412.9532470703
243.501190      1422.2490234375
243.873779      1487.3192138672
244.246353      1459.4320068359
244.618866      1445.4882812500
244.991379      1494.2910156250
245.363861      1401.3334960938
245.736282      1484.9952392578
246.108688      1436.1926269531
246.481079      1443.1644287109
246.853409      1468.7276611328
247.225723      1429.2208251953
247.598007      1459.4320068359
247.970261      1401.3334960938
248.342468      1382.7420654297
248.714645      1471.0516357422
249.086823      1443.1644287109
249.458954      1399.0096435547
249.831024      1489.6430664063
250.203094      1445.4882812500
250.575134      1419.9250488281
250.947113      1459.4320068359
251.319092      1475.6994628906
251.691025      1450.1362304688
252.062912      1433.8686523438
252.434784      1408.3052978516
252.806641      1447.8122558594
253.178452      1484.9952392578
253.550232      1364.1505126953
253.921967      1405.9814453125
254.293686      1415.2770996094
254.665359      1468.7276611328
255.037003      1419.9250488281
255.408630      1426.8968505859
255.780228      1445.4882812500
256.151764      1422.2490234375
256.523285      1438.5164794922
256.894806      1491.9670410156
257.266235      1447.8122558594
257.637695      1564.0090332031
258.009064      1459.4320068359
258.380432      1464.0798339844
258.751770      1459.4320068359
259.123077      1394.3616943359
259.494385      1410.6292724609
259.865601      1480.3474121094
260.236816      1396.6856689453
260.607941      1417.6010742188
260.979126      1473.3756103516
261.350220      1464.0798339844
261.721344      1459.4320068359
262.092346      1396.6856689453
262.463379      1429.2208251953
262.834351      1419.9250488281
263.205292      1443.1644287109
263.576233      1426.8968505859
263.947144      1412.9532470703
264.317993      1459.4320068359
264.688812      1431.5446777344
265.059631      1454.7840576172
265.430359      1457.1080322266
265.801117      1422.2490234375
266.171783      1464.0798339844
266.542450      1524.5021972656
266.913086      1489.6430664063
267.283691      1412.9532470703
267.654266      1433.8686523438
268.024811      1447.8122558594
268.395325      1466.4038085938
268.765778      1422.2490234375
269.136230      1429.2208251953
269.506653      1471.0516357422
269.877045      1401.3334960938
270.247375      1468.7276611328
270.617676      1475.6994628906
270.987946      1464.0798339844
271.358246      1401.3334960938
271.728424      1524.5021972656
272.098633      1468.7276611328
272.468781      1482.6712646484
272.838867      1461.7558593750
273.209015      1471.0516357422
273.579041      1429.2208251953
273.949066      1396.6856689453
274.319061      1443.1644287109
274.689056      1424.5728759766
275.058960      1378.0942382813
275.428864      1431.5446777344
275.798737      1431.5446777344
276.168579      1487.3192138672
276.538361      1438.5164794922
276.908142      1526.8260498047
277.277832      1501.2628173828
277.647583      1473.3756103516
278.017242      1473.3756103516
278.386902      1461.7558593750
278.756500      1512.8824462891
279.126038      1510.5585937500
279.495636      1471.0516357422
279.865143      1403.6574707031
280.234619      1405.9814453125
280.604065      1396.6856689453
280.973450      1466.4038085938
281.342834      1385.0660400391
281.712189      1396.6856689453
282.081512      1429.2208251953
282.450836      1480.3474121094
282.820038      1482.6712646484
283.189270      1443.1644287109
283.558502      1466.4038085938
283.927612      1422.2490234375
284.296722      1417.6010742188
284.665863      1445.4882812500
285.034912      1440.8404541016
285.403931      1478.0234375000
285.772919      1457.1080322266
286.141876      1429.2208251953
286.510834      1368.7984619141
286.879730      1412.9532470703
287.248596      1410.6292724609
287.617401      1438.5164794922
287.986206      1450.1362304688
288.354950      1459.4320068359
288.723724      1494.2910156250
289.092407      1478.0234375000
289.461060      1433.8686523438
289.829742      1494.2910156250
290.198334      1431.5446777344
290.566925      1422.2490234375
290.935455      1326.9675292969
291.303925      1464.0798339844
291.672394      1487.3192138672
292.040894      1443.1644287109
292.409271      1392.0378417969
292.777679      1405.9814453125
293.145996      1401.3334960938
293.514313      1424.5728759766
293.882599      1417.6010742188
294.250824      1415.2770996094
294.619049      1457.1080322266
294.987244      1461.7558593750
295.355377      1487.3192138672
295.723480      1450.1362304688
296.091614      1459.4320068359
296.459625      1475.6994628906
296.827667      1447.8122558594
297.195648      1385.0660400391
297.563599      1459.4320068359
297.931488      1501.2628173828
298.299408      1459.4320068359
298.667267      1494.2910156250
299.035095      1433.8686523438
299.402893      1487.3192138672
299.770599      1508.2346191406
300.138367      1408.3052978516
300.506042      1429.2208251953
300.873718      1440.8404541016
301.241333      1445.4882812500
301.608917      1415.2770996094
301.976471      1471.0516357422
302.344025      1431.5446777344
302.711487      1484.9952392578
303.078979      1431.5446777344
303.446411      1510.5585937500
303.813782      1531.4739990234
304.181183      1522.1782226563
304.548492      1478.0234375000
304.915771      1440.8404541016
305.283051      1461.7558593750
305.650299      1489.6430664063
306.017456      1417.6010742188
306.384644      1484.9952392578
306.751770      1522.1782226563
307.118896      1454.7840576172
307.485962      1429.2208251953
307.852966      1419.9250488281
308.219971      1450.1362304688
308.586945      1443.1644287109
308.953888      1445.4882812500
309.320801      1454.7840576172
309.687653      1403.6574707031
310.054504      1454.7840576172
310.421326      1417.6010742188
310.788086      1401.3334960938
311.154846      1424.5728759766
311.521515      1440.8404541016
311.888184      1394.3616943359
312.254822      1503.5867919922
312.621429      1436.1926269531
312.988007      1436.1926269531
313.354553      1452.4600830078
313.721039      1394.3616943359
314.087494      1475.6994628906
314.453949      1408.3052978516
314.820343      1410.6292724609
315.186737      1436.1926269531
315.553101      1431.5446777344
315.919373      1464.0798339844
316.285645      1394.3616943359
316.651886      1443.1644287109
317.018066      1415.2770996094
317.384308      1475.6994628906
317.750427      1426.8968505859
318.116516      1471.0516357422
318.482574      1443.1644287109
318.848633      1438.5164794922
319.214661      1424.5728759766
319.580627      1452.4600830078
319.946564      1459.4320068359
320.312439      1438.5164794922
320.678314      1382.7420654297
321.044159      1399.0096435547
321.410004      1461.7558593750
321.775757      1447.8122558594
322.141510      1415.2770996094
322.507202      1410.6292724609
322.872894      1399.0096435547
323.238525      1408.3052978516
323.604156      1468.7276611328
323.969696      1440.8404541016
324.335266      1438.5164794922
324.700745      1408.3052978516
325.066223      1459.4320068359
325.431702      1417.6010742188
325.797089      1403.6574707031
326.162445      1494.2910156250
326.527802      1364.1505126953
326.893097      1464.0798339844
327.258362      1415.2770996094
327.623657      1436.1926269531
327.988861      1389.7138671875
328.353973      1450.1362304688
328.719116      1484.9952392578
329.084259      1473.3756103516
329.449341      1454.7840576172
329.814392      1473.3756103516
330.179352      1473.3756103516
330.544312      1447.8122558594
330.909241      1489.6430664063
331.274170      1484.9952392578
331.639069      1433.8686523438
332.003906      1436.1926269531
332.368713      1487.3192138672
332.733459      1457.1080322266
333.098206      1422.2490234375
333.462921      1431.5446777344
333.827606      1445.4882812500
334.192230      1438.5164794922
334.556824      1373.4462890625
334.921356      1478.0234375000
335.285919      1433.8686523438
335.650452      1415.2770996094
336.014893      1503.5867919922
336.379333      1510.5585937500
336.743744      1452.4600830078
337.108124      1387.3898925781
337.472443      1466.4038085938
337.836731      1454.7840576172
338.201019      1436.1926269531
338.565247      1445.4882812500
338.929413      1457.1080322266
339.293579      1417.6010742188
339.657776      1447.8122558594
340.021851      1475.6994628906
340.385895      1424.5728759766
340.749908      1394.3616943359
341.113922      1438.5164794922
341.477875      1450.1362304688
341.841827      1494.2910156250
342.205688      1498.9388427734
342.569580      1405.9814453125
342.933380      1457.1080322266
343.297211      1491.9670410156
343.660950      1347.8830566406
344.024658      1385.0660400391
344.388367      1466.4038085938
344.752014      1431.5446777344
345.115601      1422.2490234375
345.479218      1403.6574707031
345.842804      1422.2490234375
346.206299      1440.8404541016
346.569763      1426.8968505859
346.933228      1440.8404541016
347.296661      1480.3474121094
347.660034      1452.4600830078
348.023407      1533.7978515625
348.386719      1478.0234375000
348.750000      1452.4600830078
349.113220      1475.6994628906
349.476471      1478.0234375000
349.839661      1484.9952392578
350.202820      1422.2490234375
350.565887      1498.9388427734
350.928955      1478.0234375000
351.292023      1471.0516357422
351.655029      1417.6010742188
352.018036      1510.5585937500
352.380981      1422.2490234375
352.743866      1457.1080322266
353.106720      1387.3898925781
353.469574      1433.8686523438
353.832397      1408.3052978516
354.195160      1436.1926269531
354.557892      1487.3192138672
354.920593      1478.0234375000
355.283234      1438.5164794922
355.645905      1426.8968505859
356.008514      1450.1362304688
356.371094      1447.8122558594
356.733612      1403.6574707031
357.096100      1445.4882812500
357.458588      1457.1080322266
357.820984      1387.3898925781
358.183411      1461.7558593750
358.545746      1443.1644287109
358.908081      1468.7276611328
359.270355      1389.7138671875
359.632629      1436.1926269531
359.994873      1480.3474121094
360.357056      1480.3474121094
360.719208      1461.7558593750
361.081329      1505.9106445313
361.443420      1410.6292724609
361.805481      1443.1644287109
362.167511      1436.1926269531
362.529480      1512.8824462891
362.891418      1417.6010742188
363.253326      1491.9670410156
363.615234      1457.1080322266
363.977081      1387.3898925781
364.338867      1447.8122558594
364.700653      1415.2770996094
365.062378      1452.4600830078
365.424103      1368.7984619141
365.785767      1454.7840576172
366.147430      1445.4882812500
366.509033      1410.6292724609
366.870605      1426.8968505859
367.232117      1484.9952392578
367.593628      1457.1080322266
367.955109      1408.3052978516
368.316559      1443.1644287109
368.677917      1450.1362304688
369.039307      1529.1500244141
369.400635      1459.4320068359
369.761902      1433.8686523438
370.123199      1471.0516357422
370.484436      1440.8404541016
370.845581      1429.2208251953
371.206726      1399.0096435547
371.567871      1466.4038085938
371.928955      1422.2490234375
372.290039      1454.7840576172
372.651062      1445.4882812500
373.011993      1415.2770996094
373.372955      1424.5728759766
373.733887      1478.0234375000
374.094788      1412.9532470703
374.455627      1426.8968505859
374.816406      1450.1362304688
375.177185      1396.6856689453
375.537903      1426.8968505859
375.898651      1438.5164794922
376.259338      1447.8122558594
376.619965      1431.5446777344
376.980530      1368.7984619141
377.341095      1382.7420654297
377.701660      1382.7420654297
378.062134      1471.0516357422
378.422607      1429.2208251953
378.783020      1445.4882812500
379.143402      1478.0234375000
379.503784      1454.7840576172
379.864105      1450.1362304688
380.224396      1468.7276611328
380.584656      1438.5164794922
380.944855      1512.8824462891
381.305054      1424.5728759766
381.665192      1466.4038085938
382.025299      1431.5446777344
382.385406      1371.1223144531
382.745453      1431.5446777344
383.105438      1436.1926269531
383.465424      1429.2208251953
383.825348      1443.1644287109
384.185272      1403.6574707031
384.545135      1433.8686523438
384.904968      1464.0798339844
385.264771      1459.4320068359
385.624512      1450.1362304688
385.984253      1515.2064208984
386.343964      1468.7276611328
386.703613      1408.3052978516
387.063232      1475.6994628906
387.422821      1478.0234375000
387.782379      1471.0516357422
388.141907      1480.3474121094
388.501404      1380.4180908203
388.860840      1433.8686523438
389.220215      1424.5728759766
389.579620      1464.0798339844
389.938995      1482.6712646484
390.298279      1491.9670410156
390.657562      1517.5303955078
391.016785      1410.6292724609
391.376007      1473.3756103516
391.735168      1375.7702636719
392.094299      1480.3474121094
392.453430      1452.4600830078
392.812469      1491.9670410156
393.171478      1357.1787109375
393.530457      1473.3756103516
393.889435      1396.6856689453
394.248383      1426.8968505859
394.607269      1473.3756103516
394.966125      1417.6010742188
395.324921      1487.3192138672
395.683655      1503.5867919922
396.042419      1526.8260498047
396.401154      1445.4882812500
396.759827      1452.4600830078
397.118469      1491.9670410156
397.477051      1461.7558593750
397.835632      1471.0516357422
398.194153      1478.0234375000
398.552673      1487.3192138672
398.911163      1408.3052978516
399.269592      1464.0798339844
399.627960      1415.2770996094
399.986328      1466.4038085938
400.344666      1475.6994628906
400.702942      1443.1644287109
401.061188      1482.6712646484
401.419403      1480.3474121094
401.777588      1452.4600830078
402.135712      1452.4600830078
402.493835      1459.4320068359
402.851929      1408.3052978516
403.209961      1496.6148681641
403.567932      1429.2208251953
403.925903      1426.8968505859
404.283905      1412.9532470703
404.641754      1473.3756103516
404.999634      1459.4320068359
405.357452      1475.6994628906
405.715210      1494.2910156250
406.072998      1484.9952392578
406.430725      1445.4882812500
406.788422      1471.0516357422
407.146027      1378.0942382813
407.503662      1436.1926269531
407.861237      1445.4882812500
408.218781      1473.3756103516
408.576294      1445.4882812500
408.933777      1438.5164794922
409.291168      1475.6994628906
409.648590      1529.1500244141
410.005951      1482.6712646484
410.363312      1452.4600830078
410.720612      1454.7840576172
411.077820      1371.1223144531
411.435059      1429.2208251953
411.792267      1475.6994628906
412.149384      1394.3616943359
412.506531      1419.9250488281
412.863586      1433.8686523438
413.220642      1412.9532470703
413.577606      1447.8122558594
413.934601      1364.1505126953
414.291565      1445.4882812500
414.648468      1438.5164794922
415.005310      1438.5164794922
415.362122      1447.8122558594
415.718903      1436.1926269531
416.075684      1417.6010742188
416.432434      1436.1926269531
416.789093      1482.6712646484
417.145752      1503.5867919922
417.502350      1461.7558593750
417.858948      1466.4038085938
418.215485      1382.7420654297
418.571991      1422.2490234375
418.928467      1396.6856689453
419.284882      1454.7840576172
419.641266      1466.4038085938
419.997650      1419.9250488281
420.354004      1424.5728759766
420.710266      1450.1362304688
421.066528      1440.8404541016
421.422760      1461.7558593750
421.778931      1424.5728759766
422.135071      1505.9106445313
422.491211      1445.4882812500
422.847260      1466.4038085938
423.203308      1457.1080322266
423.559296      1447.8122558594
423.915283      1387.3898925781
424.271210      1480.3474121094
424.627136      1478.0234375000
424.982971      1401.3334960938
425.338776      1452.4600830078
425.694611      1403.6574707031
426.050323      1378.0942382813
426.406036      1415.2770996094
426.761749      1503.5867919922
427.117371      1519.8542480469
427.472961      1494.2910156250
427.828552      1536.1218261719
428.184113      1357.1787109375
428.539581      1440.8404541016
428.895050      1410.6292724609
429.250458      1508.2346191406
429.605865      1505.9106445313
429.961212      1471.0516357422
430.316559      1466.4038085938
430.671814      1419.9250488281
431.027069      1498.9388427734
431.382263      1419.9250488281
431.737457      1431.5446777344
432.092590      1424.5728759766
432.447723      1482.6712646484
432.802734      1480.3474121094
433.157776      1422.2490234375
433.512756      1422.2490234375
433.867706      1410.6292724609
434.222656      1426.8968505859
434.577545      1405.9814453125
434.932373      1489.6430664063
435.287201      1422.2490234375
435.641968      1471.0516357422
435.996704      1468.7276611328
436.351410      1457.1080322266
436.706085      1457.1080322266
437.060699      1399.0096435547
437.415283      1445.4882812500
437.769867      1459.4320068359
438.124420      1426.8968505859
438.478882      1408.3052978516
438.833313      1440.8404541016
439.187714      1438.5164794922
439.542084      1450.1362304688
439.896454      1533.7978515625
440.250732      1480.3474121094
440.605011      1445.4882812500
440.959229      1512.8824462891
441.313416      1359.5026855469
441.667572      1464.0798339844
442.021698      1482.6712646484
442.375793      1410.6292724609
442.729858      1417.6010742188
443.083832      1447.8122558594
443.437836      1364.1505126953
443.791748      1408.3052978516
444.145630      1468.7276611328
444.499542      1445.4882812500
444.853363      1426.8968505859
445.207123      1461.7558593750
445.560883      1426.8968505859
445.914612      1457.1080322266
446.268280      1491.9670410156
446.621918      1422.2490234375
446.975555      1478.0234375000
447.329132      1496.6148681641
447.682678      1501.2628173828
448.036133      1443.1644287109
448.389618      1491.9670410156
448.743042      1489.6430664063
449.096405      1417.6010742188
449.449799      1491.9670410156
449.803101      1447.8122558594
450.156372      1468.7276611328
450.509613      1471.0516357422
450.862823      1440.8404541016
451.216003      1457.1080322266
451.569122      1464.0798339844
451.922211      1450.1362304688
452.275269      1447.8122558594
452.628296      1517.5303955078
452.981293      1438.5164794922
453.334229      1482.6712646484
453.687134      1422.2490234375
454.040009      1424.5728759766
454.392853      1424.5728759766
454.745636      1399.0096435547
455.098419      1426.8968505859
455.451172      1480.3474121094
455.803864      1382.7420654297
456.156464      1408.3052978516
456.509125      1443.1644287109
456.861694      1373.4462890625
457.214264      1461.7558593750
457.566742      1431.5446777344
457.919220      1464.0798339844
458.271667      1478.0234375000
458.624023      1445.4882812500
458.976379      1501.2628173828
459.328705      1538.4458007813
459.681000      1433.8686523438
460.033234      1496.6148681641
460.385468      1405.9814453125
460.737610      1459.4320068359
461.089752      1445.4882812500
461.441864      1433.8686523438
461.793945      1473.3756103516
462.145996      1412.9532470703
462.497955      1475.6994628906
462.849884      1424.5728759766
463.201813      1399.0096435547
463.553680      1419.9250488281
463.905518      1445.4882812500
464.257355      1382.7420654297
464.609100      1464.0798339844
464.960815      1457.1080322266
465.312531      1480.3474121094
465.664185      1426.8968505859
466.015778      1466.4038085938
466.367371      1543.0936279297
466.718903      1480.3474121094
467.070435      1494.2910156250
467.421906      1473.3756103516
467.773346      1508.2346191406
468.124725      1438.5164794922
468.476074      1450.1362304688
468.827393      1424.5728759766
469.178680      1478.0234375000
469.529938      1471.0516357422
469.881134      1396.6856689453
470.232330      1380.4180908203
470.583435      1498.9388427734
470.934540      1494.2910156250
471.285614      1419.9250488281
471.636627      1408.3052978516
471.987610      1452.4600830078
472.338562      1473.3756103516
472.689453      1461.7558593750
473.040375      1443.1644287109
473.391205      1484.9952392578
473.741974      1424.5728759766
474.092773      1496.6148681641
474.443481      1459.4320068359
474.794159      1464.0798339844
475.144806      1522.1782226563
475.495422      1475.6994628906
475.846039      1410.6292724609
476.196533      1519.8542480469
476.547028      1452.4600830078
476.897522      1436.1926269531
477.247925      1515.2064208984
477.598328      1457.1080322266
477.948700      1405.9814453125
478.299011      1459.4320068359
478.649231      1433.8686523438
478.999481      1475.6994628906
479.349701      1431.5446777344
479.699829      1489.6430664063
480.049988      1399.0096435547
480.400055      1450.1362304688
480.750153      1505.9106445313
481.100128      1459.4320068359
481.450104      1422.2490234375
481.800049      1457.1080322266
482.149963      1466.4038085938
482.499786      1447.8122558594
482.849670      1445.4882812500
483.199432      1401.3334960938
483.549194      1417.6010742188
483.898926      1415.2770996094
484.248566      1505.9106445313
484.598206      1431.5446777344
484.947815      1419.9250488281
485.297394      1394.3616943359
485.646912      1426.8968505859
485.996399      1508.2346191406
486.345825      1464.0798339844
486.695282      1478.0234375000
487.044617      1429.2208251953
487.393951      1482.6712646484
487.743286      1512.8824462891
488.092529      1424.5728759766
488.441711      1426.8968505859
488.790955      1433.8686523438
489.140076      1478.0234375000
489.489197      1482.6712646484
489.838257      1512.8824462891
490.187286      1445.4882812500
490.536316      1459.4320068359
490.885254      1471.0516357422
491.234161      1405.9814453125
491.583069      1431.5446777344
491.931915      1484.9952392578
492.280731      1484.9952392578
492.629486      1501.2628173828
492.978210      1422.2490234375
493.326874      1487.3192138672
493.675568      1424.5728759766
494.024200      1405.9814453125
494.372742      1482.6712646484
494.721313      1452.4600830078
495.069824      1461.7558593750
495.418274      1387.3898925781
495.766724      1471.0516357422
496.115112      1512.8824462891
496.463470      1343.2351074219
496.811768      1450.1362304688
497.160034      1389.7138671875
497.508301      1436.1926269531
497.856506      1447.8122558594
498.204651      1482.6712646484
498.552765      1454.7840576172
498.900848      1482.6712646484
499.248901      1468.7276611328
499.596924      1438.5164794922
499.944885      1429.2208251953
500.292816      1431.5446777344
500.640778      1475.6994628906
500.988556      1505.9106445313
501.336426      1340.9112548828
501.684204      1410.6292724609
502.031952      1436.1926269531
502.379700      1408.3052978516
502.727295      1415.2770996094
503.074982      1526.8260498047
503.422546      1438.5164794922
503.770081      1473.3756103516
504.117615      1471.0516357422
504.465088      1419.9250488281
504.812561      1503.5867919922
505.159943      1482.6712646484
505.507294      1433.8686523438
505.854645      1436.1926269531
506.201904      1487.3192138672
506.549194      1468.7276611328
506.896332      1454.7840576172
507.243591      1443.1644287109
507.590698      1373.4462890625
507.937775      1473.3756103516
508.284912      1457.1080322266
508.631836      1496.6148681641
508.978851      1459.4320068359
509.325806      1426.8968505859
509.672699      1464.0798339844
510.019592      1484.9952392578
510.366364      1478.0234375000
510.713196      1389.7138671875
511.059937      1459.4320068359
511.406677      1422.2490234375
511.753326      1494.2910156250
512.099976      1459.4320068359
512.446594      1450.1362304688
512.793091      1475.6994628906
513.139648      1480.3474121094
513.486145      1429.2208251953
513.832520      1480.3474121094
514.179016      1417.6010742188
514.525269      1433.8686523438
514.871704      1364.1505126953
515.217957      1480.3474121094
515.564209      1422.2490234375
515.910522      1440.8404541016
516.256531      1447.8122558594
516.602783      1399.0096435547
516.948853      1433.8686523438
517.294922      1424.5728759766
517.640930      1445.4882812500
517.986877      1426.8968505859
518.332886      1494.2910156250
518.678711      1436.1926269531
519.024658      1489.6430664063
519.370422      1431.5446777344
519.716248      1424.5728759766
520.062073      1436.1926269531
520.407715      1482.6712646484
520.753418      1433.8686523438
521.099060      1480.3474121094
521.444580      1431.5446777344
521.790222      1401.3334960938
522.135681      1461.7558593750
522.481201      1473.3756103516
522.826660      1415.2770996094
523.172058      1478.0234375000
523.517395      1380.4180908203
523.862671      1373.4462890625
524.208069      1368.7984619141
524.553284      1447.8122558594
524.898438      1408.3052978516
525.243591      1410.6292724609
525.588745      1480.3474121094
525.933899      1445.4882812500
526.278931      1494.2910156250
526.623962      1466.4038085938
526.968872      1350.2069091797
527.313904      1489.6430664063
527.658813      1519.8542480469
528.003601      1426.8968505859
528.348450      1489.6430664063
528.693237      1484.9952392578
529.037964      1445.4882812500
529.382751      1408.3052978516
529.727356      1440.8404541016
530.072021      1454.7840576172
530.416626      1438.5164794922
530.761169      1408.3052978516
531.105652      1440.8404541016
531.450134      1345.5590820313
531.794617      1429.2208251953
532.138916      1438.5164794922
532.483337      1452.4600830078
532.827637      1475.6994628906
533.171936      1519.8542480469
533.516174      1464.0798339844
533.860352      1408.3052978516
534.204529      1447.8122558594
534.548645      1424.5728759766
534.892700      1459.4320068359
535.236816      1487.3192138672
535.580750      1454.7840576172
535.924744      1431.5446777344
536.268738      1466.4038085938
536.612549      1412.9532470703
536.956421      1473.3756103516
537.300232      1412.9532470703
537.644043      1478.0234375000
537.987671      1473.3756103516
538.331421      1445.4882812500
538.675049      1431.5446777344
539.018677      1399.0096435547
539.362305      1466.4038085938
539.705750      1410.6292724609
540.049316      1447.8122558594
540.392822      1445.4882812500
540.736145      1396.6856689453
541.079590      1424.5728759766
541.422913      1422.2490234375
541.766235      1415.2770996094
542.109436      1415.2770996094
542.452698      1429.2208251953
542.795898      1419.9250488281
543.138977      1443.1644287109
543.482178      1431.5446777344
543.825195      1471.0516357422
544.168213      1443.1644287109
544.511230      1538.4458007813
544.854187      1533.7978515625
545.197083      1471.0516357422
545.539917      1468.7276611328
545.882813      1443.1644287109
546.225586      1426.8968505859
546.568359      1408.3052978516
546.911133      1394.3616943359
547.253662      1489.6430664063
547.596436      1452.4600830078
547.938965      1505.9106445313
548.281494      1459.4320068359
548.624084      1494.2910156250
548.966492      1447.8122558594
549.308960      1491.9670410156
549.651367      1515.2064208984
549.993713      1399.0096435547
550.336060      1466.4038085938
550.678345      1387.3898925781
551.020630      1452.4600830078
551.362732      1415.2770996094
551.704956      1412.9532470703
552.047058      1405.9814453125
552.389160      1419.9250488281
552.731262      1461.7558593750
553.073181      1424.5728759766
553.415161      1431.5446777344
553.757080      1471.0516357422
554.098999      1431.5446777344
554.440857      1422.2490234375
554.782593      1447.8122558594
555.124390      1466.4038085938
555.466125      1484.9952392578
555.807800      1543.0936279297
556.149414      1496.6148681641
556.491089      1412.9532470703
556.832642      1422.2490234375
557.174133      1468.7276611328
557.515686      1436.1926269531
557.857117      1436.1926269531
558.198486      1392.0378417969
558.539917      1452.4600830078
558.881165      1487.3192138672
559.222534      1491.9670410156
559.563782      1454.7840576172
559.904968      1405.9814453125
560.246216      1385.0660400391
560.587280      1440.8404541016
560.928406      1487.3192138672
561.269470      1424.5728759766
561.610474      1494.2910156250
561.951477      1417.6010742188
562.292297      1512.8824462891
562.633301      1457.1080322266
562.974121      1459.4320068359
563.315002      1484.9952392578
563.655762      1519.8542480469
563.996460      1489.6430664063
564.337158      1394.3616943359
564.677795      1482.6712646484
565.018433      1450.1362304688
565.359009      1447.8122558594
565.699524      1505.9106445313
566.040100      1501.2628173828
566.380493      1482.6712646484
566.720947      1468.7276611328
567.061340      1433.8686523438
567.401611      1429.2208251953
567.742004      1436.1926269531
568.082153      1550.0654296875
568.422424      1405.9814453125
568.762634      1475.6994628906
569.102722      1392.0378417969
569.442810      1429.2208251953
569.782898      1445.4882812500
570.122986      1464.0798339844
570.462830      1415.2770996094
570.802856      1450.1362304688
571.142761      1457.1080322266
571.482605      1424.5728759766
571.822449      1496.6148681641
572.162170      1431.5446777344
572.501953      1505.9106445313
572.841675      1373.4462890625
573.181274      1424.5728759766
573.520996      1419.9250488281
573.860474      1461.7558593750
574.200073      1429.2208251953
574.539551      1440.8404541016
574.878967      1482.6712646484
575.218384      1466.4038085938
575.557739      1454.7840576172
575.897156      1422.2490234375
576.236450      1508.2346191406
576.575684      1471.0516357422
576.914856      1436.1926269531
577.254089      1366.4744873047
577.593262      1447.8122558594
577.932251      1457.1080322266
578.271362      1440.8404541016
578.610352      1410.6292724609
578.949341      1436.1926269531
579.288330      1405.9814453125
579.627197      1329.2915039063
579.966064      1450.1362304688
580.304871      1419.9250488281
580.643677      1426.8968505859
580.982483      1482.6712646484
581.321045      1412.9532470703
581.659790      1392.0378417969
581.998413      1445.4882812500
582.336914      1478.0234375000
582.675476      1380.4180908203
583.013916      1478.0234375000
583.352478      1505.9106445313
583.690796      1471.0516357422
584.029175      1433.8686523438
584.367493      1429.2208251953
584.705811      1540.7697753906
585.044128      1419.9250488281
585.382202      1431.5446777344
585.720459      1382.7420654297
586.058594      1438.5164794922
586.396667      1443.1644287109
586.734802      1461.7558593750
587.072693      1505.9106445313
587.410767      1419.9250488281
587.748657      1471.0516357422
588.086487      1364.1505126953
588.424316      1445.4882812500
588.762146      1405.9814453125
589.099976      1498.9388427734
589.437622      1464.0798339844
589.775391      1445.4882812500
590.113037      1436.1926269531
590.450623      1412.9532470703
590.788208      1431.5446777344
591.125671      1459.4320068359
591.463196      1373.4462890625
591.800659      1440.8404541016
592.138062      1473.3756103516
592.475464      1387.3898925781
592.812683      1433.8686523438
593.150024      1515.2064208984
593.487244      1443.1644287109
593.824402      1505.9106445313
594.161621      1466.4038085938
594.498657      1426.8968505859
594.835815      1399.0096435547
595.172852      1480.3474121094
595.509827      1408.3052978516
595.846741      1471.0516357422
596.183655      1491.9670410156
596.520630      1410.6292724609
596.857422      1375.7702636719
597.194214      1452.4600830078
597.530945      1378.0942382813
597.867615      1454.7840576172
598.204346      1415.2770996094
598.540955      1399.0096435547
598.877563      1466.4038085938
599.214111      1415.2770996094
599.550598      1468.7276611328
599.887085      1473.3756103516
600.223450      1408.3052978516
600.559937      1426.8968505859
600.896240      1457.1080322266
601.232544      1440.8404541016
601.568787      1452.4600830078
601.905029      1405.9814453125
602.241272      1568.6569824219
602.577271      1533.7978515625
602.913452      1436.1926269531
603.249512      1408.3052978516
603.585510      1412.9532470703
603.921509      1464.0798339844
604.257385      1475.6994628906
604.593323      1403.6574707031
604.929199      1426.8968505859
605.264954      1461.7558593750
605.600830      1475.6994628906
605.936462      1450.1362304688
606.272217      1422.2490234375
606.607849      1440.8404541016
606.943420      1440.8404541016
607.278992      1484.9952392578
607.614502      1475.6994628906
607.950012      1464.0798339844
608.285461      1419.9250488281
608.620850      1419.9250488281
608.956177      1445.4882812500
609.291504      1387.3898925781
609.626831      1431.5446777344
609.962036      1443.1644287109
610.297302      1498.9388427734
610.632446      1419.9250488281
610.967529      1459.4320068359
611.302673      1459.4320068359
611.637634      1431.5446777344
611.972656      1466.4038085938
612.307617      1494.2910156250
612.642517      1489.6430664063
612.977356      1408.3052978516
613.312195      1438.5164794922
613.646973      1433.8686523438
613.981750      1433.8686523438
614.316406      1468.7276611328
614.651062      1466.4038085938
614.985657      1429.2208251953
615.320313      1487.3192138672
615.654846      1473.3756103516
615.989319      1417.6010742188
616.323792      1473.3756103516
616.658203      1447.8122558594
616.992615      1380.4180908203
617.326904      1378.0942382813
617.661194      1454.7840576172
617.995483      1419.9250488281
618.329712      1426.8968505859
618.663940      1447.8122558594
618.997925      1498.9388427734
619.332092      1457.1080322266
619.666077      1447.8122558594
620.000061      1503.5867919922
620.334045      1468.7276611328
620.667969      1452.4600830078
621.001892      1433.8686523438
621.335632      1475.6994628906
621.669495      1357.1787109375
622.003296      1431.5446777344
622.336914      1459.4320068359
622.670654      1471.0516357422
623.004272      1431.5446777344
623.337891      1519.8542480469
623.671387      1498.9388427734
624.004883      1457.1080322266
624.338440      1464.0798339844
624.671753      1471.0516357422
625.005249      1447.8122558594
625.338562      1445.4882812500
625.671814      1452.4600830078
626.005066      1429.2208251953
626.338257      1454.7840576172
626.671509      1450.1362304688
627.004578      1482.6712646484
627.337708      1422.2490234375
627.670776      1457.1080322266
628.003723      1350.2069091797
628.336731      1452.4600830078
628.669556      1436.1926269531
629.002502      1450.1362304688
629.335327      1399.0096435547
629.668152      1426.8968505859
630.000916      1410.6292724609
630.333618      1375.7702636719
630.666321      1405.9814453125
630.998962      1471.0516357422
631.331482      1417.6010742188
631.664063      1529.1500244141
631.996521      1478.0234375000
632.329102      1443.1644287109
632.661499      1387.3898925781
632.993835      1468.7276611328
633.326172      1447.8122558594
633.658447      1482.6712646484
633.990784      1436.1926269531
634.322937      1405.9814453125
634.655212      1375.7702636719
634.987244      1410.6292724609
635.319397      1454.7840576172
635.651489      1410.6292724609
635.983398      1482.6712646484
636.315430      1415.2770996094
636.647278      1447.8122558594
636.979187      1494.2910156250
637.311035      1461.7558593750
637.642761      1424.5728759766
637.974609      1466.4038085938
638.306335      1445.4882812500
638.637939      1459.4320068359
638.969604      1482.6712646484
639.301147      1464.0798339844
639.632751      1440.8404541016
639.964233      1450.1362304688
640.295715      1426.8968505859
640.627075      1440.8404541016
640.958496      1478.0234375000
641.289917      1447.8122558594
641.621094      1482.6712646484
641.952393      1454.7840576172
642.283569      1417.6010742188
642.614746      1475.6994628906
642.945923      1450.1362304688
643.276917      1461.7558593750
643.608093      1436.1926269531
643.939026      1484.9952392578
644.269958      1440.8404541016
644.600891      1401.3334960938
644.931763      1382.7420654297
645.262634      1426.8968505859
645.593384      1475.6994628906
645.924133      1482.6712646484
646.254822      1415.2770996094
646.585510      1480.3474121094
646.916199      1480.3474121094
647.246704      1450.1362304688
647.577271      1422.2490234375
647.907715      1426.8968505859
648.238220      1454.7840576172
648.568665      1433.8686523438
648.898987      1475.6994628906
649.229309      1419.9250488281
649.559570      1457.1080322266
649.889832      1419.9250488281
650.220093      1445.4882812500
650.550171      1487.3192138672
650.880310      1433.8686523438
651.210388      1431.5446777344
651.540405      1440.8404541016
651.870422      1408.3052978516
652.200317      1517.5303955078
652.530273      1503.5867919922
652.860046      1478.0234375000
653.189941      1429.2208251953
653.519775      1438.5164794922
653.849426      1366.4744873047
654.179199      1396.6856689453
654.508789      1452.4600830078
654.838440      1461.7558593750
655.168030      1440.8404541016
655.497498      1464.0798339844
655.827026      1436.1926269531
656.156372      1443.1644287109
656.485840      1503.5867919922
656.815247      1452.4600830078
657.144470      1450.1362304688
657.473755      1480.3474121094
657.802979      1419.9250488281
658.132202      1464.0798339844
658.461243      1426.8968505859
658.790466      1529.1500244141
659.119507      1412.9532470703
659.448486      1461.7558593750
659.777527      1454.7840576172
660.106384      1489.6430664063
660.435242      1526.8260498047
660.764160      1450.1362304688
661.092896      1457.1080322266
661.421692      1445.4882812500
661.750427      1392.0378417969
662.079102      1382.7420654297
662.407715      1426.8968505859
662.736328      1424.5728759766
663.064880      1466.4038085938
663.393311      1457.1080322266
663.721802      1471.0516357422
664.050232      1378.0942382813
664.378601      1487.3192138672
664.706970      1494.2910156250
665.035217      1457.1080322266
665.363525      1475.6994628906
665.691650      1399.0096435547
666.019897      1457.1080322266
666.347961      1468.7276611328
666.676086      1464.0798339844
667.004150      1491.9670410156
667.332092      1375.7702636719
667.660095      1464.0798339844
667.987915      1501.2628173828
668.315796      1531.4739990234
668.643677      1433.8686523438
668.971436      1412.9532470703
669.299133      1459.4320068359
669.626892      1438.5164794922
669.954468      1424.5728759766
670.282104      1433.8686523438
670.609619      1422.2490234375
670.937256      1424.5728759766
671.264587      1371.1223144531
671.592163      1415.2770996094
671.919495      1403.6574707031
672.246887      1431.5446777344
672.574097      1496.6148681641
672.901489      1450.1362304688
673.228699      1478.0234375000
673.555847      1412.9532470703
673.882996      1431.5446777344
674.210022      1510.5585937500
674.537109      1461.7558593750
674.864136      1445.4882812500
675.191101      1475.6994628906
675.518005      1450.1362304688
675.844849      1440.8404541016
676.171692      1498.9388427734
676.498535      1478.0234375000
676.825256      1447.8122558594
677.151978      1491.9670410156
677.478577      1415.2770996094
677.805237      1473.3756103516
678.131836      1412.9532470703
678.458435      1410.6292724609
678.784851      1454.7840576172
679.111328      1450.1362304688
679.437744      1461.7558593750
679.764099      1475.6994628906
680.090454      1410.6292724609
680.416687      1454.7840576172
680.742920      1505.9106445313
681.069153      1480.3474121094
681.395203      1443.1644287109
681.721313      1498.9388427734
682.047485      1440.8404541016
682.373474      1489.6430664063
682.699402      1429.2208251953
683.025391      1501.2628173828
683.351196      1510.5585937500
683.677063      1433.8686523438
684.002930      1461.7558593750
684.328674      1410.6292724609
684.654358      1415.2770996094
684.980042      1440.8404541016
685.305603      1429.2208251953
685.631287      1445.4882812500
685.956787      1401.3334960938
686.282288      1419.9250488281
686.607788      1498.9388427734
686.933167      1443.1644287109
687.258545      1422.2490234375
687.583923      1466.4038085938
687.909180      1484.9952392578
688.234375      1480.3474121094
688.559631      1445.4882812500
688.884766      1429.2208251953
689.209839      1461.7558593750
689.534973      1415.2770996094
689.859924      1491.9670410156
690.184937      1394.3616943359
690.509827      1466.4038085938
690.834717      1396.6856689453
691.159668      1352.5308837891
691.484436      1431.5446777344
691.809204      1436.1926269531
692.133911      1445.4882812500
692.458557      1480.3474121094
692.783142      1450.1362304688
693.107849      1529.1500244141
693.432312      1489.6430664063
693.756836      1496.6148681641
694.081238      1433.8686523438
694.405701      1450.1362304688
694.730164      1457.1080322266
695.054443      1419.9250488281
695.378723      1422.2490234375
695.702942      1459.4320068359
696.027100      1461.7558593750
696.351257      1482.6712646484
696.675476      1494.2910156250
696.999512      1433.8686523438
697.323486      1438.5164794922
697.647461      1389.7138671875
697.971375      1491.9670410156
698.295349      1466.4038085938
698.619202      1431.5446777344
698.942993      1464.0798339844
699.266724      1452.4600830078
699.590393      1478.0234375000
699.914124      1468.7276611328
700.237793      1466.4038085938
700.561340      1422.2490234375
700.884949      1417.6010742188
701.208374      1450.1362304688
701.531860      1403.6574707031
701.855286      1419.9250488281
702.178650      1450.1362304688
702.501953      1443.1644287109
702.825195      1410.6292724609
703.148499      1459.4320068359
703.471680      1424.5728759766
703.794861      1419.9250488281
704.117981      1405.9814453125
704.440979      1471.0516357422
704.764038      1457.1080322266
705.086975      1443.1644287109
705.409851      1443.1644287109
705.732849      1426.8968505859
706.055664      1457.1080322266
706.378479      1459.4320068359
706.701233      1480.3474121094
707.023926      1415.2770996094
707.346619      1503.5867919922
707.669250      1410.6292724609
707.991821      1480.3474121094
708.314392      1457.1080322266
708.636841      1410.6292724609
708.959290      1433.8686523438
709.281738      1403.6574707031
709.604065      1466.4038085938
709.926392      1443.1644287109
710.248657      1471.0516357422
710.570862      1424.5728759766
710.893066      1454.7840576172
711.215210      1459.4320068359
711.537292      1394.3616943359
711.859314      1491.9670410156
712.181335      1408.3052978516
712.503357      1468.7276611328
712.825256      1450.1362304688
713.147156      1431.5446777344
713.468994      1454.7840576172
713.790771      1438.5164794922
714.112488      1503.5867919922
714.434143      1431.5446777344
714.755859      1491.9670410156
715.077515      1468.7276611328
715.399109      1475.6994628906
715.720581      1489.6430664063
716.042053      1445.4882812500
716.363525      1424.5728759766
716.684875      1389.7138671875
717.006287      1454.7840576172
717.327576      1468.7276611328
717.648804      1422.2490234375
717.969971      1424.5728759766
718.291260      1392.0378417969
718.612366      1478.0234375000
718.933411      1433.8686523438
719.254395      1501.2628173828
719.575439      1415.2770996094
719.896362      1517.5303955078
720.217285      1415.2770996094
720.538147      1415.2770996094
720.859009      1424.5728759766
721.179749      1368.7984619141
721.500488      1464.0798339844
721.821228      1438.5164794922
722.141785      1515.2064208984
722.462402      1410.6292724609
722.782959      1408.3052978516
723.103455      1429.2208251953
723.423950      1392.0378417969
723.744385      1382.7420654297
724.064758      1412.9532470703
724.385071      1408.3052978516
724.705322      1401.3334960938
725.025574      1445.4882812500
725.345825      1368.7984619141
725.665955      1396.6856689453
725.986023      1394.3616943359
726.306091      1501.2628173828
726.626099      1447.8122558594
726.946045      1443.1644287109
727.266052      1415.2770996094
727.585938      1471.0516357422
727.905762      1454.7840576172
728.225525      1471.0516357422
728.545288      1457.1080322266
728.864990      1447.8122558594
729.184692      1405.9814453125
729.504333      1454.7840576172
729.823853      1447.8122558594
730.143372      1510.5585937500
730.462891      1461.7558593750
730.782410      1405.9814453125
731.101746      1399.0096435547
731.421143      1468.7276611328
731.740417      1447.8122558594
732.059631      1466.4038085938
732.378845      1482.6712646484
732.698059      1450.1362304688
733.017212      1445.4882812500
733.336304      1505.9106445313
733.655273      1431.5446777344
733.974304      1410.6292724609
734.293335      1431.5446777344
734.612183      1438.5164794922
734.931030      1473.3756103516
735.249878      1426.8968505859
735.568665      1478.0234375000
735.887329      1396.6856689453
736.206055      1445.4882812500
736.524658      1426.8968505859
736.843262      1443.1644287109
737.161804      1417.6010742188
737.480286      1440.8404541016
737.798828      1408.3052978516
738.117249      1405.9814453125
738.435608      1445.4882812500
738.753906      1452.4600830078
739.072205      1447.8122558594
739.390442      1354.8548583984
739.708618      1401.3334960938
740.026733      1380.4180908203
740.344849      1385.0660400391
740.662903      1447.8122558594
740.980957      1443.1644287109
741.298889      1403.6574707031
741.616821      1375.7702636719
741.934692      1436.1926269531
742.252502      1436.1926269531
742.570313      1515.2064208984
742.888062      1471.0516357422
743.205750      1431.5446777344
743.523438      1480.3474121094
743.841003      1403.6574707031
744.158569      1450.1362304688
744.476074      1396.6856689453
744.793518      1459.4320068359
745.111023      1491.9670410156
745.428345      1389.7138671875
745.745728      1478.0234375000
746.062988      1454.7840576172
746.380249      1505.9106445313
746.697449      1519.8542480469
747.014648      1491.9670410156
747.331726      1484.9952392578
747.648804      1415.2770996094
747.965759      1489.6430664063
748.282776      1429.2208251953
748.599731      1452.4600830078
748.916626      1466.4038085938
749.233459      1422.2490234375
749.550232      1457.1080322266
749.867004      1457.1080322266
750.183655      1510.5585937500
750.500366      1450.1362304688
750.816956      1431.5446777344
751.133545      1429.2208251953
751.450073      1429.2208251953
751.766479      1401.3334960938
752.083008      1424.5728759766
752.399414      1468.7276611328
752.715698      1417.6010742188
753.032043      1431.5446777344
753.348328      1417.6010742188
753.664429      1438.5164794922
753.980713      1466.4038085938
754.296814      1484.9952392578
754.612854      1522.1782226563
754.928833      1473.3756103516
755.244873      1438.5164794922
755.560852      1466.4038085938
755.876709      1440.8404541016
756.192505      1343.2351074219
756.508362      1464.0798339844
756.824097      1512.8824462891
757.139771      1450.1362304688
757.455505      1375.7702636719
757.771118      1466.4038085938
758.086670      1431.5446777344
758.402222      1471.0516357422
758.717712      1424.5728759766
759.033081      1426.8968505859
759.348511      1433.8686523438
759.663879      1392.0378417969
759.979187      1459.4320068359
760.294434      1464.0798339844
760.609619      1431.5446777344
760.924805      1438.5164794922
761.239929      1447.8122558594
761.554993      1464.0798339844
761.869995      1489.6430664063
762.184998      1459.4320068359
762.499939      1478.0234375000
762.814880      1438.5164794922
763.129700      1426.8968505859
763.444519      1417.6010742188
763.759277      1459.4320068359
764.073975      1519.8542480469
764.388672      1471.0516357422
764.703308      1436.1926269531
765.017883      1478.0234375000
765.332397      1405.9814453125
765.646851      1505.9106445313
765.961304      1471.0516357422
766.275696      1403.6574707031
766.590088      1447.8122558594
766.904358      1426.8968505859
767.218628      1454.7840576172
767.532776      1429.2208251953
767.846924      1424.5728759766
768.161072      1419.9250488281
768.475159      1417.6010742188
768.789185      1387.3898925781
769.103149      1424.5728759766
769.417114      1431.5446777344
769.731079      1450.1362304688
770.044861      1438.5164794922
770.358643      1424.5728759766
770.672363      1487.3192138672
770.986084      1459.4320068359
771.299683      1364.1505126953
771.613403      1380.4180908203
771.927002      1419.9250488281
772.240479      1415.2770996094
772.553955      1510.5585937500
772.867371      1459.4320068359
773.180847      1494.2910156250
773.494141      1454.7840576172
773.807434      1475.6994628906
774.120667      1378.0942382813
774.433899      1468.7276611328
774.747009      1424.5728759766
775.060181      1401.3334960938
775.373230      1482.6712646484
775.686218      1392.0378417969
775.999207      1396.6856689453
776.312073      1473.3756103516
776.624939      1491.9670410156
776.937866      1371.1223144531
777.250671      1399.0096435547
777.563416      1419.9250488281
777.876099      1412.9532470703
778.188721      1433.8686523438
778.501343      1401.3334960938
778.813904      1436.1926269531
779.126404      1424.5728759766
779.438904      1478.0234375000
779.751282      1436.1926269531
780.063660      1396.6856689453
780.376038      1399.0096435547
780.688293      1459.4320068359
781.000549      1510.5585937500
781.312683      1473.3756103516
781.624817      1464.0798339844
781.937012      1480.3474121094
782.249023      1471.0516357422
782.561035      1426.8968505859
782.872986      1480.3474121094
783.184937      1450.1362304688
783.496765      1454.7840576172
783.808655      1498.9388427734
784.120422      1424.5728759766
784.432129      1426.8968505859
784.743774      1471.0516357422
785.055420      1447.8122558594
785.367004      1466.4038085938
785.678589      1482.6712646484
785.990051      1424.5728759766
786.301514      1445.4882812500
786.612976      1401.3334960938
786.924316      1417.6010742188
787.235657      1484.9952392578
787.546936      1501.2628173828
787.858154      1443.1644287109
788.169312      1440.8404541016
788.480408      1464.0798339844
788.791504      1426.8968505859
789.102600      1471.0516357422
789.413513      1403.6574707031
789.724487      1371.1223144531
790.035400      1382.7420654297
790.346191      1405.9814453125
790.657043      1475.6994628906
790.967834      1412.9532470703
791.278564      1394.3616943359
791.589172      1464.0798339844
791.899780      1447.8122558594
792.210327      1484.9952392578
792.520935      1508.2346191406
792.831421      1461.7558593750
793.141846      1387.3898925781
793.452209      1408.3052978516
793.762573      1452.4600830078
794.072815      1431.5446777344
794.383118      1419.9250488281
794.693359      1447.8122558594
795.003479      1498.9388427734
795.313538      1468.7276611328
795.623596      1399.0096435547
795.933716      1505.9106445313
796.243652      1526.8260498047
796.553589      1419.9250488281
796.863464      1389.7138671875
797.173218      1450.1362304688
797.483032      1412.9532470703
797.792786      1454.7840576172
798.102478      1433.8686523438
798.412109      1498.9388427734
798.721741      1424.5728759766
799.031250      1459.4320068359
799.340820      1512.8824462891
799.650269      1431.5446777344
799.959656      1466.4038085938
800.269043      1480.3474121094
800.578369      1401.3334960938
800.887573      1433.8686523438
801.196899      1415.2770996094
801.505981      1545.4176025391
801.815186      1459.4320068359
802.124207      1540.7697753906
802.433289      1426.8968505859
802.742188      1491.9670410156
803.051270      1426.8968505859
803.360168      1438.5164794922
803.668945      1443.1644287109
803.977783      1417.6010742188
804.286499      1482.6712646484
804.595276      1431.5446777344
804.903931      1392.0378417969
805.212524      1419.9250488281
805.521057      1478.0234375000
805.829590      1415.2770996094
806.138062      1452.4600830078
806.446533      1366.4744873047
806.754944      1382.7420654297
807.063293      1410.6292724609
807.371521      1419.9250488281
807.679749      1410.6292724609
807.987976      1419.9250488281
808.296143      1433.8686523438
808.604248      1496.6148681641
808.912292      1450.1362304688
809.220276      1424.5728759766
809.528198      1417.6010742188
809.836182      1461.7558593750
810.144043      1433.8686523438
810.451843      1422.2490234375
810.759644      1382.7420654297
811.067322      1466.4038085938
811.375061      1491.9670410156
811.682678      1471.0516357422
811.990295      1429.2208251953
812.297791      1471.0516357422
812.605286      1429.2208251953
812.912720      1385.0660400391
813.220154      1450.1362304688
813.527527      1405.9814453125
813.834839      1466.4038085938
814.142029      1433.8686523438
814.449219      1515.2064208984
814.756409      1471.0516357422
815.063538      1478.0234375000
815.370605      1475.6994628906
815.677612      1471.0516357422
815.984619      1487.3192138672
816.291504      1417.6010742188
816.598389      1466.4038085938
816.905273      1412.9532470703
817.212036      1394.3616943359
817.518738      1443.1644287109
817.825439      1417.6010742188
818.132080      1415.2770996094
818.438721      1445.4882812500
818.745239      1508.2346191406
819.051758      1487.3192138672
819.358215      1445.4882812500
819.664612      1522.1782226563
819.971008      1471.0516357422
820.277344      1403.6574707031
820.583557      1433.8686523438
820.889771      1424.5728759766
821.195923      1438.5164794922
821.502075      1429.2208251953
821.808167      1443.1644287109
822.114197      1431.5446777344
822.420166      1445.4882812500
822.726074      1466.4038085938
823.031921      1443.1644287109
823.337769      1454.7840576172
823.643677      1473.3756103516
823.949402      1410.6292724609
824.255066      1436.1926269531
824.560730      1412.9532470703
824.866272      1424.5728759766
825.171936      1359.5026855469
825.477356      1482.6712646484
825.782837      1429.2208251953
826.088257      1415.2770996094
826.393616      1457.1080322266
826.698914      1443.1644287109
827.004272      1471.0516357422
827.309448      1433.8686523438
827.614624      1482.6712646484
827.919739      1482.6712646484
828.224854      1426.8968505859
828.529907      1357.1787109375
828.834839      1417.6010742188
829.139832      1401.3334960938
829.444702      1529.1500244141
829.749512      1457.1080322266
830.054260      1422.2490234375
830.359131      1478.0234375000
830.663818      1468.7276611328
830.968506      1415.2770996094
831.273071      1445.4882812500
831.577576      1471.0516357422
831.882080      1480.3474121094
832.186646      1443.1644287109
832.491028      1457.1080322266
832.795410      1431.5446777344
833.099731      1501.2628173828
833.403931      1552.3894042969
833.708191      1464.0798339844
834.012390      1473.3756103516
834.316467      1468.7276611328
834.620605      1452.4600830078
834.924622      1431.5446777344
835.228577      1440.8404541016
835.532593      1452.4600830078
835.836426      1491.9670410156
836.140320      1440.8404541016
836.444031      1447.8122558594
836.747803      1452.4600830078
837.051514      1475.6994628906
837.355225      1519.8542480469
837.658752      1401.3334960938
837.962341      1389.7138671875
838.265808      1433.8686523438
838.569336      1447.8122558594
838.872742      1433.8686523438
839.176147      1405.9814453125
839.479370      1417.6010742188
839.782715      1440.8404541016
840.085876      1489.6430664063
840.389038      1424.5728759766
840.692261      1401.3334960938
840.995300      1438.5164794922
841.298340      1431.5446777344
841.601257      1436.1926269531
841.904236      1454.7840576172
842.207153      1417.6010742188
842.509949      1459.4320068359
842.812805      1482.6712646484
843.115540      1385.0660400391
843.418152      1426.8968505859
843.720825      1491.9670410156
844.023438      1512.8824462891
844.325989      1443.1644287109
844.628540      1440.8404541016
844.930969      1394.3616943359
845.233337      1419.9250488281
845.535767      1412.9532470703
845.838013      1457.1080322266
846.140259      1515.2064208984
846.442505      1494.2910156250
846.744690      1447.8122558594
847.046753      1447.8122558594
847.348877      1450.1362304688
847.650879      1366.4744873047
847.952881      1401.3334960938
848.254761      1478.0234375000
848.556641      1405.9814453125
848.858459      1464.0798339844
849.160278      1394.3616943359
849.462036      1475.6994628906
849.763733      1475.6994628906
850.065308      1496.6148681641
850.366882      1459.4320068359
850.668518      1464.0798339844
850.969971      1510.5585937500
851.271423      1450.1362304688
851.572815      1491.9670410156
851.874084      1487.3192138672
852.175476      1484.9952392578
852.476685      1450.1362304688
852.777893      1412.9532470703
853.079041      1445.4882812500
853.380127      1373.4462890625
853.681213      1399.0096435547
853.982239      1447.8122558594
854.283203      1415.2770996094
854.584106      1408.3052978516
854.885010      1424.5728759766
855.185791      1464.0798339844
855.486572      1426.8968505859
855.787292      1482.6712646484
856.088013      1403.6574707031
856.388611      1480.3474121094
856.689148      1422.2490234375
856.989685      1464.0798339844
857.290161      1459.4320068359
857.590637      1431.5446777344
857.890991      1454.7840576172
858.191284      1489.6430664063
858.491577      1438.5164794922
858.791809      1496.6148681641
859.092041      1450.1362304688
859.392212      1422.2490234375
859.692261      1433.8686523438
859.992310      1417.6010742188
860.292297      1410.6292724609
860.592224      1410.6292724609
860.892151      1403.6574707031
861.191956      1403.6574707031
861.491760      1471.0516357422
861.791565      1491.9670410156
862.091248      1478.0234375000
862.390930      1426.8968505859
862.690552      1440.8404541016
862.990051      1424.5728759766
863.289551      1375.7702636719
863.589050      1336.2633056641
863.888428      1389.7138671875
864.187805      1464.0798339844
864.487122      1445.4882812500
864.786377      1498.9388427734
865.085632      1480.3474121094
865.384705      1429.2208251953
865.683838      1415.2770996094
865.982971      1405.9814453125
866.281982      1478.0234375000
866.580933      1466.4038085938
866.879883      1517.5303955078
867.178711      1522.1782226563
867.477600      1480.3474121094
867.776367      1473.3756103516
868.075134      1431.5446777344
868.373718      1431.5446777344
868.672424      1415.2770996094
868.970947      1505.9106445313
869.269531      1461.7558593750
869.568054      1436.1926269531
869.866455      1438.5164794922
870.164856      1450.1362304688
870.463196      1431.5446777344
870.761536      1415.2770996094
871.059753      1408.3052978516
871.357971      1471.0516357422
871.656067      1508.2346191406
871.954102      1450.1362304688
872.252197      1482.6712646484
872.550232      1385.0660400391
872.848206      1415.2770996094
873.146057      1457.1080322266
873.443848      1436.1926269531
873.741638      1438.5164794922
874.039429      1426.8968505859
874.337158      1419.9250488281
874.634827      1445.4882812500
874.932373      1452.4600830078
875.229980      1433.8686523438
875.527466      1471.0516357422
875.825012      1447.8122558594
876.122375      1487.3192138672
876.419739      1447.8122558594
876.717041      1450.1362304688
877.014282      1473.3756103516
877.311462      1426.8968505859
877.608704      1403.6574707031
877.905762      1405.9814453125
878.202881      1457.1080322266
878.499817      1510.5585937500
878.796814      1482.6712646484
879.093811      1433.8686523438
879.390625      1408.3052978516
879.687439      1429.2208251953
879.984253      1422.2490234375
880.280884      1457.1080322266
880.577637      1415.2770996094
880.874268      1533.7978515625
881.170837      1457.1080322266
881.467346      1447.8122558594
881.763855      1417.6010742188
882.060242      1533.7978515625
882.356567      1459.4320068359
882.652954      1466.4038085938
882.949280      1419.9250488281
883.245483      1440.8404541016
883.541626      1454.7840576172
883.837830      1457.1080322266
884.133911      1459.4320068359
884.429932      1445.4882812500
884.725952      1464.0798339844
885.021851      1447.8122558594
885.317688      1522.1782226563
885.613525      1440.8404541016
885.909363      1466.4038085938
886.205078      1424.5728759766
