0.079200
190.260635         0.0000000000
190.642441         0.0000000000
191.024216      1429.6505126953
191.405975      1467.8044433594
191.787704      1398.2296142578
192.169403      1472.2930908203
192.551071      1510.4470214844
192.932724      1454.3382568359
193.314331      1492.4921875000
193.695923      1474.5374755859
194.077499      1508.2026367188
194.459030      1496.9809570313
194.840546      1517.1800537109
195.222031      1467.8044433594
195.603485      1479.0261230469
195.984909      1496.9809570313
196.366302      1532.8905029297
196.747681      1422.9173583984
197.129028      1501.4696044922
197.510345      1476.7818603516
197.891647      1476.7818603516
198.272919      1402.7182617188
198.654175      1523.9130859375
199.035355      1488.0035400391
199.416550      1458.8270263672
199.797714      1503.7139892578
200.178848      1557.5783691406
200.559937      1503.7139892578
200.941025      1470.0487060547
201.322083      1494.7365722656
201.703079      1539.6235351563
202.084091      1456.5826416016
202.465057      1550.8453369141
202.845993      1501.4696044922
203.226898      1548.6009521484
203.607788      1523.9130859375
203.988647      1485.7591552734
204.369461      1501.4696044922
204.750275      1532.8905029297
205.131042      1510.4470214844
205.511795      1483.5148925781
205.892517      1440.8721923828
206.273209      1463.3156738281
206.653870      1476.7818603516
207.034515      1476.7818603516
207.415115      1454.3382568359
207.795700      1490.2479248047
208.176254      1452.0939941406
208.556778      1492.4921875000
208.937271      1393.7408447266
209.317749      1483.5148925781
209.698196      1488.0035400391
210.078613      1476.7818603516
210.459000      1548.6009521484
210.839371      1479.0261230469
211.219696      1505.9583740234
211.600006      1422.9173583984
211.980286      1458.8270263672
212.360535      1411.6956787109
212.740768      1445.3609619141
213.120956      1443.1165771484
213.501129      1447.6052246094
213.881256      1501.4696044922
214.261383      1465.5600585938
214.641464      1481.2705078125
215.021530      1490.2479248047
215.401550      1546.3565673828
215.781570      1449.8496093750
216.161530      1476.7818603516
216.541504      1485.7591552734
216.921402      1485.7591552734
217.301315      1476.7818603516
217.681152      1400.4738769531
218.061005      1436.3835449219
218.440811      1481.2705078125
218.820587      1501.4696044922
219.200348      1467.8044433594
219.580078      1519.4244384766
219.959763      1431.8947753906
220.339432      1454.3382568359
220.719070      1418.4287109375
221.098694      1461.0714111328
221.478271      1553.0897216797
221.857819      1499.2253417969
222.237366      1443.1165771484
222.616867      1422.9173583984
222.996338      1463.3156738281
223.375778      1467.8044433594
223.755188      1490.2479248047
224.134583      1429.6505126953
224.513947      1422.9173583984
224.893265      1481.2705078125
225.272583      1508.2026367188
225.651855      1445.3609619141
226.031097      1465.5600585938
226.410339      1479.0261230469
226.789520      1483.5148925781
227.168686      1436.3835449219
227.547806      1443.1165771484
227.926926      1474.5374755859
228.306015      1535.1348876953
228.685059      1528.4018554688
229.064087      1479.0261230469
229.443069      1447.6052246094
229.822037      1490.2479248047
230.200989      1499.2253417969
230.579895      1519.4244384766
230.958786      1467.8044433594
231.337631      1557.5783691406
231.716461      1452.0939941406
232.095261      1470.0487060547
232.474030      1510.4470214844
232.852783      1479.0261230469
233.231476      1521.6688232422
233.610184      1512.6914062500
233.988831      1485.7591552734
234.367462      1470.0487060547
234.746048      1422.9173583984
235.124649      1483.5148925781
235.503159      1485.7591552734
235.881683      1458.8270263672
236.260162      1575.5332031250
236.638641      1470.0487060547
237.017075      1476.7818603516
237.395477      1413.9400634766
237.773834      1550.8453369141
238.152176      1449.8496093750
238.530502      1474.5374755859
238.908783      1510.4470214844
239.287048      1456.5826416016
239.665268      1418.4287109375
240.043472      1505.9583740234
240.421661      1476.7818603516
240.799805      1517.1800537109
241.177902      1454.3382568359
241.556000      1474.5374755859
241.934052      1503.7139892578
242.312088      1514.9357910156
242.690094      1443.1165771484
243.068054      1461.0714111328
243.446014      1416.1843261719
243.823929      1476.7818603516
244.201813      1483.5148925781
244.579666      1470.0487060547
244.957504      1519.4244384766
245.335297      1371.2973632813
245.713074      1499.2253417969
246.090820      1476.7818603516
246.468536      1505.9583740234
246.846207      1490.2479248047
247.223862      1528.4018554688
247.601501      1514.9357910156
247.979095      1508.2026367188
248.356674      1519.4244384766
248.734222      1490.2479248047
249.111725      1499.2253417969
249.489212      1508.2026367188
249.866669      1470.0487060547
250.244095      1521.6688232422
250.621506      1485.7591552734
250.998871      1472.2930908203
251.376221      1510.4470214844
251.753510      1413.9400634766
252.130814      1447.6052246094
252.508057      1434.1391601563
252.885284      1523.9130859375
253.262466      1447.6052246094
253.639648      1528.4018554688
254.016769      1479.0261230469
254.393906      1508.2026367188
254.770966      1434.1391601563
255.148026      1501.4696044922
255.525040      1470.0487060547
255.902054      1440.8721923828
256.278992      1523.9130859375
256.655945      1521.6688232422
257.032837      1514.9357910156
257.409729      1488.0035400391
257.786591      1463.3156738281
258.163391      1447.6052246094
258.540161      1537.3792724609
258.916962      1449.8496093750
259.293701      1523.9130859375
259.670380      1445.3609619141
260.047058      1472.2930908203
260.423706      1463.3156738281
260.800323      1537.3792724609
261.176880      1490.2479248047
261.553436      1530.6462402344
261.929962      1512.6914062500
262.306488      1476.7818603516
262.682953      1474.5374755859
263.059387      1472.2930908203
263.435791      1532.8905029297
263.812195      1501.4696044922
264.188507      1436.3835449219
264.564850      1474.5374755859
264.941132      1443.1165771484
265.317413      1443.1165771484
265.693634      1443.1165771484
266.069885      1463.3156738281
266.446045      1416.1843261719
266.822174      1521.6688232422
267.198273      1521.6688232422
267.574371      1445.3609619141
267.950439      1539.6235351563
268.326447      1528.4018554688
268.702454      1535.1348876953
269.078430      1427.4061279297
269.454376      1508.2026367188
269.830292      1402.7182617188
270.206146      1452.0939941406
270.582001      1539.6235351563
270.957825      1436.3835449219
271.333618      1532.8905029297
271.709381      1470.0487060547
272.085144      1438.6278076172
272.460815      1499.2253417969
272.836487      1490.2479248047
273.212128      1523.9130859375
273.587769      1452.0939941406
273.963348      1488.0035400391
274.338898      1485.7591552734
274.714447      1499.2253417969
275.089935      1472.2930908203
275.465393      1474.5374755859
275.840820      1474.5374755859
276.216278      1494.7365722656
276.591644      1467.8044433594
276.966949      1490.2479248047
277.342285      1499.2253417969
277.717590      1571.0444335938
278.092834      1535.1348876953
278.468048      1427.4061279297
278.843262      1514.9357910156
279.218445      1447.6052246094
279.593567      1530.6462402344
279.968658      1528.4018554688
280.343781      1523.9130859375
280.718811      1490.2479248047
281.093842      1519.4244384766
281.468811      1447.6052246094
281.843781      1499.2253417969
282.218719      1467.8044433594
282.593628      1400.4738769531
282.968506      1508.2026367188
283.343353      1535.1348876953
283.718170      1501.4696044922
284.092896      1445.3609619141
284.467682      1519.4244384766
284.842407      1503.7139892578
285.217102      1476.7818603516
285.591766      1481.2705078125
285.966400      1481.2705078125
286.340973      1523.9130859375
286.715576      1470.0487060547
287.090118      1434.1391601563
287.464630      1512.6914062500
287.839081      1465.5600585938
288.213562      1479.0261230469
288.587982      1443.1165771484
288.962372      1541.8679199219
289.336731      1454.3382568359
289.711060      1427.4061279297
290.085327      1535.1348876953
290.459625      1472.2930908203
290.833862      1452.0939941406
291.208069      1409.4512939453
291.582275      1562.0670166016
291.956421      1514.9357910156
292.330505      1465.5600585938
292.704620      1503.7139892578
293.078705      1479.0261230469
293.452698      1559.8227539063
293.826691      1483.5148925781
294.200684      1479.0261230469
294.574615      1474.5374755859
294.948517      1490.2479248047
295.322388      1470.0487060547
295.696259      1523.9130859375
296.070068      1528.4018554688
296.443848      1476.7818603516
296.817596      1539.6235351563
297.191345      1481.2705078125
297.565063      1519.4244384766
297.938690      1476.7818603516
298.312317      1503.7139892578
298.685913      1456.5826416016
299.059540      1452.0939941406
299.433044      1535.1348876953
299.806549      1494.7365722656
300.180054      1508.2026367188
300.553528      1510.4470214844
300.926910      1483.5148925781
301.300323      1548.6009521484
301.673676      1485.7591552734
302.046997      1566.5557861328
302.420319      1526.1574707031
302.793579      1541.8679199219
303.166809      1555.3339843750
303.540039      1575.5332031250
303.913208      1588.9992675781
304.286377      1546.3565673828
304.659454      1609.1983642578
305.032593      1588.9992675781
305.405609      1566.5557861328
305.778656      1622.6645507813
306.151611      1627.1531982422
306.524597      1602.4653320313
306.897522      1618.1757812500
307.270416      1606.9541015625
307.643280      1629.3975830078
308.016144      1716.9271240234
308.388916      1658.5740966797
308.761749      1595.7322998047
309.134460      1658.5740966797
309.507202      1595.7322998047
309.879913      1701.2166748047
310.252563      1710.1940917969
310.625153      1692.2393798828
310.997742      1793.2349853516
311.370361      1768.5472412109
311.742859      1797.7237548828
312.115356      1797.7237548828
312.487823      1903.2081298828
312.860291      1878.5202636719
313.232697      1925.6516113281
313.605042      1979.5159912109
313.977386      1975.0273437500
314.349731      1952.5838623047
314.721985      1950.3394775391
315.094269      1990.7377929688
315.466492      2028.8917236328
315.838684      2053.5795898438
316.210846      2098.4665527344
316.582977      2181.5075683594
316.955048      2201.7065429688
317.327148      2381.2546386719
317.699158      2414.9196777344
318.071167      2367.7883300781
318.443176      2295.9692382813
318.815125      2273.5258789063
319.187012      2408.1867675781
319.558868      2387.9875488281
319.930756      2372.2770996094
320.302582      2538.3588867188
320.674347      2513.6711425781
321.046112      2471.0285644531
321.417847      2488.9833984375
321.789581      2589.9790039063
322.161224      2549.5808105469
322.532867      2441.8520507813
322.904419      2480.0058593750
323.276031      2632.6215820313
323.647583      2610.1782226563
324.019073      2756.0607910156
324.390533      2863.7895507813
324.762024      2841.3461914063
325.133423      2969.2739257813
325.504791      2989.4731445313
325.876129      3133.1115722656
326.247467      3339.5915527344
326.618774      3409.1665039063
326.990021      3379.9899902344
327.361237      3460.7866210938
327.732452      3355.3020019531
328.103607      3305.9265136719
328.474731      3364.2795410156
328.845825      3602.1804199219
329.216919      3629.1127929688
329.587952      3779.4841308594
329.958954      3705.4206542969
330.329926      3869.2580566406
330.700867      3707.6650390625
331.071808      3739.0859375000
331.442688      3781.7285156250
331.813507      3586.4699707031
332.184357      3732.3527832031
332.555115      3703.1762695313
332.925873      3851.3032226563
333.296570      3761.5292968750
333.667267      3754.7963867188
334.037994      3721.1311035156
334.408600      3909.6564941406
334.779144      3920.8781738281
335.149750      3943.3215332031
335.520294      3938.8330078125
335.890778      3801.9277343750
336.261230      3651.5561523438
336.631683      3624.6240234375
337.002106      3680.7326660156
337.372498      3757.0405273438
337.742798      3887.2128906250
338.113129      3970.2539062500
338.483429      4098.1816406250
338.853668      4082.4711914063
339.223907      4134.0913085938
339.594086      4284.4628906250
339.964233      4302.4174804688
340.334381      4315.8837890625
340.704437      4385.4584960938
341.074493      4304.6616210938
341.444519      4248.5532226563
341.814545      4336.0825195313
342.184509      4493.1870117188
342.554413      4504.4086914063
342.924347      4580.7167968750
343.294220      4479.7211914063
343.664032      4450.5444335938
344.033813      4111.6479492188
344.403595      4149.8017578125
344.773346      4237.3315429688
345.143036      4520.1191406250
345.512695      4540.3183593750
345.882385      4578.4726562500
346.251984      4688.4458007813
346.621552      4657.0249023438
346.991089      4746.7988281250
347.360626      4733.3325195313
347.730103      4672.7353515625
348.099548      4766.9975585938
348.468964      4740.0654296875
348.838379      4798.4184570313
349.207764      4802.9072265625
349.577057      4908.3916015625
349.946320      4935.3242187500
350.315582      5227.0893554688
350.684845      5339.3066406250
351.054047      5310.1303710938
351.423157      5036.3198242188
351.792328      5195.6684570313
352.161438      5114.8720703125
352.530487      5173.2250976563
352.899506      5229.3334960938
353.268524      5424.5922851563
353.637512      5653.5156250000
354.006409      5835.3081054688
354.375336      5931.8149414063
354.744232      6140.5395507813
355.113068      5846.5297851563
355.481873      5743.2895507813
355.850616      5536.8095703125
356.219391      5539.0537109375
356.588135      5294.4199218750
356.956818      4939.8125000000
357.325470      4973.4780273438
357.694031      4885.9482421875
358.062653      4908.3916015625
358.431213      4811.8847656250
358.799713      4867.9936523438
359.168182      5462.7460937500
359.536652      5752.2670898438
359.905090      5929.5708007813
360.273438      6151.7612304688
360.641785      5716.3574218750
361.010132      5545.7871093750
361.378448      5673.7148437500
361.746704      5738.8007812500
362.114899      5985.6791992188
362.483124      6014.8559570313
362.851288      6335.7978515625
363.219421      6452.5039062500
363.587463      6468.2143554688
363.955566      6537.7895507813
364.323608      6757.7353515625
364.691589      6652.2509765625
365.059540      6878.9306640625
365.427490      7069.7001953125
365.795410      7655.4750976563
366.163269      7648.7421875000
366.531067      7870.9326171875
366.898895      7738.5161132813
367.266693      7909.0869140625
367.634430      7859.7109375000
368.002106      7709.3398437500
368.369812      7736.2719726563
368.737457      7563.4570312500
369.105042      7646.4980468750
369.472595      7976.4169921875
369.840149      8164.9423828125
370.207672      7947.2407226563
370.575134      7931.5302734375
370.942566      7740.7607421875
371.309998      7799.1137695313
371.677399      7801.3579101563
372.044708      7502.8593750000
372.411987      7437.7734375000
372.779297      7426.5517578125
373.146576      7390.6420898438
373.513794      6863.2202148438
373.880951      6948.5053710938
374.248077      6959.7270507813
374.615204      6905.8627929688
374.982300      6968.7045898438
375.349365      7374.9316406250
375.716339      7942.7519531250
376.083374      7956.2182617188
376.450317      8059.4580078125
376.817230      8310.8251953125
377.184082      8728.2744140625
377.550964      9015.5507812500
377.917786      9558.6835937500
378.284576      9518.2851562500
378.651306      9424.0224609375
379.018036      9035.7500000000
379.384735      8598.1015625000
379.751373      8580.1474609375
380.117981      8591.3691406250
380.484589      8898.8447265625
380.851166      9165.9218750000
381.217651      8943.7314453125
381.584137      8196.3632812500
381.950623      7543.2578125000
382.317017      7226.8046875000
382.683411      6894.6406250000
383.049774      6598.3867187500
383.416107      6474.9477539063
383.782410      6499.6352539063
384.148651      7137.0307617188
384.514832      7758.7153320313
384.881042      8528.5273437500
385.247223      8573.4140625000
385.613342      8373.6669921875
385.979401      8286.1376953125
386.345459      8503.8388671875
386.711517      8598.1015625000
387.077484      8497.1064453125
387.443420      8782.1386718750
387.809357      8629.5224609375
388.175262      8656.4550781250
388.541107      8842.7363281250
388.906891      9044.7275390625
389.272705      9574.3935546875
389.638489     10047.9511718750
390.004211     10281.3642578125
390.369873     10575.3740234375
390.735535     10802.0527343750
391.101196     11093.8183593750
391.466766     11122.9951171875
391.832336     10959.1572265625
392.197815     10348.6943359375
392.563324      9255.6962890625
392.928802      8032.5258789063
393.294189      7069.7001953125
393.659607      6874.4418945313
394.024963      7581.4116210938
394.390289      8860.6904296875
394.755554      9985.1093750000
395.120789     10609.0390625000
395.486023     11035.4648437500
395.851227     10925.4921875000
396.216370      9771.8964843750
396.581482      8577.9023437500
396.946564      8236.7617187500
397.311646      8546.4814453125
397.676636     10189.3457031250
398.041626     11636.9511718750
398.406586     12752.3925781250
398.771515     13948.6308593750
399.136383     14505.2294921875
399.501221     15120.1806640625
399.866058     15167.3125000000
400.230865     15557.8291015625
400.595581     15791.2412109375
400.960297     15887.7480468750
401.324982     16332.1298828125
401.689636     16787.7324218750
402.054230     16834.8632812500
402.418793     16949.3261718750
402.783356     17036.8554687500
403.147919     16486.9902343750
403.512360     16630.6269531250
403.876770     17043.5878906250
404.241211     16980.7460937500
404.605621     16563.2968750000
404.969910     16612.6738281250
405.334229     17054.8105468750
405.698517     16599.2070312500
406.062775     16639.6054687500
406.426971     16545.3417968750
406.791107     16745.0898437500
407.155273     17007.6777343750
407.519379     17092.9628906250
407.883484     17176.0039062500
408.247498     17739.3359375000
408.611481     18275.7363281250
408.975464     18495.6816406250
409.339417     18520.3691406250
409.703308     17645.0742187500
410.067169     17200.6933593750
410.431030     17496.9472656250
410.794800     17833.5996093750
411.158569     18549.5468750000
411.522278     19198.1640625000
411.885986     19651.5214843750
412.249664     19770.4726562500
412.613312     19613.3671875000
412.976868     19579.7031250000
413.340454     19238.5625000000
413.703979     19523.5937500000
414.067474     19406.8886718750
414.430908     19442.7968750000
414.794342     19712.1191406250
415.157745     19824.3359375000
415.521088     19889.4238281250
415.884369     19974.7089843750
416.247711     20421.3339843750
416.610931     20181.1875000000
416.974152     20064.4824218750
417.337341     19739.0507812500
417.700500     19245.2949218750
418.063629     19539.3046875000
418.426697     19433.8203125000
418.789703     19501.1503906250
419.152740     19840.0468750000
419.515717     19757.0058593750
419.878662     19653.7656250000
420.241577     19763.7402343750
420.604431     20001.6406250000
420.967285     20356.2480468750
421.330109     20829.8046875000
421.692841     20773.6972656250
422.055603     20313.6054687500
422.418335     20107.1250000000
422.780975     19763.7402343750
423.143585     19882.6894531250
423.506226     19519.1054687500
423.868774     19938.7988281250
424.231293     20742.2753906250
424.593811     20639.0351562500
424.956238     20062.2382812500
425.318665     20109.3691406250
425.681091     20499.8867187500
426.043427     19990.4179687500
426.405731     20284.4277343750
426.768036     19979.1972656250
427.130310     19875.9570312500
427.492493     19485.4394531250
427.854675     19909.6230468750
428.216858     19528.0820312500
428.578979     19548.2812500000
428.941040     19451.7753906250
429.303040     18580.9667968750
429.665070     17853.7988281250
430.027069     16749.5781250000
430.389008     16033.6308593750
430.750885     16056.0742187500
431.112762     16590.2304687500
431.474640     18410.3964843750
431.836395     19974.7089843750
432.198181     20609.8593750000
432.559937     20701.8769531250
432.921600     20645.7695312500
433.283264     21337.0273437500
433.644867     20957.7324218750
434.006500     20392.1562500000
434.368073     20547.0175781250
434.729553     21087.9062500000
435.091034     21613.0839843750
435.452515     22017.0664062500
435.813934     22456.9589843750
436.175293     23356.9433593750
436.536621     23487.1152343750
436.897949     23527.5136718750
437.259277     23024.7792968750
437.620483     22688.1269531250
437.981659     22077.6640625000
438.342865     21745.5000000000
438.704010     21671.4355468750
439.065125     22046.2421875000
439.426178     22412.0722656250
439.787201     22968.6699218750
440.148224     22935.0058593750
440.509186     22741.9902343750
440.870087     23682.3730468750
441.230988     24447.6953125000
441.591858     24607.0449218750
441.952667     24640.7109375000
442.313416     25183.8437500000
442.674194     24934.7207031250
443.034912     25565.3828125000
443.395630     24990.8281250000
443.756226     25520.4960937500
444.116852     25224.2402343750
444.477417     25210.7753906250
444.837982     25399.3007812500
445.198456     25702.2871093750
445.558960     25511.5175781250
445.919403     24602.5566406250
446.279816     24979.6074218750
446.640106     25345.4355468750
447.000458     25533.9609375000
447.360779     26184.8222656250
447.721039     26335.1933593750
448.081207     26920.9687500000
448.441406     26577.5839843750
448.801575     27399.0156250000
449.161713     27131.9375000000
449.521759     26763.8652343750
449.881805     27345.1503906250
450.241852     28025.1894531250
450.601837     28198.0039062500
450.961792     28610.9648437500
451.321655     28595.2539062500
451.681549     27823.1972656250
452.041382     27425.9472656250
452.401184     27791.7773437500
452.760895     26418.2343750000
453.120636     26083.8261718750
453.480347     26290.3066406250
453.840027     26564.1171875000
454.199585     26440.6777343750
454.559174     26766.1093750000
454.918762     26739.1777343750
455.278290     26793.0410156250
455.637726     27246.4003906250
455.997162     26986.0546875000
456.356598     27868.0839843750
456.715973     27758.1113281250
457.075287     27731.1796875000
457.434570     27859.1074218750
457.793854     27410.2363281250
458.153107     27452.8808593750
458.512268     26826.7070312500
458.871429     27688.5371093750
459.230560     27535.9199218750
459.589661     27439.4140625000
459.948639     27046.6523437500
460.307678     27046.6523437500
460.666687     27899.5058593750
461.025635     28774.8007812500
461.384491     28503.2363281250
461.743378     28498.7460937500
462.102264     29129.4082031250
462.461060     28909.4628906250
462.819794     28976.7929687500
463.178497     29358.3320312500
463.537231     29234.8925781250
463.895905     28878.0410156250
464.254456     28821.9335937500
464.613068     28435.9042968750
464.971649     28732.1582031250
465.330170     28653.6074218750
465.688568     29248.3593750000
466.047028     29760.0703125000
466.405457     29187.7617187500
466.763855     29131.6523437500
467.122192     29425.6621093750
467.480438     30453.5742187500
467.838715     30213.4296875000
468.196960     30761.0507812500
468.555176     30880.0019531250
468.913269     31299.6953125000
469.271393     31324.3828125000
469.629486     31889.9589843750
469.987549     31268.2734375000
470.345520     31212.1640625000
470.703491     31360.2910156250
471.061462     32067.2617187500
471.419342     33218.6132812500
471.777191     33667.4843750000
472.135040     34410.3632812500
472.492828     34628.0625000000
472.850586     34973.6953125000
473.208282     35177.9296875000
473.565979     35397.8750000000
473.923615     36362.9453125000
474.281281     36416.8125000000
474.638794     37011.5625000000
474.996338     37783.6210937500
475.353851     37725.2656250000
475.711334     37711.8007812500
476.068726     37855.4375000000
476.426117     38012.5429687500
476.783478     38816.0195312500
477.140808     39448.9257812500
477.498077     40627.2109375000
477.855316     40813.4921875000
478.212555     41269.0937500000
478.569763     41616.9687500000
478.926819     42146.6328125000
479.283936     43021.9296875000
479.641022     43149.8593750000
479.998077     44081.2617187500
480.355011     44328.1406250000
480.711975     44514.4218750000
481.068939     45057.5546875000
481.425842     45142.8398437500
481.782623     46110.1562500000
482.139435     46399.6757812500
482.496216     46199.9296875000
482.852966     46130.3554687500
483.209717     46682.4648437500
483.566315     46776.7265625000
483.922943     46778.9726562500
484.279572     47039.3164062500
484.636139     46599.4218750000
484.992615     46222.3710937500
485.349121     45441.3398437500
485.705566     43708.7031250000
486.062012     42204.9882812500
486.418304     42097.2578125000
486.774689     43134.1484375000
487.130981     43998.2226562500
487.487274     45306.6796875000
487.843445     46146.0664062500
488.199615     46734.0859375000
488.555786     47634.0664062500
488.911957     47564.4921875000
489.267975     48291.6640625000
489.624023     49279.1757812500
489.980042     49921.0585937500
490.336029     49871.6835937500
490.691925     49986.1445312500
491.047821     49880.6601562500
491.403687     49189.4023437500
491.759521     48812.3515625000
492.115265     48653.0039062500
492.471008     49252.2421875000
492.826752     49912.0820312500
493.182434     50284.6445312500
493.538025     50475.4140625000
493.893646     50170.1835937500
494.249207     50852.4648437500
494.604736     51260.9375000000
494.960205     51579.6328125000
495.315674     51512.3046875000
495.671082     51346.2226562500
496.026489     51386.6210937500
496.381775     51831.0000000000
496.737091     52109.3007812500
497.092377     52109.3007812500
497.447632     51716.5390625000
497.802795     51584.1210937500
498.157959     50758.2031250000
498.513062     50980.3945312500
498.868195     51265.4257812500
499.223175     51572.9023437500
499.578217     51530.2578125000
499.933167     51032.0117187500
500.288116     50821.0429687500
500.643036     50457.4609375000
500.997833     50201.6054687500
501.352692     50280.1562500000
501.707489     50107.3398437500
502.062225     50464.1914062500
502.416901     50210.5820312500
502.771606     50874.9101562500
503.126221     51225.0273437500
503.480865     50769.4257812500
503.835358     50022.0546875000
504.189941     50192.6250000000
504.544434     50643.7421875000
504.898865     51184.6289062500
505.253265     51469.6601562500
505.607635     52255.1835937500
505.961975     52434.7304687500
506.316315     52479.6171875000
506.670532     51848.9570312500
507.024750     51853.4453125000
507.378967     51438.2421875000
507.733154     51669.4101562500
508.087189     51269.9140625000
508.441315     51855.6875000000
508.795349     51857.9335937500
509.149353     52327.0039062500
509.503265     52378.6210937500
509.857208     52167.6523437500
510.211121     52203.5625000000
510.565002     51887.1093750000
510.918762     52549.1914062500
511.272583     52656.9218750000
511.626312     52926.2421875000
511.980042     52522.2617187500
512.333618     52634.4765625000
512.687256     52342.7148437500
513.040894     52073.3906250000
513.394470     51848.9570312500
513.747925     51617.7890625000
514.101440     51629.0117187500
514.454895     51808.5585937500
514.808289     51458.4375000000
515.161621     51936.4843750000
515.514893     51752.4492187500
515.868225     51716.5390625000
516.221497     50643.7421875000
516.574707     49270.1992187500
516.927856     48190.6679687500
517.281006     48100.8945312500
517.634155     48857.2382812500
517.987183     49021.0742187500
518.340210     48655.2460937500
518.693237     48967.2109375000
519.046204     49797.6210937500
519.399048     50488.8789062500
519.751892     51168.9179687500
520.104736     51496.5937500000
520.457520     51451.7070312500
520.810364     51563.9218750000
521.163025     52035.2382812500
521.515686     52540.2148437500
521.868408     52879.1132812500
522.221008     52383.1093750000
522.573547     51963.4179687500
522.926086     51884.8671875000
523.278625     52017.2812500000
523.631042     52562.6601562500
523.983459     53139.4570312500
524.335815     53402.0468750000
524.688171     53260.6523437500
525.040527     53170.8789062500
525.392761     53247.1875000000
525.744934     53200.0546875000
526.097168     52178.8750000000
526.449341     51249.7148437500
526.801453     50468.6796875000
527.153503     50253.2226562500
527.505554     51236.2500000000
527.857544     51923.0195312500
528.209534     52421.2656250000
528.561462     52930.7343750000
528.913330     53202.2968750000
529.265198     53485.0859375000
529.617004     53249.4296875000
529.968750     53013.7734375000
530.320496     53473.8632812500
530.672180     53855.4062500000
531.023804     53785.8281250000
531.375488     53873.3593750000
531.727051     53655.6562500000
532.078613     53121.5039062500
532.430115     52587.3476562500
532.781555     52100.3242187500
533.132996     51779.3828125000
533.484375     52275.3828125000
533.835815     52493.0859375000
534.187073     52414.5312500000
534.538330     52569.3906250000
534.889587     52870.1367187500
535.240784     53011.5273437500
535.591919     53406.5351562500
535.942993     53303.2929687500
536.294128     53069.8828125000
536.645203     52432.4882812500
536.996155     52053.1914062500
537.347107     52183.3632812500
537.698120     52677.1210937500
538.049011     52744.4531250000
538.399841     52421.2656250000
538.750610     52441.4648437500
539.101440     52576.1250000000
539.452209     51914.0429687500
539.802856     51586.3671875000
540.153503     51191.3632812500
540.504150     50497.8593750000
540.854736     50738.0039062500
541.205261     50991.6132812500
541.555786     51124.0312500000
541.906250     51658.1875000000
542.256714     51597.5898437500
542.607056     51813.0468750000
542.957458     51884.8671875000
543.307739     51615.5429687500
543.658020     51871.3984375000
544.008240     52360.6679687500
544.358398     52230.4960937500
544.708618     52425.7539062500
545.058777     51880.3789062500
545.408813     52241.7187500000
545.758850     51947.7070312500
546.108887     52327.0039062500
546.458862     52172.1406250000
546.808716     52080.1250000000
547.158691     51629.0117187500
547.508545     51651.4531250000
547.858337     51429.2617187500
548.208069     51413.5507812500
548.557800     51963.4179687500
548.907532     52017.2812500000
549.257202     52080.1250000000
549.606812     52098.0781250000
549.956360     52107.0546875000
550.305908     51934.2421875000
550.655457     51815.2890625000
551.004883     51620.0312500000
551.354309     51815.2890625000
551.703674     52068.9023437500
552.053040     51896.0859375000
552.402405     51579.6328125000
552.751587     51703.0742187500
553.100830     51503.3281250000
553.450012     51498.8359375000
553.799255     51447.2187500000
554.148254     51819.7812500000
554.497375     51844.4687500000
554.846436     51745.7148437500
555.195435     52093.5898437500
555.544373     51694.0976562500
555.893250     51498.8359375000
556.242188     51240.7382812500
556.591003     50390.1289062500
556.939758     50239.7578125000
557.288574     50558.4570312500
557.637268     50354.2187500000
557.985962     50426.0390625000
558.334595     49835.7734375000
558.683228     49539.5195312500
559.031799     49056.9843750000
559.380310     48980.6796875000
559.728760     49218.5781250000
560.077209     49324.0625000000
560.425659     49436.2812500000
560.774048     49609.0937500000
561.122314     50271.1796875000
561.470581     49712.3359375000
561.818909     49346.5078125000
562.167114     49283.6640625000
562.515259     49790.8867187500
562.863342     49636.0273437500
563.211487     49535.0312500000
563.559570     49083.9179687500
563.907532     49122.0703125000
564.255554     49481.1679687500
564.603455     49220.8242187500
564.951355     48978.4335937500
565.299255     48446.5234375000
565.647095     48621.5820312500
565.994812     47898.9023437500
566.342590     48029.0742187500
566.690308     48170.4687500000
567.037903     48376.9492187500
567.385620     48273.7070312500
567.733154     47907.8789062500
568.080750     47313.1250000000
568.428162     46913.6328125000
568.775696     46534.3359375000
569.123108     46536.5820312500
569.470520     46424.3632812500
569.817810     46352.5429687500
570.165161     46098.9335937500
570.512451     45679.2382812500
570.859680     44985.7343750000
571.206787     45008.1796875000
571.554016     45531.1132812500
571.901062     45414.4062500000
572.248169     45834.1015625000
572.595154     46260.5273437500
572.942200     45988.9609375000
573.289124     45932.8515625000
573.636047     45629.8632812500
573.982849     45878.9882812500
574.329712     45955.2968750000
574.676514     44835.3632812500
575.023315     44803.9453125000
575.369995     44996.9570312500
575.716675     44498.7109375000
576.063293     44604.1953125000
576.409912     43951.0898437500
576.756409     44873.5195312500
577.102966     44144.1054687500
577.449402     44559.3085937500
577.795898     44220.4140625000
578.142273     43565.0625000000
578.488647     43681.7695312500
578.834961     43769.3007812500
579.181213     43645.8593750000
579.527405     44289.9882812500
579.873596     44211.4375000000
580.219788     44447.0937500000
580.565918     44563.7968750000
580.911926     44119.4179687500
581.258057     44245.1015625000
581.604065     44424.6484375000
581.949951     44518.9101562500
582.295898     44783.7460937500
582.641724     44844.3437500000
582.987610     44974.5156250000
583.333435     44406.6953125000
583.679199     44821.8984375000
584.024902     44689.4804687500
584.370544     44588.4882812500
584.716187     44350.5859375000
585.061829     44168.7929687500
585.407349     43423.6679687500
585.752869     43464.0664062500
586.098328     42781.7851562500
586.443787     42837.8945312500
586.789124     43376.5390625000
587.134521     42867.0703125000
587.479858     42386.7812500000
587.825134     42099.5039062500
588.170288     41100.7695312500
588.515564     39163.8945312500
588.860657     38151.6914062500
589.205872     37072.1601562500
589.550842     36156.4648437500
589.895935     36475.1640625000
590.240906     37227.0195312500
590.585876     37613.0507812500
590.930786     38055.1875000000
591.275635     37866.6601562500
591.620483     37954.1914062500
591.965271     37913.7929687500
592.310059     38288.5976562500
592.654724     38328.9960937500
592.999451     38813.7773437500
593.344055     38894.5742187500
593.688660     38755.4218750000
594.033203     38236.9765625000
594.377686     37543.4726562500
594.722229     37745.4648437500
595.066528     37743.2226562500
595.411011     38169.6484375000
595.755371     38290.8437500000
596.099670     38367.1484375000
596.443848     38571.3867187500
596.788147     38115.7812500000
597.132324     38932.7265625000
597.476501     38421.0156250000
597.820618     38299.8203125000
598.164612     38223.5117187500
598.508667     38620.7617187500
598.852661     38436.7265625000
599.196655     38290.8437500000
599.540466     38647.6953125000
599.884338     38782.3554687500
600.228210     38764.3984375000
600.571960     38665.6484375000
600.915710     38813.7773437500
601.259460     38407.5468750000
601.603088     38443.4570312500
601.946716     38741.9570312500
602.290283     38490.5898437500
602.633850     38656.6718750000
602.977295     38894.5742187500
603.320801     39262.6445312500
603.664124     39114.5195312500
604.007568     39213.2695312500
604.350952     39267.1328125000
604.694214     39222.2460937500
605.037415     39206.5351562500
605.380676     39491.5703125000
605.723816     39119.0078125000
606.066956     38921.5039062500
606.410034     39166.1367187500
606.753052     38833.9765625000
607.096130     38672.3828125000
607.439087     38982.1015625000
607.781921     38391.8398437500
608.124878     38272.8867187500
608.467712     38360.4179687500
608.810547     38138.2265625000
609.153259     37873.3945312500
609.495972     38124.7617187500
609.838684     37936.2343750000
610.181335     37312.3046875000
610.523865     37285.3750000000
610.866516     37547.9609375000
611.209045     37929.5039062500
611.551453     38104.5625000000
611.893921     37673.6445312500
612.236267     37518.7851562500
612.578674     37487.3671875000
612.920959     37139.4921875000
613.263306     36544.7382812500
613.605469     36219.3085937500
613.947632     36322.5468750000
614.289795     36486.3867187500
614.631958     36358.4570312500
614.973938     35774.9257812500
615.315979     36102.6015625000
615.657959     35633.5312500000
615.999939     35014.0937500000
616.341858     35150.9960937500
616.683716     34628.0625000000
617.025513     34520.3359375000
617.367310     34731.3046875000
617.708984     34872.6992187500
618.050720     35070.2031250000
618.392395     34928.8085937500
618.734070     35041.0234375000
619.075500     34479.9375000000
619.417114     34677.4414062500
619.758606     34513.6015625000
620.100098     34708.8593750000
620.441467     34652.7539062500
620.782776     34381.1875000000
621.124146     34163.4843750000
621.465393     34329.5664062500
621.806641     33965.9804687500
622.147888     33912.1171875000
622.489014     33896.4062500000
622.830139     34071.4648437500
623.171204     33519.3554687500
623.512207     33090.6835937500
623.853271     32673.2363281250
624.194214     32908.8945312500
624.535095     32385.9589843750
624.875916     31912.4023437500
625.216797     32343.3164062500
625.557617     31903.4238281250
625.898315     31975.2441406250
626.239075     31905.6679687500
626.579712     31526.3730468750
626.920349     31595.9492187500
627.260864     30853.0683593750
627.601440     30543.3496093750
627.941895     30063.0585937500
628.282410     29780.2695312500
628.622803     30137.1210937500
628.963135     29995.7285156250
629.303528     29885.7539062500
629.643799     29872.2890625000
629.984070     29764.5605468750
630.324219     29652.3417968750
630.664429     29778.0253906250
631.004517     30020.4160156250
631.344604     29977.7734375000
631.684631     29686.0078125000
632.024597     29580.5234375000
632.364624     29605.2109375000
632.704529     29771.2929687500
633.044373     29562.5683593750
633.384155     30018.1718750000
633.723999     29488.5039062500
634.063782     29362.8203125000
634.403442     29847.5996093750
634.743042     29441.3730468750
635.082764     29212.4492187500
635.422302     29690.4960937500
635.761841     29852.0898437500
636.101318     29587.2558593750
636.440796     29448.1054687500
636.780212     29515.4375000000
637.119507     29347.1113281250
637.458862     29335.8886718750
637.798157     29728.6503906250
638.137451     29737.6269531250
638.476563     29558.0800781250
638.815735     29230.4042968750
639.154907     29329.1562500000
639.494019     28999.2363281250
639.833008     29021.6796875000
640.171997     28922.9277343750
640.510925     28925.1738281250
640.849854     28956.5937500000
641.188660     28388.7734375000
641.527527     28606.4746093750
641.866333     28278.8007812500
642.205078     28263.0898437500
642.543762     28391.0175781250
642.882446     28741.1367187500
643.221008     27964.5917968750
643.559570     28498.7460937500
643.898071     28056.6093750000
644.236572     27978.0585937500
644.575073     27715.4687500000
644.913452     27820.9531250000
645.251831     27407.9921875000
645.590149     27120.7167968750
645.928406     26844.6621093750
646.266602     26433.9453125000
646.604858     26182.5781250000
646.942932     26265.6191406250
647.281128     25630.4687500000
647.619141     25446.4316406250
647.957214     25228.7304687500
648.295166     25221.9960937500
648.633057     25246.6855468750
648.970947     24703.5527343750
649.308838     24580.1132812500
649.646606     24862.9003906250
649.984436     24656.4199218750
650.322144     25255.6621093750
650.659851     25565.3828125000
650.997498     25260.1503906250
651.335022     24779.8593750000
651.672607     24573.3789062500
652.010132     25031.2265625000
652.347595     25015.5175781250
652.684998     25091.8242187500
653.022461     25255.6621093750
653.359802     25107.5351562500
653.697021     25031.2265625000
654.034302     25002.0507812500
654.371521     25040.2050781250
654.708740     24591.3339843750
655.045837     24281.6152343750
655.382935     23603.8203125000
655.719971     23071.9101562500
656.057007     22203.3476562500
656.393921     21651.2363281250
656.730835     21689.3906250000
657.067749     21696.1250000000
657.404602     22768.9238281250
657.741333     23027.0234375000
658.078064     23226.7695312500
658.414795     23583.6210937500
658.751465     23794.5898437500
659.088074     23612.7988281250
659.424683     23956.1835937500
659.761230     24025.7578125000
660.097717     23969.6503906250
660.434143     24411.7871093750
660.770569     24483.6054687500
661.106934     24113.2890625000
661.443298     24445.4511718750
661.779541     24346.7011718750
662.115784     24467.8945312500
662.451965     24405.0527343750
662.788086     24135.7324218750
663.124268     24252.4375000000
663.460266     23738.4824218750
663.796265     23778.8808593750
664.132324     23756.4375000000
664.468201     23754.1914062500
664.804077     23996.5820312500
665.139954     23720.5273437500
665.475769     23751.9472656250
665.811523     23781.1250000000
666.147278     23419.7851562500
666.482971     23733.9941406250
666.818542     23139.2402343750
667.154236     23033.7558593750
667.489685     23534.2460937500
667.825195     23303.0781250000
668.160706     23276.1464843750
668.496094     23112.3085937500
668.831421     23244.7246093750
669.166809     22759.9453125000
669.502136     23208.8164062500
669.837402     22578.1542968750
670.172546     22753.2128906250
670.507751     22784.6328125000
670.842834     22245.9902343750
671.177917     22418.8046875000
671.512878     22268.4335937500
671.847961     22012.5781250000
672.182861     22001.3554687500
672.517761     21886.8945312500
672.852600     22091.1289062500
673.187439     21877.9160156250
673.522217     22019.3105468750
673.856934     22019.3105468750
674.191650     21756.7207031250
674.526306     21718.5683593750
674.860901     21855.4726562500
675.195435     21289.8964843750
675.529968     21231.5429687500
675.864441     21265.2089843750
676.198853     21550.2421875000
676.533264     20989.1542968750
676.867554     21233.7890625000
677.201843     21218.0781250000
677.536133     20998.1308593750
677.870361     20614.3476562500
678.204529     20991.3984375000
678.538635     20841.0273437500
678.872742     20800.6289062500
679.206787     20715.3437500000
679.540710     20645.7695312500
679.874695     20515.5957031250
680.208618     20100.3925781250
680.542480     19846.7812500000
680.876282     20320.3378906250
681.210083     20143.0351562500
681.543823     20187.9218750000
681.877502     19918.5996093750
682.211121     19714.3632812500
682.544739     19970.2187500000
682.878357     19752.5175781250
683.211853     19642.5449218750
683.545227     19700.8984375000
683.878723     19231.8281250000
684.212097     19153.2773437500
684.545471     19137.5664062500
684.878723     19189.1855468750
685.212036     18877.2207031250
685.545227     19067.9902343750
685.878418     18762.7597656250
686.211487     17968.2597656250
686.544556     16812.4199218750
686.877625     15582.5166015625
687.210632     14516.4511718750
687.543518     14208.9746093750
687.876465     14606.2246093750
688.209290     14565.8261718750
688.542114     14691.5097656250
688.874878     14779.0400390625
689.207642     14920.4335937500
689.540344     14635.4013671875
689.872986     14745.3750000000
690.205566     14855.3476562500
690.538147     15221.1767578125
690.870667     15416.4345703125
691.203125     15463.5664062500
691.535461     15564.5615234375
691.867920     15703.7119140625
692.200256     15726.1552734375
692.532593     15497.2314453125
692.864807     15609.4492187500
693.196960     14996.7412109375
693.529114     15142.6240234375
693.861267     15068.5605468750
694.193420     14529.9169921875
694.525391     14897.9902343750
694.857361     14700.4873046875
695.189270     14983.2753906250
695.521240     14761.0849609375
695.853027     14990.0087890625
696.184814     15037.1396484375
696.516663     15501.7197265625
696.848389     15663.3134765625
697.179993     15780.0195312500
697.511658     15806.9521484375
697.843262     15607.2050781250
698.174805     15750.8427734375
698.506287     15333.3935546875
698.837708     15097.7373046875
699.169189     15070.8046875000
699.500549     14657.8447265625
699.831787     14810.4609375000
700.163147     14702.7314453125
700.494385     14379.5458984375
700.825562     14431.1660156250
701.156677     14202.2421875000
701.487793     14321.1923828125
701.818848     14283.0380859375
702.149902     14083.2910156250
702.480774     14042.8935546875
702.811768     14258.3505859375
703.142639     14368.3242187500
703.473511     14525.4287109375
703.804199     14662.3339843750
704.135010     14619.6914062500
704.465759     14642.1347656250
704.796387     14866.5693359375
705.126953     14630.9130859375
705.457520     14711.7089843750
705.788086     14415.4550781250
706.118591     14462.5869140625
706.448975     14377.3007812500
706.779419     14774.5507812500
707.109741     14505.2294921875
707.440063     14433.4101562500
707.770325     14612.9580078125
708.100525     14606.2246093750
708.430725     14590.5146484375
708.760864     14586.0253906250
709.090942     14603.9804687500
709.420959     14559.0937500000
709.750916     14507.4736328125
710.080933     14388.5234375000
710.410828     14384.0341796875
710.740662     14505.2294921875
711.070496     14509.7177734375
711.400269     14727.4199218750
711.729980     14334.6582031250
712.059631     14375.0566406250
712.389282     14278.5498046875
712.718872     14260.5947265625
713.048462     14240.3955078125
713.377930     14309.9707031250
713.707397     13957.6083984375
714.036865     14090.0244140625
714.366211     14000.2509765625
714.695435     13710.7294921875
715.024780     13502.0048828125
715.354004     13528.9375000000
715.683228     13342.6562500000
716.012329     13124.9541015625
716.341431     12700.7724609375
716.670532     11769.3671875000
716.999573     11136.4609375000
717.328430     10631.4824218750
717.657349     10196.0781250000
717.986267      9854.9375000000
718.315125      9839.2275390625
718.643860      9177.1445312500
718.972656      9033.5058593750
719.301331      8833.7587890625
719.630005      8537.5048828125
719.958557      8472.4179687500
720.287170      8717.0527343750
720.615662      8871.9121093750
720.944214      9376.8916015625
721.272583      9861.6708984375
721.600952     10622.5048828125
721.929321     10833.4736328125
722.257629     10909.7812500000
722.585876     10947.9355468750
722.914063     10748.1884765625
723.242188     10101.8164062500
723.570313      9803.3173828125
723.898376      9518.2851562500
724.226440      9641.7246093750
724.554382      9648.4570312500
724.882324      9228.7636718750
725.210266      9332.0039062500
725.538025      9349.9589843750
725.865784      9226.5195312500
726.193604      9116.5468750000
726.521301      9271.4062500000
726.848938      9255.6962890625
727.176514      9365.6689453125
727.504150      9177.1445312500
727.831726      9118.7910156250
728.159119      9199.5878906250
728.486572      9354.4472656250
728.813965      9091.8583984375
729.141357      9049.2158203125
729.468567      9022.2841796875
729.795837      9073.9042968750
730.123108      9206.3203125000
730.450317      9280.3837890625
730.777344      9307.3164062500
731.104431      9271.4062500000
731.431519      9358.9365234375
731.758484      9444.2216796875
732.085388      9828.0048828125
732.412292      9935.7343750000
732.739136     10063.6621093750
733.065979     10207.3007812500
733.392639     10523.7539062500
733.719421     10546.1972656250
734.046082     10952.4238281250
734.372681     10943.4472656250
734.699219     10979.3564453125
735.025757     10923.2480468750
735.352234     10591.0839843750
735.678711     10689.8349609375
736.005127     10846.9394531250
736.331482     10725.7451171875
736.657715     10849.1845703125
736.984009     10660.6591796875
737.310181     11037.7099609375
737.636353     10894.0712890625
737.962524     10880.6054687500
738.288574     10817.7636718750
738.614624     10692.0800781250
738.940613     10683.1025390625
739.266541     10656.1699218750
739.592407     10741.4550781250
739.918274     11001.7998046875
740.244080     10925.4921875000
740.569824     11037.7099609375
740.895569     10992.8222656250
741.221191     10867.1386718750
741.546753     10795.3203125000
741.872375     11078.1074218750
742.197937     10864.8945312500
742.523376     10777.3652343750
742.848816     11084.8408203125
743.174194     11087.0849609375
743.499573     11062.3974609375
743.824890     11232.9677734375
744.150085     11001.7998046875
744.475342     10992.8222656250
744.800476     10963.6464843750
745.125610     11084.8408203125
745.450623     10941.2021484375
745.775696     11030.9765625000
746.100708     10927.7363281250
746.425598     10806.5419921875
746.750427     10855.9169921875
747.075256     10992.8222656250
747.400085     10907.5371093750
747.724915     10768.3876953125
748.049561     10907.5371093750
748.374207     10559.6630859375
748.698853     10905.2929687500
749.023438     10618.0166015625
749.347900     10541.7080078125
749.672363     10532.7314453125
749.996765     10474.3779296875
750.321167     10597.8173828125
750.645508     10633.7265625000
750.969788     10413.7802734375
751.294067     10393.5810546875
751.618286     10359.9160156250
751.942383     10175.8798828125
752.266479     10052.4404296875
752.590576     10106.3046875000
752.914551     10097.3271484375
753.238525      9933.4892578125
753.562439     10038.9746093750
753.886292     10007.5537109375
754.210144     10074.8837890625
754.533936     10041.2187500000
754.857666     10113.0380859375
755.181335      9933.4892578125
755.505005      9924.5126953125
755.828613      9740.4755859375
756.152100      9897.5800781250
756.475586      9758.4306640625
756.799133      9767.4082031250
757.122498      9657.4345703125
757.445862      9520.5292968750
757.769165      9639.4804687500
758.092468      9477.8867187500
758.415710      9257.9404296875
758.738831      9208.5644531250
759.061951      8717.0527343750
759.385071      7662.2084960938
759.708130      6436.7934570313
760.031067      5482.9453125000
760.354004      4549.2958984375
760.676941      3972.4980468750
760.999817      3599.9362792969
761.322632      3606.6691894531
761.645386      3748.0632324219
761.968079      4044.3173828125
762.290771      4104.9145507813
762.613342      3938.8330078125
762.935974      3873.7468261719
763.258484      3777.2397460938
763.580994      3884.9685058594
763.903381      3911.9006347656
764.225830      4008.4077148438
764.548157      4277.7294921875
764.870422      4455.0332031250
765.192688      4832.0839843750
765.514832      4933.0795898438
765.837036      5395.4155273438
766.159119      5480.7006835938
766.481140      5889.1723632813
766.803223      6237.0463867188
767.125183      6611.8530273438
767.447144      6939.5278320313
767.768982      7042.7680664063
768.090820      7186.4062500000
768.412659      7520.8144531250
768.734314      7745.2490234375
769.056091      7639.7646484375
769.377686      7817.0683593750
769.699280      7902.3535156250
770.020813      7976.4169921875
770.342346      7949.4848632813
770.663757      8135.7661132813
770.985229      7866.4438476563
771.306580      8014.5712890625
771.627869      7924.7973632813
771.949158      7922.5527343750
772.270386      8144.7431640625
772.591553      7893.3764648438
772.912659      7931.5302734375
773.233765      8158.2094726563
773.554810      7891.1318359375
773.875793      8173.9199218750
774.196716      8041.5034179688
774.517578      7938.2631835938
774.838440      7918.0639648438
775.159302      7826.0458984375
775.480042      7956.2182617188
775.800659      8005.5937500000
776.121399      7855.2221679688
776.441956      7713.8281250000
776.762573      7965.1953125000
777.083008      7751.9824218750
777.403503      7953.9736328125
777.723999      8039.2587890625
778.044373      7875.4213867188
778.364624      7893.3764648438
778.684937      7675.6743164063
779.005188      7848.4892578125
779.325378      7725.0502929688
779.645447      7790.1362304688
779.965637      7794.6250000000
780.285706      7716.0727539063
780.605652      7668.9414062500
780.925598      7769.9370117188
781.245483      7702.6064453125
781.565369      7736.2719726563
781.885193      7799.1137695313
782.204895      7617.3212890625
782.524658      7810.3354492188
782.844299      7606.0996093750
783.163940      7594.8779296875
783.483582      7659.9638671875
783.803040      7657.7197265625
784.122559      7502.8593750000
784.442017      7493.8823242188
784.761414      7624.0541992188
785.080688      7579.1674804688
785.400024      7395.1308593750
785.719238      7300.8681640625
786.038452      7440.0175781250
786.357544      7379.4204101563
786.676697      7359.2211914063
786.995789      7363.7099609375
787.314758      7271.6914062500
787.633728      7235.7817382813
787.952637      7033.7905273438
788.271484      7069.7001953125
788.590271      6988.9033203125
788.908997      7092.1435546875
789.227783      6917.0844726563
789.546448      6820.5771484375
789.865112      6825.0659179688
790.183655      6813.8442382813
790.502197      6851.9980468750
790.820679      6780.1791992188
791.139099      6602.8754882813
791.457520      6629.8076171875
791.775879      6762.2241210938
792.094116      6656.7397460938
792.412415      6528.8120117188
792.730530      6549.0112304688
793.048767      6506.3686523438
793.366821      6562.4770507813
793.684937      6665.7172851563
794.002869      6643.2739257813
794.320862      6661.2285156250
794.638733      6614.0971679688
794.956665      6553.5000000000
795.274414      6421.0830078125
795.592224      6490.6582031250
795.909912      6412.1059570313
796.227661      6243.7797851563
796.545227      6268.4672851563
796.862854      6286.4223632813
797.180359      6315.5986328125
797.497864      6326.8203125000
797.815308      6270.7119140625
798.132629      6326.8203125000
798.450012      6313.3544921875
798.767273      6436.7934570313
799.084595      6219.0917968750
799.401733      6214.6030273438
799.718933      6210.1142578125
800.036011      6145.0283203125
800.353027      6160.7387695313
800.670044      6100.1411132813
800.987000      6088.9194335938
801.303894      5954.2583007813
801.620850      5936.3037109375
801.937561      5992.4125976563
802.254333      6044.0327148438
802.571106      5812.8647460938
802.887817      5774.7104492188
803.204346      5666.9819335938
803.520935      5853.2626953125
803.837463      5732.0678710938
804.153992      5687.1811523438
804.470337      5761.2446289063
804.786743      5772.4663085938
805.103027      5669.2260742188
805.419434      5884.6835937500
805.735535      5853.2626953125
806.051758      5835.3081054688
806.367920      5824.0864257813
806.684021      5833.0634765625
807.000000      5886.9282226563
807.316040      5761.2446289063
807.632019      5709.6245117188
807.947876      5666.9819335938
808.263672      5613.1176757813
808.579529      5642.2939453125
808.895325      5646.7827148438
809.211060      5617.6059570313
809.526611      5449.2797851563
809.842224      5451.5244140625
810.157837      5287.6870117188
810.473389      5355.0170898438
810.788757      5298.9086914063
811.104187      5186.6909179688
811.419617      5245.0439453125
811.734924      5058.7631835938
812.050171      5052.0302734375
812.365417      5049.7856445313
812.680542      4894.9257812500
812.995728      4780.4638671875
813.310852      4657.0249023438
813.625854      4567.2504882813
813.940796      4378.7255859375
814.255798      4358.5263671875
814.570679      4293.4399414063
814.885498      4230.5981445313
815.200256      4134.0913085938
815.515015      4069.0051269531
815.829651      4060.0278320313
816.144287      3743.5744628906
816.458923      3882.7241210938
816.773438      3615.6467285156
817.087952      3889.4572753906
817.402344      3786.2172851563
817.716797      3694.1987304688
818.031189      3689.7102050781
818.345520      3703.1762695313
818.659668      3707.6650390625
818.973877      3824.3710937500
819.288086      3835.5927734375
819.602173      3808.6606445313
819.916199      3837.8371582031
820.230225      3851.3032226563
820.544189      4131.8471679688
820.858154      4093.6931152344
821.171997      4156.5346679688
821.485779      4136.3354492188
821.799561      4232.8427734375
822.113281      4116.1367187500
822.426880      3938.8330078125
822.740540      3586.4699707031
823.054138      3564.0266113281
823.367676      3537.0944824219
823.681152      3514.6508789063
823.994568      3622.3796386719
824.307922      3761.5292968750
824.621277      3835.5927734375
824.934509      3907.4121093750
825.247742      3981.4755859375
825.560913      4100.4262695313
825.874146      3963.5207519531
826.187134      4021.8737792969
826.500183      4091.4487304688
826.813171      4313.6391601563
827.126160      4069.0051269531
827.439026      3983.7199707031
827.751831      3938.8330078125
828.064636      3869.2580566406
828.377380      3833.3483886719
828.690063      3777.2397460938
829.002686      3826.6154785156
829.315308      3835.5927734375
829.627869      3736.8415527344
829.940308      3757.0405273438
830.252808      3709.9091796875
830.565125      3808.6606445313
830.877563      3779.4841308594
831.189880      3900.6789550781
831.502075      3860.2807617188
831.814270      3718.8867187500
832.126465      3792.9501953125
832.438599      3797.4389648438
832.750549      3887.2128906250
833.062622      3788.4614257813
833.374512      3757.0405273438
833.686462      3754.7963867188
833.998291      3770.5068359375
834.310120      3878.2355957031
834.621887      3770.5068359375
834.933594      3725.6196289063
835.245239      3853.5476074219
835.556885      3884.9685058594
835.868408      3862.5251464844
836.179932      3916.3894042969
836.491333      3968.0095214844
836.802795      3842.3259277344
837.114197      3788.4614257813
837.425537      3813.1494140625
837.736694      3882.7241210938
838.047913      4026.3625488281
838.359131      3905.1677246094
838.670227      3860.2807617188
838.981262      3810.9050292969
839.292358      3873.7468261719
839.603333      3938.8330078125
839.914246      3936.5886230469
840.225037      3981.4755859375
840.535889      3920.8781738281
840.846680      3889.4572753906
841.157410      3781.7285156250
841.468079      3810.9050292969
841.778687      3862.5251464844
842.089233      3889.4572753906
842.399780      3911.9006347656
842.710266      3833.3483886719
843.020691      3855.7919921875
843.331055      3878.2355957031
843.641418      3759.2849121094
843.951721      3761.5292968750
844.261841      3743.5744628906
844.572083      3837.8371582031
844.882202      3799.6833496094
845.192261      3761.5292968750
845.502258      3869.2580566406
845.812256      3777.2397460938
846.122192      3804.1718750000
846.432068      3855.7919921875
846.741882      3795.1945800781
847.051636      3691.9545898438
847.361389      3736.8415527344
847.671143      3698.6875000000
847.980713      3638.0900878906
848.290283      3739.0859375000
848.599792      3826.6154785156
848.909302      3687.4658203125
849.218689      3629.1127929688
849.528076      3584.2258300781
849.837463      3362.0351562500
850.146790      3476.4970703125
850.455933      3395.7004394531
850.765137      3537.0944824219
851.074280      3460.7866210938
851.383362      3525.8725585938
851.692383      3523.6284179688
852.001343      3413.6552734375
852.310303      3476.4970703125
852.619202      3409.1665039063
852.927979      3433.8542480469
853.236816      3433.8542480469
853.545532      3375.5012207031
853.854248      3252.0620117188
854.162842      3292.4604492188
854.471436      3130.8671875000
854.779968      3059.0480957031
855.088440      3216.1523437500
855.396851      3175.7541503906
855.705200      3265.5280761719
856.013611      3328.3698730469
856.321899      3249.8176269531
856.630127      3474.2526855469
856.938293      3249.8176269531
857.246399      3321.6369628906
857.554504      3357.5463867188
857.862549      3377.7456054688
858.170471      3234.1071777344
858.478394      3366.5239257813
858.786316      3395.7004394531
859.094177      3332.8586425781
859.401917      3301.4377441406
859.709656      3270.0168457031
860.017334      3213.9082031250
860.324951      3278.9941406250
860.632507      3238.5959472656
860.940063      3238.5959472656
861.247559      3182.4873046875
861.555054      3218.3967285156
861.862366      3236.3515625000
862.169739      3184.7316894531
862.476990      3180.2429199219
862.784241      3198.1977539063
863.091370      3155.5549316406
863.398499      3189.2202148438
863.705627      3258.7951660156
864.012634      3200.4421386719
864.319519      3099.4462890625
864.626526      3032.1157226563
864.933350      3097.2019042969
865.240234      3097.2019042969
865.546936      3121.8898925781
865.853699      3009.6723632813
866.160400      2955.8078613281
866.466980      2881.7443847656
866.773560      2890.7219238281
867.080078      2857.0566406250
867.386536      2946.8305664063
867.692993      2915.4096679688
867.999329      2919.8984375000
868.305664      2946.8305664063
868.611938      3009.6723632813
868.918152      2830.1245117188
869.224304      2890.7219238281
869.530457      2886.2331542969
869.836487      2852.5678710938
870.142517      2967.0297851563
870.448547      3025.3828125000
870.754395      2973.7626953125
871.060242      2960.2966308594
871.366089      2895.2104492188
871.671814      3018.6496582031
871.977539      3014.1611328125
872.283203      2933.3645019531
872.588806      2919.8984375000
872.894409      2969.2739257813
873.199890      2803.1921386719
873.505371      2859.3010253906
873.810730      2859.3010253906
874.116150      2713.4182128906
874.421387      2796.4592285156
874.726685      2861.5451660156
875.031860      2814.4140625000
875.337097      2729.1286621094
875.642090      2836.8574218750
875.947205      2850.3234863281
876.252197      2760.5495605469
876.557129      2751.5722656250
876.862000      2800.9477539063
877.166870      2713.4182128906
877.471680      2774.0156250000
877.776428      2798.7036132813
878.081116      2780.7487792969
878.385742      2706.6853027344
878.690369      2668.5312500000
878.994873      2756.0607910156
879.299316      2774.0156250000
879.603821      2643.8435058594
879.908203      2659.5539550781
880.212585      2780.7487792969
880.516846      2749.3278808594
880.821106      2641.5991210938
881.125244      2616.9111328125
881.429382      2643.8435058594
881.733459      2641.5991210938
882.037537      2598.9565429688
882.341492      2596.7121582031
882.645447      2643.8435058594
882.949280      2643.8435058594
883.253113      2621.3999023438
883.556885      2592.2233886719
883.860657      2614.6667480469
884.164307      2677.5085449219
884.467896      2646.0876464844
884.771484      2536.1147460938
885.075073      2542.8476562500
885.378540      2592.2233886719
885.681885      2596.7121582031
885.985291      2612.4226074219
886.288635      2540.6032714844
886.591858      2486.7390136719
886.895020      2484.4946289063
887.198242      2477.7614746094
887.501343      2527.1372070313
887.804443      2495.7163085938
888.107422      2414.9196777344
888.410400      2435.1188964844
888.713257      2500.2050781250
889.016174      2522.6484375000
889.318909      2446.3405761719
889.621643      2462.0510253906
889.924377      2453.0737304688
890.227051      2408.1867675781
890.529602      2455.3181152344
890.832153      2419.4084472656
891.134705      2394.7207031250
891.437134      2383.4987792969
891.739441      2430.6301269531
892.041870      2340.8562011719
892.344116      2365.5441894531
892.646362      2309.4353027344
892.948486      2300.4580078125
893.250671      2325.1457519531
893.552734      2318.4128417969
893.854797      2374.5214843750
894.156738      2309.4353027344
894.458618      2237.6162109375
894.760559      2197.2180175781
895.062378      2248.8378906250
895.364136      2181.5075683594
895.665894      2145.5979003906
895.967590      2145.5979003906
896.269165      2136.6203613281
896.570679      2091.7333984375
896.872192      2058.0683593750
897.173706      2008.6926269531
897.475159      1988.4934082031
897.776428      1975.0273437500
898.077759      1936.8734130859
