0.106000
190.544205         0.0000000000
190.924866         0.0000000000
191.305481      1471.1938476563
191.686081      1422.1540527344
192.066635      1426.6123046875
192.447174      1457.8193359375
192.827667      1502.4010009766
193.208130      1504.6301269531
193.588577      1529.1500244141
193.968964      1464.5065917969
194.349350      1540.2954101563
194.729691      1460.0484619141
195.110001      1526.9208984375
195.490295      1544.7535400391
195.870529      1531.3790283203
196.250763      1491.2556152344
196.630936      1477.8811035156
197.011093      1544.7535400391
197.391220      1466.7357177734
197.771301      1451.1322021484
198.151367      1475.6520996094
198.531403      1533.6081542969
198.911407      1384.2596435547
199.291382      1471.1938476563
199.671295      1484.5683593750
200.051208      1448.9030761719
200.431076      1538.0662841797
200.810928      1522.4627685547
201.190735      1515.7755126953
201.570511      1484.5683593750
201.950272      1471.1938476563
202.329971      1462.2775878906
202.709671      1520.2336425781
203.089310      1473.4229736328
203.468933      1533.6081542969
203.848541      1453.3612060547
204.228073      1509.0882568359
204.607620      1515.7755126953
204.987106      1529.1500244141
205.366577      1502.4010009766
205.746017      1500.1719970703
206.125412      1520.2336425781
206.504776      1504.6301269531
206.884125      1489.0264892578
207.263428      1531.3790283203
207.642700      1546.9826660156
208.021942      1491.2556152344
208.401169      1435.5285644531
208.780334      1500.1719970703
209.159485      1515.7755126953
209.538605      1444.4449462891
209.917694      1589.3352050781
210.296753      1567.0444335938
210.675766      1462.2775878906
211.054764      1524.6918945313
211.433716      1567.0444335938
211.812637      1553.6699218750
212.191544      1453.3612060547
212.570404      1475.6520996094
212.949249      1473.4229736328
213.328033      1439.9866943359
213.706802      1518.0046386719
214.085556      1511.3173828125
214.464249      1437.7576904297
214.842926      1453.3612060547
215.221558      1482.3392333984
215.600174      1553.6699218750
215.978760      1506.8591308594
216.357300      1533.6081542969
216.735825      1513.5463867188
217.114288      1529.1500244141
217.492737      1491.2556152344
217.871185      1448.9030761719
218.249557      1504.6301269531
218.627914      1520.2336425781
219.006226      1567.0444335938
219.384521      1513.5463867188
219.762772      1533.6081542969
220.141006      1513.5463867188
220.519196      1520.2336425781
220.897354      1482.3392333984
221.275497      1518.0046386719
221.653580      1546.9826660156
222.031662      1549.2117919922
222.409698      1495.7137451172
222.787704      1558.1280517578
223.165680      1491.2556152344
223.543610      1433.2994384766
223.921524      1535.8372802734
224.299393      1484.5683593750
224.677231      1513.5463867188
225.055054      1457.8193359375
225.432816      1500.1719970703
225.810577      1533.6081542969
226.188278      1484.5683593750
226.565979      1531.3790283203
226.943634      1500.1719970703
227.321243      1497.9428710938
227.698837      1491.2556152344
228.076385      1529.1500244141
228.453903      1415.4667968750
228.831406      1477.8811035156
229.208847      1558.1280517578
229.586288      1522.4627685547
229.963669      1486.7974853516
230.341034      1495.7137451172
230.718369      1515.7755126953
231.095657      1477.8811035156
231.472916      1520.2336425781
231.850143      1515.7755126953
232.227356      1502.4010009766
232.604523      1511.3173828125
232.981659      1509.0882568359
233.358749      1529.1500244141
233.735825      1486.7974853516
234.112869      1477.8811035156
234.489868      1419.9250488281
234.866852      1529.1500244141
235.243790      1451.1322021484
235.620697      1460.0484619141
235.997589      1502.4010009766
236.374405      1506.8591308594
236.751221      1497.9428710938
237.128006      1504.6301269531
237.504745      1473.4229736328
237.881470      1466.7357177734
238.258133      1560.3571777344
238.634796      1491.2556152344
239.011414      1553.6699218750
239.388000      1457.8193359375
239.764557      1428.8413085938
240.141068      1513.5463867188
240.517563      1555.8989257813
240.893997      1500.1719970703
241.270432      1480.1102294922
241.646835      1431.0704345703
242.023178      1486.7974853516
242.399506      1428.8413085938
242.775787      1446.6739501953
243.152054      1489.0264892578
243.528290      1506.8591308594
243.904465      1518.0046386719
244.280640      1484.5683593750
244.656754      1477.8811035156
245.032852      1511.3173828125
245.408936      1486.7974853516
245.784943      1484.5683593750
246.160950      1457.8193359375
246.536911      1486.7974853516
246.912842      1558.1280517578
247.288757      1515.7755126953
247.664612      1520.2336425781
248.040451      1484.5683593750
248.416229      1509.0882568359
248.792023      1482.3392333984
249.167755      1504.6301269531
249.543457      1482.3392333984
249.919113      1513.5463867188
250.294754      1455.5903320313
250.670364      1486.7974853516
251.045944      1466.7357177734
251.421478      1518.0046386719
251.796982      1506.8591308594
252.172440      1466.7357177734
252.547897      1466.7357177734
252.923294      1520.2336425781
253.298676      1515.7755126953
253.673996      1489.0264892578
254.049316      1540.2954101563
254.424606      1475.6520996094
254.799850      1564.8153076172
255.175064      1535.8372802734
255.550217      1466.7357177734
255.925369      1455.5903320313
256.300476      1428.8413085938
256.675537      1540.2954101563
257.050598      1524.6918945313
257.425598      1486.7974853516
257.800598      1549.2117919922
258.175537      1549.2117919922
258.550446      1549.2117919922
258.925354      1502.4010009766
259.300171      1460.0484619141
259.674988      1564.8153076172
260.049774      1511.3173828125
260.424500      1529.1500244141
260.799225      1511.3173828125
261.173889      1511.3173828125
261.548553      1455.5903320313
261.923187      1466.7357177734
262.297760      1549.2117919922
262.672302      1471.1938476563
263.046814      1504.6301269531
263.421326      1511.3173828125
263.795776      1533.6081542969
264.170135      1518.0046386719
264.544525      1448.9030761719
264.918915      1448.9030761719
265.293243      1506.8591308594
265.667511      1497.9428710938
266.041748      1553.6699218750
266.415955      1529.1500244141
266.790161      1515.7755126953
267.164307      1442.2158203125
267.538422      1495.7137451172
267.912476      1495.7137451172
268.286530      1500.1719970703
268.660583      1482.3392333984
269.034546      1513.5463867188
269.408508      1484.5683593750
269.782440      1540.2954101563
270.156311      1509.0882568359
270.530151      1477.8811035156
270.903992      1475.6520996094
271.277710      1446.6739501953
271.651489      1529.1500244141
272.025208      1567.0444335938
272.398895      1515.7755126953
272.772552      1524.6918945313
273.146179      1451.1322021484
273.519745      1567.0444335938
273.893280      1564.8153076172
274.266815      1468.9648437500
274.640289      1509.0882568359
275.013733      1477.8811035156
275.387146      1513.5463867188
275.760529      1540.2954101563
276.133881      1544.7535400391
276.507202      1533.6081542969
276.880463      1538.0662841797
277.253723      1504.6301269531
277.626923      1555.8989257813
278.000122      1504.6301269531
278.373260      1562.5861816406
278.746338      1531.3790283203
279.119446      1482.3392333984
279.492493      1500.1719970703
279.865509      1542.5245361328
280.238495      1489.0264892578
280.611450      1562.5861816406
280.984314      1529.1500244141
281.357208      1562.5861816406
281.730072      1515.7755126953
282.102875      1591.5643310547
282.475647      1486.7974853516
282.848358      1480.1102294922
283.221069      1591.5643310547
283.593750      1495.7137451172
283.966400      1435.5285644531
284.339020      1453.3612060547
284.711548      1509.0882568359
285.084106      1455.5903320313
285.456635      1477.8811035156
285.829071      1549.2117919922
286.201508      1593.7933349609
286.573914      1529.1500244141
286.946320      1538.0662841797
287.318634      1453.3612060547
287.690948      1464.5065917969
288.063202      1509.0882568359
288.435425      1529.1500244141
288.807648      1515.7755126953
289.179810      1462.2775878906
289.551941      1509.0882568359
289.924011      1540.2954101563
290.296112      1455.5903320313
290.668121      1562.5861816406
291.040161      1497.9428710938
291.412109      1538.0662841797
291.783997      1522.4627685547
292.155914      1529.1500244141
292.527771      1540.2954101563
292.899597      1533.6081542969
293.271393      1513.5463867188
293.643127      1542.5245361328
294.014862      1538.0662841797
294.386566      1495.7137451172
294.758240      1518.0046386719
295.129852      1558.1280517578
295.501404      1531.3790283203
295.872955      1506.8591308594
296.244507      1495.7137451172
296.615997      1497.9428710938
296.987427      1509.0882568359
297.358826      1535.8372802734
297.730225      1466.7357177734
298.101593      1506.8591308594
298.472900      1509.0882568359
298.844177      1587.1060791016
299.215393      1515.7755126953
299.586609      1529.1500244141
299.957794      1466.7357177734
300.328918      1526.9208984375
300.700043      1489.0264892578
301.071136      1520.2336425781
301.442169      1575.9606933594
301.813171      1480.1102294922
302.184174      1578.1898193359
302.555115      1529.1500244141
302.925995      1533.6081542969
303.296844      1497.9428710938
303.667694      1513.5463867188
304.038483      1538.0662841797
304.409271      1524.6918945313
304.779968      1529.1500244141
305.150696      1542.5245361328
305.521362      1658.4367675781
305.891968      1627.2296142578
306.262543      1636.1458740234
306.633118      1509.0882568359
307.003632      1564.8153076172
307.374146      1591.5643310547
307.744598      1631.6877441406
308.114990      1638.3750000000
308.485413      1607.1678466797
308.855743      1696.3311767578
309.226074      1622.7714843750
309.596375      1718.6219482422
309.966614      1642.8331298828
310.336792      1714.1638183594
310.707001      1747.5999755859
311.077148      1720.8510742188
311.447235      1792.1816406250
311.817322      1776.5780029297
312.187347      1785.4943847656
312.557373      1852.3668212891
312.927368      1932.6137695313
313.297302      1879.1158447266
313.667175      1943.7591552734
314.037048      1970.5081787109
314.406891      1930.3846435547
314.776642      1972.7371826172
315.146423      2015.0898437500
315.516144      2024.0061035156
315.885864      2097.5659179688
316.255524      2046.2969970703
316.625153      2064.1296386719
316.994751      2079.7331542969
317.364288      2097.5659179688
317.733795      2280.3505859375
318.103302      2229.0815429688
318.472717      2266.9760742188
318.842133      2220.1652832031
319.211517      2217.9362792969
319.580872      2244.6853027344
319.950195      2358.3684082031
320.319489      2387.3464355469
320.688751      2369.5136718750
321.057922      2525.5495605469
321.427094      2563.4438476563
321.796234      2494.3422851563
322.165344      2456.4479980469
322.534393      2492.1132812500
322.903412      2449.7607421875
323.272430      2487.6550292969
323.641418      2431.9279785156
324.010315      2463.1352539063
324.379242      2556.7565917969
324.748077      2637.0036621094
325.116913      2710.5632324219
325.485657      2775.2065429688
325.854431      2715.0214843750
326.223145      2790.8103027344
326.591827      3004.8020019531
326.960480      3024.8637695313
327.329102      3087.2780761719
327.697693      3163.0668945313
328.066193      3073.9035644531
328.434723      3111.7978515625
328.803192      3216.5646972656
329.171600      3189.8159179688
329.540009      3281.2082519531
329.908386      3370.3713378906
330.276703      3363.6840820313
330.645050      3550.9270019531
331.013306      3553.1560058594
331.381500      3528.6362304688
331.749695      3584.3632812500
332.117859      3363.6840820313
332.485962      3316.8735351563
332.854034      3597.7377929688
333.222107      3662.3811035156
333.590118      3417.1821289063
333.958099      3488.5126953125
334.326050      3515.2617187500
334.693970      3559.8432617188
335.061859      3662.3811035156
335.429657      3524.1779785156
335.797455      3653.4648437500
336.165192      3615.5703125000
336.532959      3613.3413085938
336.900665      3417.1821289063
337.268341      3419.4111328125
337.635956      3363.6840820313
338.003571      3410.4948730469
338.371124      3448.3894042969
338.738647      3517.4907226563
339.106110      3617.7995605469
339.473572      3635.6320800781
339.840942      3749.3151855469
340.208344      3793.8969726563
340.575653      3914.2673339844
340.942993      3927.6418457031
341.310272      4030.1796875000
341.677521      3811.7294921875
342.044708      3858.5402832031
342.411865      3825.1040039063
342.778992      3818.4167480469
343.146088      4143.8627929688
343.513123      4054.6994628906
343.880157      4043.5541992188
344.247131      4007.8886718750
344.614105      3780.5224609375
344.981049      3649.0065917969
345.347900      3617.7995605469
345.714783      3724.7954101563
346.081573      3978.9106445313
346.448334      4034.6376953125
346.815094      4054.6994628906
347.181763      3969.9943847656
347.548431      3998.9724121094
347.915070      4034.6376953125
348.281677      4032.4086914063
348.648224      4199.5898437500
349.014771      4036.8669433594
349.381256      4070.3029785156
349.747711      4088.1357421875
350.114105      4083.6774902344
350.480469      4088.1357421875
350.846832      4282.0659179688
351.213135      4516.1191406250
351.579407      4609.7407226563
351.945679      4498.2866210938
352.311890      4442.5595703125
352.678040      4422.4980468750
353.044189      4326.6474609375
353.410278      4315.5019531250
353.776337      4364.5419921875
354.142303      4556.2426757813
354.508301      4821.5034179688
354.874268      4817.0454101563
355.240204      4993.1430664063
355.606079      4973.0810546875
355.971924      4919.5830078125
356.337738      4939.6450195313
356.703491      4812.5874023438
357.069244      4716.7368164063
357.434937      4565.1591796875
357.800598      4306.5859375000
358.166229      4386.8325195313
358.531830      4068.0739746094
358.897369      4085.9067382813
359.262909      3996.7434082031
359.628418      4306.5859375000
359.993866      4504.9741210938
360.359222      4805.8999023438
360.724609      4959.7065429688
361.089966      4919.5830078125
361.455261      4774.6928710938
361.820526      4752.4018554688
362.185760      4652.0932617188
362.550964      4756.8603515625
362.916138      4781.3798828125
363.281250      4997.6010742188
363.646332      5142.4912109375
364.011383      5048.8701171875
364.376404      5131.3457031250
364.741333      5314.1303710938
365.106293      5280.6943359375
365.471222      5198.2182617188
365.836090      5550.4130859375
366.200928      5577.1621093750
366.565735      5998.4584960938
366.930511      6194.6176757813
367.295227      6138.8906250000
367.659912      6156.7236328125
368.024536      6067.5600585938
368.389160      6018.5205078125
368.753723      5951.6479492188
369.118317      5713.1362304688
369.482819      5915.9824218750
369.847260      6054.1855468750
370.211731      6314.9882812500
370.576111      6406.3803710938
370.940460      6292.6972656250
371.304810      6040.8110351563
371.669098      6163.4106445313
372.033325      6078.7055664063
372.397522      6176.7851562500
372.761749      5978.3969726563
373.125885      5768.8632812500
373.489990      5800.0703125000
373.854065      5626.2021484375
374.218109      5483.5410156250
374.582092      5247.2583007813
374.946075      5345.3378906250
375.309998      5418.8974609375
375.673859      5227.1962890625
376.037720      5617.2856445313
376.401550      5898.1499023438
376.765320      6069.7890625000
377.129059      5936.0444335938
377.492798      6223.5957031250
377.856476      6540.1254882813
378.220062      6627.0595703125
378.583679      7097.3959960938
378.947205      7188.7880859375
379.310730      7144.2065429688
379.674225      6854.4257812500
380.037689      6428.6713867188
380.401093      6395.2353515625
380.764496      6393.0063476563
381.127838      6671.6411132813
381.491119      6856.6552734375
381.854370      6861.1132812500
382.217621      6368.4863281250
382.580811      6092.0800781250
382.943939      5688.6162109375
383.307068      5289.6108398438
383.670166      4939.6450195313
384.033203      4944.1030273438
384.396240      4901.7504882813
384.759216      5227.1962890625
385.122131      5826.8193359375
385.485016      6172.3271484375
385.847900      6263.7192382813
386.210724      6310.5302734375
386.573486      6346.1953125000
386.936279      6326.1337890625
387.298981      6350.6538085938
387.661652      6417.5258789063
388.024323      6522.2929687500
388.386902      6279.3227539063
388.749481      6453.1914062500
389.112000      6453.1914062500
389.474487      6651.5795898438
389.836945      6751.8881835938
390.199371      7173.1845703125
390.561737      7543.2124023438
390.924103      7674.7280273438
391.286407      7908.7817382813
391.648682      8102.7119140625
392.010925      8530.6953125000
392.373108      8470.5097656250
392.735291      8051.4428710938
393.097382      7529.8378906250
393.459473      6640.4340820313
393.821533      5708.6782226563
394.183533      5082.3061523438
394.545532      5343.1088867188
394.907471      6174.5561523438
395.269379      6963.6508789063
395.631256      7844.1381835938
395.993042      8356.8271484375
396.354828      8804.8720703125
396.716583      8169.5839843750
397.078308      7291.3261718750
397.439972      6537.8964843750
397.801636      6127.7456054688
398.163239      6863.3422851563
398.524841      8274.3505859375
398.886383      9246.2304687500
399.247833     10191.3613281250
399.609283     10802.1298828125
399.970703     11426.2724609375
400.332062     11849.7978515625
400.693420     12066.0185546875
401.054718     12137.3496093750
401.416016     12623.2890625000
401.777252     12616.6015625000
402.138458     13158.2685546875
402.499603     13347.7412109375
402.860718     13592.9394531250
403.221832     13668.7285156250
403.582855     13728.9140625000
403.943848     13470.3398437500
404.304810     13581.7939453125
404.665771     13938.4472656250
405.026642     13688.7900390625
405.387543     13920.6152343750
405.748352     14125.6904296875
406.109161     14063.2763671875
406.469849     14049.9013671875
406.830597     13722.2265625000
407.191223     13733.3720703125
407.551880     13791.3281250000
407.912476     14268.3515625000
408.273041     14645.0664062500
408.633575     14604.9423828125
408.994049     15244.6894531250
409.354492     15886.6650390625
409.714935     15819.7919921875
410.075287     15690.5058593750
410.435608     15246.9179687500
410.795868     15055.2177734375
411.156158     14645.0664062500
411.516388     15445.3066406250
411.876587     16067.2207031250
412.236725     16392.6660156250
412.596832     16885.2929687500
412.956909     17088.1406250000
413.316925     16952.1660156250
413.676910     16722.5703125000
414.036896     16727.0292968750
414.396820     17168.3867187500
414.756683     17114.8886718750
415.116547     17186.2187500000
415.476379     17433.6464843750
415.836121     17331.1093750000
416.195862     17480.4589843750
416.555542     17531.7265625000
416.915192     17518.3515625000
417.274811     17966.3984375000
417.634399     17808.1328125000
417.993927     17455.9375000000
418.353455     17395.7539062500
418.712891     17531.7265625000
419.072357     17226.3437500000
419.431763     17382.3789062500
419.791107     17538.4140625000
420.150452     17415.8144531250
420.509674     17438.1054687500
420.868927     17168.3867187500
421.228119     18019.8964843750
421.587280     18485.7734375000
421.946411     18510.2929687500
422.305542     18637.3515625000
422.664581     18280.6992187500
423.023621     17993.1464843750
423.382568     17500.5195312500
423.741516     17774.6972656250
424.100403     17654.3261718750
424.459259     17875.0058593750
424.818054     18048.8730468750
425.176880     18218.2832031250
425.535614     18095.6855468750
425.894348     17667.7011718750
426.252991     17910.6718750000
426.611633     17886.1503906250
426.970245     18171.4726562500
427.328796     17863.8593750000
427.687317     17665.4726562500
428.045807     17130.4921875000
428.404205     17569.6210937500
428.762604     17681.0761718750
429.121002     17647.6386718750
429.479340     17415.8144531250
429.837616     16952.1660156250
430.195892     16530.8691406250
430.554138     15610.2587890625
430.912292     14636.1503906250
431.270416     14119.0029296875
431.628510     14243.8320312500
431.986542     15496.5751953125
432.344574     17172.8457031250
432.702576     18142.4960937500
433.060516     18133.5781250000
433.418427     18467.9414062500
433.776306     19074.2519531250
434.134155     19049.7324218750
434.491913     18693.0781250000
434.849701     18138.0371093750
435.207397     18528.1269531250
435.565063     19388.5527343750
435.922729     19598.0859375000
436.280334     20184.3339843750
436.637909     20953.3671875000
436.995453     21443.7656250000
437.352936     21528.4707031250
437.710388     21035.8437500000
438.067780     20726.0019531250
438.425171     20554.3613281250
438.782471     19722.9140625000
439.139771     19343.9707031250
439.497040     19214.6835937500
439.854279     19330.5957031250
440.211426     20235.6035156250
440.568604     20304.7050781250
440.925720     20355.9726562500
441.282776     20650.2128906250
441.639801     21243.1484375000
441.996735     21833.8554687500
442.353699     21994.3476562500
442.710602     22330.9394531250
443.067505     22825.7968750000
443.424347     22493.6621093750
443.781128     22578.3671875000
444.137878     22453.5390625000
444.494629     22968.4570312500
444.851288     23396.4414062500
445.207916     23209.1972656250
445.564514     23418.7324218750
445.921051     22741.0898437500
446.277618     22669.7597656250
446.634094     21691.1933593750
446.990540     22752.2363281250
447.346985     22941.7089843750
447.703339     23485.6035156250
448.059692     23840.0273437500
448.416016     24254.6367187500
448.772186     23982.6894531250
449.128418     24120.8925781250
449.484589     24352.7167968750
449.840729     24225.6582031250
450.196838     24475.3164062500
450.552917     24662.5585937500
450.908966     25117.2910156250
451.264954     25485.0898437500
451.620880     25683.4785156250
451.976807     25716.9140625000
452.332611     25427.1347656250
452.688446     25188.6230468750
453.044250     24829.7402343750
453.399994     24062.9355468750
453.755707     23570.3085937500
454.111389     23704.0546875000
454.467041     24123.1210937500
454.822632     24060.7070312500
455.178192     24116.4335937500
455.533722     24303.6777343750
455.889130     23926.9628906250
456.244598     24305.9062500000
456.600006     24918.9042968750
456.955353     25248.8085937500
457.310699     25066.0234375000
457.665985     25340.1992187500
458.021240     25518.5273437500
458.376434     24785.1582031250
458.731628     25016.9824218750
459.086700     25106.1464843750
459.441772     25284.4726562500
459.796844     25041.5039062500
460.151886     25170.7890625000
460.506836     24918.9042968750
460.861786     25302.3046875000
461.216675     25565.3378906250
461.571533     25935.3652343750
461.926361     26156.0429687500
462.281158     25979.9472656250
462.635803     26461.4277343750
462.990540     26218.4589843750
463.345184     26757.8964843750
463.699829     26621.9218750000
464.054413     26942.9101562500
464.408936     26862.6621093750
464.763458     26452.5117187500
465.117920     26548.3613281250
465.472351     26367.8066406250
465.826752     26720.0019531250
466.181030     27192.5664062500
466.535339     27179.1914062500
466.889618     27000.8652343750
467.243866     27043.2187500000
467.598053     26905.0156250000
467.952209     27647.2988281250
468.306305     27763.2109375000
468.660370     27495.7226562500
469.014435     28594.6582031250
469.368439     28336.0859375000
469.722321     29002.5820312500
470.076263     28407.4160156250
470.430115     28808.6503906250
470.783966     28683.8222656250
471.137756     29149.7011718750
471.491516     29100.6601562500
471.845245     29932.1074218750
472.198944     30464.8593750000
472.552582     31648.5019531250
472.906128     32101.0039062500
473.259705     32076.4843750000
473.613220     32339.5156250000
473.966675     32428.6796875000
474.320129     32635.9843750000
474.673553     33373.8085937500
475.026917     33451.8281250000
475.380249     34087.1171875000
475.733521     34499.4960937500
476.086761     35157.0742187500
476.439911     34633.2421875000
476.793091     34905.1875000000
477.146210     35351.0039062500
477.499298     36035.3320312500
477.852356     36712.9726562500
478.205353     37107.5234375000
478.558350     38177.4804687500
478.911285     38135.1289062500
479.264160     37981.3203125000
479.617035     38703.5429687500
479.969757     39737.8398437500
480.322540     40067.7421875000
480.675262     40442.2265625000
481.027985     40694.1132812500
481.380615     41095.3476562500
481.733246     41766.3007812500
482.085815     42499.6718750000
482.438324     42776.0781250000
482.790833     42791.6796875000
483.143280     42778.3046875000
483.495667     42907.5937500000
483.848022     43175.0820312500
484.200348     43433.6562500000
484.552673     43792.5390625000
484.904907     43360.0976562500
485.257111     43389.0742187500
485.609283     44033.2773437500
485.961456     42990.0664062500
486.313538     40468.9765625000
486.665588     39222.9218750000
487.017548     38850.6640625000
487.369507     40016.4726562500
487.721466     40905.8789062500
488.073334     42417.1953125000
488.425232     43420.2812500000
488.777039     43672.1679687500
489.128815     44202.6875000000
489.480560     44055.5703125000
489.832245     44826.8320312500
490.183868     46046.1406250000
490.535461     46977.8945312500
490.887054     47310.0273437500
491.238586     47100.4960937500
491.590057     46951.1445312500
491.941528     47004.6445312500
492.292938     46567.7460937500
492.644318     45446.5156250000
492.995667     46153.1367187500
493.346954     47298.8828125000
493.698181     47430.3984375000
494.049377     47142.8476562500
494.400543     47200.8046875000
494.751678     47800.4257812500
495.102783     48330.9492187500
495.453827     48881.5312500000
495.804871     48611.8125000000
496.155853     48437.9453125000
496.506775     48493.6718750000
496.857666     48801.2851562500
497.208466     49059.8593750000
497.559265     49648.3359375000
497.910065     49601.5234375000
498.260773     49322.8906250000
498.611481     48395.5898437500
498.962128     47918.5664062500
499.312744     47860.6132812500
499.663300     48796.8242187500
500.013855     49097.7539062500
500.364349     48629.6445312500
500.714752     47746.9296875000
501.065155     47755.8437500000
501.415527     47305.5703125000
501.765869     46968.9804687500
502.116150     46757.2148437500
502.466400     47131.7031250000
502.816620     47096.0351562500
503.166779     47437.0859375000
503.516907     47907.4218750000
503.866943     47715.7226562500
504.217010     47842.7773437500
504.567017     46585.5781250000
504.916962     46993.5000000000
505.266876     47744.6992187500
505.616791     48319.8007812500
505.966644     48781.2226562500
506.316437     49441.0312500000
506.666199     49862.3281250000
507.015930     49786.5390625000
507.365570     49443.2578125000
507.715210     49657.2500000000
508.064789     49247.1015625000
508.414368     48424.5703125000
508.763885     48228.4101562500
509.113373     49135.6445312500
509.462830     49889.0742187500
509.812225     50165.4804687500
510.161591     49942.5742187500
510.510895     49710.7500000000
510.860107     49619.3554687500
511.209381     50009.4453125000
511.558563     50165.4804687500
511.907715     50796.3125000000
512.256836     51130.6757812500
512.605896     51447.2031250000
512.954956     50484.2421875000
513.303955     50441.8867187500
513.652832     50426.2851562500
514.001831     50589.0078125000
514.350647     50225.6679687500
514.699463     50225.6679687500
515.048279     49848.9531250000
515.396973     50245.7304687500
515.745728     50535.5078125000
516.094360     50776.2500000000
516.442993     51050.4257812500
516.791565     50517.6757812500
517.140137     48756.7031250000
517.488586     46676.9687500000
517.837036     46567.7460937500
518.185425     47965.3789062500
518.533875     48025.5625000000
518.882202     47312.2578125000
519.230469     47174.0546875000
519.578735     48348.7812500000
519.927002     49240.4140625000
520.275146     49877.9296875000
520.623291     50368.3281250000
520.971313     50782.9375000000
521.319336     50651.4218750000
521.667419     51398.1640625000
522.015381     51502.9296875000
522.363281     51638.9062500000
522.711182     51794.9414062500
523.059021     51554.1992187500
523.406860     51068.2617187500
523.754639     50965.7226562500
524.102356     51679.0273437500
524.449951     51986.6406250000
524.797607     52405.7109375000
525.145203     52530.5390625000
525.492798     52258.5898437500
525.840332     52037.9101562500
526.187805     52706.6367187500
526.535217     52033.4531250000
526.882629     51460.5781250000
527.230042     49877.9296875000
527.577332     49256.0156250000
527.924500     49358.5546875000
528.271729     50401.7656250000
528.618896     50749.5000000000
528.966125     51179.7148437500
529.313232     51596.5507812500
529.660278     52256.3593750000
530.007324     52499.3320312500
530.354309     52158.2812500000
530.701233     51910.8515625000
531.048096     51906.3945312500
531.394958     52760.1328125000
531.741760     53237.1562500000
532.088562     52715.5507812500
532.435303     52231.8398437500
532.781982     51962.1210937500
533.128601     51186.4023437500
533.475281     50778.4804687500
533.821838     51028.1367187500
534.168335     51068.2617187500
534.514832     51346.8945312500
534.861206     50925.5976562500
535.207703     51306.7734375000
535.554016     51491.7851562500
535.900391     51743.6718750000
536.246643     52173.8828125000
536.592896     52385.6484375000
536.939087     51770.4218750000
537.285278     51326.8320312500
537.631348     51019.2187500000
537.977417     51188.6289062500
538.323425     51420.4531250000
538.669373     51558.6562500000
539.015381     51478.4101562500
539.361267     51324.6054687500
539.707153     51054.8867187500
540.052979     50205.6054687500
540.398804     50250.1875000000
540.744507     49585.9218750000
541.090210     49708.5195312500
541.435791     49358.5546875000
541.781433     49835.5781250000
542.127014     50232.3554687500
542.472595     50392.8476562500
542.818054     50435.1992187500
543.163513     50767.3359375000
543.508911     50981.3242187500
543.854309     50252.4179687500
544.199646     51337.9804687500
544.544800     51139.5898437500
544.890076     51326.8320312500
545.235291     51304.5429687500
545.580444     51179.7148437500
545.925537     51217.6093750000
546.270630     51128.4453125000
546.615723     51324.6054687500
546.960693     51179.7148437500
547.305603     51037.0546875000
547.650574     50840.8945312500
547.995361     50502.0742187500
548.340149     49953.7187500000
548.684998     49817.7460937500
549.029724     49987.1562500000
549.374390     50272.4765625000
549.719116     50450.8046875000
550.063660     50381.7031250000
550.408264     49808.8281250000
550.752869     50392.8476562500
551.097290     50058.4843750000
551.441711     49828.8906250000
551.786133     49505.6757812500
552.130493     49902.4492187500
552.474854     50147.6484375000
552.819092     50083.0078125000
553.163330     49991.6132812500
553.507507     49441.0312500000
553.851685     49387.5312500000
554.195801     49298.3710937500
554.539917     49766.4765625000
554.883850     49603.7539062500
555.227844     49904.6796875000
555.571777     49253.7890625000
555.915710     49516.8203125000
556.259583     49405.3671875000
556.603333     49066.5429687500
556.947205     49264.9335937500
557.290894     48333.1757812500
557.634583     48522.6484375000
557.978210     47965.3789062500
558.321777     47827.1757812500
558.665405     48030.0234375000
559.008911     47655.5351562500
559.352417     46873.1289062500
559.695862     46864.2109375000
560.039185     46868.6718750000
560.382568     46427.3125000000
560.725891     46875.3593750000
561.069153     46957.8320312500
561.412354     47876.2148437500
561.755554     47586.4335937500
562.098694     46714.8632812500
562.441772     46730.4687500000
562.784851     46467.4375000000
563.127930     47031.3945312500
563.470825     47013.5625000000
563.813782     47209.7187500000
564.156738     46734.9257812500
564.499573     46231.1523437500
564.842285     46659.1367187500
565.185059     46585.5781250000
565.527771     46413.9375000000
565.870422     46291.3398437500
566.213135     45426.4531250000
566.555725     45346.2070312500
566.898254     45763.0468750000
567.240784     45569.1171875000
567.583252     45497.7851562500
567.925659     45705.0898437500
568.268005     45564.6562500000
568.610291     45491.0976562500
568.952637     44412.2226562500
569.294922     44060.0273437500
569.637146     44331.9765625000
569.979309     44057.7968750000
570.321411     43834.8906250000
570.663513     43431.4257812500
571.005554     43377.9296875000
571.347473     42992.2968750000
571.689453     42283.4492187500
572.031372     42642.3320312500
572.373230     43130.5000000000
572.715088     43175.0820312500
573.056885     43489.3828125000
573.398621     43328.8906250000
573.740295     43219.6640625000
574.082031     42945.4882812500
574.423584     43493.8398437500
574.765137     42927.6523437500
575.106689     43190.6875000000
575.448120     42669.0820312500
575.789612     42076.1445312500
576.130981     42546.4804687500
576.472351     41808.6562500000
576.813721     42187.5976562500
577.154968     42174.2226562500
577.496216     42044.9375000000
577.837402     41991.4414062500
578.178467     41830.9453125000
578.519592     41592.4335937500
578.860657     41262.5312500000
579.201660     41369.5273437500
579.542664     41139.9296875000
579.883606     41434.1679687500
580.224487     41583.5195312500
580.565308     41828.7187500000
580.906189     41619.1835937500
581.246948     41848.7773437500
581.587585     42122.9570312500
581.928223     41643.7031250000
582.268921     42200.9726562500
582.609497     42252.2421875000
582.950012     42461.7773437500
583.290527     42655.7070312500
583.630981     42408.2773437500
583.971436     42633.4140625000
584.311829     42096.2070312500
584.652100     42381.5273437500
584.992371     41982.5234375000
585.332642     41871.0703125000
585.672852     42078.3750000000
586.013000     41233.5507812500
586.353088     40839.0039062500
586.693176     41048.5390625000
587.033264     41177.8242187500
587.373230     41137.7031250000
587.713196     41084.2031250000
588.053040     40765.4453125000
588.392883     40201.4882812500
588.732727     39541.6796875000
589.072510     38132.8984375000
589.412231     36548.0234375000
589.751892     35081.2851562500
590.091553     34138.3867187500
590.431152     34450.4570312500
590.770752     35475.8359375000
591.110229     35774.5312500000
591.449707     36097.7460937500
591.789124     36309.5117187500
592.128479     35761.1562500000
592.467834     36064.3125000000
592.807129     35988.5234375000
593.146423     36222.5781250000
593.485596     36735.2656250000
593.824768     36757.5546875000
594.163879     36802.1367187500
594.502991     36485.6093750000
594.841980     35725.4921875000
595.180969     35440.1679687500
595.519897     35946.1718750000
595.858887     36075.4570312500
596.197693     36059.8554687500
596.536499     36425.4218750000
596.875305     36267.1562500000
597.214050     36614.8945312500
597.552734     36115.5820312500
597.891296     36115.5820312500
598.229980     36568.0859375000
598.568542     36432.1093750000
598.907043     36213.6601562500
599.245483     36456.6289062500
599.583984     36579.2304687500
599.922363     36153.4765625000
600.260681     36733.0351562500
600.598999     36690.6835937500
600.937256     36356.3203125000
601.275452     36414.2773437500
601.613586     36443.2539062500
601.951721     36271.6171875000
602.289856     36585.9179687500
602.627869     35540.4765625000
602.965881     35988.5234375000
603.303833     36124.4960937500
603.641724     36530.1914062500
603.979614     36251.5546875000
604.317444     36697.3710937500
604.655151     36712.9726562500
604.992859     36670.6210937500
605.330566     36626.0390625000
605.668274     36356.3203125000
606.005859     36670.6210937500
606.343445     36510.1289062500
606.680908     36334.0312500000
607.018433     36117.8085937500
607.355835     36042.0195312500
607.693237     36416.5078125000
608.030579     35689.8242187500
608.367859     35493.6679687500
608.705078     34987.6640625000
609.042297     35301.9648437500
609.379456     35014.4140625000
609.716614     34867.2929687500
610.053650     35012.1835937500
610.390686     35014.4140625000
610.727722     34709.0312500000
611.064575     34374.6679687500
611.401550     34927.4804687500
611.738403     35622.9531250000
612.075256     35473.6054687500
612.411987     35504.8125000000
612.748779     34662.2187500000
613.085449     34709.0312500000
613.422058     34448.2265625000
613.758667     34472.7460937500
614.095215     33549.9062500000
614.431702     33663.5898437500
614.768127     33520.9296875000
615.104614     33913.2460937500
615.440979     33935.5390625000
615.777283     33873.1250000000
616.113586     32896.7851562500
616.449829     33003.7812500000
616.786011     32366.2656250000
617.122192     31956.1132812500
617.458374     32270.4140625000
617.794373     32167.8769531250
618.130371     32747.4375000000
618.466370     32555.7363281250
618.802246     32827.6835937500
619.138184     32571.3398437500
619.474060     32504.4687500000
619.809875     32631.5253906250
620.145630     32341.7460937500
620.481323     32787.5625000000
620.817017     32531.2167968750
621.152588     32328.3710937500
621.488220     32809.8515625000
621.823792     32754.1250000000
622.159241     32582.4863281250
622.494690     32615.9218750000
622.830078     32268.1855468750
623.165466     32502.2382812500
623.500793     32196.8554687500
623.836060     31786.7031250000
624.171265     31782.2460937500
624.506470     31570.4824218750
624.841553     31115.7500000000
625.176697     31019.9003906250
625.511719     30792.5332031250
625.846741     30834.8867187500
626.181702     30500.5234375000
626.516663     30480.4628906250
626.851563     30830.4277343750
627.186401     30603.0625000000
627.521118     30629.8105468750
627.855896     30306.5937500000
628.190552     29669.0761718750
628.525269     28810.8808593750
628.859863     29109.5761718750
629.194458     29261.1542968750
629.528992     29370.3789062500
629.863403     28657.0742187500
630.197815     28897.8144531250
630.532288     28496.5800781250
630.866516     28532.2441406250
631.200867     29004.8105468750
631.535156     28801.9628906250
631.869324     29214.3437500000
632.203491     28681.5937500000
632.537659     28643.6992187500
632.871704     28621.4082031250
633.205750     28835.4003906250
633.539795     28819.7968750000
633.873718     28545.6191406250
634.207520     28772.9863281250
634.541443     28151.0722656250
634.875244     28509.9531250000
635.208984     28108.7187500000
635.542725     28494.3496093750
635.876404     28677.1347656250
636.210022     28340.5429687500
636.543640     28084.1992187500
636.877197     28166.6757812500
637.210571     28191.1953125000
637.544067     28110.9492187500
637.877502     28543.3906250000
638.210815     28592.4296875000
638.544189     28226.8613281250
638.877441     28242.4648437500
639.210693     28554.5351562500
639.543884     28073.0546875000
639.877014     27832.3125000000
640.210144     27758.7539062500
640.543091     27665.1328125000
640.876099     27288.4179687500
641.209106     27511.3261718750
641.541992     27143.5273437500
641.874939     27007.5527343750
642.207703     26840.3710937500
642.540527     27063.2792968750
642.873230     27020.9277343750
643.205994     27083.3417968750
643.538574     27134.6113281250
643.871155     26867.1210937500
644.203674     26840.3710937500
644.536255     26526.0722656250
644.868713     26592.9433593750
645.201172     26733.3769531250
645.533508     26202.8554687500
645.865845     26042.3613281250
646.198120     25946.5097656250
646.530396     25467.2578125000
646.862610     25177.4765625000
647.194702     25034.8164062500
647.526855     24622.4355468750
647.858887     24196.6816406250
648.190857     24176.6191406250
648.522827     23663.9296875000
648.854797     23561.3925781250
649.186707     23527.9570312500
649.518555     23452.1679687500
649.850342     22928.3339843750
650.182007     22948.3945312500
650.513733     22997.4355468750
650.845398     23461.0839843750
651.177063     23655.0136718750
651.508606     23309.5058593750
651.840088     23391.9824218750
652.171631     23320.6523437500
652.503052     23048.7031250000
652.834412     23748.6347656250
653.165771     23793.2167968750
653.497070     23472.2304687500
653.828308     23677.3046875000
654.159485     23875.6933593750
654.490662     23853.4023437500
654.821838     23862.3183593750
655.152832     23180.2207031250
655.483887     23414.2734375000
655.814880     22865.9199218750
656.145813     22491.4335937500
656.476685     21232.0019531250
656.807495     20418.3886718750
657.138306     20309.1621093750
657.469116     20741.6054687500
657.799744     21216.3984375000
658.130493     21726.8593750000
658.461121     21923.0175781250
658.791687     22417.8730468750
659.122192     21862.8320312500
659.452698     22391.1250000000
659.783142     22747.7773437500
660.113464     22725.4863281250
660.443787     22921.6464843750
660.774109     22861.4609375000
661.104370     22703.1972656250
661.434570     23244.8632812500
661.764771     22957.3125000000
662.094849     23137.8671875000
662.424988     23189.1367187500
662.755005     23171.3027343750
663.084900     23253.7792968750
663.414856     23258.2382812500
663.744751     22716.5703125000
664.074585     22705.4257812500
664.404419     22322.0234375000
664.734131     22457.9980468750
665.063904     22723.2578125000
665.393555     22649.6992187500
665.723206     22654.1562500000
666.052734     22533.7871093750
666.382202     22524.8691406250
666.711670     22297.5039062500
667.041138     22259.6093750000
667.370544     22217.2558593750
667.699829     22290.8164062500
668.029175     22101.3437500000
668.358459     21902.9570312500
668.687622     21905.1855468750
669.016846     22094.6562500000
669.345947     21860.6035156250
669.674927     21735.7753906250
670.003967     21751.3789062500
670.332947     21515.0957031250
670.661865     21372.4355468750
670.990784     21561.9062500000
671.319641     21414.7871093750
671.648438     21448.2226562500
671.977112     21051.4472656250
672.305847     21049.2187500000
672.634521     20855.2871093750
672.963135     21006.8652343750
673.291687     20458.5117187500
673.620178     21015.7812500000
673.948669     20607.8593750000
674.277100     20723.7714843750
674.605469     20425.0742187500
674.933899     20231.1445312500
675.262085     20420.6171875000
675.590332     19970.3417968750
675.918579     20155.3554687500
676.246704     20133.0644531250
676.574829     20034.9863281250
676.902893     20422.8457031250
677.230896     20300.2460937500
677.558899     20006.0078125000
677.886841     19977.0292968750
678.214661     19878.9492187500
678.542480     19760.8085937500
678.870239     19676.1035156250
679.197998     19838.8261718750
679.525696     19326.1386718750
679.853394     19393.0097656250
680.180969     19297.1601562500
680.508484     19437.5917968750
680.836060     19337.2832031250
681.163452     19225.8281250000
681.490845     19190.1640625000
681.818237     19080.9394531250
682.145569     19022.9824218750
682.472839     18826.8242187500
682.800110     18942.7363281250
683.127319     18967.2558593750
683.454468     18744.3476562500
683.781494     18693.0781250000
684.108582     18539.2714843750
684.435608     18026.5839843750
684.762451     18227.2011718750
685.089355     18191.5351562500
685.416199     18276.2402343750
685.743103     18071.1640625000
686.069824     18039.9570312500
686.396606     18073.3945312500
686.723267     17661.0136718750
687.049927     16657.9277343750
687.376465     15153.2968750000
687.703003     13791.3281250000
688.029419     13456.9658203125
688.355957     13624.1464843750
688.682312     14132.3779296875
689.008667     14234.9150390625
689.334961     14103.3994140625
689.661316     14058.8173828125
689.987427     13878.2626953125
690.313660     13822.5351562500
690.639771     14259.4355468750
690.965881     14353.0566406250
691.291809     14729.7714843750
691.617798     14682.9609375000
691.943726     14870.2031250000
692.269714     14923.7011718750
692.595459     15095.3408203125
692.921326     14919.2431640625
693.247009     14937.0761718750
693.572754     14841.2255859375
693.898438     14544.7578125000
694.223999     14618.3173828125
694.549561     14332.9951171875
694.875061     14139.0644531250
695.200562     14127.9189453125
695.526001     14043.2138671875
695.851379     14442.2197265625
696.176697     14230.4570312500
696.502014     14281.7255859375
696.827271     14500.1757812500
697.152405     14756.5205078125
697.477539     15099.7988281250
697.802612     15037.3847656250
698.127625     15162.2128906250
698.452698     15124.3193359375
698.777649     14838.9960937500
699.102539     15133.2353515625
699.427429     14691.8769531250
699.752258     14604.9423828125
700.077026     14326.3076171875
700.401733     14368.6601562500
700.726379     14185.8759765625
701.051025     14087.7958984375
701.375610     13864.8876953125
701.700134     13960.7382812500
702.024658     13548.3583984375
702.349060     13691.0195312500
702.673462     13737.8300781250
702.997864     13514.9218750000
703.322144     13686.5615234375
703.646362     13954.0507812500
703.970520     14161.3554687500
704.294739     14156.8974609375
704.618896     14009.7783203125
704.942932     14105.6289062500
705.266968     14281.7255859375
705.590942     14237.1445312500
705.914917     13858.2001953125
706.238770     14040.9853515625
706.562622     13989.7167968750
706.886292     13853.7421875000
707.210083     14174.7304687500
707.533813     14145.7519531250
707.857422     14270.5810546875
708.181030     14308.4746093750
708.504578     14217.0830078125
708.828064     14170.2714843750
709.151550     14156.8974609375
709.474976     14205.9375000000
709.798340     14221.5410156250
710.121582     14288.4130859375
710.444885     14139.0644531250
710.768127     14221.5410156250
711.091248     14161.3554687500
711.414429     13809.1611328125
711.737488     14069.9628906250
712.060547     14052.1308593750
712.383484     13960.7382812500
712.706482     14103.3994140625
713.029358     14009.7783203125
713.352112     13855.9716796875
713.674927     13708.8515625000
713.997681     13679.8740234375
714.320435     13737.8300781250
714.643066     13922.8437500000
714.965698     13425.7587890625
715.288269     13503.7763671875
715.610779     13115.9160156250
715.933289     13205.0791015625
716.255737     12915.2988281250
716.578003     12772.6376953125
716.900330     12280.0107421875
717.222595     11631.3476562500
717.544861     10813.2753906250
717.867065     10278.2949218750
718.189209     10066.5322265625
718.511292      9700.9628906250
718.833313      9317.5615234375
719.155334      9371.0595703125
719.477234      8615.4003906250
719.799133      8791.4980468750
720.120972      8468.2812500000
720.442749      8305.5585937500
720.764587      8185.1879882813
721.086304      8414.7832031250
721.407898      8731.3125000000
721.729553      9335.3935546875
722.051147      9870.3730468750
722.372681     10463.3095703125
722.694092     10559.1601562500
723.015503     10612.6572265625
723.336914     10581.4501953125
723.658264     10360.7714843750
723.979492      9919.4130859375
724.300781      9609.5712890625
724.621948      9507.0332031250
724.943115      9364.3720703125
725.264160      9110.2568359375
725.585205      8753.6035156250
725.906189      8746.9160156250
726.227173      8882.8906250000
726.548035      8985.4277343750
726.868896      8746.9160156250
727.189697      9003.2607421875
727.510498      9181.5869140625
727.831177      8880.6611328125
728.151855      8885.1191406250
728.472473      8758.0615234375
728.793091      8992.1152343750
729.113525      9085.7363281250
729.434021      9043.3837890625
729.754456      8833.8505859375
730.074829      8631.0039062500
730.395142      8844.9960937500
730.715454      8998.8027343750
731.035706      8945.3046875000
731.355896      8795.9560546875
731.676025      8918.5556640625
731.996033      8842.7666015625
732.316101      9250.6884765625
732.636108      9333.1650390625
732.956055      9515.9492187500
733.275940      9845.8535156250
733.595825     10059.8457031250
733.915649     10164.6123046875
734.235413     10492.2871093750
734.555054     10561.3886718750
734.874817     10536.8691406250
735.194336     10432.1015625000
735.513855     10536.8691406250
735.833435     10634.9482421875
736.152893     10661.6972656250
736.472290     10510.1201171875
736.791687     10233.7138671875
737.111023     10262.6914062500
737.430298     10300.5859375000
737.749512     10494.5166015625
738.068665     10287.2119140625
738.387817     10427.6435546875
738.706909     10512.3486328125
739.025879     10412.0400390625
739.344910     10354.0839843750
739.663879     10463.3095703125
739.982788     10316.1894531250
740.301636     10298.3574218750
740.620422     10469.9960937500
740.939148     10532.4111328125
741.257874     10525.7236328125
741.576477     10456.6220703125
741.895020     10472.2255859375
742.213623     10371.9169921875
742.532166     10267.1503906250
742.850586     10374.1455078125
743.169006     10383.0625000000
743.487366     10505.6621093750
743.805725     10490.0585937500
744.123962     10782.0673828125
744.442200     10363.0009765625
744.760315     10177.9863281250
745.078430     10320.6484375000
745.396484     10543.5556640625
745.714539     10271.6083984375
746.032532     10186.9033203125
746.350464     10338.4804687500
746.668335     10391.9785156250
746.986206     10256.0048828125
747.303955     10097.7402343750
747.621643     10180.2158203125
747.939331     10164.6123046875
748.257019     10066.5322265625
748.574585     10039.7832031250
748.892151      9941.7041015625
749.209656      9963.9951171875
749.527100      9977.3691406250
749.844482      9952.8496093750
750.161804      9865.9150390625
750.479126      9975.1406250000
750.796326     10077.6777343750
751.113525      9723.2539062500
751.430725      9750.0029296875
751.747803      9651.9238281250
752.064880      9725.4833984375
752.381897      9736.6289062500
752.698853      9669.7558593750
753.015747      9600.6542968750
753.332703      9890.4355468750
753.649475      9854.7695312500
753.966187      9799.0429687500
754.282898      9705.4218750000
754.599609      9747.7744140625
754.916199      9571.6767578125
755.232788      9716.5664062500
755.549316      9823.5625000000
755.865784      9689.8173828125
756.182190      9471.3681640625
756.498596      9671.9853515625
756.814941      9480.2841796875
757.131165      9551.6152343750
757.447388      9475.8261718750
757.763611      9466.9101562500
758.079712      9422.3281250000
758.395813      9578.3632812500
758.711853      9308.6445312500
759.027832      9404.4951171875
759.343811      9092.4238281250
759.659668      8648.8369140625
759.975464      7527.6088867188
760.291260      6143.3491210938
760.606995      4852.7109375000
760.922668      3789.4387207031
761.238342      3064.9873046875
761.554016      2752.9157714844
761.869507      2935.7004394531
762.185059      3488.5126953125
762.500488      4134.9462890625
762.815918      4335.5639648438
763.131165      4275.3784179688
763.446533      4166.1538085938
763.761719      3987.8271484375
764.076965      3807.2714843750
764.392151      3905.3510742188
764.707214      3985.5979003906
765.022339      4286.5239257813
765.337341      4569.6171875000
765.652283      4888.3759765625
765.967224      5062.2441406250
766.282043      5503.6025390625
766.596863      5922.6699218750
766.911621      6248.1157226563
767.226379      6676.0996093750
767.541016      6847.7387695313
767.855591      7342.5947265625
768.170227      7367.1147460938
768.484741      7496.4013671875
768.799194      7832.9926757813
769.113647      7806.2436523438
769.427979      8142.8349609375
769.742310      8122.7734375000
770.056580      7962.2797851563
770.370850      8118.3154296875
770.684998      8140.6059570313
770.999084      8096.0244140625
771.313232      8145.0644531250
771.627258      8133.9189453125
771.941223      8194.1044921875
772.255066      8138.3769531250
772.569031      8022.4648437500
772.882813      8011.3193359375
773.196594      8082.6499023438
773.510376      7904.3232421875
773.824036      7982.3413085938
774.137695      8125.0024414063
774.451294      7788.4111328125
774.764832      7939.9887695313
775.078308      7828.5346679688
775.391724      7741.6005859375
775.705078      7676.9570312500
776.018433      7516.4633789063
776.331726      7714.8515625000
776.644958      7746.0585937500
776.958130      7748.2875976563
777.271301      7512.0048828125
777.584412      7547.6704101563
777.897461      7505.3178710938
778.210510      7538.7539062500
778.523315      7369.3437500000
778.836304      7496.4013671875
779.149109      7483.0268554688
779.461914      7213.3081054688
779.774658      7217.7661132813
780.087402      7213.3081054688
780.400024      7150.8940429688
780.712585      7130.8320312500
781.025146      7014.9199218750
781.337646      7046.1269531250
781.650085      7195.4755859375
781.962463      7050.5849609375
782.274841      7039.4399414063
782.587158      7023.8364257813
782.899414      7021.6069335938
783.211609      6861.1132812500
783.523743      6838.8222656250
783.835938      6977.0253906250
784.147949      6885.6333007813
784.459900      6789.7827148438
784.771851      6651.5795898438
785.083801      6515.6054687500
785.395630      6787.5537109375
785.707397      6506.6894531250
786.019226      6533.4384765625
786.330933      6504.4599609375
786.642578      6488.8564453125
786.954224      6493.3149414063
787.265747      6444.2749023438
787.577209      6259.2612304688
787.888672      6121.0581054688
788.200073      6257.0322265625
788.511414      6225.8251953125
788.822754      6172.3271484375
789.133972      6156.7236328125
789.445190      5913.7534179688
789.756409      5862.4848632813
790.067505      5771.0922851563
790.378540      5742.1142578125
790.689514      5777.7797851563
791.000488      5744.3432617188
791.311401      5701.9907226563
791.622314      5777.7797851563
791.933105      5686.3872070313
792.243896      5710.9072265625
792.554565      5632.8891601563
792.865234      5644.0346679688
793.175842      5516.9770507813
793.486389      5461.2500000000
793.796875      5530.3515625000
794.107300      5730.9687500000
794.417786      5597.2241210938
794.728088      5490.2280273438
795.038452      5666.3256835938
795.348694      5677.4707031250
795.658936      5494.6860351563
795.969055      5548.1840820313
796.279175      5592.7656250000
796.589172      5307.4433593750
796.899231      5260.6328125000
797.209167      5124.6586914063
797.519104      5178.1567382813
797.828979      5352.0249023438
798.138794      5160.3242187500
798.448547      5354.2539062500
798.758301      5369.8574218750
799.067932      5224.9672851563
799.377563      5251.7163085938
799.687073      5271.7778320313
799.996582      5240.5708007813
800.306030      5173.6982421875
800.615479      4955.2485351563
800.924805      4988.6845703125
801.234192      5008.7465820313
801.543457      4977.5390625000
801.852600      4944.1030273438
802.161743      5057.7861328125
802.470886      5010.9755859375
802.779907      4823.7324218750
803.088867      4692.2167968750
803.397827      4687.7587890625
803.706787      4875.0014648438
804.015686      4848.2524414063
804.324463      4750.1728515625
804.633179      4788.0673828125
804.941956      4812.5874023438
805.250610      4625.3442382813
805.559204      4761.3183593750
805.867676      4705.5913085938
806.176270      4730.1113281250
806.484680      4868.3144531250
806.793091      4796.9838867188
807.101440      4808.1289062500
807.409729      4725.6528320313
807.718018      4817.0454101563
808.026184      4745.7148437500
808.334351      4547.3266601563
808.642456      4645.4062500000
808.950439      4596.3662109375
809.258484      4681.0712890625
809.566467      4513.8901367188
809.874329      4458.1630859375
810.182190      4397.9780273438
810.489990      4375.6870117188
810.797791      4293.2114257813
811.105469      4395.7490234375
811.413147      4166.1538085938
811.720642      4257.5458984375
812.028198      4181.7573242188
812.335693      4208.5063476563
812.643188      4112.6557617188
812.950562      4061.3867187500
813.257935      3983.3688964844
813.565186      3876.3730468750
813.872498      3608.8830566406
814.179626      3709.1918945313
814.486816      3586.5922851563
814.793823      3586.5922851563
815.100830      3544.2397460938
815.407837      3341.3933105469
815.714783      3359.2260742188
816.021667      3267.8337402344
816.328552      3345.8515625000
816.635315      3194.2739257813
816.942078      3169.7541503906
817.248779      3138.5468750000
817.555359      3167.5249023438
817.861938      3330.2480468750
818.168457      3120.7143554688
818.474976      3042.6965332031
818.781372      3040.4672851563
819.087769      3200.9611816406
819.394104      3223.2519531250
819.700378      3236.6264648438
820.006592      3236.6264648438
820.312744      3171.9831542969
820.618896      3272.2917480469
820.924927      3417.1821289063
821.230957      3550.9270019531
821.536926      3539.7817382813
821.842896      3408.2658691406
822.148804      3559.8432617188
822.454590      3441.7021484375
822.760376      3334.7060546875
823.066040      3192.0449218750
823.371704      2917.8679199219
823.677307      2712.7922363281
823.982910      2884.4316406250
824.288391      3018.1765136719
824.593872      3073.9035644531
824.899292      3120.7143554688
825.204651      3352.5388183594
825.509949      3321.3315429688
825.815186      3392.6623535156
826.120422      3332.4770507813
826.425598      3305.7280273438
826.730652      3477.3674316406
827.035706      3365.9133300781
827.340759      3419.4111328125
827.645630      3336.9353027344
827.950623      3160.8376464844
828.255432      3047.1545410156
828.560242      3076.1325683594
828.864990      3089.5070800781
829.169739      3178.6704101563
829.474304      3098.4235839844
829.778870      3044.9255371094
830.083435      3082.8198242188
830.387878      3214.3356933594
830.692383      3053.8417968750
830.996765      3098.4235839844
831.301086      3134.0888671875
831.605408      3047.1545410156
831.909668      3154.1503906250
832.213867      3158.6086425781
832.517883      3044.9255371094
832.821960      3089.5070800781
833.126038      3205.4194335938
833.429993      3154.1503906250
833.733948      3129.6306152344
834.037842      3073.9035644531
834.341614      3033.7800292969
834.645386      3131.8596191406
834.949158      3171.9831542969
835.252808      3149.6923828125
835.556335      3105.1105957031
835.859924      3138.5468750000
836.163513      3192.0449218750
836.466980      3138.5468750000
836.770325      3080.5908203125
837.073730      3185.3576660156
837.377075      3187.5866699219
837.680298      3044.9255371094
837.983521      3192.0449218750
838.286682      3160.8376464844
838.589722      3143.0051269531
838.892761      3192.0449218750
839.195801      3076.1325683594
839.498779      3029.3220214844
839.801636      3147.4633789063
840.104492      3143.0051269531
840.407288      3129.6306152344
840.710022      3163.0668945313
841.012695      3047.1545410156
841.315369      3047.1545410156
841.617920      3120.7143554688
841.920410      2971.3657226563
842.222961      3056.0708007813
842.525391      3073.9035644531
842.827759      3154.1503906250
843.130127      3171.9831542969
843.432373      3116.2561035156
843.734619      3020.4055175781
844.036804      3040.4672851563
844.338867      3038.2382812500
844.640930      2960.2204589844
844.942993      2973.5949707031
845.244934      2980.2822265625
845.546814      3078.3618164063
845.848755      3051.6127929688
846.150513      3031.5510253906
846.452332      3009.2602539063
846.754028      3020.4055175781
847.055664      3047.1545410156
847.357239      3004.8020019531
847.658813      2931.2424316406
847.960327      2995.8857421875
848.261780      2944.6169433594
848.563110      2986.9694824219
848.864563      2906.7224121094
849.165771      2991.4274902344
849.467041      2886.6606445313
849.768250      2911.1806640625
850.069397      2895.5771484375
850.370422      2810.8718261719
850.671448      2784.1230468750
850.972473      2819.7883300781
851.273376      2768.5192871094
851.574280      2804.1845703125
851.875122      2808.6428222656
852.175842      2781.8937988281
852.476624      2759.6030273438
852.777222      2813.1010742188
853.077881      2766.2902832031
853.378418      2755.1447753906
853.678955      2723.9377441406
853.979370      2677.1269531250
854.279785      2628.0871582031
854.580200      2679.3562011719
854.880493      2570.1311035156
855.180725      2581.2766113281
855.480957      2674.8979492188
855.781067      2556.7565917969
856.081116      2672.6689453125
856.381165      2717.2504882813
856.681152      2690.5014648438
856.981140      2708.3342285156
857.281006      2661.5234375000
857.580872      2692.7307128906
857.880676      2735.0832519531
858.180420      2661.5234375000
858.480103      2616.9418945313
858.779724      2639.2326660156
859.079224      2652.6071777344
859.378723      2663.7524414063
859.678223      2639.2326660156
859.977661      2654.8361816406
860.277039      2648.1489257813
860.576355      2545.6113281250
860.875610      2637.0036621094
861.174805      2581.2766113281
861.473999      2628.0871582031
861.773071      2583.5056152344
862.072083      2599.1091308594
862.371094      2530.0075683594
862.670044      2509.9458007813
862.968933      2538.9240722656
863.267761      2641.4616699219
863.566589      2556.7565917969
863.865356      2550.0693359375
864.164001      2554.5275878906
864.462646      2572.3601074219
864.761230      2467.5932617188
865.059692      2552.2985839844
865.358154      2616.9418945313
865.656616      2440.8444824219
865.954956      2552.2985839844
866.253357      2436.3862304688
866.551575      2431.9279785156
866.849792      2365.0556640625
867.147949      2349.4521484375
867.446106      2293.7250976563
867.744080      2331.6193847656
868.042053      2438.6152343750
868.340027      2382.8881835938
868.637878      2451.9897460938
868.935791      2443.0734863281
869.233582      2398.4919433594
869.531311      2331.6193847656
869.828979      2318.2448730469
870.126648      2407.4082031250
870.424255      2449.7607421875
870.721741      2369.5136718750
871.019165      2483.1970214844
871.316589      2362.8264160156
871.613953      2338.3066406250
871.911316      2316.0158691406
872.208557      2320.4738769531
872.505798      2304.8703613281
872.802979      2284.8085937500
873.100037      2289.2668457031
873.397156      2316.0158691406
873.694092      2307.0996093750
873.991028      2298.1831054688
874.287964      2209.0197753906
874.584778      2246.9143066406
874.881592      2222.3942871094
875.178284      2291.4958496094
875.474976      2302.6413574219
875.771606      2300.4123535156
876.068237      2222.3942871094
876.364746      2244.6853027344
876.661194      2226.8525390625
876.957581      2209.0197753906
877.253967      2108.7111816406
877.550293      2197.8745117188
877.846497      2195.6455078125
878.142761      2249.1433105469
878.438904      2229.0815429688
878.734985      2200.1035156250
879.031067      2177.8127441406
879.326965      2209.0197753906
879.622925      2175.5837402344
879.918823      2155.5219726563
880.214661      2209.0197753906
880.510498      2266.9760742188
880.806213      2157.7509765625
881.101868      2273.6633300781
881.397522      2133.2312011719
881.693115      2146.6057128906
881.988586      2081.9621582031
882.283997      2099.7949218750
882.579407      2108.7111816406
882.874817      2153.2929687500
883.170105      1992.7989501953
883.465332      2168.8964843750
883.760559      2090.8786621094
884.055725      2032.9224853516
884.350769      2090.8786621094
884.645813      2035.1514892578
884.940857      2037.3806152344
885.235718      2093.1076660156
885.530579      2106.4821777344
885.825439      2055.2133789063
886.120239      2046.2969970703
886.414917      2102.0239257813
886.709595      2166.6672363281
887.004272      2024.0061035156
887.298767      2008.4025878906
887.593323      2064.1296386719
887.887756      2119.8566894531
888.182129      2048.5261230469
888.476440      2021.7770996094
888.770752      2026.2352294922
889.065002      1974.9663085938
