0.147000
190.544205         0.0000000000
190.924866         0.0000000000
191.305481      1484.5683593750
191.686081      1444.4449462891
192.066635      1477.8811035156
192.447174      1511.3173828125
192.827667      1611.6259765625
193.208130      1533.6081542969
193.588577      1480.1102294922
193.968964      1466.7357177734
194.349350      1531.3790283203
194.729691      1540.2954101563
195.110001      1509.0882568359
195.490295      1567.0444335938
195.870529      1604.9387207031
196.250763      1522.4627685547
196.630936      1535.8372802734
197.011093      1540.2954101563
197.391220      1540.2954101563
197.771301      1515.7755126953
198.151367      1506.8591308594
198.531403      1513.5463867188
198.911407      1457.8193359375
199.291382      1553.6699218750
199.671295      1511.3173828125
200.051208      1524.6918945313
200.431076      1504.6301269531
200.810928      1482.3392333984
201.190735      1560.3571777344
201.570511      1526.9208984375
201.950272      1462.2775878906
202.329971      1546.9826660156
202.709671      1511.3173828125
203.089310      1520.2336425781
203.468933      1529.1500244141
203.848541      1513.5463867188
204.228073      1509.0882568359
204.607620      1480.1102294922
204.987106      1482.3392333984
205.366577      1555.8989257813
205.746017      1495.7137451172
206.125412      1564.8153076172
206.504776      1473.4229736328
206.884125      1542.5245361328
207.263428      1522.4627685547
207.642700      1482.3392333984
208.021942      1515.7755126953
208.401169      1502.4010009766
208.780334      1560.3571777344
209.159485      1567.0444335938
209.538605      1504.6301269531
209.917694      1553.6699218750
210.296753      1506.8591308594
210.675766      1466.7357177734
211.054764      1524.6918945313
211.433716      1502.4010009766
211.812637      1542.5245361328
212.191544      1506.8591308594
212.570404      1551.4407958984
212.949249      1509.0882568359
213.328033      1531.3790283203
213.706802      1555.8989257813
214.085556      1513.5463867188
214.464249      1500.1719970703
214.842926      1464.5065917969
215.221558      1598.2515869141
215.600174      1484.5683593750
215.978760      1493.4847412109
216.357300      1575.9606933594
216.735825      1471.1938476563
217.114288      1500.1719970703
217.492737      1526.9208984375
217.871185      1526.9208984375
218.249557      1544.7535400391
218.627914      1553.6699218750
219.006226      1587.1060791016
219.384521      1549.2117919922
219.762772      1540.2954101563
220.141006      1518.0046386719
220.519196      1509.0882568359
220.897354      1591.5643310547
221.275497      1531.3790283203
221.653580      1491.2556152344
222.031662      1489.0264892578
222.409698      1509.0882568359
222.787704      1495.7137451172
223.165680      1509.0882568359
223.543610      1562.5861816406
223.921524      1596.0224609375
224.299393      1497.9428710938
224.677231      1515.7755126953
225.055054      1538.0662841797
225.432816      1518.0046386719
225.810577      1538.0662841797
226.188278      1495.7137451172
226.565979      1540.2954101563
226.943634      1506.8591308594
227.321243      1591.5643310547
227.698837      1457.8193359375
228.076385      1609.3969726563
228.453903      1489.0264892578
228.831406      1575.9606933594
229.208847      1562.5861816406
229.586288      1549.2117919922
229.963669      1457.8193359375
230.341034      1553.6699218750
230.718369      1486.7974853516
231.095657      1546.9826660156
231.472916      1439.9866943359
231.850143      1553.6699218750
232.227356      1571.5025634766
232.604523      1540.2954101563
232.981659      1562.5861816406
233.358749      1493.4847412109
233.735825      1538.0662841797
234.112869      1511.3173828125
234.489868      1551.4407958984
234.866852      1484.5683593750
235.243790      1513.5463867188
235.620697      1491.2556152344
235.997589      1524.6918945313
236.374405      1524.6918945313
236.751221      1544.7535400391
237.128006      1546.9826660156
237.504745      1560.3571777344
237.881470      1515.7755126953
238.258133      1569.2734375000
238.634796      1480.1102294922
239.011414      1535.8372802734
239.388000      1491.2556152344
239.764557      1529.1500244141
240.141068      1551.4407958984
240.517563      1506.8591308594
240.893997      1546.9826660156
241.270432      1602.7097167969
241.646835      1522.4627685547
242.023178      1453.3612060547
242.399506      1560.3571777344
242.775787      1513.5463867188
243.152054      1535.8372802734
243.528290      1480.1102294922
243.904465      1506.8591308594
244.280640      1484.5683593750
244.656754      1506.8591308594
245.032852      1515.7755126953
245.408936      1455.5903320313
245.784943      1560.3571777344
246.160950      1569.2734375000
246.536911      1560.3571777344
246.912842      1551.4407958984
247.288757      1513.5463867188
247.664612      1520.2336425781
248.040451      1524.6918945313
248.416229      1509.0882568359
248.792023      1578.1898193359
249.167755      1464.5065917969
249.543457      1589.3352050781
249.919113      1544.7535400391
250.294754      1531.3790283203
250.670364      1509.0882568359
251.045944      1593.7933349609
251.421478      1593.7933349609
251.796982      1513.5463867188
252.172440      1555.8989257813
252.547897      1555.8989257813
252.923294      1555.8989257813
253.298676      1569.2734375000
253.673996      1509.0882568359
254.049316      1506.8591308594
254.424606      1558.1280517578
254.799850      1564.8153076172
255.175064      1542.5245361328
255.550217      1538.0662841797
255.925369      1575.9606933594
256.300476      1448.9030761719
256.675537      1518.0046386719
257.050598      1562.5861816406
257.425598      1578.1898193359
257.800598      1538.0662841797
258.175537      1587.1060791016
258.550446      1520.2336425781
258.925354      1482.3392333984
259.300171      1575.9606933594
259.674988      1524.6918945313
260.049774      1495.7137451172
260.424500      1506.8591308594
260.799225      1613.8551025391
261.173889      1596.0224609375
261.548553      1604.9387207031
261.923187      1558.1280517578
262.297760      1524.6918945313
262.672302      1538.0662841797
263.046814      1515.7755126953
263.421326      1518.0046386719
263.795776      1551.4407958984
264.170135      1573.7316894531
264.544525      1502.4010009766
264.918915      1540.2954101563
265.293243      1555.8989257813
265.667511      1569.2734375000
266.041748      1500.1719970703
266.415955      1575.9606933594
266.790161      1518.0046386719
267.164307      1540.2954101563
267.538422      1560.3571777344
267.912476      1625.0004882813
268.286530      1589.3352050781
268.660583      1618.3132324219
269.034546      1546.9826660156
269.408508      1571.5025634766
269.782440      1511.3173828125
270.156311      1582.6479492188
270.530151      1511.3173828125
270.903992      1549.2117919922
271.277710      1542.5245361328
271.651489      1567.0444335938
272.025208      1564.8153076172
272.398895      1546.9826660156
272.772552      1582.6479492188
273.146179      1609.3969726563
273.519745      1497.9428710938
273.893280      1549.2117919922
274.266815      1502.4010009766
274.640289      1529.1500244141
275.013733      1546.9826660156
275.387146      1542.5245361328
275.760529      1542.5245361328
276.133881      1553.6699218750
276.507202      1622.7714843750
276.880463      1529.1500244141
277.253723      1533.6081542969
277.626923      1580.4188232422
278.000122      1593.7933349609
278.373260      1573.7316894531
278.746338      1591.5643310547
279.119446      1553.6699218750
279.492493      1591.5643310547
279.865509      1553.6699218750
280.238495      1645.0622558594
280.611450      1562.5861816406
280.984314      1489.0264892578
281.357208      1564.8153076172
281.730072      1535.8372802734
282.102875      1502.4010009766
282.475647      1573.7316894531
282.848358      1562.5861816406
283.221069      1544.7535400391
283.593750      1622.7714843750
283.966400      1569.2734375000
284.339020      1535.8372802734
284.711548      1497.9428710938
285.084106      1518.0046386719
285.456635      1575.9606933594
285.829071      1602.7097167969
286.201508      1562.5861816406
286.573914      1457.8193359375
286.946320      1558.1280517578
287.318634      1544.7535400391
287.690948      1551.4407958984
288.063202      1544.7535400391
288.435425      1571.5025634766
288.807648      1602.7097167969
289.179810      1524.6918945313
289.551941      1573.7316894531
289.924011      1569.2734375000
290.296112      1544.7535400391
290.668121      1553.6699218750
291.040161      1493.4847412109
291.412109      1560.3571777344
291.783997      1636.1458740234
292.155914      1542.5245361328
292.527771      1544.7535400391
292.899597      1513.5463867188
293.271393      1542.5245361328
293.643127      1531.3790283203
294.014862      1524.6918945313
294.386566      1622.7714843750
294.758240      1504.6301269531
295.129852      1649.5203857422
295.501404      1513.5463867188
295.872955      1515.7755126953
296.244507      1540.2954101563
296.615997      1562.5861816406
296.987427      1625.0004882813
297.358826      1542.5245361328
297.730225      1540.2954101563
298.101593      1575.9606933594
298.472900      1551.4407958984
298.844177      1578.1898193359
299.215393      1567.0444335938
299.586609      1502.4010009766
299.957794      1564.8153076172
300.328918      1513.5463867188
300.700043      1542.5245361328
301.071136      1593.7933349609
301.442169      1524.6918945313
301.813171      1591.5643310547
302.184174      1633.9168701172
302.555115      1642.8331298828
302.925995      1671.8112792969
303.296844      1676.2694091797
303.667694      1689.6439208984
304.038483      1636.1458740234
304.409271      1720.8510742188
304.779968      1752.0581054688
305.150696      1778.8071289063
305.521362      1803.3270263672
305.891968      1729.7673339844
306.262543      1838.9923095703
306.633118      1796.6397705078
307.003632      1841.2214355469
307.374146      1834.5341796875
307.744598      1870.1994628906
308.114990      1921.4683837891
308.485413      2028.4642333984
308.855743      2119.8566894531
309.226074      2021.7770996094
309.596375      2090.8786621094
309.966614      2119.8566894531
310.336792      2153.2929687500
310.707001      2197.8745117188
311.077148      2164.4382324219
311.447235      2362.8264160156
311.817322      2429.6989746094
312.187347      2456.4479980469
312.557373      2480.9677734375
312.927368      2681.5852050781
313.297302      2648.1489257813
313.667175      2681.5852050781
314.037048      2748.4577636719
314.406891      2857.6826171875
314.776642      2913.4096679688
315.146423      2949.0749511719
315.516144      2850.9953613281
315.885864      2891.1188964844
316.255524      2973.5949707031
316.625153      2908.9514160156
316.994751      2886.6606445313
317.364288      3192.0449218750
317.733795      3243.3137207031
318.103302      3492.9709472656
318.472717      3443.9311523438
318.842133      3432.7856445313
319.211517      3401.5786132813
319.580872      3535.3234863281
319.950195      3666.8393554688
320.319489      3582.1342773438
320.688751      3787.2097167969
321.057922      3869.6857910156
321.427094      4150.5498046875
321.796234      3958.8488769531
322.165344      3903.1218261719
322.534393      3920.9545898438
322.903412      3972.2233886719
323.272430      3856.3112792969
323.641418      3874.1437988281
324.010315      3949.9326171875
324.379242      4001.2014160156
324.748077      4183.9863281250
325.116913      4451.4760742188
325.485657      4511.6611328125
325.854431      4469.3085937500
326.223145      4779.1508789063
326.591827      4897.2924804688
326.960480      5129.1166992188
327.329102      5171.4692382813
327.697693      5278.4653320313
328.066193      5274.0073242188
328.434723      5300.7563476563
328.803192      5331.9633789063
329.171600      5430.0429687500
329.540009      5481.3115234375
329.908386      5534.8095703125
330.276703      5829.0483398438
330.645050      6100.9965820313
331.013306      6395.2353515625
331.381500      6274.8647460938
331.749695      6132.2036132813
332.117859      5875.8593750000
332.485962      5782.2377929688
332.854034      5953.8769531250
333.222107      6199.0761718750
333.590118      6312.7592773438
333.958099      6207.9921875000
334.326050      6038.5820312500
334.693970      6072.0185546875
335.061859      6114.3710937500
335.429657      6279.3227539063
335.797455      6257.0322265625
336.165192      6281.5522460938
336.532959      6219.1376953125
336.900665      5826.8193359375
337.268341      5568.2460937500
337.635956      5590.5366210938
338.003571      5686.3872070313
338.371124      5817.9028320313
338.738647      6007.3750000000
339.106110      6203.5341796875
339.473572      6201.3051757813
339.840942      6401.9223632813
340.208344      6573.5615234375
340.575653      6611.4560546875
340.942993      6662.7250976563
341.310272      6972.5673828125
341.677521      6754.1171875000
342.044708      6562.4165039063
342.411865      6691.7031250000
342.778992      6794.2407226563
343.146088      6834.3642578125
343.513123      6919.0693359375
343.880157      7048.3559570313
344.247131      7170.9555664063
344.614105      6524.5219726563
344.981049      6054.1855468750
345.347900      6087.6220703125
345.714783      6183.4726562500
346.081573      6651.5795898438
346.448334      6881.1748046875
346.815094      6836.5932617188
347.181763      6660.4960937500
347.548431      6713.9936523438
347.915070      6849.9677734375
348.281677      6796.4697265625
348.648224      6685.0156250000
349.014771      6713.9936523438
349.381256      6805.3862304688
349.747711      6774.1791992188
350.114105      6667.1831054688
350.480469      6836.5932617188
350.846832      7413.9252929688
351.213135      7654.6665039063
351.579407      7623.4589843750
351.945679      7509.7758789063
352.311890      7610.0844726563
352.678040      7284.6386718750
353.044189      7333.6787109375
353.410278      7204.3916015625
353.776337      7378.2602539063
354.142303      7603.3974609375
354.508301      8018.0068359375
354.874268      8156.2094726563
355.240204      8470.5097656250
355.606079      8408.0957031250
355.971924      8220.8535156250
356.337738      8073.7338867188
356.703491      8051.4428710938
357.069244      7859.7416992188
357.434937      7277.9516601563
357.800598      6961.4218750000
358.166229      6901.2368164063
358.531830      6809.8442382813
358.897369      6421.9843750000
359.262909      6312.7592773438
359.628418      6484.3984375000
359.993866      7318.0751953125
360.359222      7924.3852539063
360.724609      8439.3027343750
361.089966      8343.4521484375
361.455261      7717.0805664063
361.820526      7670.2700195313
362.185760      7725.9970703125
362.550964      7714.8515625000
362.916138      7939.9887695313
363.281250      8305.5585937500
363.646332      8519.5498046875
364.011383      8334.5361328125
364.376404      8410.3251953125
364.741333      8552.9863281250
365.106293      8626.5458984375
365.471222      8722.3964843750
365.836090      8816.0175781250
366.200928      9484.7421875000
366.565735      9870.3730468750
366.930511     10024.1796875000
367.295227     10175.7578125000
367.659912     10166.8417968750
368.024536     10075.4492187500
368.389160      9968.4531250000
368.753723      9692.0468750000
369.118317      9469.1386718750
369.482819      9609.5712890625
369.847260      9870.3730468750
370.211731     10253.7753906250
370.576111     10365.2294921875
370.940460     10427.6435546875
371.304810     10033.0966796875
371.669098      9667.5273437500
372.033325     10082.1357421875
372.397522     10251.5468750000
372.761749      9564.9892578125
373.125885      9355.4560546875
373.489990      9375.5175781250
373.854065      9034.4677734375
374.218109      8546.2988281250
374.582092      8243.1435546875
374.946075      8432.6162109375
375.309998      8388.0341796875
375.673859      8305.5585937500
376.037720      8764.7490234375
376.401550      9308.6445312500
376.765320      9518.1787109375
377.129059      9495.8876953125
377.492798      9725.4833984375
377.856476     10157.9248046875
378.220062     10550.2431640625
378.583679     11381.6904296875
378.947205     11622.4316406250
379.310730     11519.8935546875
379.674225     10728.5703125000
380.037689     10209.1943359375
380.401093      9872.6025390625
380.764496      9776.7519531250
381.127838     10220.3388671875
381.491119     10762.0058593750
381.854370     10757.5478515625
382.217621     10082.1357421875
382.580811      9408.9531250000
382.943939      8671.1279296875
383.307068      8107.1699218750
383.670166      7456.2778320313
384.033203      7226.6826171875
384.396240      7291.3261718750
384.759216      7623.4589843750
385.122131      8639.9199218750
385.485016      9074.5917968750
385.847900      9560.5312500000
386.210724      9433.4736328125
386.573486      9511.4912109375
386.936279      9326.4775390625
387.298981      9685.3593750000
387.661652      9643.0068359375
388.024323      9816.8759765625
388.386902      9745.5449218750
388.749481      9723.2539062500
389.112000      9589.5087890625
389.474487      9750.0029296875
389.836945     10026.4091796875
390.199371     11176.6152343750
390.561737     11419.5849609375
390.924103     11687.0751953125
391.286407     11834.1943359375
391.648682     12404.8388671875
392.010925     12583.1660156250
392.373108     12444.9628906250
392.735291     12415.9843750000
393.097382     11203.3642578125
393.459473      9841.3955078125
393.821533      8419.2412109375
394.183533      7318.0751953125
394.545532      7668.0410156250
394.907471      8764.7490234375
395.269379     10267.1503906250
395.631256     11457.4794921875
395.993042     12529.6679687500
396.354828     12808.3027343750
396.716583     12005.8339843750
397.078308     10661.6972656250
397.439972      9137.0058593750
397.801636      8965.3662109375
398.163239      9852.5410156250
398.524841     11602.3701171875
398.886383     13617.4599609375
399.247833     15008.4062500000
399.609283     15935.7041015625
399.970703     16778.2968750000
400.332062     17257.5507812500
400.693420     17714.5117187500
401.054718     17988.6894531250
401.416016     18187.0761718750
401.777252     18724.2851562500
402.138458     19277.0976562500
402.499603     19277.0976562500
402.860718     19729.6015625000
403.221832     19994.8613281250
403.582855     19785.3281250000
403.943848     19611.4609375000
404.304810     19865.5761718750
404.665771     20485.2597656250
405.026642     19751.8925781250
405.387543     19557.9628906250
405.748352     20066.1933593750
406.109161     20092.9414062500
406.469849     20133.0644531250
406.830597     19437.5917968750
407.191223     20034.9863281250
407.551880     19749.6640625000
407.912476     20075.1093750000
408.273041     20821.8515625000
408.633575     20601.1718750000
408.994049     21098.2578125000
409.354492     21987.6621093750
409.714935     22393.3535156250
410.075287     22402.2695312500
410.435608     21749.1503906250
410.795868     20944.4511718750
411.156158     20977.8867187500
411.516388     21423.7031250000
411.876587     22502.5781250000
412.236725     23478.9160156250
412.596832     23543.5605468750
412.956909     23786.5292968750
413.316925     23998.2929687500
413.676910     23866.7773437500
414.036896     23380.8378906250
414.396820     23762.0097656250
414.756683     24359.4042968750
415.116547     24118.6640625000
415.476379     24022.8125000000
415.836121     24091.9140625000
416.195862     24016.1250000000
416.555542     24074.0820312500
416.915192     24709.3691406250
417.274811     25077.1679687500
417.634399     24531.0429687500
417.993927     24457.4843750000
418.353455     23704.0546875000
418.712891     23806.5917968750
419.072357     23527.9570312500
419.431763     23688.4511718750
419.791107     23797.6757812500
420.150452     23998.2929687500
420.509674     23793.2167968750
420.868927     23802.1328125000
421.228119     24586.7695312500
421.587280     25126.2089843750
421.946411     25204.2265625000
422.305542     25297.8476562500
422.664581     24867.6347656250
423.023621     23788.7597656250
423.382568     23835.5703125000
423.741516     23675.0761718750
424.100403     23786.5292968750
424.459259     23490.0625000000
424.818054     24149.8710937500
425.176880     24325.9687500000
425.535614     24359.4042968750
425.894348     23933.6503906250
426.252991     23521.2695312500
426.611633     24143.1835937500
426.970245     23857.8613281250
427.328796     23866.7773437500
427.687317     23563.6210937500
428.045807     22732.1738281250
428.404205     22992.9765625000
428.762604     23425.4179687500
429.121002     23084.3691406250
429.479340     22879.2929687500
429.837616     22286.3574218750
430.195892     21749.1503906250
430.554138     20474.1152343750
430.912292     19069.7929687500
431.270416     18220.5136718750
431.628510     18314.1347656250
431.986542     20213.3125000000
432.344574     22495.8925781250
432.702576     23521.2695312500
433.060516     23831.1113281250
433.418427     24243.4921875000
433.776306     24727.2031250000
434.134155     24905.5292968750
434.491913     23933.6503906250
434.849701     23329.5683593750
435.207397     24038.4160156250
435.565063     24716.0566406250
435.922729     25349.1171875000
436.280334     25275.5566406250
436.637909     26570.6523437500
436.995453     27127.9238281250
437.352936     26893.8691406250
437.710388     26753.4375000000
438.067780     26800.2480468750
438.425171     26356.6621093750
438.782471     25152.9570312500
439.139771     24582.3125000000
439.497040     24731.6601562500
439.854279     25139.5820312500
440.211426     25879.6386718750
440.568604     26037.9023437500
440.925720     25801.6191406250
441.282776     26278.6425781250
441.639801     26780.1875000000
441.996735     27281.7304687500
442.353699     27682.9648437500
442.710602     28454.2265625000
443.067505     28585.7421875000
443.424347     28634.7832031250
443.781128     28784.1308593750
444.137878     28411.8750000000
444.494629     28703.8847656250
444.851288     29080.5996093750
445.207916     29154.1582031250
445.564514     29562.0800781250
445.921051     28398.5000000000
446.277618     27912.5605468750
446.634094     27867.9785156250
446.990540     28231.3183593750
447.346985     28454.2265625000
447.703339     28661.5312500000
448.059692     29501.8945312500
448.416016     30092.6015625000
448.772186     29582.1425781250
449.128418     29718.1171875000
449.484589     30003.4394531250
449.840729     30163.9335937500
450.196838     30239.7207031250
450.552917     30591.9160156250
450.908966     31080.0859375000
451.264954     31695.3125000000
451.620880     31037.7324218750
451.976807     31352.0332031250
452.332611     31153.6445312500
452.688446     30839.3437500000
453.044250     30143.8710937500
453.399994     29185.3652343750
453.755707     28458.6855468750
454.111389     28605.8046875000
454.467041     29345.8593750000
454.822632     29486.2910156250
455.178192     29328.0273437500
455.533722     29437.2519531250
455.889130     28902.2714843750
456.244598     29646.7851562500
456.600006     29945.4824218750
456.955353     29990.0644531250
457.310699     30482.6914062500
457.665985     30195.1406250000
458.021240     30462.6289062500
458.376434     30183.9941406250
458.731628     30192.9101562500
459.086700     29689.1386718750
459.441772     30001.2089843750
459.796844     30003.4394531250
460.151886     30244.1796875000
460.506836     29822.8828125000
460.861786     29851.8613281250
461.216675     30175.0781250000
461.571533     29990.0644531250
461.926361     30979.7773437500
462.281158     30857.1777343750
462.635803     30901.7578125000
462.990540     31329.7421875000
463.345184     31528.1308593750
463.699829     31719.8320312500
464.054413     31231.6621093750
464.408936     31285.1601562500
464.763458     30979.7773437500
465.117920     30810.3671875000
465.472351     30854.9472656250
465.826752     31164.7910156250
466.181030     31358.7207031250
466.535339     31949.4277343750
466.889618     31405.5312500000
467.243866     31309.6796875000
467.598053     30950.7988281250
467.952209     31907.0742187500
468.306305     31895.9296875000
468.660370     31933.8242187500
469.014435     32618.1523437500
469.368439     33026.0742187500
469.722321     32934.6796875000
470.076263     33037.2187500000
470.430115     33282.4179687500
470.783966     32863.3515625000
471.137756     33164.2773437500
471.491516     33262.3554687500
471.845245     34071.5117187500
472.198944     34711.2578125000
472.552582     35725.4921875000
472.906128     36189.1406250000
473.259705     36407.5898437500
473.613220     36835.5742187500
473.966675     36610.4375000000
474.320129     36710.7460937500
474.673553     37901.0742187500
475.026917     38413.7656250000
475.380249     39657.5898437500
475.733521     39485.9531250000
476.086761     39737.8398437500
476.439911     39354.4375000000
476.793091     39675.4257812500
477.146210     39570.6562500000
477.499298     40237.1523437500
477.852356     40651.7617187500
478.205353     41358.3789062500
478.558350     42747.0976562500
478.911285     42359.2382812500
479.264160     42615.5820312500
479.617035     43340.0351562500
479.969757     44561.5703125000
480.322540     44274.0195312500
480.675262     45257.0429687500
481.027985     45549.0546875000
481.380615     45448.7460937500
481.733246     45734.0664062500
482.085815     46373.8125000000
482.438324     46886.5039062500
482.790833     46821.8593750000
483.143280     47185.1992187500
483.495667     47031.3945312500
483.848022     46960.0625000000
484.200348     47528.4804687500
484.552673     47171.8242187500
484.904907     47450.4609375000
485.257111     47626.5585937500
485.609283     47301.1132812500
485.961456     46806.2578125000
486.313538     44305.2265625000
486.665588     42385.9882812500
487.017548     42383.7578125000
487.369507     43266.4726562500
487.721466     44111.2968750000
488.073334     45025.2187500000
488.425232     46507.5585937500
488.777039     46944.4609375000
489.128815     47109.4101562500
489.480560     46824.0898437500
489.832245     47798.1992187500
490.183868     49153.4804687500
490.535461     49840.0351562500
490.887054     49949.2617187500
491.238586     49561.4023437500
491.590057     49779.8515625000
491.941528     49864.5546875000
492.292938     49128.9609375000
492.644318     48567.2304687500
492.995667     48475.8398437500
493.346954     49291.6835937500
493.698181     50007.2187500000
494.049377     49563.6289062500
494.400543     49262.7031250000
494.751678     49955.9492187500
495.102783     50533.2812500000
495.453827     51092.7812500000
495.804871     50729.4414062500
496.155853     50368.3281250000
496.506775     50571.1757812500
496.857666     50887.7031250000
497.208466     51112.8398437500
497.559265     51028.1367187500
497.910065     51257.7304687500
498.260773     50999.1601562500
498.611481     50502.0742187500
498.962128     49597.0664062500
499.312744     49766.4765625000
499.663300     50522.1367187500
500.013855     50640.2773437500
500.364349     50174.3984375000
500.714752     50163.2539062500
501.065155     49637.1914062500
501.415527     49053.1718750000
501.765869     48930.5703125000
502.116150     48513.7343750000
502.466400     48281.9062500000
502.816620     48660.8515625000
503.166779     48981.8398437500
503.516907     49340.7226562500
503.866943     49071.0039062500
504.217010     48743.3281250000
504.567017     48047.8554687500
504.916962     48357.6953125000
505.266876     48966.2343750000
505.616791     49590.3789062500
505.966644     50007.2187500000
506.316437     50292.5390625000
506.666199     50914.4531250000
507.015930     50582.3203125000
507.365570     50399.5351562500
507.715210     50029.5078125000
508.064789     49880.1601562500
508.414368     49657.2500000000
508.763885     49425.4257812500
509.113373     49920.2812500000
509.462830     50366.0976562500
509.812225     50972.4101562500
510.161591     50794.0820312500
510.510895     50221.2109375000
510.860107     50232.3554687500
511.209381     50716.0664062500
511.558563     50698.2343750000
511.907715     51184.1718750000
512.256836     51239.8984375000
512.605896     51703.5468750000
512.954956     50791.8554687500
513.303955     50655.8789062500
513.652832     50626.9023437500
514.001831     50680.3984375000
514.350647     50337.1210937500
514.699463     50163.2539062500
515.048279     50241.2695312500
515.396973     50346.0390625000
515.745728     50386.1601562500
516.094360     50575.6328125000
516.442993     50805.2304687500
516.791565     50560.0312500000
517.140137     48504.8164062500
517.488586     46616.7851562500
517.837036     46244.5273437500
518.185425     47245.3867187500
518.533875     47731.3242187500
518.882202     47058.1406250000
519.230469     46656.9062500000
519.578735     47869.5273437500
519.927002     48999.6718750000
520.275146     49423.1992187500
520.623291     50403.9921875000
520.971313     50261.3320312500
521.319336     50047.3398437500
521.667419     50593.4648437500
522.015381     50711.6054687500
522.363281     51137.3632812500
522.711182     51008.0742187500
523.059021     50885.4765625000
523.406860     49929.1992187500
523.754639     50120.9023437500
524.102356     50843.1210937500
524.449951     51117.3007812500
524.797607     51480.6406250000
525.145203     51433.8281250000
525.492798     51525.2226562500
525.840332     51427.1406250000
526.187805     51598.7812500000
526.535217     50785.1679687500
526.882629     50600.1523437500
527.230042     48747.7851562500
527.577332     47894.0468750000
527.924500     48293.0546875000
528.271729     49024.1914062500
528.618896     49668.3984375000
528.966125     49788.7656250000
529.313232     50276.9375000000
529.660278     50901.0781250000
530.007324     51074.9492187500
530.354309     50731.6679687500
530.701233     50227.8945312500
531.048096     51150.7343750000
531.394958     51288.9375000000
531.741760     51538.5976562500
532.088562     51184.1718750000
532.435303     51137.3632812500
532.781982     50067.4023437500
533.128601     49612.6679687500
533.475281     48756.7031250000
533.821838     49001.9023437500
534.168335     49619.3554687500
534.514832     49427.6562500000
534.861206     49064.3164062500
535.207703     49449.9453125000
535.554016     49496.7578125000
535.900391     49762.0195312500
536.246643     50395.0781250000
536.592896     50299.2265625000
536.939087     49873.4726562500
537.285278     49042.0234375000
537.631348     48946.1757812500
537.977417     48694.2890625000
538.323425     49449.9453125000
538.669373     49296.1406250000
539.015381     49318.4296875000
539.361267     48529.3359375000
539.707153     48709.8906250000
540.052979     47637.7031250000
540.398804     47648.8476562500
540.744507     46902.1054687500
541.090210     46873.1289062500
541.435791     46543.2226562500
541.781433     46833.0039062500
542.127014     46906.5664062500
542.472595     47071.5156250000
542.818054     46984.5820312500
543.163513     46966.7500000000
543.508911     46859.7539062500
543.854309     46746.0703125000
544.199646     47437.0859375000
544.544800     47798.1992187500
544.890076     47260.9882812500
545.235291     47314.4882812500
545.580444     47020.2460937500
545.925537     47510.6445312500
546.270630     47492.8125000000
546.615723     46890.9609375000
546.960693     46940.0000000000
547.305603     47006.8750000000
547.650574     46558.8281250000
547.995361     46926.6250000000
548.340149     46041.6796875000
548.684998     45883.4179687500
549.029724     46469.6640625000
549.374390     46534.3085937500
549.719116     46806.2578125000
550.063660     46251.2148437500
550.408264     46436.2304687500
550.752869     45863.3554687500
551.097290     46257.9023437500
551.441711     45515.6171875000
551.786133     45640.4453125000
552.130493     45740.7539062500
552.474854     46220.0078125000
552.819092     45988.1835937500
553.163330     45377.4140625000
553.507507     44913.7656250000
553.851685     45312.7695312500
554.195801     45299.3984375000
554.539917     45223.6093750000
554.883850     44797.8554687500
555.227844     45729.6093750000
555.571777     44962.8046875000
555.915710     45272.6484375000
556.259583     45031.9062500000
556.603333     44996.2421875000
556.947205     44432.2851562500
557.290894     44149.1914062500
557.634583     43754.6445312500
557.978210     43730.1250000000
558.321777     43444.8007812500
558.665405     43585.2343750000
559.008911     42925.4257812500
559.352417     42573.2304687500
559.695862     42229.9531250000
560.039185     42397.1328125000
560.382568     41686.0546875000
560.725891     41966.9179687500
561.069153     42546.4804687500
561.412354     42972.2343750000
561.755554     43137.1875000000
562.098694     42290.1367187500
562.441772     42051.6250000000
562.784851     41822.0312500000
563.127930     42330.2617187500
563.470825     42140.7890625000
563.813782     42040.4804687500
564.156738     42127.4140625000
564.499573     41616.9531250000
564.842285     41784.1367187500
565.185059     41423.0234375000
565.527771     41971.3789062500
565.870422     41398.5039062500
566.213135     40491.2695312500
566.555725     40234.9218750000
566.898254     40263.9023437500
567.240784     40533.6210937500
567.583252     40382.0429687500
567.925659     40825.6289062500
568.268005     40341.9179687500
568.610291     40065.5117187500
568.952637     39361.1250000000
569.294922     39285.3359375000
569.637146     39265.2734375000
569.979309     38725.8359375000
570.321411     38971.0351562500
570.663513     38382.5546875000
571.005554     38173.0234375000
571.347473     37979.0937500000
571.689453     37593.4609375000
572.031372     37504.2968750000
572.373230     38130.6718750000
572.715088     37843.1171875000
573.056885     38097.2343750000
573.398621     38326.8281250000
573.740295     38320.1406250000
574.082031     37852.0351562500
574.423584     38271.1015625000
574.765137     37916.6796875000
575.106689     37410.6757812500
575.448120     37241.2656250000
575.789612     36824.4296875000
576.130981     36663.9335937500
576.472351     36554.7109375000
576.813721     36668.3945312500
577.154968     36690.6835937500
577.496216     36773.1601562500
577.837402     36659.4765625000
578.178467     36523.5039062500
578.519592     36394.2148437500
578.860657     36039.7929687500
579.201660     35816.8828125000
579.542664     35767.8437500000
579.883606     35473.6054687500
580.224487     35868.1523437500
580.565308     36195.8281250000
580.906189     35787.9062500000
581.246948     36311.7382812500
581.587585     36120.0390625000
581.928223     36137.8710937500
582.268921     35961.7734375000
582.609497     35816.8828125000
582.950012     36151.2460937500
583.290527     36338.4882812500
583.630981     36409.8203125000
583.971436     36311.7382812500
584.311829     36021.9609375000
584.652100     36177.9960937500
584.992371     35883.7578125000
585.332642     35685.3671875000
585.672852     35863.6953125000
586.013000     34871.7539062500
586.353088     34622.0976562500
586.693176     34537.3906250000
587.033264     34626.5546875000
587.373230     34800.4218750000
587.713196     34920.7929687500
588.053040     34577.5156250000
588.392883     34002.4101562500
588.732727     33429.5390625000
589.072510     32544.5917968750
589.412231     31256.1835937500
589.751892     29620.0371093750
590.091553     29419.4199218750
590.431152     29261.1542968750
590.770752     29987.8359375000
591.110229     30219.6601562500
591.449707     30647.6425781250
591.789124     30560.7089843750
592.128479     30317.7402343750
592.467834     30460.4003906250
592.807129     30580.7714843750
593.146423     30792.5332031250
593.485596     31073.3984375000
593.824768     30761.3261718750
594.163879     30995.3808593750
594.502991     30674.3925781250
594.841980     30114.8925781250
595.180969     29762.6972656250
595.519897     29798.3632812500
595.858887     29941.0253906250
596.197693     30600.8320312500
596.536499     30469.3164062500
596.875305     30052.4785156250
597.214050     30567.3964843750
597.552734     30402.4453125000
597.891296     30413.5898437500
598.229980     30426.9648437500
598.568542     30594.1445312500
598.907043     30030.1875000000
599.245483     30052.4785156250
599.583984     30270.9277343750
599.922363     30364.5507812500
600.260681     30322.1972656250
600.598999     30148.3281250000
600.937256     30375.6953125000
601.275452     30052.4785156250
601.613586     29860.7773437500
601.951721     30014.5839843750
602.289856     29533.1015625000
602.627869     29976.6894531250
602.965881     29677.9921875000
603.303833     29631.1816406250
603.641724     29437.2519531250
603.979614     29994.5214843750
604.317444     29994.5214843750
604.655151     30036.8750000000
604.992859     29673.5351562500
605.330566     29680.2226562500
605.668274     29827.3417968750
606.005859     29887.5273437500
606.343445     29945.4824218750
606.680908     29421.6484375000
607.018433     29379.2949218750
607.355835     29515.2695312500
607.693237     29506.3535156250
608.030579     28931.2500000000
608.367859     28797.5058593750
608.705078     28824.2539062500
609.042297     28677.1347656250
609.379456     28806.4218750000
609.716614     28055.2207031250
610.053650     28454.2265625000
610.390686     27694.1093750000
610.727722     27720.8593750000
611.064575     27671.8203125000
611.401550     27959.3710937500
611.738403     28110.9492187500
612.075256     27952.6835937500
612.411987     27725.3164062500
612.748779     27569.2812500000
613.085449     27286.1875000000
613.422058     27232.6894531250
613.758667     27230.4609375000
614.095215     26905.0156250000
614.431702     26528.3007812500
614.768127     26976.3457031250
615.104614     26860.4335937500
615.440979     26878.2656250000
615.777283     26762.3535156250
616.113586     26218.4589843750
616.449829     25977.7167968750
616.786011     25826.1406250000
617.122192     25750.3515625000
617.458374     25661.1875000000
617.794373     25781.5585937500
618.130371     26122.6074218750
618.466370     26069.1093750000
618.802246     26267.4980468750
619.138184     26080.2558593750
619.474060     25948.7402343750
619.809875     25658.9589843750
620.145630     25797.1621093750
620.481323     25986.6328125000
620.817017     26207.3125000000
621.152588     26247.4355468750
621.488220     26084.7128906250
621.823792     26031.2148437500
622.159241     25745.8925781250
622.494690     25739.2050781250
622.830078     25812.7656250000
623.165466     25511.8398437500
623.500793     25589.8574218750
623.836060     25326.8261718750
624.171265     25317.9082031250
624.506470     24878.7792968750
624.841553     24836.4277343750
625.176697     24546.6464843750
625.511719     24319.2812500000
625.846741     24475.3164062500
626.181702     24149.8710937500
626.516663     24268.0117187500
626.851563     23799.9042968750
627.186401     24354.9453125000
627.521118     24305.9062500000
627.855896     23886.8378906250
628.190552     23819.9667968750
628.525269     23048.7031250000
628.859863     23249.3222656250
629.194458     23117.8046875000
629.528992     23157.9296875000
629.863403     22868.1484375000
630.197815     22698.7382812500
630.532288     22899.3554687500
630.866516     23153.4707031250
631.200867     23044.2460937500
631.535156     22698.7382812500
631.869324     22868.1484375000
632.203491     22638.5527343750
632.537659     22368.8339843750
632.871704     22337.6269531250
633.205750     22177.1328125000
633.539795     22301.9609375000
633.873718     22264.0664062500
634.207520     22564.9941406250
634.541443     21929.7050781250
634.875244     22286.3574218750
635.208984     22498.1210937500
635.542725     22001.0351562500
635.876404     22061.2207031250
636.210022     22174.9042968750
636.543640     21820.4804687500
636.877197     21552.9902343750
637.210571     21778.1269531250
637.544067     21818.2519531250
637.877502     21889.5820312500
638.210815     21682.2773437500
638.544189     21731.3164062500
638.877441     21878.4355468750
639.210693     22025.5546875000
639.543884     21597.5722656250
639.877014     21579.7402343750
640.210144     21372.4355468750
640.543091     21441.5371093750
640.876099     20906.5566406250
641.209106     20908.7851562500
641.541992     20957.8261718750
641.874939     20663.5859375000
642.207703     20886.4941406250
642.540527     20654.6699218750
642.873230     20819.6230468750
643.205994     20581.1113281250
643.538574     20496.4062500000
643.871155     20242.2910156250
644.203674     20697.0234375000
644.536255     20411.7011718750
644.868713     20260.1230468750
645.201172     20215.5410156250
645.533508     20017.1523437500
645.865845     19796.4746093750
646.198120     19916.8437500000
646.530396     19511.1523437500
646.862610     19290.4726562500
647.194702     19214.6835937500
647.526855     18730.9726562500
647.858887     18434.5058593750
648.190857     18512.5234375000
648.522827     18323.0507812500
648.854797     18088.9980468750
649.186707     17872.7773437500
649.518555     17941.8789062500
649.850342     17591.9121093750
650.182007     17233.0292968750
650.513733     17565.1640625000
650.845398     17805.9042968750
651.177063     18258.4082031250
651.508606     18017.6660156250
651.840088     17906.2128906250
652.171631     18024.3535156250
652.503052     17433.6464843750
652.834412     17591.9121093750
653.165771     18073.3945312500
653.497070     18073.3945312500
653.828308     18207.1386718750
654.159485     18071.1640625000
654.490662     17774.6972656250
654.821838     17890.6093750000
655.152832     17672.1582031250
655.483887     17761.3222656250
655.814880     17275.3828125000
656.145813     17132.7207031250
656.476685     16140.7802734375
656.807495     15447.5361328125
657.138306     15405.1835937500
657.469116     15523.3242187500
657.799744     15846.5410156250
658.130493     16359.2304687500
658.461121     16521.9531250000
658.791687     16626.7207031250
659.122192     16524.1816406250
659.452698     16845.1699218750
659.783142     16827.3378906250
660.113464     16778.2968750000
660.443787     17001.2050781250
660.774109     17132.7207031250
661.104370     17007.8925781250
661.434570     17317.7343750000
661.764771     17110.4296875000
662.094849     16796.1308593750
662.424988     17088.1406250000
662.755005     17012.3515625000
663.084900     16579.9082031250
663.414856     16798.3593750000
663.744751     16613.3457031250
664.074585     16443.9355468750
664.404419     16044.9296875000
664.734131     16388.2089843750
665.063904     16263.3798828125
665.393555     16138.5507812500
665.723206     16209.8818359375
666.052734     16080.5947265625
666.382202     16098.4277343750
666.711670     15815.3339843750
667.041138     15875.5195312500
667.370544     15937.9335937500
667.699829     15458.6806640625
668.029175     15908.9560546875
668.358459     15385.1210937500
668.687622     15467.5976562500
669.016846     15322.7070312500
669.345947     15278.1259765625
669.674927     14999.4902343750
670.003967     15200.1074218750
670.332947     15122.0898437500
670.661865     15001.7197265625
670.990784     14649.5244140625
671.319641     14602.7138671875
671.648438     14879.1201171875
671.977112     14613.8593750000
672.305847     14653.9824218750
672.634521     14297.3291015625
672.963135     14466.7402343750
673.291687     14321.8496093750
673.620178     14161.3554687500
673.948669     14139.0644531250
674.277100     14212.6240234375
674.605469     14283.9550781250
674.933899     14012.0068359375
675.262085     13931.7597656250
675.590332     14036.5273437500
675.918579     13962.9677734375
676.246704     13882.7207031250
676.574829     13791.3281250000
676.902893     13753.4335937500
677.230896     14072.1923828125
677.558899     13920.6152343750
677.886841     13831.4511718750
678.214661     13882.7207031250
678.542480     13608.5429687500
678.870239     13684.3320312500
679.197998     13746.7460937500
679.525696     13599.6269531250
679.853394     13546.1289062500
680.180969     13615.2304687500
680.508484     13624.1464843750
680.836060     13584.0234375000
681.163452     13274.1806640625
681.490845     13445.8203125000
681.818237     13285.3261718750
682.145569     13356.6572265625
682.472839     13394.5517578125
682.800110     13376.7187500000
683.127319     13269.7226562500
683.454468     13147.1230468750
683.781494     13057.9599609375
684.108582     13124.8330078125
684.435608     12959.8808593750
684.762451     13124.8330078125
685.089355     13093.6259765625
685.416199     12832.8232421875
685.743103     12881.8623046875
686.069824     12770.4082031250
686.396606     12823.9062500000
686.723267     12752.5761718750
687.049927     12092.7675781250
687.376465     11107.5136718750
687.703003     10155.6962890625
688.029419     10099.9687500000
688.355957     10095.5107421875
688.682312     10505.6621093750
689.008667     10608.1992187500
689.334961     10483.3710937500
689.661316     10338.4804687500
689.987427     10474.4541015625
690.313660     10376.3750000000
690.639771     10701.8212890625
690.965881     10637.1777343750
691.291809     10837.7949218750
691.617798     10681.7587890625
691.943726     10877.9179687500
692.269714     10906.8964843750
692.595459     11020.5791015625
692.921326     11009.4345703125
693.247009     10869.0019531250
693.572754     10826.6494140625
693.898438     10755.3193359375
694.223999     10768.6933593750
694.549561     10409.8115234375
694.875061     10498.9746093750
695.200562     10476.6835937500
695.526001     10412.0400390625
695.851379     10369.6875000000
696.176697     10461.0800781250
696.502014     10322.8769531250
696.827271     10826.6494140625
697.152405     10938.1035156250
697.477539     10955.9365234375
697.802612     11212.2802734375
698.127625     11033.9541015625
698.452698     10757.5478515625
698.777649     10777.6093750000
699.102539     10955.9365234375
699.427429     10802.1298828125
699.752258     10733.0283203125
700.077026     10463.3095703125
700.401733     10581.4501953125
700.726379     10398.6660156250
701.051025     10289.4404296875
701.375610     10050.9287109375
701.700134     10028.6386718750
702.024658      9959.5371093750
702.349060     10135.6337890625
702.673462      9892.6640625000
702.997864     10084.3652343750
703.322144      9870.3730468750
703.646362     10222.5683593750
703.970520     10218.1103515625
704.294739     10191.3613281250
704.618896     10202.5068359375
704.942932     10385.2910156250
705.266968     10400.8945312500
705.590942     10385.2910156250
705.914917     10229.2558593750
706.238770     10309.5029296875
706.562622     10289.4404296875
706.886292     10412.0400390625
707.210083     10360.7714843750
707.533813     10338.4804687500
707.857422     10487.8291015625
708.181030     10267.1503906250
708.504578     10231.4843750000
708.828064     10418.7275390625
709.151550     10193.5898437500
709.474976     10369.6875000000
709.798340     10066.5322265625
710.121582     10302.8154296875
710.444885     10271.6083984375
710.768127     10153.4667968750
711.091248     10354.0839843750
711.414429     10349.6259765625
711.737488     10247.0878906250
712.060547     10028.6386718750
712.383484     10227.0263671875
712.706482     10171.2998046875
713.029358     10153.4667968750
713.352112      9988.5146484375
713.674927      9988.5146484375
713.997681     10006.3476562500
714.320435     10006.3476562500
714.643066      9888.2060546875
714.965698      9732.1699218750
715.288269      9627.4033203125
715.610779      9571.6767578125
715.933289      9466.9101562500
716.255737      9395.5791015625
716.578003      9304.1865234375
716.900330      9215.0234375000
717.222595      8479.4267578125
717.544861      7984.5703125000
717.867065      7844.1381835938
718.189209      7474.1108398438
718.511292      7139.7485351563
718.833313      7041.6689453125
719.155334      6800.9282226563
719.477234      6557.9580078125
719.799133      6589.1655273438
720.120972      6439.8168945313
720.442749      6390.7768554688
720.764587      6272.6357421875
721.086304      6388.5478515625
721.407898      6642.6630859375
721.729553      7175.4135742188
722.051147      7416.1547851563
722.372681      7647.9790039063
722.694092      7906.5527343750
723.015503      7826.3056640625
723.336914      7821.8476562500
723.658264      7634.6044921875
723.979492      7380.4892578125
724.300781      7197.7045898438
724.621948      6878.9458007813
724.943115      6930.2148437500
725.264160      6872.2587890625
725.585205      6845.5097656250
725.906189      6870.0297851563
726.227173      6845.5097656250
726.548035      6783.0952148438
726.868896      6729.5976562500
727.189697      6705.0776367188
727.510498      6977.0253906250
727.831177      6876.7167968750
728.151855      6640.4340820313
728.472473      6578.0200195313
728.793091      6638.2050781250
729.113525      7021.6069335938
729.434021      6673.8706054688
729.754456      6702.8486328125
730.074829      6622.6015625000
730.395142      6620.3725585938
730.715454      6524.5219726563
731.035706      6783.0952148438
731.355896      6633.7470703125
731.676025      6707.3066406250
731.996033      6658.2666015625
732.316101      6845.5097656250
732.636108      7043.8979492188
732.956055      7121.9160156250
733.275940      7438.4453125000
733.595825      7219.9956054688
733.915649      7400.5507812500
734.235413      7721.5385742188
734.555054      7743.8295898438
734.874817      7786.1821289063
735.194336      7839.6801757813
735.513855      7790.6401367188
735.833435      7705.9350585938
736.152893      7812.9311523438
736.472290      7739.3715820313
736.791687      7815.1601562500
737.111023      7483.0268554688
737.430298      7650.2080078125
737.749512      7701.4770507813
738.068665      7494.1723632813
738.387817      7759.4331054688
738.706909      7714.8515625000
739.025879      7474.1108398438
739.344910      7514.2343750000
739.663879      7639.0629882813
739.982788      7549.8994140625
740.301636      7503.0888671875
740.620422      7627.9174804688
740.939148      7639.0629882813
741.257874      7656.8955078125
741.576477      7685.8735351563
741.895020      7746.0585937500
742.213623      7692.5605468750
742.532166      7623.4589843750
742.850586      7612.3139648438
743.169006      7721.5385742188
743.487366      7828.5346679688
743.805725      7766.1206054688
744.123962      7857.5126953125
744.442200      7728.2260742188
744.760315      7705.9350585938
745.078430      7650.2080078125
745.396484      7590.0229492188
745.714539      7576.6484375000
746.032532      7692.5605468750
746.350464      7676.9570312500
746.668335      7487.4853515625
746.986206      7676.9570312500
747.303955      7413.9252929688
747.621643      7538.7539062500
747.939331      7318.0751953125
748.257019      7705.9350585938
748.574585      7523.1503906250
748.892151      7262.3481445313
749.209656      7520.9213867188
749.527100      7476.3398437500
749.844482      7552.1284179688
750.161804      7248.9736328125
750.479126      7405.0092773438
750.796326      7217.7661132813
751.113525      7269.0351562500
751.430725      7240.0571289063
751.747803      7302.4711914063
752.064880      7219.9956054688
752.381897      7028.2944335938
752.698853      7177.6430664063
753.015747      7115.2285156250
753.332703      7186.5590820313
753.649475      7231.1406250000
753.966187      7032.7524414063
754.282898      7177.6430664063
754.599609      7043.8979492188
754.916199      7021.6069335938
755.232788      7228.9116210938
755.549316      7150.8940429688
755.865784      7052.8144531250
756.182190      7068.4179687500
756.498596      7237.8281250000
756.814941      7075.1049804688
757.131165      7077.3339843750
757.447388      7175.4135742188
757.763611      7055.0434570313
758.079712      6878.9458007813
758.395813      7115.2285156250
758.711853      7081.7924804688
759.027832      6963.6508789063
759.343811      6660.4960937500
759.659668      6439.8168945313
759.975464      5902.6083984375
760.291260      4975.3100585938
760.606995      4005.6596679688
760.922668      3372.6005859375
761.238342      2946.8459472656
761.554016      2565.6728515625
761.869507      2732.8540039063
762.185059      3138.5468750000
762.500488      3622.2575683594
762.815918      3682.4428710938
763.131165      3637.8613281250
763.446533      3452.8474121094
763.761719      3486.2836914063
764.076965      3428.3276367188
764.392151      3528.6362304688
764.707214      3542.0107421875
765.022339      3740.3989257813
765.337341      3914.2673339844
765.652283      3927.6418457031
765.967224      4346.7089843750
766.282043      4580.7626953125
766.596863      4694.4458007813
766.911621      4886.1469726563
767.226379      5158.0947265625
767.541016      5389.9194335938
767.855591      5534.8095703125
768.170227      5581.6206054688
768.484741      5815.6738281250
768.799194      5929.3569335938
769.113647      5898.1499023438
769.427979      6031.8950195313
769.742310      5953.8769531250
770.056580      5978.3969726563
770.370850      6143.3491210938
770.684998      6121.0581054688
770.999084      5998.4584960938
771.313232      6176.7851562500
771.627258      6118.8291015625
771.941223      6145.5781250000
772.255066      6118.8291015625
772.569031      6158.9526367188
772.882813      6036.3530273438
773.196594      6103.2255859375
773.510376      6100.9965820313
773.824036      6141.1201171875
774.137695      5924.8989257813
774.451294      5998.4584960938
774.764832      6016.2915039063
775.078308      5679.7001953125
775.391724      5956.1059570313
775.705078      5849.1103515625
776.018433      5826.8193359375
776.331726      5735.4272460938
776.644958      5722.0527343750
776.958130      5744.3432617188
777.271301      5710.9072265625
777.584412      5728.7397460938
777.897461      5528.1225585938
778.210510      5367.6284179688
778.523315      5650.7221679688
778.836304      5661.8671875000
779.149109      5539.2680664063
779.461914      5592.7656250000
779.774658      5461.2500000000
780.087402      5505.8315429688
780.400024      5470.1665039063
780.712585      5414.4394531250
781.025146      5474.6245117188
781.337646      5479.0825195313
781.650085      5476.8535156250
781.962463      5331.9633789063
782.274841      5316.3598632813
782.587158      5383.2319335938
782.899414      5365.3994140625
783.211609      5394.3774414063
783.523743      5247.2583007813
783.835938      5278.4653320313
784.147949      5164.7822265625
784.459900      5193.7602539063
784.771851      5138.0332031250
785.083801      5053.3281250000
785.395630      5080.0771484375
785.707397      5142.4912109375
786.019226      4997.6010742188
786.330933      5053.3281250000
786.642578      4821.5034179688
786.954224      4837.1069335938
787.265747      4866.0849609375
787.577209      4781.3798828125
787.888672      4745.7148437500
788.200073      4643.1772460938
788.511414      4736.7983398438
788.822754      4616.4282226563
789.133972      4636.4897460938
789.445190      4551.7846679688
789.756409      4596.3662109375
790.067505      4656.5517578125
790.378540      4386.8325195313
790.689514      4649.8642578125
791.000488      4355.6254882813
791.311401      4451.4760742188
791.622314      4400.2070312500
791.933105      4375.6870117188
792.243896      4391.2910156250
792.554565      4444.7885742188
792.865234      4397.9780273438
793.175842      4389.0615234375
793.486389      4282.0659179688
793.796875      4322.1894531250
794.107300      4337.7929687500
794.417786      4375.6870117188
794.728088      4293.2114257813
795.038452      4255.3168945313
795.348694      4208.5063476563
795.658936      4257.5458984375
795.969055      4331.1054687500
796.279175      4233.0258789063
796.589172      4161.6953125000
796.899231      4059.1577148438
797.209167      4083.6774902344
797.519104      4059.1577148438
797.828979      4181.7573242188
798.138794      4048.0122070313
798.448547      4132.7172851563
798.758301      4152.7792968750
799.067932      4012.3469238281
799.377563      4157.2373046875
799.687073      4092.5939941406
799.996582      4090.3647460938
800.306030      4041.3249511719
800.615479      3945.4743652344
800.924805      3876.3730468750
801.234192      3909.8090820313
801.543457      3862.9985351563
801.852600      3900.8928222656
802.161743      3867.4565429688
802.470886      3896.4345703125
802.779907      3869.6857910156
803.088867      3776.0642089844
803.397827      3782.7514648438
803.706787      3827.3332519531
804.015686      3847.3947753906
804.324463      3760.4606933594
804.633179      3722.5664062500
804.941956      3753.7734375000
805.250610      3698.0463867188
805.559204      3620.0285644531
805.867676      3767.1479492188
806.176270      3838.4785156250
806.484680      3856.3112792969
806.793091      3720.3371582031
807.101440      3811.7294921875
807.409729      3818.4167480469
807.718018      3753.7734375000
808.026184      3635.6320800781
808.334351      3651.2355957031
808.642456      3691.3591308594
808.950439      3584.3632812500
809.258484      3642.3193359375
809.566467      3671.2973632813
809.874329      3452.8474121094
810.182190      3542.0107421875
810.489990      3441.7021484375
810.797791      3611.1123046875
811.105469      3472.9091796875
811.413147      3457.3056640625
811.720642      3370.3713378906
812.028198      3345.8515625000
812.335693      3352.5388183594
812.643188      3408.2658691406
812.950562      3214.3356933594
813.257935      3196.5031738281
813.565186      3109.5688476563
813.872498      3145.2341308594
814.179626      2973.5949707031
814.486816      2935.7004394531
814.793823      2924.5551757813
815.100830      2786.3520507813
815.407837      2712.7922363281
815.714783      2822.0173339844
816.021667      2683.8142089844
816.328552      2917.8679199219
816.635315      2748.4577636719
816.942078      2775.2065429688
817.248779      2637.0036621094
817.555359      2659.2944335938
817.861938      2632.5454101563
818.168457      2681.5852050781
818.474976      2683.8142089844
818.781372      2565.6728515625
819.087769      2668.2106933594
819.394104      2715.0214843750
819.700378      2706.1049804688
820.006592      2735.0832519531
820.312744      2775.2065429688
820.618896      2694.9597167969
820.924927      2786.3520507813
821.230957      2830.9335937500
821.536926      2911.1806640625
821.842896      2911.1806640625
822.148804      2873.2861328125
822.454590      2884.4316406250
822.760376      2735.0832519531
823.066040      2639.2326660156
823.371704      2458.6770019531
823.677307      2451.9897460938
823.982910      2358.3684082031
824.288391      2521.0913085938
824.593872      2625.8581542969
824.899292      2701.6469726563
825.204651      2784.1230468750
825.509949      2741.7705078125
825.815186      2817.5590820313
826.120422      2775.2065429688
826.425598      2634.7744140625
826.730652      2688.2724609375
827.035706      2815.3300781250
827.340759      2886.6606445313
827.645630      2801.9555664063
827.950623      2710.5632324219
828.255432      2590.1928710938
828.560242      2639.2326660156
828.864990      2554.5275878906
829.169739      2657.0651855469
829.474304      2565.6728515625
829.778870      2583.5056152344
830.083435      2628.0871582031
830.387878      2639.2326660156
830.692383      2630.3164062500
830.996765      2654.8361816406
831.301086      2710.5632324219
831.605408      2630.3164062500
831.909668      2583.5056152344
832.213867      2605.7963867188
832.517883      2556.7565917969
832.821960      2619.1708984375
833.126038      2590.1928710938
833.429993      2581.2766113281
833.733948      2494.3422851563
834.037842      2621.3999023438
834.341614      2545.6113281250
834.645386      2608.0253906250
834.949158      2625.8581542969
835.252808      2587.9638671875
835.556335      2594.6511230469
835.859924      2659.2944335938
836.163513      2619.1708984375
836.466980      2679.3562011719
836.770325      2556.7565917969
837.073730      2708.3342285156
837.377075      2596.8801269531
837.680298      2616.9418945313
837.983521      2643.6909179688
838.286682      2574.5893554688
838.589722      2603.5673828125
838.892761      2596.8801269531
839.195801      2681.5852050781
839.498779      2590.1928710938
839.801636      2614.7126464844
840.104492      2694.9597167969
840.407288      2643.6909179688
840.710022      2634.7744140625
841.012695      2594.6511230469
841.315369      2683.8142089844
841.617920      2665.9816894531
841.920410      2532.2368164063
842.222961      2587.9638671875
842.525391      2494.3422851563
842.827759      2516.6330566406
843.130127      2563.4438476563
843.432373      2590.1928710938
843.734619      2518.8623046875
844.036804      2523.3203125000
844.338867      2572.3601074219
844.640930      2534.4658203125
844.942993      2619.1708984375
845.244934      2579.0473632813
845.546814      2460.9060058594
845.848755      2509.9458007813
846.150513      2550.0693359375
846.452332      2498.8005371094
846.754028      2485.4260253906
847.055664      2516.6330566406
847.357239      2556.7565917969
847.658813      2583.5056152344
847.960327      2561.2148437500
848.261780      2534.4658203125
848.563110      2503.2587890625
848.864563      2389.5754394531
849.165771      2423.0117187500
849.467041      2541.1530761719
849.768250      2567.9020996094
850.069397      2382.8881835938
850.370422      2443.0734863281
850.671448      2351.6811523438
850.972473      2376.2009277344
851.273376      2353.9101562500
851.574280      2438.6152343750
851.875122      2313.7866210938
852.175842      2373.9719238281
852.476624      2367.2846679688
852.777222      2391.8046875000
853.077881      2342.7648925781
853.378418      2273.6633300781
853.678955      2405.1791992188
853.979370      2373.9719238281
854.279785      2349.4521484375
854.580200      2280.3505859375
854.880493      2191.1872558594
855.180725      2193.4162597656
855.480957      2260.2888183594
855.781067      2200.1035156250
856.081116      2222.3942871094
856.381165      2213.4780273438
856.681152      2266.9760742188
856.981140      2287.0378417969
857.281006      2329.3903808594
857.580872      2287.0378417969
857.880676      2298.1831054688
858.180420      2302.6413574219
858.480103      2237.9980468750
858.779724      2358.3684082031
859.079224      2260.2888183594
859.378723      2184.5000000000
859.678223      2282.5795898438
859.977661      2235.7687988281
860.277039      2313.7866210938
860.576355      2191.1872558594
860.875610      2177.8127441406
861.174805      2235.7687988281
861.473999      2177.8127441406
861.773071      2278.1213378906
862.072083      2215.7070312500
862.371094      2133.2312011719
862.670044      2293.7250976563
862.968933      2213.4780273438
863.267761      2229.0815429688
863.566589      2200.1035156250
863.865356      2224.6235351563
864.164001      2180.0417480469
864.462646      2224.6235351563
864.761230      2269.2050781250
865.059692      2211.2490234375
865.358154      2164.4382324219
865.656616      2099.7949218750
865.954956      2135.4602050781
866.253357      2224.6235351563
866.551575      2122.0856933594
866.849792      2164.4382324219
867.147949      2010.6315917969
867.446106      2081.9621582031
867.744080      2064.1296386719
868.042053      1999.4862060547
868.340027      2126.5439453125
868.637878      2128.7729492188
868.935791      2162.2092285156
869.233582      2099.7949218750
869.531311      2131.0019531250
869.828979      2119.8566894531
870.126648      2110.9401855469
870.424255      2108.7111816406
870.721741      2097.5659179688
871.019165      2104.2531738281
871.316589      2068.5876464844
871.613953      2019.5479736328
871.911316      2032.9224853516
872.208557      2006.1734619141
872.505798      2021.7770996094
872.802979      2070.8168945313
873.100037      2010.6315917969
873.397156      1981.6535644531
873.694092      2059.6713867188
873.991028      2026.2352294922
874.287964      2046.2969970703
874.584778      2006.1734619141
874.881592      2028.4642333984
875.178284      1959.3627929688
875.474976      2028.4642333984
875.771606      2055.2133789063
876.068237      2006.1734619141
876.364746      2037.3806152344
876.661194      1981.6535644531
876.957581      1988.3408203125
877.253967      2001.7153320313
877.550293      2015.0898437500
877.846497      1983.8826904297
878.142761      2057.4423828125
878.438904      2024.0061035156
878.734985      1923.6973876953
879.031067      2017.3188476563
879.326965      1957.1336669922
879.622925      2006.1734619141
879.918823      1979.4244384766
880.214661      1870.1994628906
880.510498      1870.1994628906
880.806213      1912.5520019531
881.101868      1937.0718994141
881.397522      1930.3846435547
881.693115      1908.0938720703
881.988586      1945.9882812500
882.283997      1961.5917968750
882.579407      1903.6357421875
882.874817      1972.7371826172
883.170105      1981.6535644531
883.465332      1872.4285888672
883.760559      1968.2790527344
884.055725      1934.8428955078
884.350769      1899.1774902344
884.645813      1856.8249511719
884.940857      1945.9882812500
885.235718      1908.0938720703
885.530579      1867.9704589844
885.825439      1883.5739746094
886.120239      1945.9882812500
886.414917      1903.6357421875
886.709595      1883.5739746094
887.004272      1883.5739746094
887.298767      1917.0102539063
887.593323      1883.5739746094
887.887756      1807.7851562500
888.182129      1814.4724121094
888.476440      1859.0540771484
888.770752      1901.4066162109
889.065002      1847.9086914063
