0.017200
190.489868         0.0000000000
190.870819         0.0000000000
191.251740      1017.4586181641
191.632629      1152.9716796875
192.013474      1086.3259277344
192.394302      1132.9780273438
192.775101      1192.9591064453
193.155838      1117.4272460938
193.536575      1164.0793457031
193.917267      1128.5349121094
194.297943      1179.6300048828
194.678574      1179.6300048828
195.059174      1217.3959960938
195.439743      1159.6362304688
195.820282      1210.7313232422
196.200790      1195.1806640625
196.581268      1150.7501220703
196.961700      1152.9716796875
197.342117      1168.5223388672
197.722488      1146.3071289063
198.102829      1221.8389892578
198.483154      1072.9968261719
198.863434      1148.5286865234
199.243698      1132.9780273438
199.623901      1135.1994628906
200.004089      1115.2058105469
200.384247      1148.5286865234
200.764389      1112.9842529297
201.144485      1170.7438964844
201.524536      1170.7438964844
201.904572      1128.5349121094
202.284561      1121.8703613281
202.664520      1141.8640136719
203.044449      1139.6425781250
203.424362      1146.3071289063
203.804214      1095.2120361328
204.184067      1139.6425781250
204.563858      1055.2246093750
204.943649      1119.6488037109
205.323380      1099.6550292969
205.703094      1117.4272460938
206.082764      1186.2945556641
206.462418      1150.7501220703
206.842026      1095.2120361328
207.221588      1081.8829345703
207.601166      1144.0855712891
207.980667      1155.1932373047
208.360153      1135.1994628906
208.739609      1166.3009033203
209.119034      1101.8765869141
209.498428      1241.8327636719
209.877777      1166.3009033203
210.257111      1068.5537109375
210.636398      1075.2182617188
211.015656      1101.8765869141
211.394882      1155.1932373047
211.774094      1179.6300048828
212.153244      1092.9904785156
212.532394      1137.4210205078
212.911484      1195.1806640625
213.290543      1110.7626953125
213.669571      1115.2058105469
214.048584      1092.9904785156
214.427567      1115.2058105469
214.806488      1224.0605468750
215.185410      1110.7626953125
215.564270      1112.9842529297
215.943115      1252.9403076172
216.321930      1199.6237792969
216.700714      1079.6613769531
217.079437      1132.9780273438
217.458176      1164.0793457031
217.836838      1146.3071289063
218.215485      1139.6425781250
218.594101      1115.2058105469
218.972687      1157.4147949219
219.351227      1177.4084472656
219.729752      1210.7313232422
220.108246      1177.4084472656
220.486694      1099.6550292969
220.865128      1148.5286865234
221.243515      1186.2945556641
221.621872      1081.8829345703
222.000183      1135.1994628906
222.378494      1132.9780273438
222.756744      1148.5286865234
223.134964      1208.5098876953
223.513153      1119.6488037109
223.891327      1084.1043701172
224.269455      1170.7438964844
224.647552      1150.7501220703
225.025620      1115.2058105469
225.403656      1150.7501220703
225.781647      1164.0793457031
226.159622      1124.0919189453
226.537552      1137.4210205078
226.915436      1097.4335937500
227.293335      1172.9654541016
227.671158      1150.7501220703
228.048950      1128.5349121094
228.426727      1097.4335937500
228.804459      1132.9780273438
229.182175      1141.8640136719
229.559845      1146.3071289063
229.937500      1141.8640136719
230.315094      1157.4147949219
230.692673      1186.2945556641
231.070221      1135.1994628906
231.447723      1161.8577880859
231.825180      1152.9716796875
232.202652      1130.7564697266
232.580048      1257.3834228516
232.957428      1124.0919189453
233.334778      1157.4147949219
233.712097      1161.8577880859
234.089386      1121.8703613281
234.466614      1112.9842529297
234.843842      1181.8515625000
235.221024      1157.4147949219
235.598175      1135.1994628906
235.975281      1155.1932373047
236.352386      1124.0919189453
236.729431      1184.0729980469
237.106445      1208.5098876953
237.483414      1204.0667724609
237.860382      1190.7376708984
238.237305      1099.6550292969
238.614182      1164.0793457031
238.991043      1152.9716796875
239.367859      1168.5223388672
239.744644      1159.6362304688
240.121414      1170.7438964844
240.498138      1179.6300048828
240.874817      1144.0855712891
241.251480      1172.9654541016
241.628098      1119.6488037109
242.004700      1146.3071289063
242.381241      1064.1107177734
242.757782      1139.6425781250
243.134262      1175.1870117188
243.510727      1090.7690429688
243.887146      1141.8640136719
244.263535      1117.4272460938
244.639893      1152.9716796875
245.016220      1121.8703613281
245.392517      1126.3133544922
245.768768      1148.5286865234
246.145020      1099.6550292969
246.521194      1168.5223388672
246.897354      1132.9780273438
247.273483      1195.1806640625
247.649567      1106.3197021484
248.025650      1112.9842529297
248.401672      1232.9466552734
248.777664      1135.1994628906
249.153641      1128.5349121094
249.529556      1199.6237792969
249.905457      1119.6488037109
250.281326      1179.6300048828
250.657135      1212.9528808594
251.032959      1179.6300048828
251.408707      1201.8452148438
251.784424      1166.3009033203
252.160126      1104.0981445313
252.535797      1188.5161132813
252.911423      1081.8829345703
253.287018      1132.9780273438
253.662582      1148.5286865234
254.038116      1192.9591064453
254.413605      1210.7313232422
254.789063      1179.6300048828
255.164505      1128.5349121094
255.539886      1184.0729980469
255.915268      1097.4335937500
256.290588      1135.1994628906
256.665894      1117.4272460938
257.041168      1135.1994628906
257.416351      1166.3009033203
257.791565      1192.9591064453
258.166779      1152.9716796875
258.541870      1146.3071289063
258.916962      1092.9904785156
259.292023      1112.9842529297
259.667023      1135.1994628906
260.042053      1141.8640136719
260.416992      1148.5286865234
260.791931      1161.8577880859
261.166809      1164.0793457031
261.541687      1117.4272460938
261.916504      1141.8640136719
262.291321      1137.4210205078
262.666077      1141.8640136719
263.040802      1126.3133544922
263.415497      1119.6488037109
263.790161      1130.7564697266
264.164795      1108.5411376953
264.539368      1181.8515625000
264.913910      1146.3071289063
265.288452      1135.1994628906
265.662964      1141.8640136719
266.037384      1104.0981445313
266.411865      1179.6300048828
266.786224      1101.8765869141
267.160583      1230.7250976563
267.534912      1184.0729980469
267.909210      1159.6362304688
268.283447      1175.1870117188
268.657654      1059.6676025391
269.031860      1097.4335937500
269.406006      1141.8640136719
269.780151      1190.7376708984
270.154236      1201.8452148438
270.528290      1095.2120361328
270.902283      1077.4398193359
271.276306      1161.8577880859
271.650238      1132.9780273438
272.024170      1137.4210205078
272.398041      1208.5098876953
272.771881      1168.5223388672
273.145721      1188.5161132813
273.519531      1166.3009033203
273.893219      1179.6300048828
274.266937      1166.3009033203
274.640656      1144.0855712891
275.014282      1139.6425781250
275.387909      1166.3009033203
275.761475      1188.5161132813
276.135040      1144.0855712891
276.508514      1106.3197021484
276.882019      1146.3071289063
277.255463      1146.3071289063
277.628906      1135.1994628906
278.002258      1117.4272460938
278.375549      1099.6550292969
278.748901      1146.3071289063
279.122162      1112.9842529297
279.495392      1137.4210205078
279.868622      1152.9716796875
280.241791      1072.9968261719
280.614929      1164.0793457031
280.988007      1175.1870117188
281.361084      1192.9591064453
281.734131      1130.7564697266
282.107117      1146.3071289063
282.480072      1088.5474853516
282.853027      1135.1994628906
283.225952      1148.5286865234
283.598785      1148.5286865234
283.971619      1170.7438964844
284.344452      1150.7501220703
284.717194      1155.1932373047
285.089905      1170.7438964844
285.462616      1139.6425781250
285.835297      1190.7376708984
286.207886      1146.3071289063
286.580475      1170.7438964844
286.953064      1132.9780273438
287.325592      1239.6112060547
287.698059      1181.8515625000
288.070496      1161.8577880859
288.442963      1146.3071289063
288.815308      1181.8515625000
289.187683      1137.4210205078
289.559998      1208.5098876953
289.932281      1172.9654541016
290.304504      1112.9842529297
290.676727      1084.1043701172
291.048920      1199.6237792969
291.421082      1197.4022216797
291.793182      1172.9654541016
292.165222      1206.2883300781
292.537292      1175.1870117188
292.909332      1164.0793457031
293.281281      1232.9466552734
293.653198      1212.9528808594
294.025116      1184.0729980469
294.397003      1224.0605468750
294.768860      1164.0793457031
295.140656      1110.7626953125
295.512390      1164.0793457031
295.884125      1130.7564697266
296.255829      1208.5098876953
296.627502      1181.8515625000
296.999146      1221.8389892578
297.370728      1175.1870117188
297.742249      1177.4084472656
298.113831      1172.9654541016
298.485291      1135.1994628906
298.856781      1146.3071289063
299.228149      1161.8577880859
299.599579      1137.4210205078
299.970917      1159.6362304688
300.342224      1206.2883300781
300.713531      1161.8577880859
301.084778      1246.2757568359
301.455994      1150.7501220703
301.827148      1179.6300048828
302.198334      1172.9654541016
302.569427      1215.1744384766
302.940521      1166.3009033203
303.311554      1246.2757568359
303.682556      1172.9654541016
304.053528      1192.9591064453
304.424469      1239.6112060547
304.795380      1284.0417480469
305.166260      1190.7376708984
305.537048      1252.9403076172
305.907837      1217.3959960938
306.278625      1248.4973144531
306.649384      1272.9340820313
307.020050      1257.3834228516
307.390686      1299.5924072266
307.761353      1312.9215087891
308.131897      1350.6875000000
308.502502      1357.3520507813
308.872986      1386.2318115234
309.243500      1408.4471435547
309.613922      1348.4659423828
309.984344      1381.7888183594
310.354736      1466.2067871094
310.725098      1466.2067871094
311.095398      1481.7574462891
311.465637      1526.1879882813
311.835907      1499.5296630859
312.206116      1512.8587646484
312.576294      1563.9538574219
312.946411      1543.9602050781
313.316528      1579.5046386719
313.686584      1652.8149414063
314.056610      1581.7260742188
314.426605      1630.5996093750
314.796570      1635.0427246094
315.166504      1750.5620117188
315.536377      1659.4794921875
315.906250      1741.6759033203
316.276093      1755.0051269531
316.645844      1806.1002197266
317.015594      1903.8472900391
317.385315      1903.8472900391
317.755035      1981.6007080078
318.124603      1943.8347167969
318.494263      1928.2840576172
318.863831      2137.1074218750
319.233368      2034.9172363281
319.602875      2039.3603515625
319.972351      2119.3352050781
320.341797      2179.3164062500
320.711182      2230.4116210938
321.080536      2199.3100585938
321.449890      2188.2026367188
321.819183      2152.6582031250
322.188446      2201.5317382813
322.557648      2201.5317382813
322.926880      2279.2851562500
323.295990      2185.9809570313
323.665100      2197.0886230469
324.034210      2372.5891113281
324.403259      2392.5830078125
324.772247      2532.5390625000
325.141205      2536.9819335938
325.510193      2585.8557128906
325.879120      2832.4448242188
326.247955      2932.4135742188
326.616791      2954.6289062500
326.985596      3014.6101074219
327.354340      3032.3823242188
327.723053      2994.6162109375
328.091797      2939.0781250000
328.460449      3023.4960937500
328.829071      3001.2807617188
329.197632      3221.2119140625
329.566193      3270.0854492188
329.934753      3372.2756347656
330.303192      3354.5034179688
330.671631      3330.0666503906
331.040070      3278.9714355469
331.408478      3305.6298828125
331.776794      3307.8513183594
332.145081      3310.0729980469
332.513367      3298.9653320313
332.881592      3390.0478515625
333.249756      3445.5859375000
333.617920      3405.5983886719
333.986084      3363.3894042969
334.354156      3385.6047363281
334.722229      3405.5983886719
335.090240      3545.5546875000
335.458252      3463.3581542969
335.826202      3327.8452148438
336.194092      3207.8828125000
336.561951      3179.0029296875
336.929779      3254.5346679688
337.297577      3274.5285644531
337.665375      3338.9526367188
338.033142      3407.8200683594
338.400787      3556.6621093750
338.768463      3736.6057128906
339.136108      3801.0300292969
339.503693      3929.8784179688
339.871246      4212.0122070313
340.238770      4223.1196289063
340.606262      4331.9746093750
340.973755      4243.1137695313
341.341125      4054.2839355469
341.708527      3992.0812988281
342.075867      3985.4165039063
342.443146      4172.0249023438
342.810425      4245.3349609375
343.177673      4138.7016601563
343.544861      4158.6958007813
343.912018      4027.6254882813
344.279114      3694.3967285156
344.646271      3792.1437988281
345.013336      3987.6381835938
345.380341      4058.7270507813
345.747314      4172.0249023438
346.114258      4125.3725585938
346.481171      4185.3540039063
346.848022      4200.9047851563
347.214905      4234.2275390625
347.581726      4400.8417968750
347.948456      4287.5439453125
348.315186      4223.1196289063
348.681885      4363.0761718750
349.048584      4180.9106445313
349.415161      4291.9873046875
349.781738      4254.2211914063
350.148346      4547.4624023438
350.514862      4769.6152343750
350.881287      5016.2045898438
351.247742      4754.0644531250
351.614197      4647.4311523438
351.980530      4718.5200195313
352.346863      4678.5327148438
352.713165      4627.4375000000
353.079437      4645.2094726563
353.445679      4909.5712890625
353.811859      5231.6923828125
354.178009      5371.6484375000
354.544159      5400.5283203125
354.910217      5500.4970703125
355.276276      5489.3891601563
355.642303      5356.0976562500
356.008270      5309.4458007813
356.374176      5265.0151367188
356.740112      4947.3369140625
357.105988      4776.2797851563
357.471802      4511.9179687500
357.837585      4471.9306640625
358.203339      4420.8354492188
358.569092      4209.7905273438
358.934753      4496.3676757813
359.300415      4754.0644531250
359.666016      5309.4458007813
360.031616      5556.0351562500
360.397125      5755.9721679688
360.762634      5598.2441406250
361.128143      5424.9653320313
361.493530      5287.2304687500
361.858917      5178.3759765625
362.224274      5524.9335937500
362.589630      5675.9975585938
362.954895      6082.5366210938
363.320160      5931.4726562500
363.685394      5840.3901367188
364.050568      6046.9921875000
364.415680      5969.2387695313
364.780792      5971.4604492188
365.145874      6126.9672851563
365.510895      6466.8603515625
365.875854      6880.0644531250
366.240845      7191.0776367188
366.605774      7202.1855468750
366.970642      6900.0581054688
367.335480      7115.5458984375
367.700317      7279.9389648438
368.065125      6895.6147460938
368.429840      6704.5639648438
368.794525      6880.0644531250
369.159241      6935.6025390625
369.523834      7222.1791992188
369.888397      7404.3442382813
370.252991      7653.1552734375
370.617554      7533.1928710938
370.981995      7062.2294921875
371.346436      7302.1542968750
371.710846      7399.9013671875
372.075256      7144.4257812500
372.439545      6877.8427734375
372.803864      6902.2792968750
373.168121      6760.1020507813
373.532379      6480.1894531250
373.896545      6211.3852539063
374.260681      6189.1699218750
374.624847      6218.0498046875
374.988892      6166.9545898438
375.352936      6480.1894531250
375.716949      6704.5639648438
376.080933      7291.0463867188
376.444855      7133.3183593750
376.808716      7273.2744140625
377.172638      7473.2114257813
377.536469      8137.4477539063
377.900208      8566.2021484375
378.263947      8861.6650390625
378.627686      8806.1269531250
378.991364      8492.8916015625
379.354980      8115.2324218750
379.718628      7808.6621093750
380.082214      7646.4907226563
380.445709      7753.1235351563
380.809174      8344.0498046875
381.172668      8417.3593750000
381.536072      8030.8144531250
381.899475      7388.7934570313
382.262787      6880.0644531250
382.626129      6233.6005859375
382.989380      5918.1435546875
383.352631      5627.1240234375
383.715790      5578.2504882813
384.078979      5771.5229492188
384.442078      6260.2587890625
384.805145      6931.1591796875
385.168243      7366.5781250000
385.531250      7402.1225585938
385.894226      7317.7045898438
386.257141      7346.5844726563
386.620056      7242.1728515625
386.982941      7488.7622070313
387.345734      7459.8823242188
387.708527      7504.3129882813
388.071289      7573.1801757813
388.433990      7377.6860351563
388.796661      7479.8759765625
389.159332      7655.3764648438
389.521942      8230.7519531250
389.884491      8459.5683593750
390.247040      8941.6396484375
390.609528      8948.3046875000
390.971985      9270.4257812500
391.334412      9819.1425781250
391.696747      9721.3955078125
392.059143      9485.9140625000
392.421478      8730.5947265625
392.783691      7988.6054687500
393.145935      6491.2973632813
393.508148      5669.3330078125
393.870270      5451.6235351563
394.232391      6020.3339843750
394.594482      7195.5209960938
394.956573      8261.8535156250
395.318542      9221.5517578125
395.680511      9705.8447265625
396.042450      9457.0341796875
396.404388      8175.2133789063
396.766235      7271.0527343750
397.128021      6431.3159179688
397.489838      6860.0703125000
397.851563      7997.4916992188
398.213257      9361.5078125000
398.574951     10718.8603515625
398.936615     11474.1787109375
399.298187     11949.5849609375
399.659729     12322.8017578125
400.021271     12640.4794921875
400.382751     13033.6894531250
400.744202     12853.7460937500
401.105621     13198.0830078125
401.466980     13291.3867187500
401.828339     13415.7919921875
402.189606     13844.5468750000
402.550873     14071.1416015625
402.912140     13862.3183593750
403.273285     13175.8671875000
403.634430     13402.4628906250
403.995544     13526.8681640625
404.356659     13793.4511718750
404.717651     13486.8808593750
405.078674     13209.1904296875
405.439636     13451.3369140625
405.800568     13233.6269531250
406.161438     13253.6210937500
406.522278     13129.2148437500
406.883118     13053.6835937500
407.243866     13222.5195312500
407.604584     13404.6845703125
407.965302     13540.1972656250
408.325989     13804.5585937500
408.686584     13953.4013671875
409.047150     14824.2392578125
409.407715     14770.9228515625
409.768250     14477.6816406250
410.128723     13620.1728515625
410.489136     13291.3867187500
410.849518     13864.5400390625
411.209900     14288.8515625000
411.570190     14988.6318359375
411.930511     15508.4687500000
412.290741     15763.9443359375
412.650940     15461.8173828125
413.011078     15350.7412109375
413.371246     15497.3613281250
413.731354     15464.0380859375
414.091400     15561.7851562500
414.451385     15592.8867187500
414.811401     15717.2919921875
415.171356     15690.6337890625
415.531281     15743.9511718750
415.891113     15697.2988281250
416.250946     16170.4833984375
416.610718     15941.6660156250
416.970490     16179.3701171875
417.330200     15848.3623046875
417.689911     15492.9179687500
418.049530     15532.9062500000
418.409119     15541.7919921875
418.768707     15326.3037109375
419.128235     15399.6142578125
419.487701     15690.6337890625
419.847137     15419.6083984375
420.206573     15364.0703125000
420.565948     15703.9628906250
420.925232     15859.4697265625
421.284576     16394.8574218750
421.643860     16812.5039062500
422.003052     16661.4414062500
422.362213     15768.3876953125
422.721375     15426.2724609375
423.080536     15306.3105468750
423.439575     15341.8544921875
423.798584     15908.3437500000
424.157593     15859.4697265625
424.516571     15628.4316406250
424.875458     15739.5078125000
425.234314     15901.6787109375
425.593201     15375.1777343750
425.951965     15699.5205078125
426.310699     15610.6591796875
426.669495     15928.3369140625
427.028168     15530.6845703125
427.386810     15113.0371093750
427.745392     15228.5566406250
428.103973     15150.8037109375
428.462524     15239.6640625000
428.821045     15377.3994140625
429.179504     14875.3339843750
429.537903     14655.4033203125
429.896271     13906.7490234375
430.254608     13053.6835937500
430.612915     12318.3583984375
430.971222     12205.0605468750
431.329437     12860.4111328125
431.687622     14624.3017578125
432.045776     15557.3427734375
432.403900     16419.2949218750
432.761993     16359.3134765625
433.119995     17094.6386718750
433.477997     17114.6328125000
433.835968     16763.6308593750
434.193909     16348.2060546875
434.551758     15941.6660156250
434.909637     16930.2460937500
435.267395     17123.5175781250
435.625183     17736.6582031250
435.982910     18523.0781250000
436.340607     18900.7382812500
436.698273     18918.5097656250
437.055878     19149.5488281250
437.413452     18720.7949218750
437.770996     18643.0410156250
438.128479     17938.8183593750
438.485962     17394.5449218750
438.843384     17596.7031250000
439.200775     17954.3691406250
439.558136     18025.4570312500
439.915405     18571.9531250000
440.272705     18942.9472656250
440.629883     18822.9843750000
440.987091     18960.7187500000
441.344238     19540.5371093750
441.701355     20433.5917968750
442.058441     20375.8320312500
442.415436     20577.9902343750
442.772461     21071.1679687500
443.129425     21217.7890625000
443.486359     21202.2382812500
443.843231     21337.7519531250
444.200104     21257.7773437500
444.556885     21200.0175781250
444.913635     21582.1191406250
445.270355     20948.9843750000
445.627075     20740.1621093750
445.983704     20602.4277343750
446.340302     20182.5585937500
446.696869     20442.4765625000
447.053436     20869.0097656250
447.409912     21571.0117187500
447.766357     21673.2011718750
448.122803     22586.2500000000
448.479156     22179.7089843750
448.835510     22355.2109375000
449.191772     22093.0703125000
449.548096     22504.0527343750
449.904297     22412.9707031250
450.260437     22486.2812500000
450.616608     22839.5039062500
450.972687     23172.7324218750
451.328796     22961.6875000000
451.684814     23410.4355468750
452.040833     23041.6621093750
452.396729     22584.0273437500
452.752655     21815.3789062500
453.108551     21393.2890625000
453.464355     21093.3847656250
453.820160     21224.4531250000
454.175934     21584.3417968750
454.531616     21997.5449218750
454.887299     21988.6582031250
455.242950     21910.9062500000
455.598541     22468.5078125000
455.954102     22419.6347656250
456.309601     22257.4628906250
456.665131     22450.7363281250
457.020538     23405.9921875000
457.375977     23059.4335937500
457.731323     23397.1054687500
458.086670     23050.5488281250
458.441956     23001.6738281250
458.797211     22910.5917968750
459.152405     23066.0976562500
459.507538     22966.1308593750
459.862701     23146.0742187500
460.217773     23414.8789062500
460.572845     23788.0937500000
460.927856     23645.9160156250
461.282837     23848.0761718750
461.637756     24545.6347656250
461.992645     24498.9824218750
462.347504     25332.0546875000
462.702332     25016.5976562500
463.057129     25325.3906250000
463.411835     25440.9101562500
463.766541     25660.8398437500
464.121185     25383.1503906250
464.475830     25420.9160156250
464.830383     25425.3593750000
465.184937     24954.3945312500
465.539429     25260.9648437500
465.893921     25922.9804687500
466.248322     26171.7910156250
466.602753     25956.3027343750
466.957062     26045.1640625000
467.311371     26367.2851562500
467.665619     26436.1523437500
468.019897     26678.2988281250
468.374054     26744.9453125000
468.728180     27371.4140625000
469.082306     28062.3085937500
469.436371     28437.7460937500
469.790405     28482.1777343750
470.144379     27915.6894531250
470.498352     28191.1582031250
470.852264     28140.0625000000
471.206146     28566.5957031250
471.559967     29641.8144531250
471.913788     30503.7656250000
472.267487     31016.9375000000
472.621246     31881.1113281250
472.974915     31554.5468750000
473.328522     31463.4648437500
473.682129     32132.1445312500
474.035675     32267.6562500000
474.389191     32676.4179687500
474.742676     33647.2226562500
475.096130     33924.9140625000
475.449493     34529.1679687500
475.802856     34249.2578125000
476.156189     34429.1992187500
476.509460     34649.1328125000
476.862732     34691.3398437500
477.215912     35395.5664062500
477.569061     36721.8164062500
477.922150     37577.1015625000
478.275299     37583.7656250000
478.628296     38041.4023437500
478.981323     38079.1679687500
479.334259     38236.8945312500
479.687195     39189.9296875000
480.040070     39751.9765625000
480.392914     39565.3671875000
480.745728     39643.1210937500
481.098511     40111.8632812500
481.451202     40889.3984375000
481.803925     41260.3906250000
482.156525     41718.0273437500
482.509125     41929.0703125000
482.861694     42404.4765625000
483.214233     42317.8398437500
483.566711     42120.1210937500
483.919128     42388.9257812500
484.271576     42384.4843750000
484.623901     42391.1484375000
484.976257     42784.3593750000
485.328522     42146.7812500000
485.680786     41184.8593750000
486.032959     38872.2539062500
486.385132     37277.1953125000
486.737274     37748.1601562500
487.089325     38830.0429687500
487.441376     39612.0195312500
487.793396     41515.8671875000
488.145386     42708.8281250000
488.497284     43337.5195312500
488.849182     43288.6445312500
489.201019     43573.0000000000
489.552826     44577.1289062500
489.904572     45554.6015625000
490.256317     46321.0273437500
490.608002     47036.3593750000
490.959656     46489.8632812500
491.311249     46356.5703125000
491.662811     46414.3320312500
492.014343     45170.2773437500
492.365814     45199.1562500000
492.717285     45601.2539062500
493.068665     46572.0585937500
493.420044     46212.1718750000
493.771362     46736.4531250000
494.122650     47249.6250000000
494.473877     47289.6132812500
494.825104     48180.4453125000
495.176270     48662.5156250000
495.527374     48833.5703125000
495.878479     48444.8046875000
496.229492     48169.3359375000
496.580536     48975.7500000000
496.931458     48678.0664062500
497.282379     49555.5664062500
497.633270     49511.1367187500
497.984131     49340.0781250000
498.334900     48404.8164062500
498.685669     47964.9570312500
499.036377     48064.9257812500
499.387115     48093.8046875000
499.737701     48593.6484375000
500.088318     48764.7031250000
500.438904     47951.6250000000
500.789429     47700.5937500000
501.139893     47227.4101562500
501.490295     47322.9335937500
501.840729     46736.4531250000
502.191040     46891.9570312500
502.541382     47280.7265625000
502.891663     48064.9257812500
503.241913     48551.4375000000
503.592133     48673.6210937500
503.942322     48073.8085937500
504.292358     47538.4218750000
504.642395     47960.5117187500
504.992432     48658.0703125000
505.342468     49086.8242187500
505.692413     49731.0664062500
506.042358     50410.8554687500
506.392242     50797.4023437500
506.742035     50535.2617187500
507.091858     49931.0039062500
507.441528     50335.3242187500
507.791290     49677.7500000000
508.140961     49304.5351562500
508.490601     49571.1171875000
508.840210     49942.1132812500
509.189697     50324.2148437500
509.539215     50741.8632812500
509.888641     50588.5781250000
510.238098     50059.8554687500
510.587494     50208.6953125000
510.936859     50528.5976562500
511.286194     50650.7812500000
511.635498     51288.3593750000
511.984650     51839.2968750000
512.333862     51095.0859375000
512.682922     50510.8242187500
513.032043     50426.4062500000
513.381104     50790.7343750000
513.730164     50119.8359375000
514.079163     49953.2226562500
514.428040     50048.7460937500
514.776978     49975.4375000000
515.125793     50408.6328125000
515.474609     50608.5703125000
515.823425     50839.6093750000
516.172180     50857.3828125000
516.520813     49739.9531250000
516.869568     47660.6054687500
517.218079     45963.3593750000
517.566650     46272.1523437500
517.915161     47038.5781250000
518.263672     47214.0781250000
518.612183     47409.5742187500
518.960571     47511.7656250000
519.308899     48815.8007812500
519.657227     48984.6367187500
520.005554     50570.8046875000
520.353699     50759.6328125000
520.701904     50608.5703125000
521.050110     51250.5898437500
521.398254     51217.2695312500
521.746338     51448.3085937500
522.094421     52105.8789062500
522.442383     51659.3515625000
522.790222     51448.3085937500
523.138184     51201.7187500000
523.486145     51023.9960937500
523.833984     51528.2812500000
524.181763     52354.6914062500
524.529541     52345.8046875000
524.877197     52710.1328125000
525.224915     52225.8398437500
525.572449     52136.9804687500
525.920105     52439.1093750000
526.267639     51799.3085937500
526.615173     50246.4609375000
526.962646     49375.6250000000
527.309998     49311.1992187500
527.657410     49137.9218750000
528.004700     50481.9453125000
528.351990     50821.8359375000
528.699280     51606.0351562500
529.046509     51905.9414062500
529.393677     52805.6601562500
529.740845     52285.8242187500
530.087891     52276.9375000000
530.434998     52252.5000000000
530.781921     52723.4648437500
531.128906     52992.2695312500
531.475891     52954.5000000000
531.822815     52719.0195312500
532.169617     52436.8867187500
532.516418     51630.4726562500
532.863159     51081.7539062500
533.209839     50888.4843750000
533.556580     51130.6289062500
533.903198     51259.4765625000
534.249817     51437.1992187500
534.596436     51577.1562500000
534.942932     51614.9218750000
535.289368     51790.4218750000
535.635803     52374.6835937500
535.982178     52425.7773437500
536.328552     52701.2460937500
536.674805     51717.1132812500
537.021118     51266.1406250000
537.367371     51059.5390625000
537.713501     51479.4101562500
538.059692     51492.7382812500
538.405701     51748.2148437500
538.751831     51550.4960937500
539.097839     51348.3398437500
539.443787     51181.7226562500
539.789734     50864.0468750000
540.135620     50264.2343750000
540.481506     49733.2890625000
540.827209     49706.6328125000
541.173035     49573.3398437500
541.518799     49984.3203125000
541.864502     50264.2343750000
542.210144     51075.0898437500
542.555786     50344.2109375000
542.901245     50615.2343750000
543.246826     50270.8984375000
543.592285     50475.2812500000
543.937683     50670.7734375000
544.283142     51117.3007812500
544.628479     51090.6406250000
544.973816     50712.9843750000
545.319031     51252.8125000000
545.664307     51232.8203125000
546.009399     50459.7304687500
546.354614     51155.0664062500
546.699707     50792.9570312500
547.044739     50601.9062500000
547.389832     50855.1601562500
547.734802     50410.8554687500
548.079712     49855.4726562500
548.424622     50175.3750000000
548.769409     50004.3164062500
549.114258     50242.0195312500
549.459045     50388.6406250000
549.803772     50672.9960937500
550.148499     50535.2617187500
550.493103     51046.2109375000
550.837708     50250.9062500000
551.182190     50133.1640625000
551.526733     50208.6953125000
551.871216     50495.2734375000
552.215698     50510.8242187500
552.560120     50650.7812500000
552.904480     49999.8710937500
553.248718     50006.5390625000
553.592957     49997.6523437500
553.937195     50235.3554687500
554.281372     49919.8984375000
554.625549     49984.3203125000
554.969666     50535.2617187500
555.313721     50410.8554687500
555.657654     50286.4492187500
556.001709     50017.6445312500
556.345581     49748.8398437500
556.689514     49335.6367187500
557.033325     48611.4179687500
557.377197     48233.7617187500
557.720947     48424.8125000000
558.064575     48864.6718750000
558.408264     48715.8320312500
558.751892     47776.1250000000
559.095520     47240.7382812500
559.439087     46894.1796875000
559.782654     47107.4453125000
560.126099     47129.6601562500
560.469543     47282.9492187500
560.812927     47569.5234375000
561.156250     47285.1679687500
561.499512     47873.8710937500
561.842773     47389.5820312500
562.185974     47125.2187500000
562.529175     46880.8515625000
562.872314     47234.0742187500
563.215332     47176.3125000000
563.558472     47516.2070312500
563.901367     47020.8085937500
564.244385     46692.0234375000
564.587341     46754.2226562500
564.930237     46987.4843750000
565.273071     46776.4414062500
565.615845     46058.8867187500
565.958557     45503.5039062500
566.301331     45265.8007812500
566.643860     45359.1054687500
566.986511     45396.8710937500
567.329163     45830.0703125000
567.671692     46058.8867187500
568.014221     45232.4804687500
568.356628     43861.7968750000
568.699036     44381.6367187500
569.041321     44179.4765625000
569.383728     44381.6367187500
569.726013     44932.5742187500
570.068298     44739.3007812500
570.410461     44566.0234375000
570.752686     44061.7343750000
571.094727     43875.1289062500
571.436768     43421.9375000000
571.778809     43619.6523437500
572.120850     44397.1875000000
572.462769     44046.1835937500
572.804688     44765.9570312500
573.146606     44712.6406250000
573.488342     43835.1406250000
573.830139     44512.7031250000
574.171814     44366.0859375000
574.513550     44501.5976562500
574.855164     44212.8007812500
575.196838     43393.0546875000
575.538391     43390.8359375000
575.879883     42784.3593750000
576.221375     43079.8203125000
576.562744     43135.3593750000
576.904175     43026.5039062500
577.245483     44037.2968750000
577.586792     43821.8125000000
577.928101     43428.6015625000
578.269348     43350.8476562500
578.610535     42917.6484375000
578.951660     42597.7500000000
579.292664     42526.6601562500
579.633728     42875.4414062500
579.974792     42982.0742187500
580.315796     43590.7734375000
580.656677     43581.8867187500
580.997498     43128.6953125000
581.338379     43577.4414062500
581.679138     43555.2265625000
582.019897     43321.9687500000
582.360657     43555.2265625000
582.701294     43848.4687500000
583.041931     43779.6015625000
583.382507     44019.5273437500
583.723022     43819.5898437500
584.063538     43739.6132812500
584.403931     43726.2851562500
584.744385     43690.7421875000
585.084778     43526.3476562500
585.425110     43557.4492187500
585.765381     42462.2382812500
586.105591     42533.3242187500
586.445801     42120.1210937500
586.785889     42057.9179687500
587.125977     42713.2695312500
587.466064     42322.2812500000
587.806152     42659.9531250000
588.146118     42168.9960937500
588.486023     41535.8593750000
588.825928     40451.7578125000
589.165710     38963.3359375000
589.505554     37841.4648437500
589.845337     36695.1562500000
590.185120     37728.1679687500
590.524780     37994.7500000000
590.864441     38776.7265625000
591.203918     39729.7617187500
591.543518     39078.8554687500
591.882996     39612.0195312500
592.222473     39136.6132812500
592.561890     39640.8984375000
592.901306     39549.8164062500
593.240662     39492.0585937500
593.579895     39425.4101562500
593.919128     39594.2460937500
594.258301     39289.8984375000
594.597473     39089.9609375000
594.936646     38701.1953125000
595.275696     38539.0234375000
595.614807     38863.3671875000
595.953796     38967.7773437500
596.292725     39245.4687500000
596.631592     39067.7460937500
596.970398     38936.6757812500
597.309204     39072.1875000000
597.648010     38803.3828125000
597.986755     38856.7031250000
598.325500     38816.7148437500
598.664124     38881.1367187500
599.002686     38314.6484375000
599.341187     38425.7265625000
599.679749     38374.6289062500
600.018250     38214.6796875000
600.356628     38865.5859375000
600.695068     38130.2617187500
601.033386     38310.2070312500
601.371643     36257.5156250000
601.709900     36955.0742187500
602.048035     37357.1718750000
602.386292     37363.8359375000
602.724426     37512.6796875000
603.062500     37468.2460937500
603.400574     37763.7109375000
603.738525     37750.3828125000
604.076477     37996.9726562500
604.414307     37665.9648437500
604.752197     37839.2421875000
605.090027     37426.0390625000
605.427795     37072.8164062500
605.765564     37343.8437500000
606.103210     37532.6718750000
606.440857     37390.4960937500
606.778442     37161.6757812500
607.115967     36732.9218750000
607.453552     36824.0039062500
607.791016     37128.3554687500
608.128418     36428.5742187500
608.465820     36161.9921875000
608.803162     35844.3125000000
609.140442     36181.9843750000
609.477661     35491.0898437500
609.814880     36124.2265625000
610.152100     35695.4687500000
610.489258     35377.7929687500
610.826294     35148.9765625000
611.163269     35468.8750000000
611.500305     35424.4453125000
611.837219     35548.8515625000
612.174072     34775.7578125000
612.510986     34835.7421875000
612.847839     34829.0742187500
613.184570     35064.5585937500
613.521362     34831.2968750000
613.857971     34453.6367187500
614.194641     34300.3515625000
614.531189     33904.9218750000
614.867737     33858.2695312500
615.204285     34018.2187500000
615.540771     34431.4218750000
615.877197     33962.6796875000
616.213562     33329.5468750000
616.549927     33194.0312500000
616.886169     32911.8984375000
617.222351     33189.5898437500
617.558594     33320.6601562500
617.894775     33369.5351562500
618.230896     33798.2890625000
618.566956     34051.5429687500
618.902954     33927.1367187500
619.238953     33956.0156250000
619.574890     33856.0468750000
619.910767     33722.7578125000
620.246643     33793.8437500000
620.582458     34024.8828125000
620.918213     33522.8203125000
621.253967     33924.9140625000
621.589661     33904.9218750000
621.925232     33498.3828125000
622.260803     32827.4804687500
622.596375     33347.3164062500
622.931885     33180.7031250000
623.267334     32709.7402343750
623.602722     32720.8476562500
623.938110     32718.6269531250
624.273376     32627.5449218750
624.608643     32158.8027343750
624.943848     32178.7949218750
625.279114     31994.4101562500
625.614258     31681.1738281250
625.949341     31707.8320312500
626.284424     31730.0468750000
626.619446     31881.1113281250
626.954407     32085.4921875000
627.289307     31903.3261718750
627.624207     31194.6601562500
627.959045     31183.5527343750
628.293884     30650.3867187500
628.628601     30561.5253906250
628.963257     30668.1582031250
629.297913     30246.0683593750
629.632507     30992.5019531250
629.967102     30134.9921875000
630.301697     30070.5683593750
630.636169     30075.0117187500
630.970581     30470.4433593750
631.304993     30310.4921875000
631.639282     29610.7128906250
631.973572     29735.1171875000
632.307861     29972.8203125000
632.642090     29739.5605468750
632.976257     29624.0410156250
633.310425     30148.3222656250
633.644470     30008.3652343750
633.978516     29779.5488281250
634.312439     29739.5605468750
634.646423     29579.6113281250
634.980347     29946.1621093750
635.314209     29903.9531250000
635.648071     29744.0039062500
635.981812     29330.8007812500
636.315552     29604.0488281250
636.649170     29455.2050781250
636.982849     29452.9843750000
637.316406     29057.5527343750
637.649963     29639.5917968750
637.983521     29297.4765625000
638.317017     29568.5039062500
638.650391     29604.0488281250
638.983765     29597.3828125000
639.317078     29692.9082031250
639.650391     29139.7500000000
639.983643     29015.3437500000
640.316833     28999.7929687500
640.649963     28750.9824218750
640.983032     28546.6015625000
641.316101     28351.1074218750
641.649109     28240.0312500000
641.982056     28017.8789062500
642.315002     27944.5683593750
642.647888     28344.4433593750
642.980774     28282.2402343750
643.313538     28091.1894531250
643.646301     27882.3652343750
643.979004     28231.1445312500
644.311646     28113.4042968750
644.644226     27820.1621093750
644.976868     27886.8085937500
645.309387     27680.2070312500
645.641846     27769.0683593750
645.974243     27282.5546875000
646.306702     27384.7441406250
646.638977     27031.5214843750
646.971252     26578.3300781250
647.303528     26242.8808593750
647.635803     26580.5527343750
647.967957     26156.2402343750
648.300110     26176.2343750000
648.632141     26318.4121093750
648.964111     25898.5429687500
649.296082     25974.0761718750
649.628113     25258.7441406250
649.960022     25405.3652343750
650.291870     25320.9472656250
650.623718     25660.8398437500
650.955383     25994.0683593750
651.287109     26002.9550781250
651.618774     25571.9785156250
651.950378     25520.8847656250
652.281982     25445.3515625000
652.613586     25487.5605468750
652.945068     25531.9921875000
653.276489     25536.4355468750
653.607910     25587.5292968750
653.939209     25194.3203125000
654.270569     25367.5996093750
654.601807     24983.2753906250
654.933105     24694.4765625000
655.264221     24721.1347656250
655.595398     24319.0390625000
655.926453     23328.2382812500
656.257507     22013.0957031250
656.588440     21244.4472656250
656.919434     21124.4843750000
657.250366     21415.5058593750
657.581238     22099.7343750000
657.912048     22966.1308593750
658.242798     23294.9160156250
658.573486     23796.9804687500
658.904114     23750.3281250000
659.234802     23874.7343750000
659.565430     23750.3281250000
659.895996     24072.4492187500
660.226501     23876.9550781250
660.556946     23814.7519531250
660.887329     23928.0507812500
661.217712     24330.1464843750
661.547974     23819.1953125000
661.878296     23850.2968750000
662.208557     24112.4375000000
662.538757     24045.7910156250
662.868896     23908.0566406250
663.198975     23819.1953125000
663.528992     23719.2265625000
663.859009     23306.0234375000
664.188904     23234.9335937500
664.518860     23199.3906250000
664.848755     23070.5410156250
665.178589     23352.6757812500
665.508362     23457.0878906250
665.838013     23050.5488281250
666.167725     23132.7441406250
666.497375     22835.0605468750
666.826965     22903.9277343750
667.156494     22686.2167968750
667.486084     23032.7753906250
667.815552     22599.5781250000
668.144897     22421.8554687500
668.474304     22706.2109375000
668.803528     22561.8125000000
669.132813     22417.4140625000
669.462036     22148.6093750000
669.791260     22310.7792968750
670.120422     22472.9511718750
670.449463     21766.5058593750
670.778564     21937.5644531250
671.107544     21944.2285156250
671.436523     21673.2011718750
671.765381     21646.5429687500
672.094299     21488.8164062500
672.423157     21211.1250000000
672.751831     21297.7636718750
673.080627     21348.8593750000
673.409302     21240.0039062500
673.737976     21359.9667968750
674.066528     21148.9218750000
674.395081     21022.2949218750
674.723572     21226.6757812500
675.052002     20633.5273437500
675.380432     20984.5292968750
675.708801     20777.9277343750
676.037170     20880.1171875000
676.365417     20877.8964843750
676.693665     20475.8007812500
677.021851     20926.7695312500
677.349976     20518.0097656250
677.678040     20526.8945312500
678.006042     20204.7734375000
678.334106     20677.9589843750
678.662048     20418.0410156250
678.989929     20333.6230468750
679.317810     20122.5781250000
679.645630     20226.9882812500
679.973389     20078.1464843750
680.301086     19951.5195312500
680.628845     19975.9570312500
680.956482     19822.6718750000
681.283997     20095.9199218750
681.611572     19813.7851562500
681.939087     19569.4179687500
682.266541     19751.5820312500
682.593872     19753.8046875000
682.921265     19522.7656250000
683.248596     19313.9414062500
683.575806     19691.6015625000
683.903076     18998.4863281250
684.230286     18891.8515625000
684.557373     18907.4023437500
684.884399     18700.8007812500
685.211487     18703.0234375000
685.538513     18887.4101562500
685.865417     18782.9980468750
686.192261     18620.8261718750
686.519165     17976.5839843750
686.845947     16776.9609375000
687.172729     15388.5068359375
687.499451     14570.9853515625
687.826111     14615.4160156250
688.152771     14508.7822265625
688.479248     15017.5117187500
688.805847     15279.6523437500
689.132324     15219.6708984375
689.458801     15270.7656250000
689.785095     15401.8359375000
690.111511     15486.2539062500
690.437805     15539.5703125000
690.764038     15641.7607421875
691.090210     15866.1347656250
691.416443     16077.1796875000
691.742554     16281.5595703125
692.068604     16383.7500000000
692.394592     16199.3632812500
692.720581     16299.3320312500
693.046509     16243.7939453125
693.372375     16274.8955078125
693.698242     16063.8505859375
694.023987     15928.3369140625
694.349792     16032.7490234375
694.675476     15728.4003906250
695.001099     15652.8681640625
695.326721     15537.3486328125
695.652222     15717.2919921875
695.977783     15994.9833984375
696.303284     15974.9892578125
696.628723     16030.5273437500
696.954041     16090.5087890625
697.279358     16254.9013671875
697.604675     16319.3261718750
697.929871     16297.1103515625
698.255066     16239.3505859375
698.580200     16119.3886718750
698.905334     15868.3564453125
699.230286     15899.4570312500
699.555359     15455.1523437500
699.880310     15441.8232421875
700.205261     15548.4560546875
700.530029     15379.6201171875
700.854919     15299.6455078125
701.179688     15284.0947265625
701.504456     15195.2343750000
701.829102     15201.8984375000
702.153687     15108.5947265625
702.478271     15275.2089843750
702.802856     15146.3603515625
703.127319     15141.9169921875
703.451721     14988.6318359375
703.776123     15110.8164062500
704.100464     15173.0185546875
704.424805     15201.8984375000
704.749084     15499.5830078125
705.073303     15397.3925781250
705.397461     15150.8037109375
705.721558     15088.6005859375
706.045654     15079.7148437500
706.369690     15217.4492187500
706.693604     15328.5253906250
707.017578     15228.5566406250
707.341431     15044.1699218750
707.665283     15117.4804687500
707.989075     15057.4990234375
708.312805     15081.9365234375
708.636536     14975.3027343750
708.960144     14844.2333984375
709.283752     14999.7392578125
709.607361     14877.5556640625
709.930847     14815.3535156250
710.254333     14748.7070312500
710.577759     14708.7197265625
710.901062     14893.1064453125
711.224426     14644.2958984375
711.547668     14728.7138671875
711.870911     14553.2128906250
712.194153     14471.0166015625
712.517212     14484.3457031250
712.840332     14468.7949218750
713.163391     14248.8642578125
713.486389     14308.8457031250
713.809326     14224.4277343750
714.132202     13820.1093750000
714.455078     13853.4326171875
714.777893     14066.6992187500
715.100586     13644.6093750000
715.423401     13811.2236328125
715.746094     13620.1728515625
716.068604     13489.1025390625
716.391235     13295.8300781250
716.713745     13040.3544921875
717.036255     12360.5673828125
717.358643     11603.0273437500
717.681030     11487.5078125000
718.003418     10987.6650390625
718.325745     10594.4550781250
718.647888     10463.3847656250
718.970154     10125.7128906250
719.292297     10083.5039062500
719.614380     10034.6298828125
719.936401      9843.5791015625
720.258423      9654.7500000000
720.580383      9854.6865234375
720.902283     10125.7128906250
721.224182     10423.3974609375
721.545959     11052.0888671875
721.867737     11478.6220703125
722.189453     11616.3564453125
722.511169     11683.0019531250
722.832764     11698.5527343750
723.154419     11627.4638671875
723.475952     11167.6083984375
723.797424     10832.1582031250
724.118896     10701.0878906250
724.440247     10305.6562500000
724.761597     10307.8779296875
725.082886     10383.4101562500
725.404175     10170.1435546875
725.725342     10067.9531250000
726.046509     10147.9277343750
726.367615     10190.1367187500
726.688721     10256.7832031250
727.009644     10261.2255859375
727.330688     10232.3457031250
727.651611      9976.8710937500
727.972473      9925.7753906250
728.293274     10152.3710937500
728.614075     10034.6298828125
728.934814     10130.1562500000
729.255493      9874.6806640625
729.576172      9919.1113281250
729.896729      9741.3886718750
730.217285     10039.0732421875
730.537720      9936.8828125000
730.858215      9828.0283203125
731.178650      9881.3447265625
731.498962      9985.7568359375
731.819214      9863.5732421875
732.139526     10123.4912109375
732.459778     10305.6562500000
732.779846     10443.3906250000
733.100037     10298.9921875000
733.420105     10607.7841796875
733.740112     10723.3037109375
734.060059     10774.3984375000
734.380066     10956.5634765625
734.699890     10989.8867187500
735.019775     10852.1513671875
735.339478     10743.2968750000
735.659241     10685.5371093750
735.978943     10674.4296875000
736.298584     10638.8857421875
736.618164     10745.5185546875
736.937744     10594.4550781250
737.257263     10361.1943359375
737.576599     10583.3466796875
737.896057     10729.9677734375
738.215393     10645.5498046875
738.534729     10432.2832031250
738.853943     10276.7763671875
739.173157     10223.4599609375
739.492371     10365.6376953125
739.811523     10236.7890625000
740.130493     10050.1806640625
740.449524     10418.9541015625
740.768555     10310.0996093750
741.087463     10347.8652343750
741.406311     10343.4228515625
741.725159     10141.2636718750
742.043945     10165.7001953125
742.362610     10045.7382812500
742.681396     10085.7255859375
743.000061     10103.4980468750
743.318604      9927.9970703125
743.637146     10290.1054687500
743.955627     10205.6875000000
744.274109     10032.4091796875
744.592407      9967.9843750000
744.910828      9954.6552734375
745.229126      9801.3701171875
745.547424     10094.6113281250
745.865540     10027.9658203125
746.183777      9923.5537109375
746.501892      9748.0537109375
746.819946      9645.8632812500
747.137939      9694.7373046875
747.455872      9719.1738281250
747.773865      9792.4843750000
748.091736      9572.5527343750
748.409485      9652.5283203125
748.727295      9685.8505859375
749.045044      9623.6484375000
749.362671      9328.1855468750
749.680298      9465.9199218750
749.997925      9434.8183593750
750.315491      9288.1982421875
750.632874      9390.3876953125
750.950378      9228.2167968750
751.267822      9174.9003906250
751.585083      8906.0957031250
751.902405      8999.3994140625
752.219666      9112.6972656250
752.536865      9283.7548828125
752.854004      9066.0449218750
753.171082      9112.6972656250
753.488159      9050.4941406250
753.805176      8981.6269531250
754.122070      9010.5068359375
754.439026      9232.6601562500
754.755920      9179.3427734375
755.072693      9094.9248046875
755.389465      9123.8046875000
755.706177      9008.2851562500
756.022888      9030.5009765625
756.339478      9008.2851562500
756.656006      9014.9501953125
756.972595      8954.9687500000
757.289063      8979.4062500000
757.605408      8910.5380859375
757.921814      9026.0576171875
758.238159      8914.9814453125
758.554443      8950.5263671875
758.870667      8537.3222656250
759.186890      8406.2519531250
759.503052      7770.8959960938
759.819092      6911.1655273438
760.135132      5467.1743164063
760.451172      4407.5063476563
760.767029      3638.8586425781
761.082947      3245.6486816406
761.398804      3214.5473632813
761.714600      3745.4919433594
762.030396      4174.2460937500
762.346008      4640.7666015625
762.661682      4536.3549804688
762.977295      4425.2788085938
763.292908      4189.7968750000
763.608337      4247.5566406250
763.923828      4356.4111328125
764.239258      4387.5126953125
764.554626      4674.0893554688
764.869873      4971.7739257813
765.185181      5245.0214843750
765.500427      5396.0854492188
765.815491      5744.8647460938
766.130615      6058.0996093750
766.445740      6102.5302734375
766.760803      6520.1772460938
767.075745      6762.3232421875
767.390686      6944.4882812500
767.705566      7233.2866210938
768.020386      7446.5532226563
768.335144      7875.3076171875
768.649902      7670.9272460938
768.964539      7746.4589843750
769.279175      7682.0351562500
769.593750      7955.2827148438
769.908264      7748.6806640625
770.222839      8084.1308593750
770.537170      8035.2573242188
770.851624      8001.9345703125
771.165955      7937.5102539063
771.480286      7950.8393554688
771.794495      7913.0737304688
772.108704      7777.5605468750
772.422852      7926.4028320313
772.736938      7799.7758789063
773.050964      7755.3452148438
773.364990      7770.8959960938
773.678894      7746.4589843750
773.992798      7806.4404296875
774.306641      7595.3955078125
774.620422      7730.9086914063
774.934204      7722.0224609375
775.247864      7437.6669921875
775.561584      7706.4716796875
775.875183      7439.8886718750
776.188721      7517.6420898438
776.502197      7419.8950195313
776.815735      7362.1352539063
777.129150      7417.6733398438
777.442444      7559.8510742188
777.755737      7570.9584960938
778.069092      7377.6860351563
778.382324      7206.6284179688
778.695435      7346.5844726563
779.008545      7148.8686523438
779.321594      7006.6914062500
779.634644      7171.0839843750
779.947571      7157.7548828125
780.260498      7068.8940429688
780.573364      6957.8178710938
780.886169      6851.1845703125
781.198975      7020.0205078125
781.511719      6857.8491210938
781.824402      6840.0766601563
782.136963      6864.5136718750
782.449585      6797.8676757813
782.762146      6873.3999023438
783.074646      6868.9565429688
783.387024      6673.4624023438
783.699402      6624.5888671875
784.011719      6537.9492187500
784.324097      6537.9492187500
784.636230      6433.5375976563
784.948425      6651.2470703125
785.260620      6526.8417968750
785.572632      6422.4301757813
785.884644      6509.0693359375
786.196655      6446.8666992188
786.508667      6471.3037109375
786.820496      6235.8217773438
787.132324      6213.6064453125
787.444153      6209.1635742188
787.755859      6142.5175781250
788.067566      6253.5942382813
788.379211      6095.8657226563
788.690796      6071.4291992188
789.002319      6022.5556640625
789.313782      5900.3715820313
789.625305      5711.5419921875
789.936707      5718.2065429688
790.247986      5813.7319335938
790.559326      5933.6943359375
790.870605      5689.3266601563
791.181763      5802.6245117188
791.492920      5789.2954101563
791.803955      5689.3266601563
792.115051      5642.6748046875
792.426086      5553.8134765625
792.737000      5569.3642578125
793.047913      5358.3193359375
793.358765      5282.7875976563
793.669495      5467.1743164063
793.980347      5504.9399414063
794.291016      5449.4018554688
794.601685      5427.1865234375
794.912292      5273.9013671875
795.222778      5300.5595703125
795.533325      5338.3256835938
795.843811      5302.7812500000
796.154175      5145.0527343750
796.464539      5122.8374023438
796.774902      5173.9326171875
797.085022      5138.3881835938
797.395325      5193.9262695313
797.705505      5193.9262695313
798.015625      5116.1728515625
798.325623      5189.4833984375
798.635620      5140.6098632813
798.945618      5071.7426757813
799.255554      4942.8940429688
799.565369      4894.0205078125
799.875183      5011.7612304688
800.184998      4869.5839843750
800.494690      4834.0395507813
800.804321      4794.0517578125
801.113953      4758.5073242188
801.423462      4807.3808593750
801.732910      4867.3623046875
802.042419      4709.6337890625
802.351868      4754.0644531250
802.661255      4716.2983398438
802.970520      4802.9379882813
803.279785      4571.8994140625
803.588989      4734.0708007813
803.898193      4671.8681640625
804.207275      4656.3173828125
804.516357      4594.1147460938
804.825378      4509.6967773438
805.134277      4511.9179687500
805.443176      4520.8041992188
805.752136      4611.8867187500
806.060974      4507.4750976563
806.369629      4563.0131835938
806.678406      4438.6079101563
806.987061      4611.8867187500
807.295715      4594.1147460938
807.604187      4487.4814453125
807.912720      4514.1396484375
808.221191      4445.2724609375
808.529663      4403.0634765625
808.837952      4360.8544921875
809.146301      4465.2661132813
809.454590      4325.3100585938
809.762756      4256.4428710938
810.070923      4323.0883789063
810.379028      4225.3413085938
810.687073      4263.1074218750
810.995117      4280.8793945313
811.303040      4285.3227539063
811.611023      4196.4614257813
811.918884      4174.2460937500
812.226624      4016.5180664063
812.534424      3963.2014160156
812.842163      3967.6445312500
813.149719      3969.8659667969
813.457397      3796.5869140625
813.764954      3727.7197265625
814.072510      3669.9599609375
814.379883      3574.4343261719
814.687378      3383.3833007813
814.994690      3583.3205566406
815.302063      3370.0541992188
815.609314      3458.9150390625
815.916504      3381.1616210938
816.223694      3294.5222167969
816.530762      3265.6423339844
816.837830      3181.2243652344
817.144836      3214.5473632813
817.451843      3463.3581542969
817.758667      3221.2119140625
818.065552      3156.7875976563
818.372375      3254.5346679688
818.679138      3121.2431640625
818.985779      3243.4272460938
819.292480      3241.2055664063
819.599121      3401.1555175781
819.905701      3167.8952636719
820.212158      3318.9589843750
820.518616      3365.6110839844
820.825012      3332.2880859375
821.131348      3456.6936035156
821.437683      3438.9213867188
821.743896      3405.5983886719
822.050110      3454.4719238281
822.356262      3394.4909667969
822.662415      3125.6862792969
822.968445      2983.5085449219
823.274475      3019.0529785156
823.580322      2979.0656738281
823.886292      3087.9204101563
824.192200      3150.1230468750
824.497864      3172.3383789063
824.803711      3116.8002929688
825.109375      3216.7687988281
825.415039      3323.4020996094
825.720581      3270.0854492188
826.026184      3296.7436523438
826.331665      3132.3508300781
826.637146      3296.7436523438
826.942444      3318.9589843750
827.247803      3372.2756347656
827.553162      3261.1992187500
827.858398      3154.5661621094
828.163574      3181.2243652344
828.468750      3092.3632812500
828.773804      3156.7875976563
829.078796      3161.2307128906
829.383850      3050.1542968750
829.688782      3190.1105957031
829.993713      3114.5786132813
830.298462      3181.2243652344
830.603271      3147.9016113281
830.908020      3163.4521484375
831.212708      3085.6987304688
831.517273      3054.5974121094
831.821960      3083.4772949219
832.126465      3165.6738281250
832.430908      3023.4960937500
832.735352      3061.2619628906
833.039734      2961.2934570313
833.344116      3025.7175292969
833.648315      2987.9516601563
833.952576      2983.5085449219
834.256714      3085.6987304688
834.560913      3070.1481933594
834.864929      3030.1606445313
835.169006      3021.2746582031
835.472961      2959.0717773438
835.776917      3043.4897460938
836.080750      3045.7114257813
836.384583      2947.9643554688
836.688354      3107.9140625000
836.992004      3021.2746582031
837.295654      3139.0153808594
837.599365      3054.5974121094
837.902893      3119.0217285156
838.206360      3012.3884277344
838.509827      3094.5849609375
838.813293      2956.8503417969
839.116699      3047.9328613281
839.419922      3056.8190917969
839.723206      3036.8251953125
840.026428      3116.8002929688
840.329590      2956.8503417969
840.632690      3050.1542968750
840.935730      2992.3947753906
841.238708      2954.6289062500
841.541626      2992.3947753906
841.844543      3034.6037597656
842.147461      2881.3186035156
842.450256      2932.4135742188
842.752930      3041.2683105469
843.055664      2836.8879394531
843.358337      2974.6225585938
843.660889      2836.8879394531
843.963440      2901.3122558594
844.265930      2799.1220703125
844.568420      2861.3247070313
844.870728      2903.5336914063
845.173096      2894.6477050781
845.475403      2883.5400390625
845.777649      2750.2485351563
846.079834      2770.2421875000
846.381958      2879.0969238281
846.684021      2761.3562011719
846.986145      2812.4511718750
847.288025      2763.5776367188
847.589966      2674.7165527344
847.891846      2743.5839843750
848.193665      2736.9194335938
848.495483      2790.2358398438
848.797180      2801.3435058594
849.098877      2672.4951171875
849.400452      2705.8178710938
849.702026      2734.6977539063
850.003540      2568.0834960938
850.304993      2656.9443359375
850.606445      2599.1848144531
850.907776      2559.1972656250
851.209106      2528.0959472656
851.510315      2425.9057617188
851.811584      2614.7353515625
852.112671      2645.8366699219
852.413879      2536.9819335938
852.714844      2561.4187011719
853.015869      2490.3300781250
853.316833      2437.0134277344
853.617737      2521.4313964844
853.918579      2439.2348632813
854.219360      2483.6655273438
854.520142      2481.4438476563
854.820862      2370.3676757813
855.121399      2383.6967773438
855.421997      2465.8933105469
855.722595      2479.2224121094
856.023071      2323.7155761719
856.323486      2341.4877929688
856.623901      2343.7092285156
856.924255      2357.0385742188
857.224487      2412.5766601563
857.524719      2410.3549804688
857.824890      2410.3549804688
858.125000      2359.2600097656
858.425049      2474.7792968750
858.725098      2417.0197753906
859.025085      2370.3676757813
859.325012      2392.5830078125
859.624817      2334.8232421875
859.924683      2421.4626464844
860.224487      2385.9182128906
860.524170      2314.8295898438
860.823792      2345.9309082031
861.123474      2399.2475585938
861.422974      2343.7092285156
861.722412      2328.1586914063
862.021912      2254.8483886719
862.321350      2337.0446777344
862.620728      2277.0634765625
862.919983      2185.9809570313
863.219238      2183.7595214844
863.518433      2228.1899414063
863.817505      2254.8483886719
864.116638      2123.7783203125
864.415710      2179.3164062500
864.714722      2241.5190429688
865.013550      2181.5380859375
865.312439      2261.5129394531
865.611328      2301.5002441406
865.910156      2112.6706542969
866.208801      2119.3352050781
866.507507      2114.8920898438
866.806091      2012.7020263672
867.104614      2125.9997558594
867.403137      2099.3415527344
867.701660      2143.7719726563
868.000061      2101.5629882813
868.298401      2106.0061035156
868.596741      1997.1513671875
868.894958      2057.1325683594
869.193237      2061.5756835938
869.491333      2106.0061035156
869.789429      2121.5568847656
870.087524      2059.3540039063
870.385498      2086.0124511719
870.683411      2163.7658691406
870.981323      2103.7846679688
871.279236      2101.5629882813
871.576965      2050.4680175781
871.874695      2074.9047851563
872.172363      2165.9873046875
872.470032      2068.2402343750
872.767578      2097.1201171875
873.065125      2134.8859863281
873.362549      2037.1387939453
873.660034      2099.3415527344
873.957397      1981.6007080078
874.254700      1970.4930419922
874.552002      2028.2526855469
874.849182      2012.7020263672
875.146362      1857.1953125000
875.443481      2008.2590332031
875.740540      1948.2778320313
876.037476      1966.0500488281
876.334473      1959.3853759766
876.631348      1981.6007080078
876.928223      1970.4930419922
877.224976      1954.9423828125
877.521729      1897.1827392578
877.818420      2019.3665771484
878.115112      1903.8472900391
878.411621      2039.3603515625
878.708191      1939.3917236328
879.004700      1954.9423828125
879.301086      1912.7333984375
879.597473      1952.7208251953
879.893799      1888.2966308594
880.190063      1892.7396240234
880.486267      1948.2778320313
880.782471      1914.9549560547
881.078613      1897.1827392578
881.374695      1899.4042968750
881.670654      1910.5118408203
881.966614      1857.1953125000
882.262573      1781.6634521484
882.558350      1819.4293212891
882.854126      1823.8724365234
883.149902      1759.4481201172
883.445618      1830.5369873047
883.741211      1808.3216552734
884.036865      1866.0814208984
884.332336      1794.9925537109
884.627869      1792.7709960938
884.923218      1852.7521972656
885.218689      1839.4230957031
885.513977      1790.5494384766
885.809265      1777.2203369141
886.104492      1783.8848876953
886.399658      1759.4481201172
886.694763      1752.7835693359
886.989807      1788.3280029297
887.284790      1728.3468017578
887.579773      1814.9863281250
887.874695      1735.0113525391
888.169495      1774.9987792969
888.464355      1739.4544677734
888.759094      1806.1002197266
889.053772      1783.8848876953
889.348389      1728.3468017578
