0.014000
191.033081         0.0000000000
191.409973         0.0000000000
191.786819      1387.3898925781
192.163651      1396.6856689453
192.540451      1361.8266601563
192.917221      1408.3052978516
193.293961      1447.8122558594
193.670670      1440.8404541016
194.047348      1378.0942382813
194.423981      1415.2770996094
194.800613      1466.4038085938
195.177200      1412.9532470703
195.553757      1426.8968505859
195.930283      1368.7984619141
196.306778      1440.8404541016
196.683258      1443.1644287109
197.059677      1426.8968505859
197.436081      1443.1644287109
197.812454      1475.6994628906
198.188812      1415.2770996094
198.565125      1417.6010742188
198.941406      1468.7276611328
199.317673      1382.7420654297
199.693893      1410.6292724609
200.070099      1336.2633056641
200.446259      1380.4180908203
200.822388      1368.7984619141
201.198486      1366.4744873047
201.574570      1399.0096435547
201.950607      1357.1787109375
202.326614      1399.0096435547
202.702606      1410.6292724609
203.078568      1415.2770996094
203.454483      1394.3616943359
203.830383      1387.3898925781
204.206253      1405.9814453125
204.582077      1415.2770996094
204.957870      1389.7138671875
205.333633      1375.7702636719
205.709396      1382.7420654297
206.085098      1429.2208251953
206.460785      1412.9532470703
206.836426      1378.0942382813
207.212051      1422.2490234375
207.587646      1401.3334960938
207.963196      1361.8266601563
208.338730      1443.1644287109
208.714218      1419.9250488281
209.089691      1431.5446777344
209.465134      1394.3616943359
209.840530      1389.7138671875
210.215897      1412.9532470703
210.591263      1336.2633056641
210.966583      1340.9112548828
211.341858      1429.2208251953
211.717102      1436.1926269531
212.092331      1396.6856689453
212.467529      1417.6010742188
212.842697      1426.8968505859
213.217819      1385.0660400391
213.592926      1436.1926269531
213.968002      1452.4600830078
214.343018      1410.6292724609
214.718033      1396.6856689453
215.093018      1317.6718750000
215.467972      1361.8266601563
215.842880      1329.2915039063
216.217773      1438.5164794922
216.592636      1431.5446777344
216.967453      1392.0378417969
217.342255      1322.3197021484
217.717026      1424.5728759766
218.091766      1426.8968505859
218.466446      1392.0378417969
218.841125      1345.5590820313
219.215759      1354.8548583984
219.590378      1359.5026855469
219.964966      1394.3616943359
220.339508      1308.3760986328
220.714020      1385.0660400391
221.088516      1380.4180908203
221.462967      1389.7138671875
221.837402      1347.8830566406
222.211792      1380.4180908203
222.586166      1380.4180908203
222.960510      1380.4180908203
223.334793      1424.5728759766
223.709061      1412.9532470703
224.083313      1401.3334960938
224.457520      1403.6574707031
224.831696      1385.0660400391
225.205856      1478.0234375000
225.579987      1403.6574707031
225.954056      1408.3052978516
226.328110      1336.2633056641
226.702148      1347.8830566406
227.076126      1412.9532470703
227.450104      1336.2633056641
227.824036      1412.9532470703
228.197937      1385.0660400391
228.571823      1317.6718750000
228.945648      1412.9532470703
229.319473      1410.6292724609
229.693237      1389.7138671875
230.066986      1399.0096435547
230.440704      1415.2770996094
230.814392      1371.1223144531
231.188034      1389.7138671875
231.561661      1412.9532470703
231.935257      1375.7702636719
232.308823      1392.0378417969
232.682343      1380.4180908203
233.055847      1336.2633056641
233.429321      1422.2490234375
233.802750      1333.9394531250
234.176147      1366.4744873047
234.549530      1354.8548583984
234.922882      1422.2490234375
235.296188      1424.5728759766
235.669464      1394.3616943359
236.042725      1415.2770996094
236.415924      1326.9675292969
236.789139      1424.5728759766
237.162292      1385.0660400391
237.535416      1410.6292724609
237.908508      1324.6436767578
238.281570      1426.8968505859
238.654617      1361.8266601563
239.027618      1361.8266601563
239.400574      1392.0378417969
239.773514      1303.7282714844
240.146423      1373.4462890625
240.519302      1415.2770996094
240.892136      1361.8266601563
241.264969      1394.3616943359
241.637726      1410.6292724609
242.010498      1429.2208251953
242.383209      1473.3756103516
242.755905      1445.4882812500
243.128555      1375.7702636719
243.501190      1447.8122558594
243.873779      1368.7984619141
244.246353      1394.3616943359
244.618866      1387.3898925781
244.991379      1408.3052978516
245.363861      1347.8830566406
245.736282      1347.8830566406
246.108688      1392.0378417969
246.481079      1422.2490234375
246.853409      1443.1644287109
247.225723      1375.7702636719
247.598007      1371.1223144531
247.970261      1394.3616943359
248.342468      1324.6436767578
248.714645      1394.3616943359
249.086823      1415.2770996094
249.458954      1405.9814453125
249.831024      1359.5026855469
250.203094      1354.8548583984
250.575134      1429.2208251953
250.947113      1415.2770996094
251.319092      1375.7702636719
251.691025      1399.0096435547
252.062912      1354.8548583984
252.434784      1324.6436767578
252.806641      1396.6856689453
253.178452      1436.1926269531
253.550232      1308.3760986328
253.921967      1380.4180908203
254.293686      1438.5164794922
254.665359      1382.7420654297
255.037003      1396.6856689453
255.408630      1394.3616943359
255.780228      1371.1223144531
256.151764      1426.8968505859
256.523285      1447.8122558594
256.894806      1354.8548583984
257.266235      1375.7702636719
257.637695      1417.6010742188
258.009064      1299.0803222656
258.380432      1371.1223144531
258.751770      1378.0942382813
259.123077      1380.4180908203
259.494385      1366.4744873047
259.865601      1368.7984619141
260.236816      1394.3616943359
260.607941      1389.7138671875
260.979126      1429.2208251953
261.350220      1347.8830566406
261.721344      1429.2208251953
262.092346      1313.0239257813
262.463379      1322.3197021484
262.834351      1410.6292724609
263.205292      1324.6436767578
263.576233      1313.0239257813
263.947144      1424.5728759766
264.317993      1350.2069091797
264.688812      1368.7984619141
265.059631      1387.3898925781
265.430359      1417.6010742188
265.801117      1359.5026855469
266.171783      1415.2770996094
266.542450      1387.3898925781
266.913086      1429.2208251953
267.283691      1466.4038085938
267.654266      1410.6292724609
268.024811      1375.7702636719
268.395325      1389.7138671875
268.765778      1387.3898925781
269.136230      1405.9814453125
269.506653      1350.2069091797
269.877045      1401.3334960938
270.247375      1389.7138671875
270.617676      1401.3334960938
270.987946      1438.5164794922
271.358246      1443.1644287109
271.728424      1336.2633056641
272.098633      1366.4744873047
272.468781      1345.5590820313
272.838867      1412.9532470703
273.209015      1371.1223144531
273.579041      1403.6574707031
273.949066      1410.6292724609
274.319061      1345.5590820313
274.689056      1278.1649169922
275.058960      1408.3052978516
275.428864      1340.9112548828
275.798737      1375.7702636719
276.168579      1412.9532470703
276.538361      1350.2069091797
276.908142      1405.9814453125
277.277832      1385.0660400391
277.647583      1345.5590820313
278.017242      1399.0096435547
278.386902      1354.8548583984
278.756500      1436.1926269531
279.126038      1410.6292724609
279.495636      1373.4462890625
279.865143      1468.7276611328
280.234619      1433.8686523438
280.604065      1340.9112548828
280.973450      1394.3616943359
281.342834      1410.6292724609
281.712189      1410.6292724609
282.081512      1436.1926269531
282.450836      1368.7984619141
282.820038      1415.2770996094
283.189270      1343.2351074219
283.558502      1326.9675292969
283.927612      1385.0660400391
284.296722      1345.5590820313
284.665863      1410.6292724609
285.034912      1366.4744873047
285.403931      1405.9814453125
285.772919      1433.8686523438
286.141876      1408.3052978516
286.510834      1457.1080322266
286.879730      1403.6574707031
287.248596      1443.1644287109
287.617401      1403.6574707031
287.986206      1408.3052978516
288.354950      1359.5026855469
288.723724      1412.9532470703
289.092407      1403.6574707031
289.461060      1415.2770996094
289.829742      1452.4600830078
290.198334      1405.9814453125
290.566925      1313.0239257813
290.935455      1424.5728759766
291.303925      1408.3052978516
291.672394      1368.7984619141
292.040894      1408.3052978516
292.409271      1347.8830566406
292.777679      1385.0660400391
293.145996      1412.9532470703
293.514313      1403.6574707031
293.882599      1378.0942382813
294.250824      1410.6292724609
294.619049      1426.8968505859
294.987244      1338.5872802734
295.355377      1440.8404541016
295.723480      1424.5728759766
296.091614      1301.4042968750
296.459625      1392.0378417969
296.827667      1375.7702636719
297.195648      1319.9957275391
297.563599      1359.5026855469
297.931488      1350.2069091797
298.299408      1347.8830566406
298.667267      1431.5446777344
299.035095      1396.6856689453
299.402893      1387.3898925781
299.770599      1401.3334960938
300.138367      1429.2208251953
300.506042      1410.6292724609
300.873718      1417.6010742188
301.241333      1405.9814453125
301.608917      1364.1505126953
301.976471      1385.0660400391
302.344025      1357.1787109375
302.711487      1405.9814453125
303.078979      1424.5728759766
303.446411      1380.4180908203
303.813782      1368.7984619141
304.181183      1259.5734863281
304.548492      1317.6718750000
304.915771      1405.9814453125
305.283051      1359.5026855469
305.650299      1419.9250488281
306.017456      1389.7138671875
306.384644      1405.9814453125
306.751770      1410.6292724609
307.118896      1426.8968505859
307.485962      1429.2208251953
307.852966      1350.2069091797
308.219971      1405.9814453125
308.586945      1399.0096435547
308.953888      1433.8686523438
309.320801      1366.4744873047
309.687653      1399.0096435547
310.054504      1415.2770996094
310.421326      1431.5446777344
310.788086      1396.6856689453
311.154846      1468.7276611328
311.521515      1373.4462890625
311.888184      1385.0660400391
312.254822      1440.8404541016
312.621429      1426.8968505859
312.988007      1440.8404541016
313.354553      1361.8266601563
313.721039      1373.4462890625
314.087494      1396.6856689453
314.453949      1352.5308837891
314.820343      1403.6574707031
315.186737      1333.9394531250
315.553101      1322.3197021484
315.919373      1405.9814453125
316.285645      1433.8686523438
316.651886      1322.3197021484
317.018066      1408.3052978516
317.384308      1378.0942382813
317.750427      1394.3616943359
318.116516      1445.4882812500
318.482574      1324.6436767578
318.848633      1396.6856689453
319.214661      1431.5446777344
319.580627      1438.5164794922
319.946564      1394.3616943359
320.312439      1338.5872802734
320.678314      1419.9250488281
321.044159      1385.0660400391
321.410004      1350.2069091797
321.775757      1408.3052978516
322.141510      1368.7984619141
322.507202      1457.1080322266
322.872894      1345.5590820313
323.238525      1338.5872802734
323.604156      1343.2351074219
323.969696      1375.7702636719
324.335266      1433.8686523438
324.700745      1347.8830566406
325.066223      1450.1362304688
325.431702      1371.1223144531
325.797089      1452.4600830078
326.162445      1419.9250488281
326.527802      1373.4462890625
326.893097      1459.4320068359
327.258362      1361.8266601563
327.623657      1359.5026855469
327.988861      1392.0378417969
328.353973      1489.6430664063
328.719116      1399.0096435547
329.084259      1389.7138671875
329.449341      1445.4882812500
329.814392      1354.8548583984
330.179352      1331.6154785156
330.544312      1343.2351074219
330.909241      1447.8122558594
331.274170      1405.9814453125
331.639069      1422.2490234375
332.003906      1338.5872802734
332.368713      1412.9532470703
332.733459      1415.2770996094
333.098206      1380.4180908203
333.462921      1412.9532470703
333.827606      1417.6010742188
334.192230      1410.6292724609
334.556824      1375.7702636719
334.921356      1352.5308837891
335.285919      1366.4744873047
335.650452      1443.1644287109
336.014893      1366.4744873047
336.379333      1415.2770996094
336.743744      1329.2915039063
337.108124      1385.0660400391
337.472443      1394.3616943359
337.836731      1331.6154785156
338.201019      1368.7984619141
338.565247      1368.7984619141
338.929413      1389.7138671875
339.293579      1382.7420654297
339.657776      1385.0660400391
340.021851      1333.9394531250
340.385895      1450.1362304688
340.749908      1299.0803222656
341.113922      1359.5026855469
341.477875      1464.0798339844
341.841827      1399.0096435547
342.205688      1480.3474121094
342.569580      1392.0378417969
342.933380      1399.0096435547
343.297211      1459.4320068359
343.660950      1403.6574707031
344.024658      1394.3616943359
344.388367      1315.3479003906
344.752014      1380.4180908203
345.115601      1396.6856689453
345.479218      1359.5026855469
345.842804      1382.7420654297
346.206299      1394.3616943359
346.569763      1392.0378417969
346.933228      1410.6292724609
347.296661      1368.7984619141
347.660034      1396.6856689453
348.023407      1424.5728759766
348.386719      1480.3474121094
348.750000      1478.0234375000
349.113220      1399.0096435547
349.476471      1401.3334960938
349.839661      1450.1362304688
350.202820      1350.2069091797
350.565887      1429.2208251953
350.928955      1410.6292724609
351.292023      1399.0096435547
351.655029      1359.5026855469
352.018036      1452.4600830078
352.380981      1417.6010742188
352.743866      1364.1505126953
353.106720      1464.0798339844
353.469574      1415.2770996094
353.832397      1422.2490234375
354.195160      1396.6856689453
354.557892      1375.7702636719
354.920593      1396.6856689453
355.283234      1417.6010742188
355.645905      1382.7420654297
356.008514      1364.1505126953
356.371094      1389.7138671875
356.733612      1436.1926269531
357.096100      1405.9814453125
357.458588      1366.4744873047
357.820984      1366.4744873047
358.183411      1343.2351074219
358.545746      1392.0378417969
358.908081      1368.7984619141
359.270355      1322.3197021484
359.632629      1419.9250488281
359.994873      1359.5026855469
360.357056      1387.3898925781
360.719208      1368.7984619141
361.081329      1454.7840576172
361.443420      1373.4462890625
361.805481      1378.0942382813
362.167511      1392.0378417969
362.529480      1396.6856689453
362.891418      1357.1787109375
363.253326      1364.1505126953
363.615234      1385.0660400391
363.977081      1299.0803222656
364.338867      1368.7984619141
364.700653      1354.8548583984
365.062378      1378.0942382813
365.424103      1375.7702636719
365.785767      1364.1505126953
366.147430      1389.7138671875
366.509033      1371.1223144531
366.870605      1368.7984619141
367.232117      1405.9814453125
367.593628      1410.6292724609
367.955109      1417.6010742188
368.316559      1412.9532470703
368.677917      1389.7138671875
369.039307      1399.0096435547
369.400635      1433.8686523438
369.761902      1382.7420654297
370.123199      1352.5308837891
370.484436      1364.1505126953
370.845581      1417.6010742188
371.206726      1371.1223144531
371.567871      1433.8686523438
371.928955      1387.3898925781
372.290039      1352.5308837891
372.651062      1338.5872802734
373.011993      1401.3334960938
373.372955      1436.1926269531
373.733887      1326.9675292969
374.094788      1450.1362304688
374.455627      1422.2490234375
374.816406      1354.8548583984
375.177185      1438.5164794922
375.537903      1357.1787109375
375.898651      1408.3052978516
376.259338      1387.3898925781
376.619965      1468.7276611328
376.980530      1417.6010742188
377.341095      1368.7984619141
377.701660      1487.3192138672
378.062134      1405.9814453125
378.422607      1373.4462890625
378.783020      1317.6718750000
379.143402      1347.8830566406
379.503784      1338.5872802734
379.864105      1419.9250488281
380.224396      1440.8404541016
380.584656      1410.6292724609
380.944855      1417.6010742188
381.305054      1357.1787109375
381.665192      1324.6436767578
382.025299      1405.9814453125
382.385406      1357.1787109375
382.745453      1340.9112548828
383.105438      1357.1787109375
383.465424      1385.0660400391
383.825348      1401.3334960938
384.185272      1419.9250488281
384.545135      1359.5026855469
384.904968      1457.1080322266
385.264771      1347.8830566406
385.624512      1450.1362304688
385.984253      1466.4038085938
386.343964      1464.0798339844
386.703613      1429.2208251953
387.063232      1396.6856689453
387.422821      1447.8122558594
387.782379      1352.5308837891
388.141907      1361.8266601563
388.501404      1440.8404541016
388.860840      1371.1223144531
389.220215      1410.6292724609
389.579620      1408.3052978516
389.938995      1403.6574707031
390.298279      1396.6856689453
390.657562      1382.7420654297
391.016785      1461.7558593750
391.376007      1373.4462890625
391.735168      1450.1362304688
392.094299      1378.0942382813
392.453430      1440.8404541016
392.812469      1447.8122558594
393.171478      1338.5872802734
393.530457      1422.2490234375
393.889435      1382.7420654297
394.248383      1373.4462890625
394.607269      1382.7420654297
394.966125      1417.6010742188
395.324921      1436.1926269531
395.683655      1394.3616943359
396.042419      1447.8122558594
396.401154      1401.3334960938
396.759827      1440.8404541016
397.118469      1445.4882812500
397.477051      1396.6856689453
397.835632      1343.2351074219
398.194153      1350.2069091797
398.552673      1389.7138671875
398.911163      1350.2069091797
399.269592      1415.2770996094
399.627960      1382.7420654297
399.986328      1399.0096435547
400.344666      1387.3898925781
400.702942      1412.9532470703
401.061188      1403.6574707031
401.419403      1399.0096435547
401.777588      1401.3334960938
402.135712      1422.2490234375
402.493835      1361.8266601563
402.851929      1433.8686523438
403.209961      1464.0798339844
403.567932      1301.4042968750
403.925903      1401.3334960938
404.283905      1408.3052978516
404.641754      1366.4744873047
404.999634      1306.0521240234
405.357452      1385.0660400391
405.715210      1403.6574707031
406.072998      1378.0942382813
406.430725      1480.3474121094
406.788422      1454.7840576172
407.146027      1399.0096435547
407.503662      1415.2770996094
407.861237      1433.8686523438
408.218781      1417.6010742188
408.576294      1417.6010742188
408.933777      1340.9112548828
409.291168      1431.5446777344
409.648590      1389.7138671875
410.005951      1403.6574707031
410.363312      1340.9112548828
410.720612      1350.2069091797
411.077820      1333.9394531250
411.435059      1415.2770996094
411.792267      1322.3197021484
412.149384      1336.2633056641
412.506531      1431.5446777344
412.863586      1361.8266601563
413.220642      1422.2490234375
413.577606      1405.9814453125
413.934601      1405.9814453125
414.291565      1394.3616943359
414.648468      1338.5872802734
415.005310      1401.3334960938
415.362122      1405.9814453125
415.718903      1371.1223144531
416.075684      1361.8266601563
416.432434      1366.4744873047
416.789093      1317.6718750000
417.145752      1415.2770996094
417.502350      1389.7138671875
417.858948      1380.4180908203
418.215485      1364.1505126953
418.571991      1387.3898925781
418.928467      1399.0096435547
419.284882      1392.0378417969
419.641266      1378.0942382813
419.997650      1357.1787109375
420.354004      1313.0239257813
420.710266      1468.7276611328
421.066528      1389.7138671875
421.422760      1382.7420654297
421.778931      1354.8548583984
422.135071      1450.1362304688
422.491211      1368.7984619141
422.847260      1354.8548583984
423.203308      1429.2208251953
423.559296      1405.9814453125
423.915283      1385.0660400391
424.271210      1326.9675292969
424.627136      1410.6292724609
424.982971      1450.1362304688
425.338776      1412.9532470703
425.694611      1380.4180908203
426.050323      1424.5728759766
426.406036      1422.2490234375
426.761749      1375.7702636719
427.117371      1410.6292724609
427.472961      1408.3052978516
427.828552      1357.1787109375
428.184113      1445.4882812500
428.539581      1452.4600830078
428.895050      1366.4744873047
429.250458      1415.2770996094
429.605865      1347.8830566406
429.961212      1466.4038085938
430.316559      1326.9675292969
430.671814      1424.5728759766
431.027069      1440.8404541016
431.382263      1417.6010742188
431.737457      1396.6856689453
432.092590      1436.1926269531
432.447723      1417.6010742188
432.802734      1415.2770996094
433.157776      1419.9250488281
433.512756      1422.2490234375
433.867706      1429.2208251953
434.222656      1429.2208251953
434.577545      1354.8548583984
434.932373      1368.7984619141
435.287201      1389.7138671875
435.641968      1392.0378417969
435.996704      1436.1926269531
436.351410      1357.1787109375
436.706085      1375.7702636719
437.060699      1431.5446777344
437.415283      1359.5026855469
437.769867      1345.5590820313
438.124420      1399.0096435547
438.478882      1364.1505126953
438.833313      1350.2069091797
439.187714      1408.3052978516
439.542084      1336.2633056641
439.896454      1364.1505126953
440.250732      1440.8404541016
440.605011      1313.0239257813
440.959229      1364.1505126953
441.313416      1408.3052978516
441.667572      1354.8548583984
442.021698      1331.6154785156
442.375793      1357.1787109375
442.729858      1280.4888916016
443.083832      1385.0660400391
443.437836      1422.2490234375
443.791748      1319.9957275391
444.145630      1364.1505126953
444.499542      1445.4882812500
444.853363      1438.5164794922
445.207123      1308.3760986328
445.560883      1424.5728759766
445.914612      1417.6010742188
446.268280      1392.0378417969
446.621918      1415.2770996094
446.975555      1378.0942382813
447.329132      1347.8830566406
447.682678      1417.6010742188
448.036133      1343.2351074219
448.389618      1357.1787109375
448.743042      1433.8686523438
449.096405      1359.5026855469
449.449799      1382.7420654297
449.803101      1380.4180908203
450.156372      1373.4462890625
450.509613      1431.5446777344
450.862823      1431.5446777344
451.216003      1380.4180908203
451.569122      1429.2208251953
451.922211      1313.0239257813
452.275269      1322.3197021484
452.628296      1410.6292724609
452.981293      1357.1787109375
453.334229      1405.9814453125
453.687134      1366.4744873047
454.040009      1429.2208251953
454.392853      1380.4180908203
454.745636      1299.0803222656
455.098419      1294.4324951172
455.451172      1396.6856689453
455.803864      1357.1787109375
456.156464      1359.5026855469
456.509125      1371.1223144531
456.861694      1324.6436767578
457.214264      1405.9814453125
457.566742      1299.0803222656
457.919220      1392.0378417969
458.271667      1361.8266601563
458.624023      1454.7840576172
458.976379      1375.7702636719
459.328705      1347.8830566406
459.681000      1399.0096435547
460.033234      1361.8266601563
460.385468      1445.4882812500
460.737610      1303.7282714844
461.089752      1310.7000732422
461.441864      1382.7420654297
461.793945      1347.8830566406
462.145996      1347.8830566406
462.497955      1336.2633056641
462.849884      1361.8266601563
463.201813      1399.0096435547
463.553680      1366.4744873047
463.905518      1385.0660400391
464.257355      1368.7984619141
464.609100      1401.3334960938
464.960815      1417.6010742188
465.312531      1450.1362304688
465.664185      1443.1644287109
466.015778      1380.4180908203
466.367371      1459.4320068359
466.718903      1389.7138671875
467.070435      1375.7702636719
467.421906      1392.0378417969
467.773346      1415.2770996094
468.124725      1347.8830566406
468.476074      1410.6292724609
468.827393      1433.8686523438
469.178680      1385.0660400391
469.529938      1340.9112548828
469.881134      1385.0660400391
470.232330      1401.3334960938
470.583435      1412.9532470703
470.934540      1366.4744873047
471.285614      1399.0096435547
471.636627      1394.3616943359
471.987610      1373.4462890625
472.338562      1419.9250488281
472.689453      1364.1505126953
473.040375      1403.6574707031
473.391205      1380.4180908203
473.741974      1352.5308837891
474.092773      1359.5026855469
474.443481      1424.5728759766
474.794159      1343.2351074219
475.144806      1392.0378417969
475.495422      1371.1223144531
475.846039      1357.1787109375
476.196533      1364.1505126953
476.547028      1282.8127441406
476.897522      1373.4462890625
477.247925      1364.1505126953
477.598328      1333.9394531250
477.948700      1361.8266601563
478.299011      1289.7845458984
478.649231      1429.2208251953
478.999481      1329.2915039063
479.349701      1378.0942382813
479.699829      1340.9112548828
480.049988      1373.4462890625
480.400055      1459.4320068359
480.750153      1401.3334960938
481.100128      1303.7282714844
481.450104      1329.2915039063
481.800049      1403.6574707031
482.149963      1394.3616943359
482.499786      1380.4180908203
482.849670      1371.1223144531
483.199432      1373.4462890625
483.549194      1380.4180908203
483.898926      1431.5446777344
484.248566      1354.8548583984
484.598206      1399.0096435547
484.947815      1401.3334960938
485.297394      1387.3898925781
485.646912      1412.9532470703
485.996399      1385.0660400391
486.345825      1471.0516357422
486.695282      1436.1926269531
487.044617      1352.5308837891
487.393951      1364.1505126953
487.743286      1394.3616943359
488.092529      1394.3616943359
488.441711      1387.3898925781
488.790955      1403.6574707031
489.140076      1429.2208251953
489.489197      1378.0942382813
489.838257      1405.9814453125
490.187286      1459.4320068359
490.536316      1368.7984619141
490.885254      1345.5590820313
491.234161      1447.8122558594
491.583069      1354.8548583984
491.931915      1396.6856689453
492.280731      1380.4180908203
492.629486      1322.3197021484
492.978210      1359.5026855469
493.326874      1319.9957275391
493.675568      1401.3334960938
494.024200      1464.0798339844
494.372742      1354.8548583984
494.721313      1331.6154785156
495.069824      1396.6856689453
495.418274      1371.1223144531
495.766724      1380.4180908203
496.115112      1361.8266601563
496.463470      1368.7984619141
496.811768      1375.7702636719
497.160034      1340.9112548828
497.508301      1343.2351074219
497.856506      1412.9532470703
498.204651      1401.3334960938
498.552765      1419.9250488281
498.900848      1357.1787109375
499.248901      1433.8686523438
499.596924      1364.1505126953
499.944885      1326.9675292969
500.292816      1403.6574707031
500.640778      1373.4462890625
500.988556      1415.2770996094
501.336426      1475.6994628906
501.684204      1450.1362304688
502.031952      1364.1505126953
502.379700      1371.1223144531
502.727295      1385.0660400391
503.074982      1394.3616943359
503.422546      1461.7558593750
503.770081      1366.4744873047
504.117615      1403.6574707031
504.465088      1431.5446777344
504.812561      1394.3616943359
505.159943      1443.1644287109
505.507294      1345.5590820313
505.854645      1396.6856689453
506.201904      1345.5590820313
506.549194      1352.5308837891
506.896332      1371.1223144531
507.243591      1412.9532470703
507.590698      1405.9814453125
507.937775      1392.0378417969
508.284912      1340.9112548828
508.631836      1387.3898925781
508.978851      1429.2208251953
509.325806      1389.7138671875
509.672699      1385.0660400391
510.019592      1336.2633056641
510.366364      1387.3898925781
510.713196      1443.1644287109
511.059937      1354.8548583984
511.406677      1412.9532470703
511.753326      1415.2770996094
512.099976      1443.1644287109
512.446594      1424.5728759766
512.793091      1405.9814453125
513.139648      1333.9394531250
513.486145      1445.4882812500
513.832520      1375.7702636719
514.179016      1452.4600830078
514.525269      1380.4180908203
514.871704      1412.9532470703
515.217957      1396.6856689453
515.564209      1415.2770996094
515.910522      1366.4744873047
516.256531      1431.5446777344
516.602783      1422.2490234375
516.948853      1401.3334960938
517.294922      1338.5872802734
517.640930      1396.6856689453
517.986877      1380.4180908203
518.332886      1317.6718750000
518.678711      1361.8266601563
519.024658      1368.7984619141
519.370422      1313.0239257813
519.716248      1387.3898925781
520.062073      1368.7984619141
520.407715      1329.2915039063
520.753418      1373.4462890625
521.099060      1392.0378417969
521.444580      1426.8968505859
521.790222      1405.9814453125
522.135681      1371.1223144531
522.481201      1359.5026855469
522.826660      1405.9814453125
523.172058      1415.2770996094
523.517395      1359.5026855469
523.862671      1447.8122558594
524.208069      1378.0942382813
524.553284      1359.5026855469
524.898438      1366.4744873047
525.243591      1394.3616943359
525.588745      1405.9814453125
525.933899      1433.8686523438
526.278931      1357.1787109375
526.623962      1336.2633056641
526.968872      1387.3898925781
527.313904      1412.9532470703
527.658813      1368.7984619141
528.003601      1322.3197021484
528.348450      1292.1085205078
528.693237      1371.1223144531
529.037964      1389.7138671875
529.382751      1350.2069091797
529.727356      1347.8830566406
530.072021      1415.2770996094
530.416626      1396.6856689453
530.761169      1392.0378417969
531.105652      1396.6856689453
531.450134      1380.4180908203
531.794617      1378.0942382813
532.138916      1368.7984619141
532.483337      1408.3052978516
532.827637      1364.1505126953
533.171936      1438.5164794922
533.516174      1389.7138671875
533.860352      1336.2633056641
534.204529      1364.1505126953
534.548645      1359.5026855469
534.892700      1364.1505126953
535.236816      1461.7558593750
535.580750      1399.0096435547
535.924744      1354.8548583984
536.268738      1440.8404541016
536.612549      1373.4462890625
536.956421      1436.1926269531
537.300232      1405.9814453125
537.644043      1350.2069091797
537.987671      1382.7420654297
538.331421      1399.0096435547
538.675049      1385.0660400391
539.018677      1431.5446777344
539.362305      1364.1505126953
539.705750      1471.0516357422
540.049316      1422.2490234375
540.392822      1322.3197021484
540.736145      1408.3052978516
541.079590      1338.5872802734
541.422913      1366.4744873047
541.766235      1399.0096435547
542.109436      1394.3616943359
542.452698      1382.7420654297
542.795898      1340.9112548828
543.138977      1433.8686523438
543.482178      1380.4180908203
543.825195      1410.6292724609
544.168213      1412.9532470703
544.511230      1375.7702636719
544.854187      1431.5446777344
545.197083      1466.4038085938
545.539917      1347.8830566406
545.882813      1343.2351074219
546.225586      1387.3898925781
546.568359      1389.7138671875
546.911133      1343.2351074219
547.253662      1368.7984619141
547.596436      1387.3898925781
547.938965      1424.5728759766
548.281494      1361.8266601563
548.624084      1373.4462890625
548.966492      1401.3334960938
549.308960      1373.4462890625
549.651367      1408.3052978516
549.993713      1401.3334960938
550.336060      1415.2770996094
550.678345      1373.4462890625
551.020630      1389.7138671875
551.362732      1410.6292724609
551.704956      1333.9394531250
552.047058      1389.7138671875
552.389160      1461.7558593750
552.731262      1392.0378417969
553.073181      1375.7702636719
553.415161      1410.6292724609
553.757080      1331.6154785156
554.098999      1401.3334960938
554.440857      1354.8548583984
554.782593      1371.1223144531
555.124390      1345.5590820313
555.466125      1361.8266601563
555.807800      1403.6574707031
556.149414      1364.1505126953
556.491089      1392.0378417969
556.832642      1350.2069091797
557.174133      1399.0096435547
557.515686      1338.5872802734
557.857117      1322.3197021484
558.198486      1333.9394531250
558.539917      1387.3898925781
558.881165      1405.9814453125
559.222534      1343.2351074219
559.563782      1429.2208251953
559.904968      1378.0942382813
560.246216      1389.7138671875
560.587280      1380.4180908203
560.928406      1461.7558593750
561.269470      1387.3898925781
561.610474      1354.8548583984
561.951477      1422.2490234375
562.292297      1359.5026855469
562.633301      1368.7984619141
562.974121      1387.3898925781
563.315002      1364.1505126953
563.655762      1433.8686523438
563.996460      1466.4038085938
564.337158      1424.5728759766
564.677795      1382.7420654297
565.018433      1396.6856689453
565.359009      1361.8266601563
565.699524      1359.5026855469
566.040100      1378.0942382813
566.380493      1336.2633056641
566.720947      1389.7138671875
567.061340      1380.4180908203
567.401611      1429.2208251953
567.742004      1415.2770996094
568.082153      1340.9112548828
568.422424      1419.9250488281
568.762634      1389.7138671875
569.102722      1389.7138671875
569.442810      1415.2770996094
569.782898      1389.7138671875
570.122986      1375.7702636719
570.462830      1333.9394531250
570.802856      1380.4180908203
571.142761      1375.7702636719
571.482605      1417.6010742188
571.822449      1345.5590820313
572.162170      1399.0096435547
572.501953      1345.5590820313
572.841675      1405.9814453125
573.181274      1378.0942382813
573.520996      1366.4744873047
573.860474      1433.8686523438
574.200073      1382.7420654297
574.539551      1315.3479003906
574.878967      1424.5728759766
575.218384      1454.7840576172
575.557739      1345.5590820313
575.897156      1392.0378417969
576.236450      1373.4462890625
576.575684      1368.7984619141
576.914856      1336.2633056641
577.254089      1440.8404541016
577.593262      1408.3052978516
577.932251      1410.6292724609
578.271362      1326.9675292969
578.610352      1431.5446777344
578.949341      1461.7558593750
579.288330      1385.0660400391
579.627197      1405.9814453125
579.966064      1392.0378417969
580.304871      1389.7138671875
580.643677      1361.8266601563
580.982483      1368.7984619141
581.321045      1382.7420654297
581.659790      1364.1505126953
581.998413      1373.4462890625
582.336914      1347.8830566406
582.675476      1436.1926269531
583.013916      1371.1223144531
583.352478      1361.8266601563
583.690796      1364.1505126953
584.029175      1371.1223144531
584.367493      1361.8266601563
584.705811      1426.8968505859
585.044128      1343.2351074219
585.382202      1319.9957275391
585.720459      1366.4744873047
586.058594      1394.3616943359
586.396667      1417.6010742188
586.734802      1322.3197021484
587.072693      1375.7702636719
587.410767      1375.7702636719
587.748657      1401.3334960938
588.086487      1392.0378417969
588.424316      1352.5308837891
588.762146      1401.3334960938
589.099976      1431.5446777344
589.437622      1408.3052978516
589.775391      1396.6856689453
590.113037      1405.9814453125
590.450623      1380.4180908203
590.788208      1394.3616943359
591.125671      1445.4882812500
591.463196      1329.2915039063
591.800659      1366.4744873047
592.138062      1392.0378417969
592.475464      1394.3616943359
592.812683      1336.2633056641
593.150024      1394.3616943359
593.487244      1401.3334960938
593.824402      1308.3760986328
594.161621      1389.7138671875
594.498657      1333.9394531250
594.835815      1422.2490234375
595.172852      1306.0521240234
595.509827      1357.1787109375
595.846741      1364.1505126953
596.183655      1380.4180908203
596.520630      1380.4180908203
596.857422      1361.8266601563
597.194214      1385.0660400391
597.530945      1471.0516357422
597.867615      1361.8266601563
598.204346      1361.8266601563
598.540955      1329.2915039063
598.877563      1410.6292724609
599.214111      1403.6574707031
599.550598      1389.7138671875
599.887085      1375.7702636719
600.223450      1331.6154785156
600.559937      1350.2069091797
600.896240      1417.6010742188
601.232544      1394.3616943359
601.568787      1345.5590820313
601.905029      1417.6010742188
602.241272      1440.8404541016
602.577271      1319.9957275391
602.913452      1399.0096435547
603.249512      1375.7702636719
603.585510      1273.5170898438
603.921509      1375.7702636719
604.257385      1322.3197021484
604.593323      1343.2351074219
604.929199      1424.5728759766
605.264954      1408.3052978516
605.600830      1436.1926269531
605.936462      1399.0096435547
606.272217      1426.8968505859
606.607849      1378.0942382813
606.943420      1410.6292724609
607.278992      1366.4744873047
607.614502      1424.5728759766
607.950012      1385.0660400391
608.285461      1417.6010742188
608.620850      1373.4462890625
608.956177      1375.7702636719
609.291504      1313.0239257813
609.626831      1375.7702636719
609.962036      1357.1787109375
610.297302      1387.3898925781
610.632446      1385.0660400391
610.967529      1368.7984619141
611.302673      1424.5728759766
611.637634      1422.2490234375
611.972656      1436.1926269531
612.307617      1382.7420654297
612.642517      1343.2351074219
612.977356      1382.7420654297
613.312195      1401.3334960938
613.646973      1310.7000732422
613.981750      1373.4462890625
614.316406      1426.8968505859
614.651062      1371.1223144531
614.985657      1436.1926269531
615.320313      1399.0096435547
615.654846      1454.7840576172
615.989319      1375.7702636719
616.323792      1394.3616943359
616.658203      1357.1787109375
616.992615      1438.5164794922
617.326904      1329.2915039063
617.661194      1417.6010742188
617.995483      1299.0803222656
618.329712      1329.2915039063
618.663940      1387.3898925781
618.997925      1436.1926269531
619.332092      1424.5728759766
619.666077      1380.4180908203
620.000061      1324.6436767578
620.334045      1343.2351074219
620.667969      1382.7420654297
621.001892      1345.5590820313
621.335632      1408.3052978516
621.669495      1373.4462890625
622.003296      1331.6154785156
622.336914      1454.7840576172
622.670654      1452.4600830078
623.004272      1357.1787109375
623.337891      1438.5164794922
623.671387      1447.8122558594
624.004883      1433.8686523438
624.338440      1457.1080322266
624.671753      1315.3479003906
625.005249      1412.9532470703
625.338562      1394.3616943359
625.671814      1396.6856689453
626.005066      1396.6856689453
626.338257      1415.2770996094
626.671509      1389.7138671875
627.004578      1361.8266601563
627.337708      1392.0378417969
627.670776      1424.5728759766
628.003723      1447.8122558594
628.336731      1389.7138671875
628.669556      1364.1505126953
629.002502      1354.8548583984
629.335327      1419.9250488281
629.668152      1364.1505126953
630.000916      1375.7702636719
630.333618      1385.0660400391
630.666321      1399.0096435547
630.998962      1403.6574707031
631.331482      1436.1926269531
631.664063      1419.9250488281
631.996521      1345.5590820313
632.329102      1303.7282714844
632.661499      1385.0660400391
632.993835      1392.0378417969
633.326172      1405.9814453125
633.658447      1396.6856689453
633.990784      1380.4180908203
634.322937      1359.5026855469
634.655212      1429.2208251953
634.987244      1461.7558593750
635.319397      1366.4744873047
635.651489      1382.7420654297
635.983398      1399.0096435547
636.315430      1345.5590820313
636.647278      1357.1787109375
636.979187      1426.8968505859
637.311035      1415.2770996094
637.642761      1447.8122558594
637.974609      1410.6292724609
638.306335      1380.4180908203
638.637939      1350.2069091797
638.969604      1361.8266601563
639.301147      1354.8548583984
639.632751      1412.9532470703
639.964233      1389.7138671875
640.295715      1375.7702636719
640.627075      1338.5872802734
640.958496      1352.5308837891
641.289917      1378.0942382813
641.621094      1359.5026855469
641.952393      1345.5590820313
642.283569      1436.1926269531
642.614746      1422.2490234375
642.945923      1399.0096435547
643.276917      1443.1644287109
643.608093      1438.5164794922
643.939026      1282.8127441406
644.269958      1375.7702636719
644.600891      1401.3334960938
644.931763      1401.3334960938
645.262634      1450.1362304688
645.593384      1443.1644287109
645.924133      1387.3898925781
646.254822      1385.0660400391
646.585510      1313.0239257813
646.916199      1301.4042968750
647.246704      1403.6574707031
647.577271      1394.3616943359
647.907715      1375.7702636719
648.238220      1357.1787109375
648.568665      1385.0660400391
648.898987      1394.3616943359
649.229309      1399.0096435547
649.559570      1429.2208251953
649.889832      1354.8548583984
650.220093      1361.8266601563
650.550171      1382.7420654297
650.880310      1429.2208251953
651.210388      1415.2770996094
651.540405      1431.5446777344
651.870422      1450.1362304688
652.200317      1399.0096435547
652.530273      1424.5728759766
652.860046      1371.1223144531
653.189941      1385.0660400391
653.519775      1401.3334960938
653.849426      1438.5164794922
654.179199      1382.7420654297
654.508789      1410.6292724609
654.838440      1412.9532470703
655.168030      1380.4180908203
655.497498      1361.8266601563
655.827026      1357.1787109375
656.156372      1326.9675292969
656.485840      1401.3334960938
656.815247      1405.9814453125
657.144470      1366.4744873047
657.473755      1340.9112548828
657.802979      1340.9112548828
658.132202      1359.5026855469
658.461243      1392.0378417969
658.790466      1403.6574707031
659.119507      1419.9250488281
659.448486      1375.7702636719
659.777527      1343.2351074219
660.106384      1447.8122558594
660.435242      1329.2915039063
660.764160      1405.9814453125
661.092896      1350.2069091797
661.421692      1387.3898925781
661.750427      1424.5728759766
662.079102      1368.7984619141
662.407715      1403.6574707031
662.736328      1410.6292724609
663.064880      1366.4744873047
663.393311      1368.7984619141
663.721802      1354.8548583984
664.050232      1382.7420654297
664.378601      1317.6718750000
664.706970      1461.7558593750
665.035217      1387.3898925781
665.363525      1431.5446777344
665.691650      1440.8404541016
666.019897      1382.7420654297
666.347961      1396.6856689453
666.676086      1389.7138671875
667.004150      1408.3052978516
667.332092      1392.0378417969
667.660095      1405.9814453125
667.987915      1329.2915039063
668.315796      1415.2770996094
668.643677      1392.0378417969
668.971436      1387.3898925781
669.299133      1401.3334960938
669.626892      1468.7276611328
669.954468      1443.1644287109
670.282104      1375.7702636719
670.609619      1392.0378417969
670.937256      1396.6856689453
671.264587      1405.9814453125
671.592163      1389.7138671875
671.919495      1385.0660400391
672.246887      1408.3052978516
672.574097      1366.4744873047
672.901489      1382.7420654297
673.228699      1419.9250488281
673.555847      1408.3052978516
673.882996      1471.0516357422
674.210022      1392.0378417969
674.537109      1368.7984619141
674.864136      1389.7138671875
675.191101      1426.8968505859
675.518005      1440.8404541016
675.844849      1366.4744873047
676.171692      1426.8968505859
676.498535      1433.8686523438
676.825256      1350.2069091797
677.151978      1354.8548583984
677.478577      1352.5308837891
677.805237      1419.9250488281
678.131836      1387.3898925781
678.458435      1431.5446777344
678.784851      1347.8830566406
679.111328      1385.0660400391
679.437744      1366.4744873047
679.764099      1419.9250488281
680.090454      1389.7138671875
680.416687      1440.8404541016
680.742920      1382.7420654297
681.069153      1361.8266601563
681.395203      1394.3616943359
681.721313      1429.2208251953
682.047485      1373.4462890625
682.373474      1408.3052978516
682.699402      1394.3616943359
683.025391      1466.4038085938
683.351196      1382.7420654297
683.677063      1326.9675292969
684.002930      1440.8404541016
684.328674      1392.0378417969
684.654358      1382.7420654297
684.980042      1361.8266601563
685.305603      1424.5728759766
685.631287      1378.0942382813
685.956787      1422.2490234375
686.282288      1443.1644287109
686.607788      1368.7984619141
686.933167      1361.8266601563
687.258545      1464.0798339844
687.583923      1382.7420654297
687.909180      1424.5728759766
688.234375      1345.5590820313
688.559631      1380.4180908203
688.884766      1359.5026855469
689.209839      1445.4882812500
689.534973      1338.5872802734
689.859924      1417.6010742188
690.184937      1373.4462890625
690.509827      1405.9814453125
690.834717      1447.8122558594
691.159668      1347.8830566406
691.484436      1389.7138671875
691.809204      1405.9814453125
692.133911      1396.6856689453
692.458557      1399.0096435547
692.783142      1368.7984619141
693.107849      1466.4038085938
693.432312      1403.6574707031
693.756836      1366.4744873047
694.081238      1417.6010742188
694.405701      1343.2351074219
694.730164      1412.9532470703
695.054443      1429.2208251953
695.378723      1364.1505126953
695.702942      1357.1787109375
696.027100      1461.7558593750
696.351257      1380.4180908203
696.675476      1326.9675292969
696.999512      1368.7984619141
697.323486      1457.1080322266
697.647461      1361.8266601563
697.971375      1280.4888916016
698.295349      1359.5026855469
698.619202      1375.7702636719
698.942993      1296.7564697266
699.266724      1375.7702636719
699.590393      1373.4462890625
699.914124      1438.5164794922
700.237793      1396.6856689453
700.561340      1403.6574707031
700.884949      1403.6574707031
701.208374      1443.1644287109
701.531860      1350.2069091797
701.855286      1387.3898925781
702.178650      1326.9675292969
702.501953      1343.2351074219
702.825195      1385.0660400391
703.148499      1371.1223144531
703.471680      1392.0378417969
703.794861      1359.5026855469
704.117981      1345.5590820313
704.440979      1338.5872802734
704.764038      1371.1223144531
705.086975      1450.1362304688
705.409851      1385.0660400391
705.732849      1361.8266601563
706.055664      1394.3616943359
706.378479      1484.9952392578
706.701233      1345.5590820313
707.023926      1387.3898925781
707.346619      1343.2351074219
707.669250      1350.2069091797
707.991821      1317.6718750000
708.314392      1357.1787109375
708.636841      1382.7420654297
708.959290      1357.1787109375
709.281738      1450.1362304688
709.604065      1364.1505126953
709.926392      1345.5590820313
710.248657      1403.6574707031
710.570862      1380.4180908203
710.893066      1401.3334960938
711.215210      1408.3052978516
711.537292      1322.3197021484
711.859314      1322.3197021484
712.181335      1352.5308837891
712.503357      1350.2069091797
712.825256      1415.2770996094
713.147156      1459.4320068359
713.468994      1429.2208251953
713.790771      1399.0096435547
714.112488      1385.0660400391
714.434143      1361.8266601563
714.755859      1380.4180908203
715.077515      1385.0660400391
715.399109      1361.8266601563
715.720581      1375.7702636719
716.042053      1380.4180908203
716.363525      1440.8404541016
716.684875      1340.9112548828
717.006287      1380.4180908203
717.327576      1364.1505126953
717.648804      1412.9532470703
717.969971      1408.3052978516
718.291260      1354.8548583984
718.612366      1336.2633056641
718.933411      1443.1644287109
719.254395      1412.9532470703
719.575439      1350.2069091797
719.896362      1340.9112548828
720.217285      1380.4180908203
720.538147      1426.8968505859
720.859009      1385.0660400391
721.179749      1322.3197021484
721.500488      1313.0239257813
721.821228      1466.4038085938
722.141785      1422.2490234375
722.462402      1412.9532470703
722.782959      1392.0378417969
723.103455      1417.6010742188
723.423950      1354.8548583984
723.744385      1415.2770996094
724.064758      1410.6292724609
724.385071      1429.2208251953
724.705322      1347.8830566406
725.025574      1408.3052978516
725.345825      1396.6856689453
725.665955      1408.3052978516
725.986023      1378.0942382813
726.306091      1426.8968505859
726.626099      1375.7702636719
726.946045      1473.3756103516
727.266052      1410.6292724609
727.585938      1410.6292724609
727.905762      1352.5308837891
728.225525      1392.0378417969
728.545288      1438.5164794922
728.864990      1373.4462890625
729.184692      1361.8266601563
729.504333      1403.6574707031
729.823853      1326.9675292969
730.143372      1329.2915039063
730.462891      1387.3898925781
730.782410      1357.1787109375
731.101746      1313.0239257813
731.421143      1459.4320068359
731.740417      1408.3052978516
732.059631      1378.0942382813
732.378845      1424.5728759766
732.698059      1410.6292724609
733.017212      1401.3334960938
733.336304      1392.0378417969
733.655273      1375.7702636719
733.974304      1359.5026855469
734.293335      1433.8686523438
734.612183      1336.2633056641
734.931030      1331.6154785156
735.249878      1366.4744873047
735.568665      1403.6574707031
735.887329      1410.6292724609
736.206055      1408.3052978516
736.524658      1394.3616943359
736.843262      1394.3616943359
737.161804      1405.9814453125
737.480286      1375.7702636719
737.798828      1405.9814453125
738.117249      1392.0378417969
738.435608      1357.1787109375
738.753906      1373.4462890625
739.072205      1371.1223144531
739.390442      1405.9814453125
739.708618      1373.4462890625
740.026733      1431.5446777344
740.344849      1410.6292724609
740.662903      1429.2208251953
740.980957      1380.4180908203
741.298889      1433.8686523438
741.616821      1412.9532470703
741.934692      1412.9532470703
742.252502      1443.1644287109
742.570313      1387.3898925781
742.888062      1464.0798339844
743.205750      1419.9250488281
743.523438      1389.7138671875
743.841003      1375.7702636719
744.158569      1415.2770996094
744.476074      1382.7420654297
744.793518      1401.3334960938
745.111023      1443.1644287109
745.428345      1405.9814453125
745.745728      1382.7420654297
746.062988      1352.5308837891
746.380249      1378.0942382813
746.697449      1403.6574707031
747.014648      1396.6856689453
747.331726      1378.0942382813
747.648804      1380.4180908203
747.965759      1322.3197021484
748.282776      1359.5026855469
748.599731      1396.6856689453
748.916626      1354.8548583984
749.233459      1371.1223144531
749.550232      1361.8266601563
749.867004      1443.1644287109
750.183655      1354.8548583984
750.500366      1443.1644287109
750.816956      1357.1787109375
751.133545      1429.2208251953
751.450073      1338.5872802734
751.766479      1392.0378417969
752.083008      1375.7702636719
752.399414      1343.2351074219
752.715698      1445.4882812500
753.032043      1364.1505126953
753.348328      1412.9532470703
753.664429      1375.7702636719
753.980713      1371.1223144531
754.296814      1340.9112548828
754.612854      1343.2351074219
754.928833      1385.0660400391
755.244873      1371.1223144531
755.560852      1385.0660400391
755.876709      1361.8266601563
756.192505      1336.2633056641
756.508362      1357.1787109375
756.824097      1422.2490234375
757.139771      1408.3052978516
757.455505      1359.5026855469
757.771118      1399.0096435547
758.086670      1405.9814453125
758.402222      1429.2208251953
758.717712      1408.3052978516
759.033081      1338.5872802734
759.348511      1378.0942382813
759.663879      1480.3474121094
759.979187      1359.5026855469
760.294434      1389.7138671875
760.609619      1361.8266601563
760.924805      1468.7276611328
761.239929      1445.4882812500
761.554993      1424.5728759766
761.869995      1354.8548583984
762.184998      1394.3616943359
762.499939      1287.4606933594
762.814880      1366.4744873047
763.129700      1426.8968505859
763.444519      1368.7984619141
763.759277      1399.0096435547
764.073975      1389.7138671875
764.388672      1396.6856689453
764.703308      1373.4462890625
765.017883      1331.6154785156
765.332397      1419.9250488281
765.646851      1361.8266601563
765.961304      1429.2208251953
766.275696      1350.2069091797
766.590088      1447.8122558594
766.904358      1408.3052978516
767.218628      1343.2351074219
767.532776      1405.9814453125
767.846924      1450.1362304688
768.161072      1352.5308837891
768.475159      1385.0660400391
768.789185      1389.7138671875
769.103149      1326.9675292969
769.417114      1364.1505126953
769.731079      1331.6154785156
770.044861      1408.3052978516
770.358643      1347.8830566406
770.672363      1396.6856689453
770.986084      1333.9394531250
771.299683      1419.9250488281
771.613403      1338.5872802734
771.927002      1399.0096435547
772.240479      1433.8686523438
772.553955      1364.1505126953
772.867371      1361.8266601563
773.180847      1415.2770996094
773.494141      1380.4180908203
773.807434      1340.9112548828
774.120667      1412.9532470703
774.433899      1343.2351074219
774.747009      1378.0942382813
775.060181      1375.7702636719
775.373230      1385.0660400391
775.686218      1410.6292724609
775.999207      1394.3616943359
776.312073      1380.4180908203
776.624939      1389.7138671875
776.937866      1401.3334960938
777.250671      1322.3197021484
777.563416      1336.2633056641
777.876099      1357.1787109375
778.188721      1410.6292724609
778.501343      1399.0096435547
778.813904      1392.0378417969
779.126404      1361.8266601563
779.438904      1403.6574707031
779.751282      1350.2069091797
780.063660      1387.3898925781
780.376038      1371.1223144531
780.688293      1359.5026855469
781.000549      1322.3197021484
781.312683      1364.1505126953
781.624817      1371.1223144531
781.937012      1401.3334960938
782.249023      1438.5164794922
782.561035      1345.5590820313
782.872986      1350.2069091797
783.184937      1401.3334960938
783.496765      1494.2910156250
783.808655      1405.9814453125
784.120422      1440.8404541016
784.432129      1380.4180908203
784.743774      1436.1926269531
785.055420      1417.6010742188
785.367004      1333.9394531250
785.678589      1419.9250488281
785.990051      1403.6574707031
786.301514      1389.7138671875
786.612976      1364.1505126953
786.924316      1378.0942382813
787.235657      1364.1505126953
787.546936      1345.5590820313
787.858154      1331.6154785156
788.169312      1345.5590820313
788.480408      1375.7702636719
788.791504      1426.8968505859
789.102600      1359.5026855469
789.413513      1338.5872802734
789.724487      1331.6154785156
790.035400      1338.5872802734
790.346191      1410.6292724609
790.657043      1445.4882812500
790.967834      1382.7420654297
791.278564      1392.0378417969
791.589172      1457.1080322266
791.899780      1338.5872802734
792.210327      1350.2069091797
792.520935      1340.9112548828
792.831421      1343.2351074219
793.141846      1417.6010742188
793.452209      1385.0660400391
793.762573      1380.4180908203
794.072815      1396.6856689453
794.383118      1419.9250488281
794.693359      1473.3756103516
795.003479      1368.7984619141
795.313538      1396.6856689453
795.623596      1329.2915039063
795.933716      1417.6010742188
796.243652      1354.8548583984
796.553589      1415.2770996094
796.863464      1503.5867919922
797.173218      1387.3898925781
797.483032      1359.5026855469
797.792786      1401.3334960938
798.102478      1345.5590820313
798.412109      1373.4462890625
798.721741      1399.0096435547
799.031250      1422.2490234375
799.340820      1403.6574707031
799.650269      1403.6574707031
799.959656      1415.2770996094
800.269043      1357.1787109375
800.578369      1385.0660400391
800.887573      1412.9532470703
801.196899      1403.6574707031
801.505981      1373.4462890625
801.815186      1389.7138671875
802.124207      1450.1362304688
802.433289      1380.4180908203
802.742188      1403.6574707031
803.051270      1459.4320068359
803.360168      1433.8686523438
803.668945      1347.8830566406
803.977783      1401.3334960938
804.286499      1357.1787109375
804.595276      1405.9814453125
804.903931      1408.3052978516
805.212524      1345.5590820313
805.521057      1364.1505126953
805.829590      1408.3052978516
806.138062      1389.7138671875
806.446533      1473.3756103516
806.754944      1399.0096435547
807.063293      1438.5164794922
807.371521      1382.7420654297
807.679749      1345.5590820313
807.987976      1350.2069091797
808.296143      1313.0239257813
808.604248      1340.9112548828
808.912292      1401.3334960938
809.220276      1399.0096435547
809.528198      1382.7420654297
809.836182      1368.7984619141
810.144043      1450.1362304688
810.451843      1417.6010742188
810.759644      1385.0660400391
811.067322      1359.5026855469
811.375061      1401.3334960938
811.682678      1392.0378417969
811.990295      1366.4744873047
812.297791      1371.1223144531
812.605286      1410.6292724609
812.912720      1387.3898925781
813.220154      1333.9394531250
813.527527      1392.0378417969
813.834839      1417.6010742188
814.142029      1396.6856689453
814.449219      1431.5446777344
814.756409      1424.5728759766
815.063538      1452.4600830078
815.370605      1361.8266601563
815.677612      1419.9250488281
815.984619      1452.4600830078
816.291504      1403.6574707031
816.598389      1473.3756103516
816.905273      1396.6856689453
817.212036      1380.4180908203
817.518738      1364.1505126953
817.825439      1313.0239257813
818.132080      1299.0803222656
818.438721      1438.5164794922
818.745239      1454.7840576172
819.051758      1375.7702636719
819.358215      1368.7984619141
819.664612      1443.1644287109
819.971008      1440.8404541016
820.277344      1399.0096435547
820.583557      1361.8266601563
820.889771      1403.6574707031
821.195923      1433.8686523438
821.502075      1373.4462890625
821.808167      1419.9250488281
822.114197      1392.0378417969
822.420166      1359.5026855469
822.726074      1426.8968505859
823.031921      1417.6010742188
823.337769      1459.4320068359
823.643677      1417.6010742188
823.949402      1382.7420654297
824.255066      1380.4180908203
824.560730      1394.3616943359
824.866272      1375.7702636719
825.171936      1405.9814453125
825.477356      1410.6292724609
825.782837      1317.6718750000
826.088257      1405.9814453125
826.393616      1392.0378417969
826.698914      1364.1505126953
827.004272      1361.8266601563
827.309448      1366.4744873047
827.614624      1364.1505126953
827.919739      1378.0942382813
828.224854      1366.4744873047
828.529907      1443.1644287109
828.834839      1482.6712646484
829.139832      1378.0942382813
829.444702      1331.6154785156
829.749512      1382.7420654297
830.054260      1399.0096435547
830.359131      1436.1926269531
830.663818      1368.7984619141
830.968506      1408.3052978516
831.273071      1387.3898925781
831.577576      1368.7984619141
831.882080      1380.4180908203
832.186646      1350.2069091797
832.491028      1338.5872802734
832.795410      1401.3334960938
833.099731      1378.0942382813
833.403931      1419.9250488281
833.708191      1426.8968505859
834.012390      1473.3756103516
834.316467      1368.7984619141
834.620605      1401.3334960938
834.924622      1443.1644287109
835.228577      1387.3898925781
835.532593      1399.0096435547
835.836426      1347.8830566406
836.140320      1445.4882812500
836.444031      1415.2770996094
836.747803      1443.1644287109
837.051514      1389.7138671875
837.355225      1385.0660400391
837.658752      1333.9394531250
837.962341      1361.8266601563
838.265808      1380.4180908203
838.569336      1380.4180908203
838.872742      1375.7702636719
839.176147      1340.9112548828
839.479370      1419.9250488281
839.782715      1405.9814453125
840.085876      1396.6856689453
840.389038      1405.9814453125
840.692261      1354.8548583984
840.995300      1368.7984619141
841.298340      1385.0660400391
841.601257      1352.5308837891
841.904236      1364.1505126953
842.207153      1350.2069091797
842.509949      1364.1505126953
842.812805      1378.0942382813
843.115540      1412.9532470703
843.418152      1396.6856689453
843.720825      1429.2208251953
844.023438      1438.5164794922
844.325989      1424.5728759766
844.628540      1361.8266601563
844.930969      1399.0096435547
845.233337      1385.0660400391
845.535767      1417.6010742188
845.838013      1405.9814453125
846.140259      1343.2351074219
846.442505      1424.5728759766
846.744690      1466.4038085938
847.046753      1396.6856689453
847.348877      1478.0234375000
847.650879      1405.9814453125
847.952881      1438.5164794922
848.254761      1315.3479003906
848.556641      1371.1223144531
848.858459      1338.5872802734
849.160278      1403.6574707031
849.462036      1405.9814453125
849.763733      1364.1505126953
850.065308      1440.8404541016
850.366882      1359.5026855469
850.668518      1301.4042968750
850.969971      1410.6292724609
851.271423      1417.6010742188
851.572815      1361.8266601563
851.874084      1292.1085205078
852.175476      1354.8548583984
852.476685      1401.3334960938
852.777893      1289.7845458984
853.079041      1364.1505126953
853.380127      1359.5026855469
853.681213      1410.6292724609
853.982239      1389.7138671875
854.283203      1415.2770996094
854.584106      1387.3898925781
854.885010      1408.3052978516
855.185791      1313.0239257813
855.486572      1359.5026855469
855.787292      1359.5026855469
856.088013      1382.7420654297
856.388611      1389.7138671875
856.689148      1392.0378417969
856.989685      1361.8266601563
857.290161      1343.2351074219
857.590637      1438.5164794922
857.890991      1354.8548583984
858.191284      1364.1505126953
858.491577      1408.3052978516
858.791809      1389.7138671875
859.092041      1399.0096435547
859.392212      1385.0660400391
859.692261      1501.2628173828
859.992310      1424.5728759766
860.292297      1352.5308837891
860.592224      1452.4600830078
860.892151      1382.7420654297
861.191956      1412.9532470703
861.491760      1475.6994628906
861.791565      1466.4038085938
862.091248      1419.9250488281
862.390930      1329.2915039063
862.690552      1419.9250488281
862.990051      1415.2770996094
863.289551      1387.3898925781
863.589050      1426.8968505859
863.888428      1426.8968505859
864.187805      1378.0942382813
864.487122      1324.6436767578
864.786377      1410.6292724609
865.085632      1375.7702636719
865.384705      1352.5308837891
865.683838      1357.1787109375
865.982971      1410.6292724609
866.281982      1424.5728759766
866.580933      1415.2770996094
866.879883      1410.6292724609
867.178711      1354.8548583984
867.477600      1371.1223144531
867.776367      1368.7984619141
868.075134      1412.9532470703
868.373718      1410.6292724609
868.672424      1438.5164794922
868.970947      1333.9394531250
869.269531      1392.0378417969
869.568054      1401.3334960938
869.866455      1357.1787109375
870.164856      1408.3052978516
870.463196      1424.5728759766
870.761536      1378.0942382813
871.059753      1445.4882812500
871.357971      1357.1787109375
871.656067      1415.2770996094
871.954102      1350.2069091797
872.252197      1357.1787109375
872.550232      1436.1926269531
872.848206      1331.6154785156
873.146057      1380.4180908203
873.443848      1368.7984619141
873.741638      1364.1505126953
874.039429      1343.2351074219
874.337158      1380.4180908203
874.634827      1352.5308837891
874.932373      1322.3197021484
875.229980      1343.2351074219
875.527466      1385.0660400391
875.825012      1385.0660400391
876.122375      1445.4882812500
876.419739      1352.5308837891
876.717041      1324.6436767578
877.014282      1473.3756103516
877.311462      1375.7702636719
877.608704      1443.1644287109
877.905762      1410.6292724609
878.202881      1403.6574707031
878.499817      1422.2490234375
878.796814      1408.3052978516
879.093811      1417.6010742188
879.390625      1324.6436767578
879.687439      1375.7702636719
879.984253      1412.9532470703
880.280884      1345.5590820313
880.577637      1452.4600830078
880.874268      1401.3334960938
881.170837      1375.7702636719
881.467346      1447.8122558594
881.763855      1392.0378417969
882.060242      1410.6292724609
882.356567      1392.0378417969
882.652954      1347.8830566406
882.949280      1415.2770996094
883.245483      1431.5446777344
883.541626      1357.1787109375
883.837830      1345.5590820313
884.133911      1382.7420654297
884.429932      1378.0942382813
884.725952      1422.2490234375
885.021851      1401.3334960938
885.317688      1382.7420654297
885.613525      1415.2770996094
885.909363      1405.9814453125
886.205078      1329.2915039063
