0.448000
190.096298         0.0000000000
190.479492         0.0000000000
190.862656      1094.5495605469
191.245789      1158.9348144531
191.628876      1101.4478759766
192.011948      1152.0363769531
192.394958      1200.3253173828
192.777939      1200.3253173828
193.160904      1230.2185058594
193.543823      1250.9136962891
193.926697      1234.8173828125
194.309555      1142.8385009766
194.692368      1221.0205078125
195.075150      1257.8121337891
195.457886      1198.0258789063
195.840607      1175.0311279297
196.223282      1241.7158203125
196.605927      1260.1115722656
196.988541      1211.8226318359
197.371094      1329.0958251953
197.753632      1264.7105712891
198.136139      1232.5179443359
198.518600      1230.2185058594
198.901031      1218.7210693359
199.283432      1225.6195068359
199.665802      1246.3148193359
200.048126      1184.2290039063
200.430405      1191.1274414063
200.812668      1209.5231933594
201.194885      1209.5231933594
201.577072      1138.2395019531
201.959244      1170.4321289063
202.341354      1135.9400634766
202.723434      1168.1326904297
203.105499      1225.6195068359
203.487503      1216.4216308594
203.869461      1186.5284423828
204.251434      1175.0311279297
204.633331      1140.5389404297
205.015198      1170.4321289063
205.397049      1179.6300048828
205.778854      1172.7315673828
206.160614      1149.7369384766
206.542343      1087.6511230469
206.924042      1204.9241943359
207.305710      1154.3358154297
207.687332      1225.6195068359
208.068939      1198.0258789063
208.450485      1184.2290039063
208.832016      1225.6195068359
209.213501      1195.7263183594
209.594955      1200.3253173828
209.976379      1163.5336914063
210.357758      1172.7315673828
210.739105      1149.7369384766
211.120422      1186.5284423828
211.501694      1140.5389404297
211.882935      1216.4216308594
212.264145      1191.1274414063
212.645340      1117.5441894531
213.026474      1239.4163818359
213.407562      1156.6352539063
213.788620      1124.4426269531
214.169662      1154.3358154297
214.550659      1126.7421875000
214.931610      1223.3200683594
215.312561      1195.7263183594
215.693451      1248.6142578125
216.074295      1195.7263183594
216.455109      1131.3410644531
216.835922      1188.8278808594
217.216660      1250.9136962891
217.597382      1094.5495605469
217.978058      1103.7474365234
218.358704      1145.1379394531
218.739304      1232.5179443359
219.119888      1138.2395019531
219.500427      1221.0205078125
219.880920      1108.3463134766
220.261414      1156.6352539063
220.641830      1188.8278808594
221.022232      1131.3410644531
221.402603      1126.7421875000
221.782944      1152.0363769531
222.163223      1170.4321289063
222.543488      1244.0152587891
222.923706      1232.5179443359
223.303894      1209.5231933594
223.684036      1175.0311279297
224.064163      1234.8173828125
224.444244      1122.1431884766
224.824295      1179.6300048828
225.204300      1216.4216308594
225.584274      1184.2290039063
225.964203      1165.8332519531
226.344131      1250.9136962891
226.723999      1152.0363769531
227.103806      1188.8278808594
227.483627      1156.6352539063
227.863388      1244.0152587891
228.243118      1145.1379394531
228.622787      1131.3410644531
229.002472      1149.7369384766
229.382080      1200.3253173828
229.761688      1149.7369384766
230.141220      1191.1274414063
230.520721      1175.0311279297
230.900208      1200.3253173828
231.279663      1188.8278808594
231.659073      1283.1063232422
232.038452      1264.7105712891
232.417786      1241.7158203125
232.797073      1186.5284423828
233.176346      1241.7158203125
233.555573      1149.7369384766
233.934784      1170.4321289063
234.313934      1216.4216308594
234.693069      1149.7369384766
235.072144      1147.4373779297
235.451202      1223.3200683594
235.830215      1110.6458740234
236.209213      1202.6247558594
236.588165      1168.1326904297
236.967072      1202.6247558594
237.345947      1135.9400634766
237.724792      1223.3200683594
238.103577      1129.0416259766
238.482361      1138.2395019531
238.861084      1154.3358154297
239.239777      1204.9241943359
239.618454      1237.1169433594
239.997070      1200.3253173828
240.375671      1223.3200683594
240.754211      1193.4268798828
241.132751      1152.0363769531
241.511215      1158.9348144531
241.889694      1172.7315673828
242.268097      1204.9241943359
242.646469      1140.5389404297
243.024811      1209.5231933594
243.403122      1115.2447509766
243.781387      1129.0416259766
244.159622      1175.0311279297
244.537827      1181.9295654297
244.915985      1138.2395019531
245.294113      1131.3410644531
245.672195      1165.8332519531
246.050262      1195.7263183594
246.428268      1204.9241943359
246.806274      1168.1326904297
247.184219      1119.8437500000
247.562119      1147.4373779297
247.940002      1191.1274414063
248.317841      1094.5495605469
248.695648      1186.5284423828
249.073425      1170.4321289063
249.451157      1177.3305664063
249.828842      1181.9295654297
250.206512      1186.5284423828
250.584152      1152.0363769531
250.961731      1375.0853271484
251.339279      1221.0205078125
251.716812      1163.5336914063
252.094299      1211.8226318359
252.471725      1200.3253173828
252.849136      1198.0258789063
253.226517      1211.8226318359
253.603867      1170.4321289063
253.981171      1218.7210693359
254.358429      1117.5441894531
254.735672      1129.0416259766
255.112869      1177.3305664063
255.490021      1124.4426269531
255.867172      1177.3305664063
256.244263      1152.0363769531
256.621307      1078.4532470703
256.998291      1204.9241943359
257.375305      1177.3305664063
257.752228      1186.5284423828
258.129120      1181.9295654297
258.506012      1168.1326904297
258.882843      1278.5074462891
259.259644      1230.2185058594
259.636414      1267.0100097656
260.013123      1142.8385009766
260.389832      1209.5231933594
260.766479      1158.9348144531
261.143127      1165.8332519531
261.519714      1186.5284423828
261.896271      1209.5231933594
262.272736      1112.9453125000
262.649231      1170.4321289063
263.025696      1170.4321289063
263.402100      1216.4216308594
263.778473      1200.3253173828
264.154785      1131.3410644531
264.531097      1106.0468750000
264.907318      1133.6406250000
265.283569      1165.8332519531
265.659760      1108.3463134766
266.035919      1214.1221923828
266.412018      1214.1221923828
266.788086      1154.3358154297
267.164154      1209.5231933594
267.540192      1195.7263183594
267.916107      1214.1221923828
268.292084      1149.7369384766
268.667969      1129.0416259766
269.043793      1142.8385009766
269.419617      1170.4321289063
269.795410      1142.8385009766
270.171204      1207.2237548828
270.546875      1115.2447509766
270.922577      1175.0311279297
271.298248      1133.6406250000
271.673828      1119.8437500000
272.049408      1202.6247558594
272.424927      1223.3200683594
272.800446      1237.1169433594
273.175934      1214.1221923828
273.551361      1163.5336914063
273.926727      1280.8068847656
274.302063      1225.6195068359
274.677399      1119.8437500000
275.052673      1154.3358154297
275.427948      1156.6352539063
275.803131      1181.9295654297
276.178314      1140.5389404297
276.553436      1181.9295654297
276.928558      1191.1274414063
277.303650      1168.1326904297
277.678619      1163.5336914063
278.053650      1227.9189453125
278.428589      1170.4321289063
278.803528      1200.3253173828
279.178375      1156.6352539063
279.553253      1188.8278808594
279.928070      1287.7053222656
280.302826      1214.1221923828
280.677582      1147.4373779297
281.052277      1181.9295654297
281.426941      1133.6406250000
281.801544      1204.9241943359
282.176147      1218.7210693359
282.550720      1193.4268798828
282.925232      1145.1379394531
283.299683      1237.1169433594
283.674133      1170.4321289063
284.048553      1223.3200683594
284.422974      1177.3305664063
284.797241      1165.8332519531
285.171600      1138.2395019531
285.545837      1191.1274414063
285.920074      1221.0205078125
286.294250      1147.4373779297
286.668396      1142.8385009766
287.042511      1188.8278808594
287.416626      1188.8278808594
287.790649      1131.3410644531
288.164673      1124.4426269531
288.538635      1214.1221923828
288.912567      1138.2395019531
289.286438      1161.2342529297
289.660309      1156.6352539063
290.034149      1218.7210693359
290.407959      1129.0416259766
290.781677      1147.4373779297
291.155396      1158.9348144531
291.529083      1099.1484375000
291.902710      1193.4268798828
292.276337      1202.6247558594
292.649902      1223.3200683594
293.023407      1165.8332519531
293.396912      1156.6352539063
293.770386      1158.9348144531
294.143829      1117.5441894531
294.517181      1115.2447509766
294.890533      1133.6406250000
295.263824      1257.8121337891
295.637115      1156.6352539063
296.010345      1154.3358154297
296.383545      1191.1274414063
296.756744      1221.0205078125
297.129852      1227.9189453125
297.502960      1202.6247558594
297.875977      1200.3253173828
298.248993      1115.2447509766
298.621979      1193.4268798828
298.994934      1106.0468750000
299.367859      1195.7263183594
299.740723      1126.7421875000
300.113556      1163.5336914063
300.486359      1296.9031982422
300.859100      1184.2290039063
301.231842      1149.7369384766
301.604492      1168.1326904297
301.977173      1209.5231933594
302.349792      1163.5336914063
302.722351      1209.5231933594
303.094910      1168.1326904297
303.467377      1195.7263183594
303.839874      1140.5389404297
304.212311      1188.8278808594
304.584717      1170.4321289063
304.957062      1186.5284423828
305.329376      1184.2290039063
305.701630      1207.2237548828
306.073853      1133.6406250000
306.446106      1103.7474365234
306.818268      1138.2395019531
307.190399      1179.6300048828
307.562500      1163.5336914063
307.934540      1147.4373779297
308.306610      1193.4268798828
308.678558      1112.9453125000
309.050507      1193.4268798828
309.422424      1193.4268798828
309.794281      1191.1274414063
310.166138      1108.3463134766
310.537933      1163.5336914063
310.909729      1207.2237548828
311.281464      1211.8226318359
311.653107      1154.3358154297
312.024780      1260.1115722656
312.396393      1191.1274414063
312.767975      1119.8437500000
313.139496      1181.9295654297
313.511047      1198.0258789063
313.882507      1209.5231933594
314.253906      1119.8437500000
314.625305      1188.8278808594
314.996643      1179.6300048828
315.368011      1257.8121337891
315.739258      1152.0363769531
316.110504      1149.7369384766
316.481720      1083.0521240234
316.852905      1138.2395019531
317.223999      1142.8385009766
317.595123      1216.4216308594
317.966187      1255.5126953125
318.337189      1232.5179443359
318.708191      1177.3305664063
319.079163      1202.6247558594
319.450073      1099.1484375000
319.820923      1170.4321289063
320.191742      1135.9400634766
320.562561      1202.6247558594
320.933319      1110.6458740234
321.304047      1179.6300048828
321.674744      1195.7263183594
322.045380      1172.7315673828
322.416016      1177.3305664063
322.786560      1172.7315673828
323.157135      1165.8332519531
323.527618      1122.1431884766
323.898071      1149.7369384766
324.268494      1209.5231933594
324.638885      1147.4373779297
325.009277      1129.0416259766
325.379578      1188.8278808594
325.749847      1172.7315673828
326.120117      1133.6406250000
326.490295      1223.3200683594
326.860443      1131.3410644531
327.230591      1165.8332519531
327.600708      1234.8173828125
327.970703      1184.2290039063
328.340759      1142.8385009766
328.710724      1110.6458740234
329.080688      1225.6195068359
329.450592      1175.0311279297
329.820435      1221.0205078125
330.190277      1209.5231933594
330.560089      1184.2290039063
330.929810      1165.8332519531
331.299561      1119.8437500000
331.669220      1142.8385009766
332.038879      1154.3358154297
332.408447      1179.6300048828
332.778046      1177.3305664063
333.147583      1073.8542480469
333.517059      1131.3410644531
333.886505      1191.1274414063
334.255951      1083.0521240234
334.625336      1193.4268798828
334.994629      1149.7369384766
335.363983      1204.9241943359
335.733246      1112.9453125000
336.102478      1108.3463134766
336.471680      1064.6563720703
336.840820      1147.4373779297
337.209961      1158.9348144531
337.578979      1168.1326904297
337.948059      1221.0205078125
338.317078      1181.9295654297
338.686035      1163.5336914063
339.054962      1214.1221923828
339.423859      1152.0363769531
339.792725      1246.3148193359
340.161560      1156.6352539063
340.530334      1135.9400634766
340.899078      1147.4373779297
341.267761      1193.4268798828
341.636444      1152.0363769531
342.005066      1124.4426269531
342.373657      1152.0363769531
342.742218      1110.6458740234
343.110718      1209.5231933594
343.479218      1225.6195068359
343.847626      1230.2185058594
344.216064      1154.3358154297
344.584412      1204.9241943359
344.952759      1119.8437500000
345.321045      1055.4584960938
345.689270      1168.1326904297
346.057526      1193.4268798828
346.425659      1092.2500000000
346.793854      1175.0311279297
347.161957      1221.0205078125
347.529999      1195.7263183594
347.898041      1096.8489990234
348.266022      1175.0311279297
348.634003      1152.0363769531
349.001892      1152.0363769531
349.369781      1133.6406250000
349.737610      1179.6300048828
350.105408      1214.1221923828
350.473145      1142.8385009766
350.840912      1195.7263183594
351.208618      1129.0416259766
351.576233      1112.9453125000
351.943878      1287.7053222656
352.311401      1154.3358154297
352.678955      1163.5336914063
353.046478      1177.3305664063
353.413910      1198.0258789063
353.781372      1108.3463134766
354.148743      1122.1431884766
354.516083      1179.6300048828
354.883392      1129.0416259766
355.250641      1147.4373779297
355.617920      1133.6406250000
355.985077      1179.6300048828
356.352234      1152.0363769531
356.719360      1131.3410644531
357.086426      1181.9295654297
357.453491      1175.0311279297
357.820496      1154.3358154297
358.187469      1191.1274414063
358.554382      1232.5179443359
358.921295      1221.0205078125
359.288147      1096.8489990234
359.654968      1158.9348144531
360.021759      1204.9241943359
360.388489      1115.2447509766
360.755188      1181.9295654297
361.121826      1103.7474365234
361.488464      1138.2395019531
361.855072      1154.3358154297
362.221588      1211.8226318359
362.588135      1193.4268798828
362.954590      1168.1326904297
363.321075      1193.4268798828
363.687439      1076.1536865234
364.053802      1129.0416259766
364.420135      1124.4426269531
364.786407      1163.5336914063
365.152679      1172.7315673828
365.518860      1262.4111328125
365.885040      1260.1115722656
366.251190      1172.7315673828
366.617249      1216.4216308594
366.983337      1225.6195068359
367.349335      1149.7369384766
367.715332      1154.3358154297
368.081207      1230.2185058594
368.447174      1202.6247558594
368.813019      1227.9189453125
369.178833      1179.6300048828
369.544678      1163.5336914063
369.910400      1163.5336914063
370.276123      1211.8226318359
370.641785      1237.1169433594
371.007446      1237.1169433594
371.373016      1202.6247558594
371.738586      1239.4163818359
372.104126      1193.4268798828
372.469574      1168.1326904297
372.835022      1191.1274414063
373.200439      1142.8385009766
373.565796      1234.8173828125
373.931122      1232.5179443359
374.296417      1126.7421875000
374.661713      1138.2395019531
375.026886      1227.9189453125
375.392090      1156.6352539063
375.757202      1179.6300048828
376.122314      1175.0311279297
376.487396      1124.4426269531
376.852386      1131.3410644531
377.217407      1181.9295654297
377.582336      1149.7369384766
377.947235      1214.1221923828
378.312103      1184.2290039063
378.676941      1232.5179443359
379.041779      1172.7315673828
379.406494      1161.2342529297
379.771240      1126.7421875000
380.135925      1133.6406250000
380.500549      1170.4321289063
380.865143      1253.2132568359
381.229706      1179.6300048828
381.594269      1064.6563720703
381.958679      1140.5389404297
382.323181      1184.2290039063
382.687561      1152.0363769531
383.051971      1119.8437500000
383.416321      1184.2290039063
383.780579      1161.2342529297
384.144867      1195.7263183594
384.509033      1158.9348144531
384.873260      1161.2342529297
385.237366      1133.6406250000
385.601501      1244.0152587891
385.965576      1195.7263183594
386.329559      1096.8489990234
386.693573      1092.2500000000
387.057526      1124.4426269531
387.421417      1204.9241943359
387.785309      1211.8226318359
388.149109      1200.3253173828
388.512970      1177.3305664063
388.876678      1161.2342529297
389.240417      1179.6300048828
389.604065      1204.9241943359
389.967712      1122.1431884766
390.331360      1142.8385009766
390.694885      1186.5284423828
391.058411      1244.0152587891
391.421906      1198.0258789063
391.785370      1129.0416259766
392.148743      1209.5231933594
392.512115      1195.7263183594
392.875488      1198.0258789063
393.238739      1188.8278808594
393.602051      1198.0258789063
393.965240      1135.9400634766
394.328430      1163.5336914063
394.691559      1161.2342529297
395.054657      1198.0258789063
395.417725      1154.3358154297
395.780731      1129.0416259766
396.143738      1165.8332519531
396.506653      1156.6352539063
396.869568      1149.7369384766
397.232422      1170.4321289063
397.595245      1264.7105712891
397.958069      1223.3200683594
398.320770      1133.6406250000
398.683533      1204.9241943359
399.046204      1188.8278808594
399.408813      1175.0311279297
399.771454      1177.3305664063
400.133972      1195.7263183594
400.496521      1048.5600585938
400.859009      1133.6406250000
401.221436      1087.6511230469
401.583832      1156.6352539063
401.946198      1147.4373779297
402.308563      1223.3200683594
402.670807      1135.9400634766
403.033051      1177.3305664063
403.395294      1170.4321289063
403.757416      1237.1169433594
404.119568      1156.6352539063
404.481659      1193.4268798828
404.843719      1165.8332519531
405.205719      1131.3410644531
405.567719      1133.6406250000
405.929657      1165.8332519531
406.291534      1177.3305664063
406.653442      1087.6511230469
407.015228      1179.6300048828
407.377014      1163.5336914063
407.738739      1152.0363769531
408.100464      1175.0311279297
408.462128      1191.1274414063
408.823730      1140.5389404297
409.185364      1154.3358154297
409.546875      1165.8332519531
409.908386      1158.9348144531
410.269867      1158.9348144531
410.631287      1142.8385009766
410.992676      1175.0311279297
411.354034      1133.6406250000
411.715363      1193.4268798828
412.076630      1115.2447509766
412.437866      1131.3410644531
412.799072      1218.7210693359
413.160217      1126.7421875000
413.521362      1103.7474365234
413.882416      1126.7421875000
414.243469      1221.0205078125
414.604462      1165.8332519531
414.965424      1168.1326904297
415.326355      1168.1326904297
415.687225      1147.4373779297
416.048096      1119.8437500000
416.408875      1191.1274414063
416.769653      1186.5284423828
417.130402      1181.9295654297
417.491058      1145.1379394531
417.851715      1184.2290039063
418.212311      1175.0311279297
418.572906      1209.5231933594
418.933411      1221.0205078125
419.293945      1202.6247558594
419.654388      1193.4268798828
420.014801      1216.4216308594
420.375183      1165.8332519531
420.735504      1168.1326904297
421.095825      1218.7210693359
421.456055      1260.1115722656
421.816315      1103.7474365234
422.176453      1135.9400634766
422.536621      1179.6300048828
422.896729      1204.9241943359
423.256775      1152.0363769531
423.616821      1184.2290039063
423.976807      1154.3358154297
424.336731      1237.1169433594
424.696625      1158.9348144531
425.056488      1119.8437500000
425.416351      1253.2132568359
425.776093      1287.7053222656
426.135864      1186.5284423828
426.495575      1152.0363769531
426.855225      1188.8278808594
427.214874      1246.3148193359
427.574432      1149.7369384766
427.934052      1131.3410644531
428.293518      1172.7315673828
428.653015      1264.7105712891
429.012421      1165.8332519531
429.371826      1131.3410644531
429.731232      1147.4373779297
430.090485      1227.9189453125
430.449799      1234.8173828125
430.808990      1207.2237548828
431.168213      1177.3305664063
431.527374      1140.5389404297
431.886475      1181.9295654297
432.245605      1131.3410644531
432.604584      1198.0258789063
432.963623      1163.5336914063
433.322571      1202.6247558594
433.681488      1216.4216308594
434.040344      1122.1431884766
434.399200      1193.4268798828
434.758026      1156.6352539063
435.116760      1271.6090087891
435.475494      1181.9295654297
435.834198      1133.6406250000
436.192841      1142.8385009766
436.551453      1225.6195068359
436.910004      1214.1221923828
437.268555      1179.6300048828
437.627014      1152.0363769531
437.985474      1216.4216308594
438.343903      1170.4321289063
438.702240      1158.9348144531
439.060577      1179.6300048828
439.418854      1188.8278808594
439.777130      1218.7210693359
440.135315      1124.4426269531
440.493500      1200.3253173828
440.851654      1170.4321289063
441.209717      1223.3200683594
441.567810      1145.1379394531
441.925781      1255.5126953125
442.283783      1170.4321289063
442.641663      1131.3410644531
442.999573      1172.7315673828
443.357483      1156.6352539063
443.715240      1177.3305664063
444.073029      1184.2290039063
444.430725      1232.5179443359
444.788452      1154.3358154297
445.146149      1122.1431884766
445.503723      1168.1326904297
445.861359      1195.7263183594
446.218842      1184.2290039063
446.576355      1165.8332519531
446.933777      1175.0311279297
447.291199      1184.2290039063
447.648621      1202.6247558594
448.005920      1106.0468750000
448.363251      1140.5389404297
448.720459      1140.5389404297
449.077728      1158.9348144531
449.434875      1193.4268798828
449.792023      1181.9295654297
450.149170      1200.3253173828
450.506195      1184.2290039063
450.863220      1200.3253173828
451.220184      1131.3410644531
451.577118      1209.5231933594
451.933990      1244.0152587891
452.290894      1147.4373779297
452.647736      1168.1326904297
453.004456      1175.0311279297
453.361237      1200.3253173828
453.717926      1170.4321289063
454.074585      1154.3358154297
454.431244      1179.6300048828
454.787811      1200.3253173828
455.144379      1211.8226318359
455.500824      1126.7421875000
455.857300      1221.0205078125
456.213715      1211.8226318359
456.570099      1177.3305664063
456.926483      1170.4321289063
457.282745      1230.2185058594
457.639038      1172.7315673828
457.995209      1175.0311279297
458.351440      1204.9241943359
458.707550      1188.8278808594
459.063660      1126.7421875000
459.419769      1175.0311279297
459.775757      1133.6406250000
460.131744      1181.9295654297
460.487671      1200.3253173828
460.843597      1250.9136962891
461.199493      1179.6300048828
461.555267      1147.4373779297
461.911072      1152.0363769531
462.266785      1152.0363769531
462.622498      1200.3253173828
462.978119      1179.6300048828
463.333771      1195.7263183594
463.689392      1156.6352539063
464.044891      1106.0468750000
464.400421      1138.2395019531
464.755859      1181.9295654297
465.111298      1246.3148193359
465.466675      1115.2447509766
465.821991      1218.7210693359
466.177338      1175.0311279297
466.532562      1165.8332519531
466.887817      1158.9348144531
467.242981      1154.3358154297
467.598114      1253.2132568359
467.953247      1186.5284423828
468.308289      1246.3148193359
468.663330      1177.3305664063
469.018280      1264.7105712891
469.373230      1177.3305664063
469.728119      1253.2132568359
470.082977      1145.1379394531
470.437836      1241.7158203125
470.792572      1244.0152587891
471.147339      1200.3253173828
471.502014      1225.6195068359
471.856720      1179.6300048828
472.211273      1230.2185058594
472.565918      1230.2185058594
472.920471      1129.0416259766
473.274933      1099.1484375000
473.629395      1119.8437500000
473.983795      1122.1431884766
474.338165      1152.0363769531
474.692505      1179.6300048828
475.046814      1188.8278808594
475.401123      1221.0205078125
475.755280      1119.8437500000
476.109497      1207.2237548828
476.463593      1202.6247558594
476.817688      1814.2847900391
477.171783      1262.4111328125
477.525757      1216.4216308594
477.879761      1170.4321289063
478.233673      1202.6247558594
478.587585      1131.3410644531
478.941406      1119.8437500000
479.295258      1179.6300048828
479.649048      1186.5284423828
480.002747      1124.4426269531
480.356445      1209.5231933594
480.710052      1163.5336914063
481.063690      1232.5179443359
481.417236      1202.6247558594
481.770782      1195.7263183594
482.124329      1168.1326904297
482.477722      1152.0363769531
482.831177      1168.1326904297
483.184509      1131.3410644531
483.537842      1246.3148193359
483.891144      1181.9295654297
484.244385      1154.3358154297
484.597626      1191.1274414063
484.950714      1147.4373779297
485.303894      1264.7105712891
485.656921      1147.4373779297
486.010010      1129.0416259766
486.363068      1145.1379394531
486.715973      1230.2185058594
487.068909      1138.2395019531
487.421783      1131.3410644531
487.774628      1214.1221923828
488.127411      1165.8332519531
488.480194      1218.7210693359
488.832947      1119.8437500000
489.185577      1188.8278808594
489.538239      1147.4373779297
489.890839      1145.1379394531
490.243378      1202.6247558594
490.595917      1133.6406250000
490.948395      1089.9505615234
491.300842      1168.1326904297
491.653198      1145.1379394531
492.005585      1152.0363769531
492.357880      1184.2290039063
492.710144      1260.1115722656
493.062439      1225.6195068359
493.414581      1269.3095703125
493.766754      1177.3305664063
494.118835      1200.3253173828
494.470917      1181.9295654297
494.822937      1179.6300048828
495.174927      1163.5336914063
495.526917      1184.2290039063
495.878784      1181.9295654297
496.230682      1175.0311279297
496.582489      1177.3305664063
496.934296      1177.3305664063
497.285980      1073.8542480469
497.637695      1154.3358154297
497.989410      1379.6842041016
498.340973      1221.0205078125
498.692596      1204.9241943359
499.044128      1202.6247558594
499.395630      1168.1326904297
499.747101      1214.1221923828
500.098480      1108.3463134766
500.449921      1186.5284423828
500.801208      1246.3148193359
501.152527      1198.0258789063
501.503754      1170.4321289063
501.854980      1161.2342529297
502.206177      1232.5179443359
502.557281      1133.6406250000
502.908386      1122.1431884766
503.259430      1218.7210693359
503.610443      1230.2185058594
503.961365      1294.6037597656
504.312317      1179.6300048828
504.663239      1209.5231933594
505.014069      1175.0311279297
505.364899      1181.9295654297
505.715607      1163.5336914063
506.066376      1188.8278808594
506.417084      1135.9400634766
506.767670      1255.5126953125
507.118317      1269.3095703125
507.468842      1230.2185058594
507.819397      1191.1274414063
508.169830      1142.8385009766
508.520294      1181.9295654297
508.870697      1147.4373779297
509.221039      1216.4216308594
509.571381      1186.5284423828
509.921631      1211.8226318359
510.271851      1175.0311279297
510.622009      1172.7315673828
510.972198      1198.0258789063
511.322327      1257.8121337891
511.672394      1172.7315673828
512.022461      1156.6352539063
512.372375      1186.5284423828
512.722351      1133.6406250000
513.072266      1168.1326904297
513.422058      1221.0205078125
513.771912      1142.8385009766
514.121704      1152.0363769531
514.471436      1184.2290039063
514.821167      1177.3305664063
515.170776      1138.2395019531
515.520447      1218.7210693359
515.869995      1204.9241943359
516.219543      1133.6406250000
516.569031      1156.6352539063
516.918518      1154.3358154297
517.267822      1145.1379394531
517.617249      1138.2395019531
517.966614      1179.6300048828
518.315796      1200.3253173828
518.665161      1161.2342529297
519.014282      1186.5284423828
519.363464      1158.9348144531
519.712585      1158.9348144531
520.061646      1168.1326904297
520.410706      1188.8278808594
520.759705      1131.3410644531
521.108704      1149.7369384766
521.457520      1135.9400634766
521.806458      1200.3253173828
522.155334      1168.1326904297
522.504089      1188.8278808594
522.852844      1257.8121337891
523.201538      1172.7315673828
523.550232      1152.0363769531
523.898804      1191.1274414063
524.247437      1195.7263183594
524.596008      1163.5336914063
524.944458      1209.5231933594
525.292969      1126.7421875000
525.641357      1181.9295654297
525.989746      1191.1274414063
526.338074      1142.8385009766
526.686401      1204.9241943359
527.034607      1172.7315673828
527.382813      1152.0363769531
527.731018      1168.1326904297
528.079102      1122.1431884766
528.427246      1191.1274414063
528.775330      1142.8385009766
529.123291      1200.3253173828
529.471252      1163.5336914063
529.819153      1209.5231933594
530.167053      1133.6406250000
530.514832      1152.0363769531
530.862732      1181.9295654297
531.210510      1214.1221923828
531.558167      1154.3358154297
531.905884      1163.5336914063
532.253479      1177.3305664063
532.601074      1110.6458740234
532.948608      1198.0258789063
533.296143      1191.1274414063
533.643616      1200.3253173828
533.991028      1119.8437500000
534.338379      1211.8226318359
534.685730      1126.7421875000
535.033081      1211.8226318359
535.380371      1149.7369384766
535.727478      1161.2342529297
536.074707      1177.3305664063
536.421875      1149.7369384766
536.768921      1126.7421875000
537.115967      1202.6247558594
537.463013      1138.2395019531
537.809998      1195.7263183594
538.156860      1133.6406250000
538.503784      1131.3410644531
538.850647      1126.7421875000
539.197449      1244.0152587891
539.544189      1214.1221923828
539.890930      1191.1274414063
540.237610      1126.7421875000
540.584229      1115.2447509766
540.930847      1115.2447509766
541.277344      1122.1431884766
541.623901      1168.1326904297
541.970337      1142.8385009766
542.316772      1156.6352539063
542.663208      1172.7315673828
543.009521      1223.3200683594
543.355835      1204.9241943359
543.702026      1147.4373779297
544.048279      1287.7053222656
544.394470      1165.8332519531
544.740601      1195.7263183594
545.086731      1193.4268798828
545.432739      1177.3305664063
545.778809      1211.8226318359
546.124695      1152.0363769531
546.470703      1209.5231933594
546.816589      1145.1379394531
547.162415      1188.8278808594
547.508240      1218.7210693359
547.853943      1142.8385009766
548.199646      1191.1274414063
548.545349      1138.2395019531
548.890930      1257.8121337891
549.236633      1191.1274414063
549.582092      1142.8385009766
549.927673      1204.9241943359
550.273071      1181.9295654297
550.618530      1133.6406250000
550.963928      1149.7369384766
551.309204      1191.1274414063
551.654602      1172.7315673828
551.999756      1163.5336914063
552.345093      1110.6458740234
552.690186      1202.6247558594
553.035339      1135.9400634766
553.380493      1188.8278808594
553.725464      1129.0416259766
554.070496      1133.6406250000
554.415405      1135.9400634766
554.760376      1149.7369384766
555.105225      1140.5389404297
555.450073      1131.3410644531
555.794922      1198.0258789063
556.139648      1119.8437500000
556.484375      1085.3515625000
556.828979      1089.9505615234
557.173645      1147.4373779297
557.518311      1172.7315673828
557.862793      1135.9400634766
558.207275      1154.3358154297
558.551697      1147.4373779297
558.896118      1135.9400634766
559.240479      1186.5284423828
559.584839      1186.5284423828
559.929199      1175.0311279297
560.273376      1163.5336914063
560.617676      1202.6247558594
560.961792      1163.5336914063
561.305908      1117.5441894531
561.649963      1175.0311279297
561.994019      1135.9400634766
562.338074      1115.2447509766
562.682007      1135.9400634766
563.025879      1198.0258789063
563.369751      1188.8278808594
563.713623      1230.2185058594
564.057373      1209.5231933594
564.401123      1200.3253173828
564.744873      1175.0311279297
565.088501      1168.1326904297
565.432129      1094.5495605469
565.775635      1163.5336914063
566.119263      1193.4268798828
566.462769      1234.8173828125
566.806152      1200.3253173828
567.149597      1214.1221923828
567.492920      1216.4216308594
567.836243      1129.0416259766
568.179504      1112.9453125000
568.522827      1179.6300048828
568.866028      1395.7805175781
569.209106      1223.3200683594
569.552307      1239.4163818359
569.895325      1186.5284423828
570.238403      1181.9295654297
570.581299      1181.9295654297
570.924255      1165.8332519531
571.267212      1198.0258789063
571.609985      1135.9400634766
571.952881      1184.2290039063
572.295593      1175.0311279297
572.638367      1204.9241943359
572.981079      1257.8121337891
573.323730      1170.4321289063
573.666260      1193.4268798828
574.008850      1211.8226318359
574.351440      1193.4268798828
574.693848      1117.5441894531
575.036255      1223.3200683594
575.378723      1191.1274414063
575.721008      1161.2342529297
576.063354      1223.3200683594
576.405579      1179.6300048828
576.747803      1142.8385009766
577.090027      1073.8542480469
577.432129      1202.6247558594
577.774231      1133.6406250000
578.116272      1131.3410644531
578.458313      1138.2395019531
578.800232      1140.5389404297
579.142212      1106.0468750000
579.484070      1170.4321289063
579.825928      1234.8173828125
580.167725      1119.8437500000
580.509460      1138.2395019531
580.851196      1223.3200683594
581.192810      1237.1169433594
581.534485      1241.7158203125
581.876099      1168.1326904297
582.217590      1209.5231933594
582.559143      1181.9295654297
582.900574      1179.6300048828
583.242004      1117.5441894531
583.583313      1124.4426269531
583.924683      1140.5389404297
584.265991      1177.3305664063
584.607239      1200.3253173828
584.948425      1181.9295654297
585.289551      1133.6406250000
585.630737      1152.0363769531
585.971802      1179.6300048828
586.312805      1140.5389404297
586.653870      1227.9189453125
586.994751      1110.6458740234
587.335693      1154.3358154297
587.676453      1161.2342529297
588.017334      1200.3253173828
588.358154      1163.5336914063
588.698853      1172.7315673828
589.039551      1140.5389404297
589.380188      1161.2342529297
589.720825      1184.2290039063
590.061340      1207.2237548828
590.401917      1177.3305664063
590.742432      1193.4268798828
591.082825      1207.2237548828
591.423218      1154.3358154297
591.763550      1154.3358154297
592.103882      1170.4321289063
592.444092      1129.0416259766
592.784363      1142.8385009766
593.124512      1221.0205078125
593.464600      1168.1326904297
593.804749      1172.7315673828
594.144775      1175.0311279297
594.484802      1221.0205078125
594.824829      1227.9189453125
595.164734      1216.4216308594
595.504578      1168.1326904297
595.844360      1161.2342529297
596.184204      1193.4268798828
596.523926      1179.6300048828
596.863647      1170.4321289063
597.203369      1168.1326904297
597.542969      1221.0205078125
597.882507      1191.1274414063
598.222046      1193.4268798828
598.561584      1200.3253173828
598.901001      1207.2237548828
599.240417      1193.4268798828
599.579834      1124.4426269531
599.919067      1165.8332519531
600.258423      1179.6300048828
600.597595      1168.1326904297
600.936829      1202.6247558594
601.276001      1165.8332519531
601.615051      1129.0416259766
601.954163      1161.2342529297
602.293091      1186.5284423828
602.632141      1227.9189453125
602.971069      1165.8332519531
603.309998      1209.5231933594
603.648865      1204.9241943359
603.987610      1250.9136962891
604.326416      1193.4268798828
604.665100      1170.4321289063
605.003845      1126.7421875000
605.342407      1239.4163818359
605.680969      1154.3358154297
606.019592      1184.2290039063
606.358093      1177.3305664063
606.696533      1211.8226318359
607.034973      1122.1431884766
607.373291      1149.7369384766
607.711609      1193.4268798828
608.049927      1142.8385009766
608.388245      1184.2290039063
608.726379      1170.4321289063
609.064575      1172.7315673828
609.402710      1223.3200683594
609.740723      1269.3095703125
610.078796      1186.5284423828
610.416748      1119.8437500000
610.754761      1170.4321289063
611.092590      1204.9241943359
611.430481      1138.2395019531
611.768311      1239.4163818359
612.106018      1280.8068847656
612.443787      1267.0100097656
612.781494      1129.0416259766
613.119141      1154.3358154297
613.456726      1193.4268798828
613.794250      1223.3200683594
614.131775      1181.9295654297
614.469299      1126.7421875000
614.806763      1232.5179443359
615.144043      1145.1379394531
615.481384      1140.5389404297
615.818726      1195.7263183594
616.156006      1145.1379394531
616.493225      1248.6142578125
616.830322      1260.1115722656
617.167480      1202.6247558594
617.504578      1165.8332519531
617.841614      1225.6195068359
618.178528      1170.4321289063
618.515503      1198.0258789063
618.852478      1260.1115722656
619.189270      1191.1274414063
619.526184      1179.6300048828
619.862854      1122.1431884766
620.199646      1172.7315673828
620.536316      1177.3305664063
620.872986      1142.8385009766
621.209595      1179.6300048828
621.546143      1161.2342529297
621.882629      1094.5495605469
622.219116      1237.1169433594
622.555542      1108.3463134766
622.892029      1117.5441894531
623.228333      1152.0363769531
623.564636      1225.6195068359
623.900818      1147.4373779297
624.237061      1168.1326904297
624.573242      1078.4532470703
624.909363      1135.9400634766
625.245483      1165.8332519531
625.581482      1221.0205078125
625.917480      1204.9241943359
626.253418      1124.4426269531
626.589355      1246.3148193359
626.925171      1244.0152587891
627.261047      1179.6300048828
627.596863      1119.8437500000
627.932556      1312.9995117188
628.268250      1145.1379394531
628.603882      1112.9453125000
628.939514      1181.9295654297
629.275024      1152.0363769531
629.610596      1204.9241943359
629.946045      1046.2606201172
630.281494      1262.4111328125
630.616882      1200.3253173828
630.952209      1122.1431884766
631.287537      1147.4373779297
631.622803      1186.5284423828
631.958008      1181.9295654297
632.293213      1138.2395019531
632.628296      1147.4373779297
632.963379      1198.0258789063
633.298401      1230.2185058594
633.633423      1273.9084472656
633.968384      1191.1274414063
634.303284      1122.1431884766
634.638123      1227.9189453125
634.972900      1172.7315673828
635.307739      1145.1379394531
635.642456      1108.3463134766
635.977112      1195.7263183594
636.311829      1188.8278808594
636.646362      1290.0047607422
636.980957      1142.8385009766
637.315430      1179.6300048828
637.649963      1140.5389404297
637.984436      1103.7474365234
638.318726      1200.3253173828
638.653137      1126.7421875000
638.987366      1216.4216308594
639.321655      1204.9241943359
639.655823      1204.9241943359
639.990051      1188.8278808594
640.324158      1283.1063232422
640.658203      1248.6142578125
640.992249      1108.3463134766
641.326172      1145.1379394531
641.660156      1264.7105712891
641.994019      1207.2237548828
642.327942      1175.0311279297
642.661804      1225.6195068359
642.995483      1184.2290039063
643.329224      1202.6247558594
643.662964      1191.1274414063
643.996582      1152.0363769531
644.330200      1161.2342529297
644.663696      1181.9295654297
644.997253      1204.9241943359
645.330688      1129.0416259766
645.664124      1149.7369384766
645.997437      1191.1274414063
646.330811      1207.2237548828
646.664124      1193.4268798828
646.997375      1207.2237548828
647.330566      1158.9348144531
647.663696      1209.5231933594
647.996826      1244.0152587891
648.329895      1230.2185058594
648.662903      1119.8437500000
648.995911      1126.7421875000
649.328796      1179.6300048828
649.661682      1099.1484375000
649.994568      1170.4321289063
650.327393      1204.9241943359
650.660095      1172.7315673828
650.992859      1142.8385009766
651.325500      1142.8385009766
651.658142      1204.9241943359
651.990723      1186.5284423828
652.323242      1195.7263183594
652.655762      1161.2342529297
652.988220      1140.5389404297
653.320618      1158.9348144531
653.652954      1198.0258789063
653.985291      1271.6090087891
654.317566      1216.4216308594
654.649780      1161.2342529297
654.981995      1216.4216308594
655.314148      1172.7315673828
655.646240      1117.5441894531
655.978271      1267.0100097656
656.310303      1209.5231933594
656.642273      1126.7421875000
656.974182      1211.8226318359
657.306091      1211.8226318359
657.637939      1227.9189453125
657.969666      1156.6352539063
658.301453      1133.6406250000
658.633179      1172.7315673828
658.964844      1207.2237548828
659.296448      1142.8385009766
659.627991      1207.2237548828
659.959534      1138.2395019531
660.291016      1177.3305664063
660.622437      1225.6195068359
660.953796      1255.5126953125
661.285156      1250.9136962891
661.616516      1204.9241943359
661.947754      1122.1431884766
662.278931      1172.7315673828
662.610107      1181.9295654297
662.941284      1267.0100097656
663.272339      1202.6247558594
663.603394      1209.5231933594
663.934387      1168.1326904297
664.265320      1175.0311279297
664.596252      1108.3463134766
664.927063      1204.9241943359
665.257935      1230.2185058594
665.588684      1230.2185058594
665.919434      1163.5336914063
666.250061      1193.4268798828
666.580688      1290.0047607422
666.911316      1292.3041992188
667.241821      1175.0311279297
667.572327      1184.2290039063
667.902832      1163.5336914063
668.233276      1198.0258789063
668.563660      1163.5336914063
668.893982      1195.7263183594
669.224243      1149.7369384766
669.554504      1221.0205078125
669.884705      1250.9136962891
670.214844      1140.5389404297
670.544922      1179.6300048828
670.875000      1145.1379394531
671.205078      1152.0363769531
671.534973      1188.8278808594
671.864929      1195.7263183594
672.194824      1163.5336914063
672.524658      1170.4321289063
672.854431      1152.0363769531
673.184204      1184.2290039063
673.513916      1126.7421875000
673.843567      1198.0258789063
674.173218      1170.4321289063
674.502747      1214.1221923828
674.832275      1154.3358154297
675.161804      1177.3305664063
675.491211      1227.9189453125
675.820679      1129.0416259766
676.149963      1168.1326904297
676.479248      1175.0311279297
676.808533      1163.5336914063
677.137756      1163.5336914063
677.466919      1179.6300048828
677.796021      1163.5336914063
678.125122      1223.3200683594
678.454163      1165.8332519531
678.783142      1066.9558105469
679.112122      1202.6247558594
679.440979      1152.0363769531
679.769897      1163.5336914063
680.098694      1202.6247558594
680.427490      1204.9241943359
680.756165      1207.2237548828
681.084900      3341.1354980469
681.413513      1303.8016357422
681.742065      1191.1274414063
682.070679      1204.9241943359
682.399170      1163.5336914063
682.727600      1218.7210693359
683.056030      1103.7474365234
683.384399      1117.5441894531
683.712708      1170.4321289063
684.040955      1147.4373779297
684.369263      1161.2342529297
684.697388      1193.4268798828
685.025574      1126.7421875000
685.353638      1200.3253173828
685.681702      1186.5284423828
686.009766      1204.9241943359
686.337708      1149.7369384766
686.665588      1175.0311279297
686.993469      1131.3410644531
687.321289      1175.0311279297
687.649048      1191.1274414063
687.976807      1172.7315673828
688.304565      1184.2290039063
688.632141      1200.3253173828
688.959839      1204.9241943359
689.287354      1175.0311279297
689.614868      1145.1379394531
689.942383      1142.8385009766
690.269775      1246.3148193359
690.597168      1193.4268798828
690.924500      1149.7369384766
691.251770      1165.8332519531
691.578979      1156.6352539063
691.906250      1218.7210693359
692.233398      1198.0258789063
692.560486      1129.0416259766
692.887573      1165.8332519531
693.214539      1163.5336914063
693.541565      1138.2395019531
693.868469      1156.6352539063
694.195374      1163.5336914063
694.522217      1175.0311279297
694.849060      1191.1274414063
695.175781      1170.4321289063
695.502441      1163.5336914063
695.829163      1207.2237548828
696.155823      1241.7158203125
696.482300      1163.5336914063
696.808899      1161.2342529297
697.135315      1108.3463134766
697.461792      1172.7315673828
697.788147      1165.8332519531
698.114563      1218.7210693359
698.440857      1135.9400634766
698.767029      1142.8385009766
699.093323      1207.2237548828
699.419495      1145.1379394531
699.745605      1175.0311279297
700.071655      1239.4163818359
700.397705      1211.8226318359
700.723694      1175.0311279297
701.049622      1124.4426269531
701.375549      1140.5389404297
701.701355      1278.5074462891
702.027222      1250.9136962891
702.352905      1181.9295654297
702.678711      1193.4268798828
703.004395      1129.0416259766
703.329956      1135.9400634766
703.655579      1149.7369384766
703.981018      1191.1274414063
704.306580      1179.6300048828
704.632080      1186.5284423828
704.957397      1177.3305664063
705.282776      1147.4373779297
705.608093      1175.0311279297
705.933350      1103.7474365234
706.258545      1225.6195068359
706.583740      1145.1379394531
706.908875      1195.7263183594
707.233948      1186.5284423828
707.559021      1179.6300048828
707.883972      1188.8278808594
708.208984      1147.4373779297
708.533813      1161.2342529297
708.858704      1165.8332519531
709.183533      1117.5441894531
709.508240      1227.9189453125
709.833008      1179.6300048828
710.157654      1237.1169433594
710.482300      1165.8332519531
710.806885      1156.6352539063
711.131409      1147.4373779297
711.455933      1165.8332519531
711.780334      1184.2290039063
712.104797      1202.6247558594
712.429138      1149.7369384766
712.753479      1218.7210693359
713.077759      1234.8173828125
713.401917      1110.6458740234
713.726135      1184.2290039063
714.050232      1145.1379394531
714.374329      1149.7369384766
714.698364      1126.7421875000
715.022339      1092.2500000000
715.346313      1221.0205078125
715.670166      1152.0363769531
715.994080      1156.6352539063
716.317871      1237.1169433594
716.641663      1257.8121337891
716.965393      1158.9348144531
717.289001      1094.5495605469
717.612732      1207.2237548828
717.936279      1214.1221923828
718.259827      1149.7369384766
718.583313      1145.1379394531
718.906738      1147.4373779297
719.230225      1129.0416259766
719.553528      1175.0311279297
719.876892      1193.4268798828
720.200134      1221.0205078125
720.523315      1191.1274414063
720.846497      1207.2237548828
721.169617      1131.3410644531
721.492737      1147.4373779297
721.815735      1223.3200683594
722.138733      1175.0311279297
722.461670      1216.4216308594
722.784607      1214.1221923828
723.107544      1225.6195068359
723.430298      1154.3358154297
723.753113      1225.6195068359
724.075745      1181.9295654297
724.398438      1177.3305664063
724.721008      1195.7263183594
725.043640      1175.0311279297
725.366211      1188.8278808594
725.688660      1188.8278808594
726.011169      1191.1274414063
726.333496      1110.6458740234
726.655884      1184.2290039063
726.978149      1179.6300048828
727.300476      1124.4426269531
727.622681      1195.7263183594
727.944824      1110.6458740234
728.266968      1163.5336914063
728.589050      1140.5389404297
728.911133      1158.9348144531
729.233032      1198.0258789063
729.554993      1202.6247558594
729.876953      1204.9241943359
730.198792      1184.2290039063
730.520569      1184.2290039063
730.842346      1223.3200683594
731.164063      1158.9348144531
731.485718      1193.4268798828
731.807373      1186.5284423828
732.128967      1156.6352539063
732.450439      1168.1326904297
732.771973      1140.5389404297
733.093323      1152.0363769531
733.414795      1246.3148193359
733.736145      1145.1379394531
734.057373      1204.9241943359
734.378662      1184.2290039063
734.699890      1181.9295654297
735.021057      1158.9348144531
735.342163      1195.7263183594
735.663269      1267.0100097656
735.984314      1204.9241943359
736.305237      1172.7315673828
736.626160      1234.8173828125
736.947083      1214.1221923828
737.267883      1149.7369384766
737.588745      1126.7421875000
737.909485      1142.8385009766
738.230225      1214.1221923828
738.550781      1186.5284423828
738.871460      1253.2132568359
739.192017      1170.4321289063
739.512573      1170.4321289063
739.833069      1175.0311279297
740.153442      1230.2185058594
740.473877      1285.4058837891
740.794128      1216.4216308594
741.114441      1138.2395019531
741.434692      1181.9295654297
741.754883      1161.2342529297
742.075073      1066.9558105469
742.395142      1168.1326904297
742.715210      1216.4216308594
743.035217      1188.8278808594
743.355225      1225.6195068359
743.675049      1211.8226318359
743.994995      1154.3358154297
744.314880      1163.5336914063
744.634583      1158.9348144531
744.954407      1204.9241943359
745.273987      1161.2342529297
745.593689      1145.1379394531
745.913330      1200.3253173828
746.232849      1147.4373779297
746.552368      1124.4426269531
746.871826      1195.7263183594
747.191223      1147.4373779297
747.510559      1218.7210693359
747.829956      1211.8226318359
748.149231      1170.4321289063
748.468384      1214.1221923828
748.787659      1156.6352539063
749.106750      1184.2290039063
749.425842      1163.5336914063
749.744873      1188.8278808594
750.063904      1154.3358154297
750.382874      1154.3358154297
750.701721      1184.2290039063
751.020630      1214.1221923828
751.339417      1142.8385009766
751.658203      1181.9295654297
751.976990      1138.2395019531
752.295593      1149.7369384766
752.614258      1239.4163818359
752.932800      1149.7369384766
753.251404      1135.9400634766
753.569824      1152.0363769531
753.888306      1172.7315673828
754.206726      1179.6300048828
754.525024      1177.3305664063
754.843323      1186.5284423828
755.161621      1193.4268798828
755.479797      1204.9241943359
755.797974      1129.0416259766
756.116089      1152.0363769531
756.434204      1181.9295654297
756.752197      1149.7369384766
757.070190      1230.2185058594
757.388123      1094.5495605469
757.705994      1175.0311279297
758.023865      1195.7263183594
758.341675      1218.7210693359
758.659363      1223.3200683594
758.977112      1225.6195068359
759.294739      1152.0363769531
759.612305      1168.1326904297
759.929932      1260.1115722656
760.247498      1244.0152587891
760.564880      1154.3358154297
760.882385      1204.9241943359
761.199707      1198.0258789063
761.517090      1184.2290039063
761.834290      1221.0205078125
762.151611      1131.3410644531
762.468811      1172.7315673828
762.785889      1163.5336914063
763.103027      1207.2237548828
763.420044      1106.0468750000
763.737061      1195.7263183594
764.054077      1204.9241943359
764.370972      1175.0311279297
764.687805      1207.2237548828
765.004639      1161.2342529297
765.321411      1154.3358154297
765.638123      1237.1169433594
765.954834      1218.7210693359
766.271484      1179.6300048828
766.588074      1083.0521240234
766.904602      1188.8278808594
767.221069      1232.5179443359
767.537537      1089.9505615234
767.853882      1172.7315673828
768.170288      1163.5336914063
768.486572      1156.6352539063
768.802856      1161.2342529297
769.119080      1149.7369384766
769.435181      1175.0311279297
769.751343      1184.2290039063
770.067322      1149.7369384766
770.383423      1165.8332519531
770.699402      1227.9189453125
771.015320      1237.1169433594
771.331238      1172.7315673828
771.647095      1188.8278808594
771.962891      1214.1221923828
772.278625      1221.0205078125
772.594299      1195.7263183594
772.909973      1179.6300048828
773.225586      1184.2290039063
773.541138      1198.0258789063
773.856567      1122.1431884766
774.172119      1152.0363769531
774.487549      1170.4321289063
774.802856      1124.4426269531
775.118286      1255.5126953125
775.433472      1232.5179443359
775.748718      1124.4426269531
776.063904      1142.8385009766
776.379028      1227.9189453125
776.694153      1117.5441894531
777.009155      1170.4321289063
777.324158      1149.7369384766
777.639099      1198.0258789063
777.954041      1163.5336914063
778.268921      1119.8437500000
778.583740      1156.6352539063
778.898499      1152.0363769531
779.213196      1080.7526855469
779.527832      1264.7105712891
779.842468      1181.9295654297
780.157043      1248.6142578125
780.471619      1175.0311279297
780.786072      1179.6300048828
781.100525      1163.5336914063
781.414856      1103.7474365234
781.729248      1276.2078857422
782.043457      1193.4268798828
782.357788      1246.3148193359
782.671997      1147.4373779297
782.986084      1163.5336914063
783.300293      1168.1326904297
783.614258      1175.0311279297
783.928345      1287.7053222656
784.242249      1232.5179443359
784.556213      1165.8332519531
784.870117      1200.3253173828
785.183899      1207.2237548828
785.497681      1145.1379394531
785.811340      1131.3410644531
786.125061      1216.4216308594
786.438721      1232.5179443359
786.752258      1216.4216308594
787.065857      1175.0311279297
787.379333      1191.1274414063
787.692810      1163.5336914063
788.006165      1154.3358154297
788.319519      1214.1221923828
788.632874      1202.6247558594
788.946106      1147.4373779297
789.259338      1191.1274414063
789.572449      1175.0311279297
789.885559      1253.2132568359
790.198608      1094.5495605469
790.511719      1184.2290039063
790.824707      1154.3358154297
791.137573      1126.7421875000
791.450500      1115.2447509766
791.763306      1106.0468750000
792.076111      1209.5231933594
792.388855      1207.2237548828
792.701538      1209.5231933594
793.014221      1124.4426269531
793.326782      1172.7315673828
793.639343      1133.6406250000
793.951843      1131.3410644531
794.264282      1170.4321289063
794.576721      1140.5389404297
794.889099      1204.9241943359
795.201416      1101.4478759766
795.513611      1145.1379394531
795.825867      1198.0258789063
796.138000      1140.5389404297
796.450195      1133.6406250000
796.762268      1163.5336914063
797.074280      1112.9453125000
797.386292      1195.7263183594
797.698181      1225.6195068359
798.010071      1184.2290039063
798.321960      1237.1169433594
798.633728      1225.6195068359
798.945496      1142.8385009766
799.257202      1149.7369384766
799.568787      1198.0258789063
799.880432      1191.1274414063
800.192017      1083.0521240234
800.503540      1237.1169433594
800.815002      1145.1379394531
801.126404      1163.5336914063
801.437744      1135.9400634766
801.749084      1154.3358154297
802.060364      1191.1274414063
802.371582      1179.6300048828
802.682800      1179.6300048828
802.993835      1253.2132568359
803.304993      1269.3095703125
803.615967      1241.7158203125
803.927002      1248.6142578125
804.237976      1106.0468750000
804.548828      1163.5336914063
804.859741      1165.8332519531
805.170471      1184.2290039063
805.481201      1223.3200683594
805.791931      1163.5336914063
806.102600      1204.9241943359
806.413208      1145.1379394531
806.723755      1221.0205078125
807.034241      1142.8385009766
807.344727      1154.3358154297
807.655151      1168.1326904297
807.965515      1211.8226318359
808.275879      1106.0468750000
808.586182      1200.3253173828
808.896362      1175.0311279297
809.206604      1135.9400634766
809.516663      1175.0311279297
809.826782      1165.8332519531
810.136780      1241.7158203125
810.446777      1230.2185058594
810.756775      1253.2132568359
811.066650      1145.1379394531
811.376465      1119.8437500000
811.686279      1156.6352539063
811.996033      1267.0100097656
812.305786      1168.1326904297
812.615417      1193.4268798828
812.924988      1211.8226318359
813.234558      1149.7369384766
813.544128      1202.6247558594
813.853516      1207.2237548828
814.162964      1158.9348144531
814.472351      1204.9241943359
814.781616      1209.5231933594
815.090942      1186.5284423828
815.400146      1207.2237548828
815.709351      1145.1379394531
816.018433      1253.2132568359
816.327515      1225.6195068359
816.636597      1154.3358154297
816.945557      1181.9295654297
817.254578      1152.0363769531
817.563416      1230.2185058594
817.872253      1260.1115722656
818.181091      1209.5231933594
818.489807      1177.3305664063
818.798523      1142.8385009766
819.107178      1211.8226318359
819.415833      1184.2290039063
819.724365      1218.7210693359
820.032837      1168.1326904297
820.341370      1195.7263183594
820.649719      1184.2290039063
820.958130      1161.2342529297
821.266357      1133.6406250000
821.574707      1188.8278808594
821.882874      1172.7315673828
822.191040      1200.3253173828
822.499207      1214.1221923828
822.807251      1209.5231933594
823.115356      1209.5231933594
823.423279      1126.7421875000
823.731262      1188.8278808594
824.039124      1186.5284423828
824.346985      1193.4268798828
824.654846      1209.5231933594
824.962524      1216.4216308594
825.270264      1122.1431884766
825.577820      1170.4321289063
825.885437      1287.7053222656
826.193054      1198.0258789063
826.500488      1131.3410644531
826.807983      1216.4216308594
827.115356      1184.2290039063
827.422729      1154.3358154297
827.729980      1227.9189453125
828.037292      1188.8278808594
828.344543      1158.9348144531
828.651733      1200.3253173828
828.958862      1129.0416259766
829.265869      1135.9400634766
829.572937      1170.4321289063
829.879883      1149.7369384766
830.186829      1149.7369384766
830.493713      1124.4426269531
830.800537      1191.1274414063
831.107361      1131.3410644531
831.414063      1145.1379394531
831.720764      1188.8278808594
832.027405      1188.8278808594
832.333984      1195.7263183594
832.640564      1216.4216308594
832.947021      1147.4373779297
833.253479      1163.5336914063
833.559814      1152.0363769531
833.866211      1149.7369384766
834.172546      1209.5231933594
834.478760      1230.2185058594
834.784973      1184.2290039063
835.091125      1129.0416259766
835.397278      1310.7000732422
835.703247      1163.5336914063
836.009277      1175.0311279297
836.315247      1149.7369384766
836.621155      1246.3148193359
836.927063      1246.3148193359
837.232849      1278.5074462891
837.538635      1218.7210693359
837.844421      1227.9189453125
838.150085      1239.4163818359
838.455688      1191.1274414063
838.761292      1131.3410644531
839.066833      1138.2395019531
839.372253      1237.1169433594
839.677734      1271.6090087891
839.983093      1181.9295654297
840.288391      1198.0258789063
840.593689      1186.5284423828
840.898926      1179.6300048828
841.204102      1234.8173828125
841.509277      1140.5389404297
841.814392      1227.9189453125
842.119446      1147.4373779297
842.424438      1161.2342529297
842.729370      1172.7315673828
843.034241      1253.2132568359
843.339111      1204.9241943359
843.643982      1209.5231933594
843.948669      1163.5336914063
844.253479      1071.5548095703
844.558105      1145.1379394531
844.862671      1078.4532470703
845.167236      1163.5336914063
845.471741      1195.7263183594
845.776245      1158.9348144531
846.080627      1124.4426269531
846.385071      1149.7369384766
846.689331      1193.4268798828
846.993591      1209.5231933594
847.297791      1211.8226318359
847.601990      1216.4216308594
847.906128      1156.6352539063
848.210205      1179.6300048828
848.514282      1223.3200683594
848.818237      1186.5284423828
849.122131      1186.5284423828
849.426025      1181.9295654297
849.729919      1184.2290039063
850.033691      1179.6300048828
850.337402      1170.4321289063
850.641113      1209.5231933594
850.944702      1133.6406250000
851.248352      1198.0258789063
851.551941      1207.2237548828
851.855347      1209.5231933594
852.158813      1124.4426269531
852.462219      1108.3463134766
852.765564      1175.0311279297
853.068848      1230.2185058594
853.372070      1175.0311279297
853.675354      1181.9295654297
853.978455      1234.8173828125
854.281555      1225.6195068359
854.584656      1223.3200683594
854.887634      1135.9400634766
855.190552      1156.6352539063
855.493530      1147.4373779297
855.796387      1184.2290039063
856.099182      1172.7315673828
856.401978      1089.9505615234
856.704651      1191.1274414063
857.007324      1195.7263183594
857.309998      1177.3305664063
857.612549      1200.3253173828
857.915100      1184.2290039063
858.217529      1117.5441894531
858.519958      1168.1326904297
858.822266      1255.5126953125
859.124634      1165.8332519531
859.426941      1156.6352539063
859.729187      1218.7210693359
860.031372      1248.6142578125
860.333435      1158.9348144531
860.635559      1168.1326904297
860.937622      1142.8385009766
861.239563      1158.9348144531
861.541504      1163.5336914063
861.843384      1216.4216308594
862.145264      1138.2395019531
862.446960      1142.8385009766
862.748779      1147.4373779297
863.050476      1163.5336914063
863.352051      1147.4373779297
863.653748      1179.6300048828
863.955200      1188.8278808594
864.256714      1168.1326904297
864.558167      1165.8332519531
864.859619      1246.3148193359
865.160950      1156.6352539063
865.462219      1211.8226318359
865.763489      1138.2395019531
866.064697      1103.7474365234
866.365845      1202.6247558594
866.666931      1135.9400634766
866.967957      1101.4478759766
867.269043      1218.7210693359
867.570007      1202.6247558594
867.870911      1200.3253173828
868.171692      1223.3200683594
868.472595      1234.8173828125
868.773254      1142.8385009766
869.074036      1195.7263183594
869.374695      1177.3305664063
869.675293      1198.0258789063
869.975891      1191.1274414063
870.276367      1223.3200683594
870.576843      1211.8226318359
870.877319      1140.5389404297
871.177612      1124.4426269531
871.477966      1214.1221923828
871.778198      1239.4163818359
872.078491      1218.7210693359
872.378601      1234.8173828125
872.678711      1131.3410644531
872.978882      1177.3305664063
873.278870      1172.7315673828
873.578857      1112.9453125000
873.878784      1232.5179443359
874.178650      1124.4426269531
874.478394      1106.0468750000
874.778259      1223.3200683594
875.078003      1177.3305664063
875.377625      1156.6352539063
875.677307      1106.0468750000
875.976868      1140.5389404297
876.276428      1246.3148193359
876.575928      1239.4163818359
876.875366      1101.4478759766
877.174744      1089.9505615234
877.474060      1221.0205078125
877.773376      1133.6406250000
878.072571      1211.8226318359
878.371826      1191.1274414063
878.670959      1218.7210693359
878.970032      1271.6090087891
879.269043      1214.1221923828
879.567993      1193.4268798828
879.867004      1175.0311279297
880.165894      1216.4216308594
880.464722      1195.7263183594
880.763550      1161.2342529297
881.062256      1191.1274414063
881.361023      1122.1431884766
881.659607      1133.6406250000
881.958252      1271.6090087891
882.256836      1195.7263183594
882.555298      1255.5126953125
882.853760      1142.8385009766
883.152100      1175.0311279297
883.450500      1267.0100097656
883.748779      1204.9241943359
884.047058      1156.6352539063
884.345276      1122.1431884766
884.643372      1207.2237548828
884.941528      1202.6247558594
885.239502      1186.5284423828
885.537598      1165.8332519531
885.835510      1175.0311279297
886.133423      1181.9295654297
886.431335      1138.2395019531
886.729065      1096.8489990234
887.026855      1186.5284423828
887.324524      1152.0363769531
887.622253      1230.2185058594
887.919800      1165.8332519531
888.217407      1177.3305664063
888.514954      1241.7158203125
888.812317      1207.2237548828
889.109802      1177.3305664063
889.407166      1147.4373779297
889.704407      1202.6247558594
890.001770      1154.3358154297
890.298889      1170.4321289063
890.596130      1227.9189453125
890.893188      1191.1274414063
891.190308      1253.2132568359
891.487244      1241.7158203125
