0.012300
191.033081         0.0000000000
191.409973         0.0000000000
191.786819      1166.6159667969
192.163651      1236.3341064453
192.540451      1243.3059082031
192.917221      1206.1229248047
193.293961      1215.4187011719
193.670670      1292.1085205078
194.047348      1210.7707519531
194.423981      1250.2777099609
194.800613      1313.0239257813
195.177200      1268.8691406250
195.553757      1285.1367187500
195.930283      1259.5734863281
196.306778      1254.9255371094
196.683258      1275.8409423828
197.059677      1301.4042968750
197.436081      1294.4324951172
197.812454      1343.2351074219
198.188812      1257.2495117188
198.565125      1345.5590820313
198.941406      1299.0803222656
199.317673      1217.7425537109
199.693893      1240.9819335938
200.070099      1266.5452880859
200.446259      1194.5031738281
200.822388      1261.8973388672
201.198486      1243.3059082031
201.574570      1296.7564697266
201.950607      1319.9957275391
202.326614      1215.4187011719
202.702606      1231.6861572266
203.078568      1240.9819335938
203.454483      1282.8127441406
203.830383      1278.1649169922
204.206253      1266.5452880859
204.582077      1245.6297607422
204.957870      1299.0803222656
205.333633      1222.3905029297
205.709396      1266.5452880859
206.085098      1201.4749755859
206.460785      1243.3059082031
206.836426      1250.2777099609
207.212051      1196.8271484375
207.587646      1243.3059082031
207.963196      1224.7143554688
208.338730      1289.7845458984
208.714218      1247.9537353516
209.089691      1266.5452880859
209.465134      1194.5031738281
209.840530      1271.1931152344
210.215897      1234.0101318359
210.591263      1268.8691406250
210.966583      1231.6861572266
211.341858      1275.8409423828
211.717102      1222.3905029297
212.092331      1350.2069091797
212.467529      1213.0947265625
212.842697      1215.4187011719
213.217819      1203.7989501953
213.592926      1243.3059082031
213.968002      1213.0947265625
214.343018      1336.2633056641
214.718033      1189.8553466797
215.093018      1285.1367187500
215.467972      1250.2777099609
215.842880      1196.8271484375
216.217773      1273.5170898438
216.592636      1199.1511230469
216.967453      1303.7282714844
217.342255      1164.2919921875
217.717026      1259.5734863281
218.091766      1287.4606933594
218.466446      1208.4467773438
218.841125      1296.7564697266
219.215759      1243.3059082031
219.590378      1299.0803222656
219.964966      1278.1649169922
220.339508      1289.7845458984
220.714020      1257.2495117188
221.088516      1280.4888916016
221.462967      1296.7564697266
221.837402      1275.8409423828
222.211792      1250.2777099609
222.586166      1261.8973388672
222.960510      1273.5170898438
223.334793      1280.4888916016
223.709061      1203.7989501953
224.083313      1282.8127441406
224.457520      1234.0101318359
224.831696      1268.8691406250
225.205856      1264.2213134766
225.579987      1215.4187011719
225.954056      1234.0101318359
226.328110      1227.0383300781
226.702148      1238.6579589844
227.076126      1215.4187011719
227.450104      1278.1649169922
227.824036      1227.0383300781
228.197937      1280.4888916016
228.571823      1308.3760986328
228.945648      1278.1649169922
229.319473      1234.0101318359
229.693237      1185.2075195313
230.066986      1271.1931152344
230.440704      1306.0521240234
230.814392      1282.8127441406
231.188034      1275.8409423828
231.561661      1192.1793212891
231.935257      1313.0239257813
232.308823      1259.5734863281
232.682343      1201.4749755859
233.055847      1252.6016845703
233.429321      1350.2069091797
233.802750      1247.9537353516
234.176147      1285.1367187500
234.549530      1217.7425537109
234.922882      1259.5734863281
235.296188      1199.1511230469
235.669464      1257.2495117188
236.042725      1229.3623046875
236.415924      1340.9112548828
236.789139      1315.3479003906
237.162292      1296.7564697266
237.535416      1278.1649169922
237.908508      1210.7707519531
238.281570      1313.0239257813
238.654617      1308.3760986328
239.027618      1245.6297607422
239.400574      1271.1931152344
239.773514      1292.1085205078
240.146423      1266.5452880859
240.519302      1215.4187011719
240.892136      1257.2495117188
241.264969      1261.8973388672
241.637726      1240.9819335938
242.010498      1210.7707519531
242.383209      1268.8691406250
242.755905      1220.0665283203
243.128555      1278.1649169922
243.501190      1278.1649169922
243.873779      1266.5452880859
244.246353      1268.8691406250
244.618866      1252.6016845703
244.991379      1273.5170898438
245.363861      1201.4749755859
245.736282      1266.5452880859
246.108688      1250.2777099609
246.481079      1240.9819335938
246.853409      1282.8127441406
247.225723      1254.9255371094
247.598007      1266.5452880859
247.970261      1240.9819335938
248.342468      1296.7564697266
248.714645      1234.0101318359
249.086823      1322.3197021484
249.458954      1180.5595703125
249.831024      1192.1793212891
250.203094      1159.6441650391
250.575134      1252.6016845703
250.947113      1275.8409423828
251.319092      1326.9675292969
251.691025      1247.9537353516
252.062912      1319.9957275391
252.434784      1308.3760986328
252.806641      1308.3760986328
253.178452      1275.8409423828
253.550232      1243.3059082031
253.921967      1224.7143554688
254.293686      1252.6016845703
254.665359      1361.8266601563
255.037003      1296.7564697266
255.408630      1278.1649169922
255.780228      1294.4324951172
256.151764      1213.0947265625
256.523285      1266.5452880859
256.894806      1250.2777099609
257.266235      1208.4467773438
257.637695      1285.1367187500
258.009064      1278.1649169922
258.380432      1280.4888916016
258.751770      1317.6718750000
259.123077      1268.8691406250
259.494385      1229.3623046875
259.865601      1292.1085205078
260.236816      1192.1793212891
260.607941      1266.5452880859
260.979126      1245.6297607422
261.350220      1289.7845458984
261.721344      1285.1367187500
262.092346      1266.5452880859
262.463379      1236.3341064453
262.834351      1301.4042968750
263.205292      1247.9537353516
263.576233      1271.1931152344
263.947144      1222.3905029297
264.317993      1206.1229248047
264.688812      1240.9819335938
265.059631      1273.5170898438
265.430359      1252.6016845703
265.801117      1224.7143554688
266.171783      1201.4749755859
266.542450      1306.0521240234
266.913086      1333.9394531250
267.283691      1310.7000732422
267.654266      1224.7143554688
268.024811      1273.5170898438
268.395325      1282.8127441406
268.765778      1208.4467773438
269.136230      1292.1085205078
269.506653      1259.5734863281
269.877045      1287.4606933594
270.247375      1245.6297607422
270.617676      1361.8266601563
270.987946      1271.1931152344
271.358246      1217.7425537109
271.728424      1273.5170898438
272.098633      1278.1649169922
272.468781      1264.2213134766
272.838867      1331.6154785156
273.209015      1278.1649169922
273.579041      1250.2777099609
273.949066      1231.6861572266
274.319061      1217.7425537109
274.689056      1243.3059082031
275.058960      1289.7845458984
275.428864      1289.7845458984
275.798737      1238.6579589844
276.168579      1282.8127441406
276.538361      1240.9819335938
276.908142      1315.3479003906
277.277832      1352.5308837891
277.647583      1210.7707519531
278.017242      1194.5031738281
278.386902      1259.5734863281
278.756500      1201.4749755859
279.126038      1299.0803222656
279.495636      1278.1649169922
279.865143      1254.9255371094
280.234619      1271.1931152344
280.604065      1296.7564697266
280.973450      1238.6579589844
281.342834      1271.1931152344
281.712189      1236.3341064453
282.081512      1236.3341064453
282.450836      1224.7143554688
282.820038      1213.0947265625
283.189270      1220.0665283203
283.558502      1247.9537353516
283.927612      1299.0803222656
284.296722      1313.0239257813
284.665863      1310.7000732422
285.034912      1187.5313720703
285.403931      1247.9537353516
285.772919      1254.9255371094
286.141876      1234.0101318359
286.510834      1317.6718750000
286.879730      1294.4324951172
287.248596      1315.3479003906
287.617401      1299.0803222656
287.986206      1250.2777099609
288.354950      1347.8830566406
288.723724      1333.9394531250
289.092407      1303.7282714844
289.461060      1240.9819335938
289.829742      1308.3760986328
290.198334      1287.4606933594
290.566925      1331.6154785156
290.935455      1268.8691406250
291.303925      1317.6718750000
291.672394      1294.4324951172
292.040894      1266.5452880859
292.409271      1308.3760986328
292.777679      1254.9255371094
293.145996      1261.8973388672
293.514313      1357.1787109375
293.882599      1245.6297607422
294.250824      1324.6436767578
294.619049      1310.7000732422
294.987244      1268.8691406250
295.355377      1294.4324951172
295.723480      1273.5170898438
296.091614      1278.1649169922
296.459625      1287.4606933594
296.827667      1303.7282714844
297.195648      1313.0239257813
297.563599      1222.3905029297
297.931488      1254.9255371094
298.299408      1333.9394531250
298.667267      1294.4324951172
299.035095      1231.6861572266
299.402893      1264.2213134766
299.770599      1333.9394531250
300.138367      1306.0521240234
300.506042      1273.5170898438
300.873718      1333.9394531250
301.241333      1243.3059082031
301.608917      1268.8691406250
301.976471      1306.0521240234
302.344025      1289.7845458984
302.711487      1285.1367187500
303.078979      1287.4606933594
303.446411      1354.8548583984
303.813782      1296.7564697266
304.181183      1387.3898925781
304.548492      1368.7984619141
304.915771      1324.6436767578
305.283051      1385.0660400391
305.650299      1357.1787109375
306.017456      1424.5728759766
306.384644      1343.2351074219
306.751770      1366.4744873047
307.118896      1389.7138671875
307.485962      1405.9814453125
307.852966      1445.4882812500
308.219971      1475.6994628906
308.586945      1515.2064208984
308.953888      1471.0516357422
309.320801      1529.1500244141
309.687653      1443.1644287109
310.054504      1491.9670410156
310.421326      1596.5441894531
310.788086      1624.4313964844
311.154846      1687.1777343750
311.521515      1654.6425781250
311.888184      1701.1213378906
312.254822      1698.7973632813
312.621429      1652.3186035156
312.988007      1724.3607177734
313.354553      1766.1915283203
313.721039      1729.0085449219
314.087494      1798.7266845703
314.453949      1870.7686767578
314.820343      1817.3181152344
315.186737      1877.7404785156
315.553101      1928.8670654297
315.919373      1919.5712890625
316.285645      1889.3601074219
316.651886      1870.7686767578
317.018066      2024.1484375000
317.384308      2086.8947753906
317.750427      2068.3032226563
318.116516      2054.3596191406
318.482574      2121.7536621094
318.848633      2186.8239746094
319.214661      2140.3452148438
319.580627      2205.4155273438
319.946564      2323.9362792969
320.312439      2319.2883300781
320.678314      2326.2602539063
321.044159      2358.7951660156
321.410004      2293.7250976563
321.775757      2375.0627441406
322.141510      2433.1611328125
322.507202      2349.4995117188
322.872894      2358.7951660156
323.238525      2351.8234863281
323.604156      2449.4287109375
323.969696      2581.8930664063
324.335266      2646.9633789063
324.700745      2649.2873535156
325.066223      2751.5405273438
325.431702      2830.5541992188
325.797089      2986.2580566406
326.162445      3030.4128417969
326.527802      3153.5815429688
326.893097      3042.0324707031
327.258362      3116.3984375000
327.623657      3176.8208007813
327.988861      3160.5532226563
328.353973      3186.1164550781
328.719116      3181.4687500000
329.084259      3332.5246582031
329.449341      3374.3554687500
329.814392      3544.0026855469
330.179352      3611.3969726563
330.544312      3797.3117675781
330.909241      3562.5942382813
331.274170      3664.8474121094
331.639069      3769.4245605469
332.003906      3790.3400878906
332.368713      3767.1005859375
332.733459      3846.1145019531
333.098206      3832.1708984375
333.462921      3850.7622070313
333.827606      3794.9877929688
334.192230      3685.7629394531
334.556824      3704.3542480469
334.921356      3839.1425781250
335.285919      3880.9733886719
335.650452      3818.2272949219
336.014893      3715.9741210938
336.379333      3653.2277832031
336.743744      3681.1149902344
337.108124      3639.2841796875
337.472443      3618.3686523438
337.836731      3669.4953613281
338.201019      3934.4240722656
338.565247      3918.1564941406
338.929413      4078.5080566406
339.293579      4078.5080566406
339.657776      4159.8457031250
340.021851      4194.7050781250
340.385895      4241.1835937500
340.749908      4378.2958984375
341.113922      4287.6621093750
341.477875      4303.9296875000
341.841827      4248.1552734375
342.205688      4487.5209960938
342.569580      4487.5209960938
342.933380      4694.3510742188
343.297211      4429.4223632813
343.660950      4489.8447265625
344.024658      4310.9018554688
344.388367      4173.7895507813
344.752014      4180.7612304688
345.115601      4292.3100585938
345.479218      4473.5771484375
345.842804      4654.8442382813
346.206299      4485.1967773438
346.569763      4566.5346679688
346.933228      4650.1962890625
347.296661      4694.3510742188
347.660034      4596.7460937500
348.023407      4580.4785156250
348.386719      4619.9853515625
348.750000      4682.7314453125
349.113220      4740.8300781250
349.476471      4643.2246093750
349.839661      4924.4208984375
350.202820      4991.8149414063
350.565887      5249.7719726563
350.928955      5273.0112304688
351.292023      5196.3212890625
351.655029      5214.9130859375
352.018036      5286.9550781250
352.380981      5284.6308593750
352.743866      5240.4760742188
353.106720      5254.4199218750
353.469574      5468.2221679688
353.832397      5763.3618164063
354.195160      5826.1079101563
354.557892      5870.2626953125
354.920593      5970.1923828125
355.283234      6025.9667968750
355.645905      5826.1079101563
356.008514      5723.8549804688
356.371094      5747.0942382813
356.733612      5565.8271484375
357.096100      5279.9829101563
357.458588      5161.4624023438
357.820984      4919.7729492188
358.183411      5117.3076171875
358.545746      4880.2661132813
358.908081      4980.1953125000
359.270355      5261.3916015625
359.632629      5807.5166015625
359.994873      6200.2617187500
360.357056      6060.8256835938
360.719208      6000.4033203125
361.081329      5977.1640625000
361.443420      5837.7280273438
361.805481      5828.4321289063
362.167511      6163.0791015625
362.529480      6346.6699218750
362.891418      6267.6557617188
363.253326      6314.1347656250
363.615234      6602.3027343750
363.977081      6706.8798828125
364.338867      6711.5278320313
364.700653      6818.4287109375
365.062378      6830.0483398438
365.424103      7234.4135742188
365.785767      7336.6665039063
366.147430      7989.6928710938
366.509033      7973.4252929688
366.870605      7959.4814453125
367.232117      8054.7631835938
367.593628      7966.4536132813
367.955109      7696.8769531250
368.316559      7943.2138671875
368.677917      7838.6367187500
369.039307      7840.9609375000
369.400635      7889.7636718750
369.761902      8296.4521484375
370.123199      8412.6494140625
370.484436      8382.4375000000
370.845581      8152.3681640625
371.206726      8122.1572265625
371.567871      8143.0727539063
371.928955      8163.9877929688
372.290039      7985.0449218750
372.651062      7671.3134765625
373.011993      7638.7783203125
373.372955      7501.6660156250
373.733887      7043.8505859375
374.094788      7069.4140625000
374.455627      7167.0195312500
374.816406      6927.6538085938
375.177185      7406.3847656250
375.537903      7741.0317382813
375.898651      7845.6088867188
376.259338      8256.9453125000
376.619965      8335.9589843750
376.980530      8638.0712890625
377.341095      8893.7041015625
377.701660      9521.1669921875
378.062134      9855.8134765625
378.422607      9946.4472656250
378.783020      9744.2646484375
379.143402      9428.2089843750
379.503784      9063.3515625000
379.864105      8982.0136718750
380.224396      9035.4638671875
380.584656      9186.5195312500
380.944855      9477.0117187500
381.305054      9177.2246093750
381.665192      8810.0419921875
382.025299      8387.0859375000
382.385406      7606.2431640625
382.745453      7129.8364257813
383.105438      6730.1191406250
383.465424      6727.7954101563
383.825348      6667.3730468750
384.185272      7088.0053710938
384.545135      7685.2573242188
384.904968      8347.5791015625
385.264771      8433.5644531250
385.624512      8598.5644531250
385.984253      8535.8173828125
386.343964      8642.7187500000
386.703613      8554.4091796875
387.063232      8514.9023437500
387.422821      8733.3525390625
387.782379      8633.4228515625
388.141907      8596.2402343750
388.501404      8654.3388671875
388.860840      8842.5771484375
389.220215      9270.1816406250
389.579620      9723.3496093750
389.938995     10141.6572265625
390.298279     10418.2060546875
390.657562     10669.1914062500
391.016785     11061.9365234375
391.376007     11071.2324218750
391.735168     11150.2460937500
392.094299     10645.9521484375
392.453430      9802.3632812500
392.812469      8875.1123046875
393.171478      7699.2006835938
393.530457      7122.8647460938
393.889435      6983.4282226563
394.248383      7666.6655273438
394.607269      8549.7617187500
394.966125      9913.9121093750
395.324921     10692.4306640625
395.683655     10962.0068359375
396.042419     10469.3330078125
396.401154      9727.9970703125
396.759827      8758.9160156250
397.118469      8354.5507812500
397.477051      8410.3251953125
397.835632      9744.2646484375
398.194153     11240.8798828125
398.552673     12433.0585937500
398.911163     13404.4638671875
399.269592     14394.4609375000
399.627960     14684.9531250000
399.986328     15093.9658203125
400.344666     15019.5996093750
400.702942     15351.9228515625
401.061188     15819.0341796875
401.419403     16095.5820312500
401.777588     15984.0332031250
402.135712     16251.2861328125
402.493835     16441.8496093750
402.851929     16551.0742187500
403.209961     16344.2431640625
403.567932     16465.0878906250
403.925903     16316.3564453125
404.283905     16411.6367187500
404.641754     15921.2871093750
404.999634     16181.5683593750
405.357452     16039.8076171875
405.715210     15600.5839843750
406.072998     15877.1318359375
406.430725     16056.0751953125
406.788422     15991.0048828125
407.146027     15944.5263671875
407.503662     16130.4414062500
407.861237     16460.4394531250
408.218781     16706.7773437500
408.576294     16885.7207031250
408.933777     17638.6757812500
409.291168     17555.0136718750
409.648590     17480.6484375000
410.005951     16639.3828125000
410.363312     16516.2148437500
410.720612     16637.0585937500
411.077820     17473.6757812500
411.435059     17780.4355468750
411.792267     18314.9414062500
412.149384     18472.9687500000
412.506531     18166.2089843750
412.863586     18540.3632812500
413.220642     18373.0390625000
413.577606     18547.3359375000
413.934601     18291.7011718750
414.291565     18463.6738281250
414.648468     18366.0683593750
415.005310     18531.0683593750
415.362122     18477.6171875000
415.718903     18624.0253906250
416.075684     18535.7148437500
416.432434     18761.1367187500
416.789093     19086.4882812500
417.145752     18895.9257812500
417.502350     18668.1796875000
417.858948     18591.4902343750
418.215485     18314.9414062500
418.571991     18203.3925781250
418.928467     18203.3925781250
419.284882     18877.3339843750
419.641266     18240.5761718750
419.997650     18261.4902343750
420.354004     18403.2500000000
420.710266     18963.3203125000
421.066528     19214.3046875000
421.422760     19356.0644531250
421.778931     19674.4433593750
422.135071     19465.2890625000
422.491211     18712.3339843750
422.847260     18514.8007812500
423.203308     18440.4335937500
423.559296     18723.9550781250
423.915283     18821.5585937500
424.271210     19156.2070312500
424.627136     18916.8417968750
424.982971     19288.6699218750
425.338776     19195.7128906250
425.694611     18960.9960937500
426.050323     18749.5175781250
426.406036     19260.7832031250
426.761749     19002.8261718750
427.117371     18719.3066406250
427.472961     18593.8144531250
427.828552     18391.6308593750
428.184113     18870.3613281250
428.539581     18414.8710937500
428.895050     18393.9550781250
429.250458     18152.2656250000
429.605865     17134.3808593750
429.961212     16495.2988281250
430.316559     15800.4423828125
430.671814     15382.1337890625
431.027069     15433.2607421875
431.382263     16142.0605468750
431.737457     17531.7753906250
432.092590     18714.6582031250
432.447723     19755.7812500000
432.802734     19655.8535156250
433.157776     19983.5273437500
433.512756     20255.4277343750
433.867706     20155.4980468750
434.222656     19660.5000000000
434.577545     19746.4863281250
434.932373     20002.1191406250
435.287201     20940.9902343750
435.641968     21096.6933593750
435.996704     22033.2402343750
436.351410     22123.8730468750
436.706085     22563.0976562500
437.060699     22035.5625000000
437.415283     22170.3515625000
437.769867     21870.5644531250
438.124420     21510.3535156250
438.478882     20968.8769531250
438.833313     20750.4257812500
439.187714     20678.3847656250
439.542084     21631.1992187500
439.896454     22223.8027343750
440.250732     21777.6054687500
440.605011     22274.9277343750
440.959229     22723.4492187500
441.313416     23104.5742187500
441.667572     23402.0371093750
442.021698     24224.7109375000
442.375793     24515.2031250000
442.729858     24540.7656250000
443.083832     24282.8105468750
443.437836     24605.8359375000
443.791748     24564.0058593750
444.145630     24835.9062500000
444.499542     24712.7382812500
444.853363     25077.5957031250
445.207123     24873.0898437500
445.560883     23834.2890625000
445.914612     23904.0078125000
446.268280     24078.3027343750
446.621918     24591.8925781250
446.975555     24763.8652343750
447.329132     25156.6093750000
447.682678     25779.4238281250
448.036133     26518.4355468750
448.389618     26176.8183593750
448.743042     26195.4082031250
449.096405     26973.9277343750
449.449799     26385.9726562500
449.803101     26420.8300781250
450.156372     26650.9003906250
450.509613     27334.1386718750
450.862823     27875.6152343750
451.216003     27824.4882812500
451.569122     27359.7011718750
451.922211     27543.2929687500
452.275269     26943.7167968750
452.628296     27136.6035156250
452.981293     25911.8886718750
453.334229     26007.1699218750
453.687134     25944.4238281250
454.040009     26248.8593750000
454.392853     26590.4785156250
454.745636     26495.1972656250
455.098419     26299.9863281250
455.451172     26727.5898437500
455.803864     26620.6894531250
456.156464     27045.9707031250
456.509125     27350.4062500000
456.861694     28133.5722656250
457.214264     27752.4472656250
457.566742     27989.4882812500
457.919220     27998.7832031250
458.271667     27915.1210937500
458.624023     27694.3476562500
458.976379     27385.2636718750
459.328705     27557.2363281250
459.681000     27919.7695312500
460.033234     27413.1523437500
460.385468     27936.0371093750
460.737610     28056.8828125000
461.089752     28919.0625000000
461.441864     28819.1328125000
461.793945     29137.5117187500
462.145996     28951.5976562500
462.497955     29723.1445312500
462.849884     29451.2441406250
463.201813     29744.0605468750
463.553680     29641.8066406250
463.905518     29276.9492187500
464.257355     29581.3847656250
464.609100     29421.0332031250
464.960815     29451.2441406250
465.312531     29548.8496093750
465.664185     29616.2441406250
466.015778     30057.7910156250
466.367371     30067.0859375000
466.718903     29888.1445312500
467.070435     29481.4550781250
467.421906     29579.0605468750
467.773346     30357.5781250000
468.124725     30206.5234375000
468.476074     30550.4648437500
468.827393     31315.0410156250
469.178680     31563.7011718750
469.529938     31905.3203125000
469.881134     31484.6875000000
470.232330     31533.4902343750
470.583435     31865.8144531250
470.934540     32207.4316406250
471.285614     32549.0507812500
471.636627     32704.7539062500
471.987610     34054.9609375000
472.338562     34322.2148437500
472.689453     34594.1132812500
473.040375     34952.0000000000
473.391205     34849.7460937500
473.741974     35200.6601562500
474.092773     35363.3359375000
474.443481     36667.0664062500
474.794159     36360.3046875000
475.144806     36997.0664062500
475.495422     37192.2734375000
475.846039     37777.9062500000
476.196533     37315.4453125000
476.547028     37787.2031250000
476.897522     38853.8906250000
477.247925     38779.5234375000
477.598328     39330.2968750000
477.948700     40173.8867187500
478.299011     40378.3906250000
478.649231     40434.1679687500
478.999481     41208.0390625000
479.349701     41589.1640625000
479.699829     42230.5703125000
480.049988     42476.9062500000
480.400055     42871.9765625000
480.750153     43111.3398437500
481.100128     43222.8906250000
481.450104     44308.1679687500
481.800049     44363.9414062500
482.149963     44352.3242187500
482.499786     44777.6015625000
482.849670     44868.2382812500
483.199432     44524.2929687500
483.549194     44745.0664062500
483.898926     44677.6757812500
484.248566     44914.7148437500
484.598206     44377.8867187500
484.947815     44989.0820312500
485.297394     44387.1835937500
485.646912     42734.8632812500
485.996399     41003.5312500000
486.345825     40929.1640625000
486.695282     39899.6601562500
487.044617     40459.7304687500
487.393951     41886.6250000000
487.743286     43025.3554687500
488.092529     44001.4101562500
488.441711     44252.3945312500
488.790955     44659.0820312500
489.140076     45119.2226562500
489.489197     46095.2734375000
489.838257     46369.5000000000
490.187286     47452.4531250000
490.536316     47794.0742187500
490.885254     47408.3007812500
491.234161     46899.3554687500
491.583069     47199.1445312500
491.931915     46950.4843750000
492.280731     45730.4179687500
492.629486     46655.3437500000
492.978210     46952.8085937500
493.326874     47143.3710937500
493.675568     47517.5234375000
494.024200     47403.6523437500
494.372742     48272.8046875000
494.721313     48303.0156250000
495.069824     49474.2773437500
495.418274     49102.4492187500
495.766724     48930.4765625000
496.115112     49118.7148437500
496.463470     49274.4179687500
496.811768     49597.4453125000
497.160034     49513.7851562500
497.508301     50055.2617187500
497.856506     49885.6132812500
498.204651     49269.7734375000
498.552765     48937.4492187500
498.900848     48749.2109375000
499.248901     49200.0546875000
499.596924     49432.4492187500
499.944885     49065.2656250000
500.292816     49016.4609375000
500.640778     49104.7734375000
500.988556     48237.9453125000
501.336426     48349.4921875000
501.684204     48119.4218750000
502.031952     48330.9023437500
502.379700     48210.0585937500
502.727295     48753.8593750000
503.074982     49144.2812500000
503.422546     49372.0234375000
503.770081     49246.5312500000
504.117615     49518.4335937500
504.465088     49202.3789062500
504.812561     49488.2226562500
505.159943     50073.8554687500
505.507294     50568.8515625000
505.854645     50863.9921875000
506.201904     51282.3007812500
506.549194     51249.7656250000
506.896332     51156.8085937500
507.243591     51126.5976562500
507.590698     50761.7382812500
507.937775     50550.2617187500
508.284912     50241.1757812500
508.631836     50733.8515625000
508.978851     51080.1171875000
509.325806     51598.3554687500
509.672699     51321.8085937500
510.019592     51266.0312500000
510.366364     51356.6679687500
510.713196     51008.0781250000
511.059937     51440.3281250000
511.406677     51686.6640625000
511.753326     52330.3945312500
512.099976     52132.8593750000
512.446594     51772.6523437500
512.793091     51530.9609375000
513.139648     51712.2304687500
513.486145     51363.6367187500
513.832520     51314.8359375000
514.179016     51073.1445312500
514.525269     50863.9921875000
514.871704     51105.6796875000
515.217957     50980.1875000000
515.564209     51189.3437500000
515.910522     51291.5976562500
516.256531     50438.7109375000
516.602783     49832.1640625000
516.948853     48003.2265625000
517.294922     47457.1015625000
517.640930     47577.9453125000
517.986877     47826.6093750000
518.332886     48065.9726562500
518.678711     48014.8476562500
519.024658     48633.0117187500
519.370422     49378.9960937500
519.716248     49929.7695312500
520.062073     50308.5703125000
520.407715     50815.1914062500
520.753418     51015.0468750000
521.099060     51338.0742187500
521.444580     51577.4414062500
521.790222     51807.5117187500
522.135681     51984.1289062500
522.481201     51747.0898437500
522.826660     51470.5390625000
523.172058     51242.7929687500
523.517395     51777.3007812500
523.862671     51828.4257812500
524.208069     52170.0429687500
524.553284     52646.4531250000
524.898438     52634.8320312500
525.243591     52818.4218750000
525.588745     52467.5078125000
525.933899     52146.8046875000
526.278931     51754.0585937500
526.623962     50606.0351562500
526.968872     49911.1796875000
527.313904     49590.4765625000
527.658813     50027.3750000000
528.003601     50689.6953125000
528.348450     51282.3007812500
528.693237     51603.0039062500
529.037964     52272.2968750000
529.382751     52544.1992187500
529.727356     52646.4531250000
530.072021     52402.4375000000
530.416626     52065.4687500000
530.761169     52885.8164062500
531.105652     52890.4648437500
531.450134     53113.5625000000
531.794617     52936.9414062500
532.138916     52897.4375000000
532.483337     52070.1132812500
532.827637     51328.7812500000
533.171936     51496.1015625000
533.516174     51410.1171875000
533.860352     52084.0585937500
534.204529     51609.9765625000
534.548645     51884.1992187500
534.892700     51668.0742187500
535.236816     52111.9453125000
535.580750     52256.0312500000
535.924744     52609.2695312500
536.268738     52511.6640625000
536.612549     52393.1406250000
536.956421     51847.0156250000
537.300232     51630.8906250000
537.644043     51819.1289062500
537.987671     52242.0859375000
538.331421     52242.0859375000
538.675049     51970.1875000000
539.018677     52369.9023437500
539.362305     51714.5546875000
539.705750     51770.3281250000
540.049316     51284.6250000000
540.392822     50587.4453125000
540.736145     50754.7656250000
541.079590     50778.0078125000
541.422913     50747.7968750000
541.766235     50917.4414062500
542.109436     51475.1875000000
542.452698     51493.7773437500
542.795898     51526.3125000000
543.138977     51210.2578125000
543.482178     51821.4531250000
543.825195     51905.1171875000
544.168213     52604.6210937500
544.511230     52372.2265625000
544.854187     52079.4101562500
545.197083     52342.0156250000
545.539917     52534.9023437500
545.882813     52400.1132812500
546.225586     52214.1992187500
546.568359     52379.1992187500
546.911133     52114.2695312500
547.253662     51793.5664062500
547.596436     52114.2695312500
547.938965     51821.4531250000
548.281494     51851.6640625000
548.624084     51779.6210937500
548.966492     52223.4960937500
549.308960     52260.6796875000
549.651367     51998.0742187500
549.993713     52114.2695312500
550.336060     52441.9453125000
550.678345     52123.5664062500
551.020630     52256.0312500000
551.362732     52025.9609375000
551.704956     52095.6796875000
552.047058     52221.1718750000
552.389160     52434.9726562500
552.731262     52288.5664062500
553.073181     51881.8750000000
553.415161     51668.0742187500
553.757080     51991.1015625000
554.098999     52014.3398437500
554.440857     52102.6484375000
554.782593     52411.7343750000
555.124390     52039.9023437500
555.466125     52318.7773437500
555.807800     51879.5507812500
556.149414     52190.9609375000
556.491089     51530.9609375000
556.832642     51386.8789062500
557.174133     51252.0898437500
557.515686     51063.8515625000
557.857117     51163.7812500000
558.198486     50926.7382812500
558.539917     50427.0937500000
558.881165     50280.6835937500
559.222534     49832.1640625000
559.563782     49734.5585937500
559.904968     50141.2460937500
560.246216     50041.3203125000
560.587280     50111.0351562500
560.928406     50299.2773437500
561.269470     50338.7812500000
561.610474     49867.0234375000
561.951477     49755.4726562500
562.292297     50043.6445312500
562.633301     49806.6015625000
562.974121     49792.6562500000
563.315002     49887.9375000000
563.655762     49504.4882812500
563.996460     49564.9101562500
564.337158     49704.3476562500
564.677795     49260.4765625000
565.018433     49362.7304687500
565.359009     49207.0273437500
565.699524     48865.4062500000
566.040100     48224.0000000000
566.380493     48182.1679687500
566.720947     48061.3242187500
567.061340     48017.1718750000
567.401611     48635.3359375000
567.742004     48586.5351562500
568.082153     48151.9570312500
568.422424     47970.6914062500
568.762634     47182.8789062500
569.102722     47199.1445312500
569.442810     47199.1445312500
569.782898     46989.9921875000
570.122986     47227.0312500000
570.462830     46446.1875000000
570.802856     46169.6406250000
571.142761     45481.7539062500
571.482605     46048.7968750000
571.822449     45781.5429687500
572.162170     46158.0195312500
572.501953     46420.6250000000
572.841675     46567.0351562500
573.181274     46081.3320312500
573.520996     46578.6523437500
573.860474     46488.0195312500
574.200073     46771.5390625000
574.539551     46030.2031250000
574.878967     46113.8671875000
575.218384     45518.9375000000
575.557739     45788.5156250000
575.897156     45237.7421875000
576.236450     45351.6171875000
576.575684     45126.1953125000
576.914856     45082.0390625000
577.254089     45446.8984375000
577.593262     45342.3203125000
577.932251     44642.8164062500
578.271362     44043.2382812500
578.610352     44326.7578125000
578.949341     44412.7460937500
579.288330     44345.3515625000
579.627197     43764.3671875000
579.966064     44250.0703125000
580.304871     44254.7187500000
580.643677     44614.9257812500
580.982483     44387.1835937500
581.321045     44196.6171875000
581.659790     44568.4492187500
581.998413     44577.7460937500
582.336914     44914.7148437500
582.675476     44986.7578125000
583.013916     44807.8125000000
583.352478     44954.2226562500
583.690796     44872.8828125000
584.029175     44821.7578125000
584.367493     44747.3906250000
584.705811     44935.6289062500
585.044128     44584.7148437500
585.382202     43917.7460937500
585.720459     43717.8867187500
586.058594     43966.5507812500
586.396667     43569.1562500000
586.734802     43629.5781250000
587.072693     43587.7460937500
587.410767     43729.5078125000
587.748657     43794.5781250000
588.086487     43432.0429687500
588.424316     42823.1718750000
588.762146     41261.4882812500
589.099976     40475.9960937500
589.437622     39551.0703125000
589.775391     39483.6757812500
590.113037     39367.4804687500
590.450623     40520.1523437500
590.788208     40933.8125000000
591.125671     40947.7578125000
591.463196     40933.8125000000
591.800659     41235.9257812500
592.138062     40657.2656250000
592.475464     41273.1054687500
592.812683     42142.2578125000
593.150024     41779.7265625000
593.487244     41389.3046875000
593.824402     41600.7812500000
594.161621     41461.3476562500
594.498657     41300.9960937500
594.835815     41396.2773437500
595.172852     41428.8125000000
595.509827     40945.4335937500
595.846741     41547.3320312500
596.183655     41598.4570312500
596.520630     41617.0507812500
596.857422     41700.7109375000
597.194214     41633.3164062500
597.530945     41465.9921875000
597.867615     41194.0937500000
598.204346     41321.9101562500
598.540955     41486.9101562500
598.877563     41347.4726562500
599.214111     41029.0937500000
599.550598     41119.7265625000
599.887085     41098.8125000000
600.223450     41187.1210937500
600.559937     41033.7421875000
600.896240     40952.4023437500
601.232544     40273.8164062500
601.568787     40692.1250000000
601.905029     40376.0664062500
602.241272     40336.5625000000
602.577271     40329.5898437500
602.913452     40029.8007812500
603.249512     40436.4921875000
603.585510     40029.8007812500
603.921509     40757.1953125000
604.257385     40780.4335937500
604.593323     40631.6992187500
604.929199     40190.1523437500
605.264954     40166.9140625000
605.600830     40306.3515625000
605.936462     40208.7460937500
606.272217     39969.3789062500
606.607849     39964.7304687500
606.943420     39836.9140625000
607.278992     39637.0546875000
607.614502     39502.2695312500
607.950012     39462.7617187500
608.285461     39174.5937500000
608.620850     38733.0468750000
608.956177     38895.7187500000
609.291504     38600.5820312500
609.626831     38895.7187500000
609.962036     38561.0742187500
610.297302     38565.7226562500
610.632446     38114.8789062500
610.967529     38354.2421875000
611.302673     38282.2031250000
611.637634     38389.1015625000
611.972656     38249.6679687500
612.307617     37647.7656250000
612.642517     38159.0312500000
612.977356     38224.1015625000
613.312195     37303.8242187500
613.646973     37399.1054687500
613.981750     37454.8789062500
614.316406     37317.7695312500
614.651062     36938.9648437500
614.985657     36936.6406250000
615.320313     36973.8242187500
615.654846     36808.8242187500
615.989319     36597.3476562500
616.323792     36041.9257812500
616.658203     36046.5742187500
616.992615     36097.7031250000
617.326904     35837.4218750000
617.661194     36306.8554687500
617.995483     36599.6718750000
618.329712     35909.4609375000
618.663940     36330.0937500000
618.997925     36360.3046875000
619.332092     36137.2070312500
619.666077     36000.0976562500
620.000061     36462.5585937500
620.334045     36357.9804687500
620.667969     36344.0390625000
621.001892     35988.4765625000
621.335632     36127.9140625000
621.669495     36088.4062500000
622.003296     35825.8007812500
622.336914     35216.9296875000
622.670654     35091.4375000000
623.004272     35344.7460937500
623.337891     34945.0273437500
623.671387     34487.2148437500
624.004883     34120.0312500000
624.338440     34422.1445312500
624.671753     34484.8906250000
625.005249     33838.8359375000
625.338562     34315.2421875000
625.671814     33727.2851562500
626.005066     33460.0351562500
626.338257     33948.0585937500
626.671509     33924.8203125000
627.004578     33597.1445312500
627.337708     33439.1171875000
627.670776     33067.2890625000
628.003723     32614.1210937500
628.336731     32662.9238281250
628.669556     32602.5019531250
629.002502     32556.0234375000
629.335327     32200.4609375000
629.668152     32497.9238281250
630.000916     31942.5039062500
630.333618     32026.1660156250
630.666321     31579.9687500000
630.998962     31935.5312500000
631.331482     31719.4062500000
631.664063     31403.3496093750
631.996521     31324.3359375000
632.329102     31031.5195312500
632.661499     31226.7304687500
632.993835     31196.5195312500
633.326172     31017.5761718750
633.658447     30754.9726562500
633.990784     31342.9277343750
634.322937     31287.1542968750
634.655212     31236.0273437500
634.987244     31361.5195312500
635.319397     30857.2246093750
635.651489     31019.9003906250
635.983398     30936.2382812500
636.315430     31166.3085937500
636.647278     30517.9296875000
636.979187     30359.9023437500
637.311035     30961.8027343750
637.642761     30892.0839843750
637.974609     30943.2109375000
638.306335     30452.8593750000
638.637939     31280.1816406250
638.969604     30585.3242187500
639.301147     30413.3535156250
639.632751     30357.5781250000
639.964233     30074.0585937500
640.295715     30420.3242187500
640.627075     29848.6367187500
640.958496     29455.8925781250
641.289917     29211.8789062500
641.621094     29476.8066406250
641.952393     29330.3984375000
642.283569     29767.2988281250
642.614746     29520.9609375000
642.945923     29455.8925781250
643.276917     29325.7519531250
643.608093     29170.0468750000
643.939026     29690.6093750000
644.269958     28923.7109375000
644.600891     29939.2695312500
644.931763     29358.2871093750
645.262634     29093.3574218750
645.593384     29067.7949218750
645.924133     28805.1894531250
646.254822     28679.6972656250
646.585510     28022.0234375000
646.916199     28279.9804687500
647.246704     27931.3886718750
647.577271     28168.4316406250
647.907715     27931.3886718750
648.238220     27715.2636718750
648.568665     27673.4316406250
648.898987     27636.2500000000
649.229309     27422.4472656250
649.559570     27078.5039062500
649.889832     27234.2089843750
650.220093     27145.8984375000
650.550171     27083.1523437500
650.880310     27294.6308593750
651.210388     27738.5019531250
651.540405     27408.5039062500
651.870422     27203.9980468750
652.200317     26829.8437500000
652.530273     27231.8847656250
652.860046     27101.7441406250
653.189941     27499.1367187500
653.519775     27248.1523437500
653.849426     27315.5468750000
654.179199     27345.7578125000
654.508789     26785.6894531250
654.838440     26883.2949218750
655.168030     26353.4375000000
655.497498     25846.8183593750
655.827026     25040.4121093750
656.156372     24336.2597656250
656.485840     24017.8808593750
656.815247     23504.2910156250
657.144470     23673.9375000000
657.473755     24647.6679687500
657.802979     24870.7656250000
658.132202     24759.2167968750
658.461243     25333.2285156250
658.790466     25542.3828125000
659.119507     25602.8046875000
659.448486     25572.5937500000
659.777527     25551.6796875000
660.106384     25756.1855468750
660.435242     25918.8613281250
660.764160     26014.1425781250
661.092896     26060.6210937500
661.421692     25772.4531250000
661.750427     25818.9316406250
662.079102     26125.6914062500
662.407715     25739.9179687500
662.736328     25907.2402343750
663.064880     25656.2558593750
663.393311     25498.2285156250
663.721802     25563.2988281250
664.050232     25210.0605468750
664.378601     25300.6933593750
664.706970     25251.8906250000
665.035217     24880.0605468750
665.363525     25005.5546875000
665.691650     25065.9765625000
666.019897     24833.5820312500
666.347961     24938.1601562500
666.676086     24568.6542968750
667.004150     24473.3730468750
667.332092     24268.8652343750
667.660095     24596.5410156250
667.987915     24636.0488281250
668.315796     24354.8515625000
668.643677     24189.8515625000
668.971436     24096.8945312500
669.299133     24078.3027343750
669.626892     24141.0488281250
669.954468     24003.9375000000
670.282104     23852.8808593750
670.609619     23641.4023437500
670.937256     23885.4160156250
671.264587     23350.9121093750
671.592163     23195.2070312500
671.919495     22965.1386718750
672.246887     23023.2363281250
672.574097     23099.9257812500
672.901489     22744.3632812500
673.228699     22579.3652343750
673.555847     22481.7597656250
673.882996     22588.6601562500
674.210022     22495.7031250000
674.537109     22463.1679687500
674.864136     21930.9863281250
675.191101     22114.5761718750
675.518005     21961.1972656250
675.844849     21714.8593750000
676.171692     21900.7753906250
676.498535     21635.8457031250
676.825256     21998.3808593750
677.151978     21391.8320312500
677.478577     21640.4941406250
677.805237     21633.5214843750
678.131836     21196.6230468750
678.458435     21238.4531250000
678.784851     21366.2695312500
679.111328     21366.2695312500
679.437744     20968.8769531250
679.764099     20938.6660156250
680.090454     20706.2714843750
680.416687     20820.1445312500
680.742920     21031.6230468750
681.069153     20529.6523437500
681.395203     20299.5820312500
681.721313     20339.0898437500
682.047485     20439.0195312500
682.373474     20192.6816406250
682.699402     19790.6406250000
683.025391     19995.1464843750
683.351196     19904.5136718750
683.677063     19827.8242187500
684.002930     19827.8242187500
684.328674     19402.5429687500
684.654358     19641.9082031250
684.980042     19070.2207031250
685.305603     18926.1367187500
685.631287     19311.9101562500
685.956787     18868.0390625000
686.282288     18489.2363281250
686.607788     18003.5332031250
686.933167     17085.5800781250
687.258545     15884.1044921875
687.583923     15616.8515625000
687.909180     15461.1474609375
688.234375     15679.5976562500
688.559631     15879.4560546875
688.884766     15760.9355468750
689.209839     15742.3437500000
689.534973     15565.7246093750
689.859924     15584.3164062500
690.184937     15496.0068359375
690.509827     15809.7382812500
690.834717     15726.0761718750
691.159668     16037.4833984375
691.484436     16176.9199218750
691.809204     16060.7236328125
692.133911     16302.4130859375
692.458557     15881.7802734375
692.783142     16237.3427734375
693.107849     16090.9345703125
693.432312     16151.3564453125
693.756836     16156.0048828125
694.081238     16111.8496093750
694.405701     15986.3574218750
694.730164     15695.8652343750
695.054443     15584.3164062500
695.378723     15793.4707031250
695.702942     15698.1894531250
696.027100     16004.9492187500
696.351257     15907.3437500000
696.675476     16169.9482421875
696.999512     16002.6250000000
697.323486     16246.6376953125
697.647461     16228.0468750000
697.971375     16181.5683593750
698.295349     16088.6103515625
698.619202     15749.3154296875
698.942993     15807.4140625000
699.266724     15979.3857421875
699.590393     15891.0761718750
699.914124     15421.6406250000
700.237793     15647.0625000000
700.561340     15333.3310546875
700.884949     15328.6835937500
701.208374     15337.9794921875
701.531860     15270.5849609375
701.855286     15003.3320312500
702.178650     15019.5996093750
702.501953     14921.9941406250
702.825195     14894.1074218750
703.148499     14917.3466796875
703.471680     15219.4580078125
703.794861     14996.3603515625
704.117981     15331.0068359375
704.440979     15207.8388671875
704.764038     15219.4580078125
705.086975     14996.3603515625
705.409851     15124.1767578125
705.732849     15075.3740234375
706.055664     15098.6132812500
706.378479     15249.6699218750
706.701233     15296.1484375000
707.023926     15031.2197265625
707.346619     15121.8525390625
707.669250     14794.1777343750
707.991821     15026.5712890625
708.314392     15303.1201171875
708.636841     15166.0078125000
708.959290     15089.3183593750
709.281738     15133.4726562500
709.604065     14980.0927734375
709.926392     15019.5996093750
710.248657     15054.4589843750
710.570862     14917.3466796875
710.893066     14954.5292968750
711.215210     14677.9814453125
711.537292     14856.9238281250
711.859314     14763.9667968750
712.181335     14468.8271484375
712.503357     14475.7988281250
712.825256     14589.6718750000
713.147156     14756.9951171875
713.468994     14526.9257812500
713.790771     14529.2490234375
714.112488     14492.0664062500
714.434143     14533.8974609375
714.755859     14496.7138671875
715.077515     14354.9541015625
715.399109     14187.6308593750
715.720581     14424.6718750000
716.042053     14234.1093750000
716.363525     13741.4345703125
716.684875     13636.8574218750
717.006287     13139.5351562500
717.327576     12707.2832031250
717.648804     12156.5107421875
717.969971     11738.2021484375
718.291260     11810.2441406250
718.612366     11315.2451171875
718.933411     11078.2041015625
719.254395     10980.5986328125
719.575439     10899.2607421875
719.896362     10734.2617187500
720.217285     10638.9804687500
720.538147     10699.4023437500
720.859009     11034.0488281250
721.179749     11133.9785156250
721.500488     11315.2451171875
721.821228     11928.7646484375
722.141785     12082.1445312500
722.462402     11975.2431640625
722.782959     12049.6093750000
723.103455     12028.6943359375
723.423950     11924.1171875000
723.744385     11719.6103515625
724.064758     11419.8222656250
724.385071     11222.2880859375
724.705322     11215.3164062500
725.025574     11347.7802734375
725.345825     11185.1054687500
725.665955     11003.8378906250
725.986023     11229.2597656250
726.306091     11127.0068359375
726.626099     11206.0205078125
726.946045     11161.8652343750
727.266052     10955.0351562500
727.585938     10873.6972656250
727.905762     10815.5996093750
728.225525     10852.7822265625
728.545288     11064.2607421875
728.864990     10778.4160156250
729.184692     10757.5009765625
729.504333     10743.5576171875
729.823853     10952.7109375000
730.143372     10787.7119140625
730.462891     10813.2753906250
730.782410     10780.7402343750
731.101746     10815.5996093750
731.421143     10755.1767578125
731.740417     10966.6552734375
732.059631     10889.9648437500
732.378845     11131.6542968750
732.698059     11164.1894531250
733.017212     11529.0478515625
733.336304     11350.1044921875
733.655273     11538.3437500000
733.974304     11626.6533203125
734.293335     11740.5253906250
734.612183     11938.0605468750
734.931030     11566.2304687500
735.249878     11542.9912109375
735.568665     11724.2578125000
735.887329     11733.5537109375
736.206055     11503.4843750000
736.524658     11533.6953125000
736.843262     11259.4707031250
737.161804     11654.5400390625
737.480286     11612.7089843750
737.798828     11450.0341796875
738.117249     11766.0888671875
738.435608     11691.7226562500
738.753906     11185.1054687500
739.072205     11212.9921875000
739.390442     11461.6533203125
739.708618     11333.8369140625
740.026733     11359.4003906250
740.344849     11278.0625000000
740.662903     11266.4423828125
740.980957     11343.1328125000
741.298889     11175.8095703125
741.616821     11201.3730468750
741.934692     10994.5419921875
742.252502     10880.6689453125
742.570313     10820.2470703125
742.888062     11096.7958984375
743.205750     11064.2607421875
743.523438     11120.0351562500
743.841003     11027.0771484375
744.158569     11106.0908203125
744.476074     11210.6679687500
744.793518     10962.0068359375
745.111023     10929.4716796875
745.428345     10945.7392578125
745.745728     10824.8945312500
746.062988     11178.1328125000
746.380249     11115.3867187500
746.697449     10680.8105468750
747.014648     10729.6132812500
747.331726     10834.1904296875
747.648804     10766.7968750000
747.965759     10711.0224609375
748.282776     10508.8398437500
748.599731     10680.8105468750
748.916626     10706.3740234375
749.233459     10360.1074218750
749.550232     10197.4326171875
749.867004     10044.0527343750
750.183655     10188.1367187500
750.500366     10178.8408203125
750.816956     10174.1923828125
751.133545     10018.4892578125
751.450073     10120.7421875000
751.766479     10053.3476562500
752.083008     10067.2919921875
752.399414      9918.5595703125
752.715698      9988.2783203125
753.032043      9637.3632812500
753.348328      9714.0537109375
753.664429      9746.5888671875
753.980713      9658.2792968750
754.296814      9609.4765625000
754.612854      9681.5185546875
754.928833      9407.2939453125
755.244873      9597.8564453125
755.560852      9472.3642578125
755.876709      9465.3925781250
756.192505      9453.7724609375
756.508362      9488.6318359375
756.824097      9332.9277343750
757.139771      9318.9843750000
757.455505      9235.3222656250
757.771118      9267.8574218750
758.086670      9186.5195312500
758.402222      9123.7734375000
758.717712      9184.1962890625
759.033081      8740.3242187500
759.348511      8210.4667968750
759.663879      7673.6372070313
759.979187      6504.6972656250
760.294434      5584.4189453125
760.609619      4810.5478515625
760.924805      4401.5351562500
761.239929      3987.8745117188
761.554993      4201.6767578125
761.869995      4380.6196289063
762.184998      4454.9858398438
762.499939      4710.6186523438
762.814880      4738.5058593750
763.129700      4559.5629882813
763.444519      4531.6757812500
763.759277      4520.0561523438
764.073975      4601.3935546875
764.388672      4705.9707031250
764.703308      4991.8149414063
765.017883      5268.3632812500
765.332397      5296.2504882813
765.646851      5684.3481445313
765.961304      5900.4741210938
766.275696      6144.4873046875
766.590088      6355.9653320313
766.904358      6697.5839843750
767.218628      6904.4145507813
767.532776      7083.3574218750
767.846924      7506.3139648438
768.161072      7731.7358398438
768.475159      7613.2148437500
768.789185      7917.6508789063
769.103149      7954.8334960938
769.417114      8001.3125000000
769.731079      7889.7636718750
770.044861      8054.7631835938
770.358643      8122.1572265625
770.672363      8131.4526367188
770.986084      8091.9458007813
771.299683      8082.6503906250
771.613403      8301.1005859375
771.927002      8103.5654296875
772.240479      8280.1845703125
772.553955      8280.1845703125
772.867371      8115.1850585938
773.180847      8066.3828125000
773.494141      8187.2275390625
773.807434      8078.0024414063
774.120667      7922.2988281250
774.433899      8073.3544921875
774.747009      7982.7207031250
775.060181      7994.3408203125
775.373230      7971.1010742188
775.686218      7847.9326171875
775.999207      7936.2421875000
776.312073      7724.7641601563
776.624939      7926.9462890625
776.937866      7727.0878906250
777.250671      7761.9467773438
777.563416      7787.5102539063
777.876099      7782.8623046875
778.188721      7752.6513671875
778.501343      7624.8349609375
778.813904      7715.4682617188
779.126404      7478.4267578125
779.438904      7715.4682617188
779.751282      7571.3842773438
780.063660      7794.4819335938
780.376038      7534.2011718750
780.688293      7457.5112304688
781.000549      7385.4692382813
781.312683      7371.5258789063
781.624817      7415.6806640625
781.937012      7390.1171875000
782.249023      7362.2299804688
782.561035      7394.7651367188
782.872986      7480.7504882813
783.184937      7318.0751953125
783.496765      7246.0332031250
783.808655      7190.2587890625
784.120422      7067.0898437500
784.432129      7041.5268554688
784.743774      7111.2446289063
785.055420      6988.0761718750
785.367004      7153.0756835938
785.678589      6923.0058593750
785.990051      6909.0625000000
786.301514      6834.6962890625
786.612976      6876.5273437500
786.924316      6741.7387695313
787.235657      6637.1616210938
787.546936      6771.9501953125
787.858154      6630.1899414063
788.169312      6567.4438476563
788.480408      6367.5854492188
788.791504      6481.4580078125
789.102600      6446.5991210938
789.413513      6476.8100585938
789.724487      6402.4443359375
790.035400      6195.6137695313
790.346191      6295.5434570313
790.657043      6318.7827148438
790.967834      6358.2895507813
791.278564      6121.2480468750
791.589172      6170.0507812500
791.899780      6286.2475585938
792.210327      6146.8115234375
792.520935      6009.6992187500
792.831421      5937.6572265625
793.141846      6230.4731445313
793.452209      5953.9248046875
793.762573      5979.4877929688
794.072815      5851.6713867188
794.383118      5991.1074218750
794.693359      5823.7841796875
795.003479      5770.3334960938
795.313538      5774.9814453125
795.623596      5881.8828125000
795.933716      5749.4184570313
796.243652      5654.1367187500
796.553589      5779.6293945313
796.863464      5644.8413085938
797.173218      5735.4746093750
797.483032      5630.8974609375
797.792786      5644.8413085938
798.102478      5623.9257812500
798.412109      5637.8691406250
798.721741      5563.5034179688
799.031250      5600.6865234375
799.340820      5640.1933593750
799.650269      5517.0244140625
799.959656      5405.4755859375
800.269043      5365.9687500000
800.578369      5444.9824218750
800.887573      5358.9970703125
801.196899      5352.0249023438
801.505981      5419.4194335938
801.815186      5363.6450195313
802.124207      5261.3916015625
802.433289      5133.5751953125
802.742188      5335.7578125000
803.051270      5177.7299804688
803.360168      5212.5888671875
803.668945      5235.8281250000
803.977783      5335.7578125000
804.286499      5163.7861328125
804.595276      5189.3496093750
804.903931      5105.6879882813
805.212524      5112.6596679688
805.521057      5022.0263671875
805.829590      5096.3920898438
806.138062      5028.9980468750
806.446533      5101.0400390625
806.754944      4929.0688476563
807.063293      5103.3637695313
807.371521      5061.5332031250
807.679749      5059.2089843750
807.987976      5040.6176757813
808.296143      5061.5332031250
808.604248      4822.1674804688
808.912292      4924.4208984375
809.220276      4889.5620117188
809.528198      4847.7309570313
809.836182      4750.1254882813
810.144043      4696.6752929688
810.451843      4587.4501953125
810.759644      4715.2666015625
811.067322      4664.1401367188
811.375061      4599.0698242188
811.682678      4731.5341796875
811.990295      4682.7314453125
812.297791      4503.7885742188
812.605286      4406.1831054688
812.912720      4445.6899414063
813.220154      4338.7890625000
813.527527      4285.3383789063
813.834839      4150.5502929688
814.142029      4303.9296875000
814.449219      4192.3808593750
814.756409      4041.3251953125
815.063538      4011.1140136719
815.370605      3934.4240722656
815.677612      3901.8889160156
815.984619      3915.8325195313
816.291504      3688.0866699219
816.598389      3764.7766113281
816.905273      3720.6218261719
817.212036      3704.3542480469
817.518738      3720.6218261719
817.825439      3783.3681640625
818.132080      3697.3825683594
818.438721      3692.7346191406
818.745239      3688.0866699219
819.051758      3734.5654296875
819.358215      3725.2697753906
819.664612      3688.0866699219
819.971008      3648.5798339844
820.277344      3629.9882812500
820.583557      3725.2697753906
820.889771      3836.8186035156
821.195923      3918.1564941406
821.502075      3899.5649414063
821.808167      3876.3256835938
822.114197      3885.6213378906
822.420166      3739.2133789063
822.726074      3627.6645507813
823.031921      3444.0734863281
823.337769      3341.8203125000
823.643677      3227.9475097656
823.949402      3411.5383300781
824.255066      3599.7770996094
824.560730      3662.5234375000
824.866272      3604.4250488281
825.171936      3634.6362304688
825.477356      3739.2133789063
825.782837      3874.0017089844
826.088257      3820.5512695313
826.393616      3639.2841796875
826.698914      3713.6501464844
827.004272      3797.3117675781
827.309448      3732.2414550781
827.614624      3634.6362304688
827.919739      3490.5522460938
828.224854      3434.7778320313
828.529907      3606.7490234375
828.834839      3525.4111328125
829.139832      3497.5239257813
829.444702      3369.7075195313
829.749512      3488.2282714844
830.054260      3504.4958496094
830.359131      3434.7778320313
830.663818      3395.2707519531
830.968506      3511.4675292969
831.273071      3557.9462890625
831.577576      3520.7634277344
831.882080      3420.8342285156
832.186646      3455.6931152344
832.491028      3353.4399414063
832.795410      3448.7214355469
833.099731      3411.5383300781
833.403931      3425.4819335938
833.708191      3355.7639160156
834.012390      3492.8762207031
834.316467      3362.7355957031
834.620605      3458.0170898438
834.924622      3288.3698730469
835.228577      3520.7634277344
835.532593      3453.3691406250
835.836426      3451.0454101563
836.140320      3355.7639160156
836.444031      3578.8618164063
836.747803      3444.0734863281
837.051514      3409.2143554688
837.355225      3402.2426757813
837.658752      3530.0590820313
837.962341      3453.3691406250
838.265808      3471.9606933594
838.569336      3453.3691406250
838.872742      3432.4538574219
839.176147      3381.3271484375
839.479370      3383.6511230469
839.782715      3506.8198242188
840.085876      3451.0454101563
840.389038      3372.0314941406
840.692261      3446.3974609375
840.995300      3327.8767089844
841.298340      3392.9467773438
841.601257      3355.7639160156
841.904236      3390.6230468750
842.207153      3318.5808105469
842.509949      3218.6516113281
842.812805      3327.8767089844
843.115540      3325.5527343750
843.418152      3283.7219238281
843.720825      3385.9750976563
844.023438      3258.1586914063
844.325989      3139.6379394531
844.628540      3246.5388183594
844.930969      3204.7080078125
845.233337      3186.1164550781
845.535767      3183.7927246094
845.838013      3176.8208007813
846.140259      3141.9616699219
846.442505      3209.3559570313
846.744690      3146.6096191406
847.046753      3174.4968261719
847.348877      3102.4548339844
847.650879      3111.7504882813
847.952881      3121.0463867188
848.254761      3111.7504882813
848.556641      3011.8212890625
848.858459      3169.8491210938
849.160278      3218.6516113281
849.462036      3151.2575683594
849.763733      3009.4973144531
850.065308      3042.0324707031
850.366882      2916.5400390625
850.668518      2814.2868652344
850.969971      2944.4272460938
851.271423      3049.0043945313
851.572815      2993.2297363281
851.874084      2909.5681152344
852.175476      2988.5820312500
852.476685      2983.9340820313
852.777893      3009.4973144531
853.079041      2900.2724609375
853.380127      2969.9904785156
853.681213      2890.9765625000
853.982239      2893.3005371094
854.283203      2705.0617675781
854.584106      2653.9350585938
854.885010      2602.8085937500
855.185791      2598.1606445313
855.486572      2695.7661132813
855.787292      2844.4980468750
856.088013      2809.6389160156
856.388611      2897.9484863281
856.689148      2786.3994140625
856.989685      2837.5261230469
857.290161      2807.3149414063
857.590637      2730.6250000000
857.890991      2821.2585449219
858.191284      2795.6953125000
858.491577      2793.3713378906
858.791809      2804.9909667969
859.092041      2846.8217773438
859.392212      2737.5969238281
859.692261      2781.7517089844
859.992310      2630.6958007813
860.292297      2737.5969238281
860.592224      2735.2729492188
860.892151      2719.0053710938
861.191956      2656.2590332031
861.491760      2663.2309570313
861.791565      2698.0898437500
862.091248      2714.3574218750
862.390930      2630.6958007813
862.690552      2744.5686035156
862.990051      2707.3857421875
863.289551      2637.6677246094
863.589050      2577.2453613281
863.888428      2644.6394042969
864.187805      2712.0336914063
864.487122      2746.8925781250
864.786377      2600.4846191406
865.085632      2635.3437500000
865.384705      2581.8930664063
865.683838      2537.7382812500
865.982971      2540.0622558594
866.281982      2484.2878417969
866.580933      2430.8374023438
866.879883      2314.6403808594
867.178711      2379.7106933594
867.477600      2386.6826171875
867.776367      2463.3723144531
868.075134      2463.3723144531
868.373718      2356.4714355469
868.672424      2507.5270996094
868.970947      2421.5415039063
869.269531      2470.3442382813
869.568054      2481.9638671875
869.866455      2361.1191406250
870.164856      2433.1611328125
870.463196      2477.3159179688
870.761536      2481.9638671875
871.059753      2347.1755371094
871.357971      2391.3303222656
871.656067      2461.0483398438
871.954102      2400.6262207031
872.252197      2333.2319335938
872.550232      2335.5559082031
872.848206      2323.9362792969
873.146057      2344.8515625000
873.443848      2349.4995117188
873.741638      2389.0063476563
874.039429      2330.9079589844
874.337158      2272.8095703125
874.634827      2303.0207519531
874.932373      2319.2883300781
875.229980      2272.8095703125
875.527466      2247.2463378906
875.825012      2230.9787597656
876.122375      2256.5419921875
876.419739      2217.0351562500
876.717041      2300.6967773438
877.014282      2244.9223632813
877.311462      2244.9223632813
877.608704      2230.9787597656
877.905762      2286.7531738281
878.202881      2182.1760253906
878.499817      2237.9506835938
878.796814      2200.7675781250
879.093811      2170.5563964844
879.390625      2268.1618652344
879.687439      2144.9931640625
879.984253      2068.3032226563
880.280884      2212.3872070313
880.577637      2189.1479492188
880.874268      2131.0495605469
881.170837      2133.3735351563
881.467346      2165.9084472656
881.763855      2126.4016113281
882.060242      2191.4719238281
882.356567      2172.8803710938
882.652954      2140.3452148438
882.949280      2077.5988769531
883.245483      2221.6831054688
883.541626      2121.7536621094
883.837830      2098.5144042969
884.133911      2007.8808593750
884.429932      2021.8244628906
884.725952      2038.0920410156
885.021851      2086.8947753906
885.317688      2091.5424804688
885.613525      2065.9792480469
885.909363      2103.1623535156
886.205078      2086.8947753906
