0.129000
190.489868         0.0000000000
190.870819         0.0000000000
191.251740      1490.6435546875
191.632629      1508.4157714844
192.013474      1428.4407958984
192.394302      1455.0991210938
192.775101      1528.4095458984
193.155838      1512.8587646484
193.536575      1615.0489501953
193.917267      1508.4157714844
194.297943      1581.7260742188
194.678574      1597.2767333984
195.059174      1572.8399658203
195.439743      1572.8399658203
195.820282      1539.5170898438
196.200790      1539.5170898438
196.581268      1526.1879882813
196.961700      1575.0615234375
197.342117      1461.7637939453
197.722488      1575.0615234375
198.102829      1523.9664306641
198.483154      1495.0866699219
198.863434      1539.5170898438
199.243698      1581.7260742188
199.623901      1541.7386474609
200.004089      1503.9726562500
200.384247      1535.0740966797
200.764389      1521.7448730469
201.144485      1535.0740966797
201.524536      1510.6373291016
201.904572      1499.5296630859
202.284561      1512.8587646484
202.664520      1455.0991210938
203.044449      1463.9852294922
203.424362      1466.2067871094
203.804214      1550.6247558594
204.184067      1572.8399658203
204.563858      1508.4157714844
204.943649      1497.3081054688
205.323380      1459.5422363281
205.703094      1572.8399658203
206.082764      1543.9602050781
206.462418      1521.7448730469
206.842026      1503.9726562500
207.221588      1492.8651123047
207.601166      1515.0803222656
207.980667      1581.7260742188
208.360153      1528.4095458984
208.739609      1506.1942138672
209.119034      1495.0866699219
209.498428      1503.9726562500
209.877777      1526.1879882813
210.257111      1537.2956542969
210.636398      1503.9726562500
211.015656      1495.0866699219
211.394882      1450.6561279297
211.774094      1517.3018798828
212.153244      1501.7512207031
212.532394      1528.4095458984
212.911484      1510.6373291016
213.290543      1486.2005615234
213.669571      1450.6561279297
214.048584      1499.5296630859
214.427567      1492.8651123047
214.806488      1508.4157714844
215.185410      1499.5296630859
215.564270      1483.9790039063
215.943115      1506.1942138672
216.321930      1450.6561279297
216.700714      1419.5548095703
217.079437      1541.7386474609
217.458176      1537.2956542969
217.836838      1497.3081054688
218.215485      1539.5170898438
218.594101      1521.7448730469
218.972687      1499.5296630859
219.351227      1537.2956542969
219.729752      1559.5108642578
220.108246      1528.4095458984
220.486694      1481.7574462891
220.865128      1523.9664306641
221.243515      1452.8776855469
221.621872      1550.6247558594
222.000183      1530.6309814453
222.378494      1499.5296630859
222.756744      1557.2893066406
223.134964      1490.6435546875
223.513153      1472.8713378906
223.891327      1463.9852294922
224.269455      1497.3081054688
224.647552      1461.7637939453
225.025620      1463.9852294922
225.403656      1499.5296630859
225.781647      1443.9915771484
226.159622      1472.8713378906
226.537552      1530.6309814453
226.915436      1510.6373291016
227.293335      1477.3144531250
227.671158      1532.8525390625
228.048950      1472.8713378906
228.426727      1575.0615234375
228.804459      1486.2005615234
229.182175      1432.8839111328
229.559845      1541.7386474609
229.937500      1499.5296630859
230.315094      1535.0740966797
230.692673      1568.3969726563
231.070221      1490.6435546875
231.447723      1506.1942138672
231.825180      1488.4219970703
232.202652      1523.9664306641
232.580048      1552.8463134766
232.957428      1479.5358886719
233.334778      1563.9538574219
233.712097      1501.7512207031
234.089386      1470.6497802734
234.466614      1475.0928955078
234.843842      1506.1942138672
235.221024      1515.0803222656
235.598175      1475.0928955078
235.975281      1501.7512207031
236.352386      1537.2956542969
236.729431      1568.3969726563
237.106445      1543.9602050781
237.483414      1517.3018798828
237.860382      1492.8651123047
238.237305      1555.0677490234
238.614182      1499.5296630859
238.991043      1468.4283447266
239.367859      1552.8463134766
239.744644      1535.0740966797
240.121414      1526.1879882813
240.498138      1537.2956542969
240.874817      1479.5358886719
241.251480      1490.6435546875
241.628098      1515.0803222656
242.004700      1559.5108642578
242.381241      1472.8713378906
242.757782      1612.8275146484
243.134262      1515.0803222656
243.510727      1486.2005615234
243.887146      1570.6185302734
244.263535      1479.5358886719
244.639893      1508.4157714844
245.016220      1528.4095458984
245.392517      1570.6185302734
245.768768      1470.6497802734
246.145020      1557.2893066406
246.521194      1599.4982910156
246.897354      1508.4157714844
247.273483      1530.6309814453
247.649567      1497.3081054688
248.025650      1519.5234375000
248.401672      1510.6373291016
248.777664      1546.1816406250
249.153641      1461.7637939453
249.529556      1499.5296630859
249.905457      1510.6373291016
250.281326      1597.2767333984
250.657135      1537.2956542969
251.032959      1561.7324218750
251.408707      1417.3332519531
251.784424      1490.6435546875
252.160126      1495.0866699219
252.535797      1532.8525390625
252.911423      1479.5358886719
253.287018      1503.9726562500
253.662582      1543.9602050781
254.038116      1581.7260742188
254.413605      1463.9852294922
254.789063      1466.2067871094
255.164505      1463.9852294922
255.539886      1519.5234375000
255.915268      1499.5296630859
256.290588      1550.6247558594
256.665894      1566.1754150391
257.041168      1532.8525390625
257.416351      1535.0740966797
257.791565      1532.8525390625
258.166779      1510.6373291016
258.541870      1488.4219970703
258.916962      1461.7637939453
259.292023      1495.0866699219
259.667023      1479.5358886719
260.042053      1463.9852294922
260.416992      1501.7512207031
260.791931      1521.7448730469
261.166809      1495.0866699219
261.541687      1515.0803222656
261.916504      1526.1879882813
262.291321      1499.5296630859
262.666077      1526.1879882813
263.040802      1530.6309814453
263.415497      1488.4219970703
263.790161      1490.6435546875
264.164795      1510.6373291016
264.539368      1506.1942138672
264.913910      1510.6373291016
265.288452      1472.8713378906
265.662964      1530.6309814453
266.037384      1492.8651123047
266.411865      1548.4031982422
266.786224      1526.1879882813
267.160583      1528.4095458984
267.534912      1479.5358886719
267.909210      1495.0866699219
268.283447      1486.2005615234
268.657654      1441.7700195313
269.031860      1530.6309814453
269.406006      1532.8525390625
269.780151      1499.5296630859
270.154236      1557.2893066406
270.528290      1535.0740966797
270.902283      1535.0740966797
271.276306      1430.6623535156
271.650238      1499.5296630859
272.024170      1557.2893066406
272.398041      1543.9602050781
272.771881      1532.8525390625
273.145721      1555.0677490234
273.519531      1510.6373291016
273.893219      1532.8525390625
274.266937      1499.5296630859
274.640656      1486.2005615234
275.014282      1572.8399658203
275.387909      1503.9726562500
275.761475      1499.5296630859
276.135040      1559.5108642578
276.508514      1481.7574462891
276.882019      1477.3144531250
277.255463      1581.7260742188
277.628906      1517.3018798828
278.002258      1499.5296630859
278.375549      1503.9726562500
278.748901      1472.8713378906
279.122162      1486.2005615234
279.495392      1575.0615234375
279.868622      1486.2005615234
280.241791      1488.4219970703
280.614929      1559.5108642578
280.988007      1510.6373291016
281.361084      1501.7512207031
281.734131      1508.4157714844
282.107117      1517.3018798828
282.480072      1486.2005615234
282.853027      1595.0552978516
283.225952      1503.9726562500
283.598785      1643.9288330078
283.971619      1508.4157714844
284.344452      1495.0866699219
284.717194      1535.0740966797
285.089905      1490.6435546875
285.462616      1470.6497802734
285.835297      1468.4283447266
286.207886      1466.2067871094
286.580475      1517.3018798828
286.953064      1572.8399658203
287.325592      1475.0928955078
287.698059      1492.8651123047
288.070496      1517.3018798828
288.442963      1537.2956542969
288.815308      1468.4283447266
289.187683      1515.0803222656
289.559998      1492.8651123047
289.932281      1512.8587646484
290.304504      1546.1816406250
290.676727      1546.1816406250
291.048920      1501.7512207031
291.421082      1557.2893066406
291.793182      1515.0803222656
292.165222      1539.5170898438
292.537292      1535.0740966797
292.909332      1557.2893066406
293.281281      1539.5170898438
293.653198      1472.8713378906
294.025116      1530.6309814453
294.397003      1506.1942138672
294.768860      1521.7448730469
295.140656      1468.4283447266
295.512390      1503.9726562500
295.884125      1492.8651123047
296.255829      1495.0866699219
296.627502      1566.1754150391
296.999146      1535.0740966797
297.370728      1555.0677490234
297.742249      1563.9538574219
298.113831      1566.1754150391
298.485291      1459.5422363281
298.856781      1492.8651123047
299.228149      1537.2956542969
299.599579      1535.0740966797
299.970917      1483.9790039063
300.342224      1472.8713378906
300.713531      1497.3081054688
301.084778      1501.7512207031
301.455994      1475.0928955078
301.827148      1463.9852294922
302.198334      1443.9915771484
302.569427      1521.7448730469
302.940521      1512.8587646484
303.311554      1512.8587646484
303.682556      1523.9664306641
304.053528      1541.7386474609
304.424469      1443.9915771484
304.795380      1486.2005615234
305.166260      1517.3018798828
305.537048      1501.7512207031
305.907837      1512.8587646484
306.278625      1557.2893066406
306.649384      1495.0866699219
307.020050      1486.2005615234
307.390686      1457.3206787109
307.761353      1488.4219970703
308.131897      1481.7574462891
308.502502      1532.8525390625
308.872986      1506.1942138672
309.243500      1532.8525390625
309.613922      1608.3843994141
309.984344      1459.5422363281
310.354736      1475.0928955078
310.725098      1532.8525390625
311.095398      1552.8463134766
311.465637      1461.7637939453
311.835907      1459.5422363281
312.206116      1526.1879882813
312.576294      1501.7512207031
312.946411      1477.3144531250
313.316528      1528.4095458984
313.686584      1579.5046386719
314.056610      1546.1816406250
314.426605      1492.8651123047
314.796570      1523.9664306641
315.166504      1517.3018798828
315.536377      1481.7574462891
315.906250      1517.3018798828
316.276093      1486.2005615234
316.645844      1532.8525390625
317.015594      1535.0740966797
317.385315      1401.7825927734
317.755035      1508.4157714844
318.124603      1488.4219970703
318.494263      1519.5234375000
318.863831      1488.4219970703
319.233368      1472.8713378906
319.602875      1497.3081054688
319.972351      1612.8275146484
320.341797      1481.7574462891
320.711182      1530.6309814453
321.080536      1483.9790039063
321.449890      1530.6309814453
321.819183      1488.4219970703
322.188446      1479.5358886719
322.557648      1517.3018798828
322.926880      1506.1942138672
323.295990      1490.6435546875
323.665100      1550.6247558594
324.034210      1501.7512207031
324.403259      1532.8525390625
324.772247      1506.1942138672
325.141205      1521.7448730469
325.510193      1521.7448730469
325.879120      1501.7512207031
326.247955      1475.0928955078
326.616791      1552.8463134766
326.985596      1501.7512207031
327.354340      1457.3206787109
327.723053      1459.5422363281
328.091797      1461.7637939453
328.460449      1475.0928955078
328.829071      1552.8463134766
329.197632      1510.6373291016
329.566193      1470.6497802734
329.934753      1412.8901367188
330.303192      1477.3144531250
330.671631      1561.7324218750
331.040070      1479.5358886719
331.408478      1535.0740966797
331.776794      1552.8463134766
332.145081      1475.0928955078
332.513367      1459.5422363281
332.881592      1499.5296630859
333.249756      1566.1754150391
333.617920      1546.1816406250
333.986084      1575.0615234375
334.354156      1535.0740966797
334.722229      1532.8525390625
335.090240      1595.0552978516
335.458252      1621.7136230469
335.826202      1466.2067871094
336.194092      1470.6497802734
336.561951      1548.4031982422
336.929779      1537.2956542969
337.297577      1461.7637939453
337.665375      1568.3969726563
338.033142      1523.9664306641
338.400787      1508.4157714844
338.768463      1530.6309814453
339.136108      1497.3081054688
339.503693      1557.2893066406
339.871246      1526.1879882813
340.238770      1630.5996093750
340.606262      1479.5358886719
340.973755      1559.5108642578
341.341125      1539.5170898438
341.708527      1521.7448730469
342.075867      1479.5358886719
342.443146      1490.6435546875
342.810425      1517.3018798828
343.177673      1497.3081054688
343.544861      1497.3081054688
343.912018      1435.1054687500
344.279114      1506.1942138672
344.646271      1463.9852294922
345.013336      1528.4095458984
345.380341      1521.7448730469
345.747314      1512.8587646484
346.114258      1481.7574462891
346.481171      1550.6247558594
346.848022      1583.9476318359
347.214905      1461.7637939453
347.581726      1559.5108642578
347.948456      1546.1816406250
348.315186      1535.0740966797
348.681885      1508.4157714844
349.048584      1530.6309814453
349.415161      1477.3144531250
349.781738      1457.3206787109
350.148346      1497.3081054688
350.514862      1528.4095458984
350.881287      1543.9602050781
351.247742      1466.2067871094
351.614197      1441.7700195313
351.980530      1503.9726562500
352.346863      1477.3144531250
352.713165      1537.2956542969
353.079437      1535.0740966797
353.445679      1468.4283447266
353.811859      1488.4219970703
354.178009      1528.4095458984
354.544159      1539.5170898438
354.910217      1510.6373291016
355.276276      1572.8399658203
355.642303      1510.6373291016
356.008270      1499.5296630859
356.374176      1535.0740966797
356.740112      1483.9790039063
357.105988      1421.7762451172
357.471802      1503.9726562500
357.837585      1492.8651123047
358.203339      1523.9664306641
358.569092      1521.7448730469
358.934753      1486.2005615234
359.300415      1550.6247558594
359.666016      1443.9915771484
360.031616      1570.6185302734
360.397125      1577.2830810547
360.762634      1463.9852294922
361.128143      1490.6435546875
361.493530      1572.8399658203
361.858917      1530.6309814453
362.224274      1508.4157714844
362.589630      1570.6185302734
362.954895      1486.2005615234
363.320160      1557.2893066406
363.685394      1499.5296630859
364.050568      1463.9852294922
364.415680      1546.1816406250
364.780792      1512.8587646484
365.145874      1483.9790039063
365.510895      1450.6561279297
365.875854      1477.3144531250
366.240845      1452.8776855469
366.605774      1486.2005615234
366.970642      1546.1816406250
367.335480      1517.3018798828
367.700317      1546.1816406250
368.065125      1470.6497802734
368.429840      1497.3081054688
368.794525      1455.0991210938
369.159241      1570.6185302734
369.523834      1537.2956542969
369.888397      1492.8651123047
370.252991      1526.1879882813
370.617554      1543.9602050781
370.981995      1439.5484619141
371.346436      1499.5296630859
371.710846      1466.2067871094
372.075256      1492.8651123047
372.439545      1539.5170898438
372.803864      1488.4219970703
373.168121      1470.6497802734
373.532379      1539.5170898438
373.896545      1466.2067871094
374.260681      1501.7512207031
374.624847      1483.9790039063
374.988892      1539.5170898438
375.352936      1512.8587646484
375.716949      1510.6373291016
376.080933      1501.7512207031
376.444855      1475.0928955078
376.808716      1523.9664306641
377.172638      1495.0866699219
377.536469      1515.0803222656
377.900208      1506.1942138672
378.263947      1572.8399658203
378.627686      1512.8587646484
378.991364      1450.6561279297
379.354980      1519.5234375000
379.718628      1446.2130126953
380.082214      1463.9852294922
380.445709      1530.6309814453
380.809174      1437.3269042969
381.172668      1497.3081054688
381.536072      1468.4283447266
381.899475      1503.9726562500
382.262787      1586.1691894531
382.626129      1461.7637939453
382.989380      1535.0740966797
383.352631      1435.1054687500
383.715790      1399.5610351563
384.078979      1450.6561279297
384.442078      1501.7512207031
384.805145      1552.8463134766
385.168243      1526.1879882813
385.531250      1515.0803222656
385.894226      1446.2130126953
386.257141      1499.5296630859
386.620056      1555.0677490234
386.982941      1510.6373291016
387.345734      1408.4471435547
387.708527      1528.4095458984
388.071289      1512.8587646484
388.433990      1495.0866699219
388.796661      1512.8587646484
389.159332      1486.2005615234
389.521942      1528.4095458984
389.884491      1532.8525390625
390.247040      1546.1816406250
390.609528      1555.0677490234
390.971985      1521.7448730469
391.334412      1523.9664306641
391.696747      1479.5358886719
392.059143      1499.5296630859
392.421478      1483.9790039063
392.783691      1461.7637939453
393.145935      1479.5358886719
393.508148      1586.1691894531
393.870270      1510.6373291016
394.232391      1517.3018798828
394.594482      1521.7448730469
394.956573      1459.5422363281
395.318542      1557.2893066406
395.680511      1550.6247558594
396.042450      1515.0803222656
396.404388      1501.7512207031
396.766235      1532.8525390625
397.128021      1539.5170898438
397.489838      1561.7324218750
397.851563      1437.3269042969
398.213257      1481.7574462891
398.574951      1543.9602050781
398.936615      1519.5234375000
399.298187      1570.6185302734
399.659729      1561.7324218750
400.021271      1457.3206787109
400.382751      1559.5108642578
400.744202      1559.5108642578
401.105621      1479.5358886719
401.466980      1479.5358886719
401.828339      1539.5170898438
402.189606      1508.4157714844
402.550873      1463.9852294922
402.912140      1535.0740966797
403.273285      1463.9852294922
403.634430      1475.0928955078
403.995544      1523.9664306641
404.356659      1488.4219970703
404.717651      1479.5358886719
405.078674      1461.7637939453
405.439636      1530.6309814453
405.800568      1595.0552978516
406.161438      1575.0615234375
406.522278      1568.3969726563
406.883118      1437.3269042969
407.243866      1475.0928955078
407.604584      1483.9790039063
407.965302      1503.9726562500
408.325989      1503.9726562500
408.686584      1570.6185302734
409.047150      1488.4219970703
409.407715      1528.4095458984
409.768250      1486.2005615234
410.128723      1568.3969726563
410.489136      1521.7448730469
410.849518      1488.4219970703
411.209900      1470.6497802734
411.570190      1572.8399658203
411.930511      1546.1816406250
412.290741      1479.5358886719
412.650940      1497.3081054688
413.011078      1457.3206787109
413.371246      1475.0928955078
413.731354      1463.9852294922
414.091400      1537.2956542969
414.451385      1463.9852294922
414.811401      1503.9726562500
415.171356      1468.4283447266
415.531281      1539.5170898438
415.891113      1466.2067871094
416.250946      1595.0552978516
416.610718      1483.9790039063
416.970490      1437.3269042969
417.330200      1470.6497802734
417.689911      1501.7512207031
418.049530      1517.3018798828
418.409119      1463.9852294922
418.768707      1503.9726562500
419.128235      1535.0740966797
419.487701      1488.4219970703
419.847137      1519.5234375000
420.206573      1466.2067871094
420.565948      1532.8525390625
420.925232      1517.3018798828
421.284576      1466.2067871094
421.643860      1468.4283447266
422.003052      1459.5422363281
422.362213      1519.5234375000
422.721375      1537.2956542969
423.080536      1468.4283447266
423.439575      1506.1942138672
423.798584      1497.3081054688
424.157593      1532.8525390625
424.516571      1426.2193603516
424.875458      1448.4345703125
425.234314      1519.5234375000
425.593201      1503.9726562500
425.951965      1455.0991210938
426.310699      1486.2005615234
426.669495      1561.7324218750
427.028168      1517.3018798828
427.386810      1479.5358886719
427.745392      1488.4219970703
428.103973      1528.4095458984
428.462524      1492.8651123047
428.821045      1497.3081054688
429.179504      1548.4031982422
429.537903      1548.4031982422
429.896271      1550.6247558594
430.254608      1517.3018798828
430.612915      1503.9726562500
430.971222      1463.9852294922
431.329437      1532.8525390625
431.687622      1486.2005615234
432.045776      1486.2005615234
432.403900      1503.9726562500
432.761993      1432.8839111328
433.119995      1532.8525390625
433.477997      1519.5234375000
433.835968      1490.6435546875
434.193909      1483.9790039063
434.551758      1490.6435546875
434.909637      1515.0803222656
435.267395      1561.7324218750
435.625183      1483.9790039063
435.982910      1501.7512207031
436.340607      1481.7574462891
436.698273      1508.4157714844
437.055878      1472.8713378906
437.413452      1470.6497802734
437.770996      1523.9664306641
438.128479      1561.7324218750
438.485962      1417.3332519531
438.843384      1501.7512207031
439.200775      1557.2893066406
439.558136      1559.5108642578
439.915405      1404.0040283203
440.272705      1530.6309814453
440.629883      1468.4283447266
440.987091      1523.9664306641
441.344238      1510.6373291016
441.701355      1457.3206787109
442.058441      1539.5170898438
442.415436      1472.8713378906
442.772461      1477.3144531250
443.129425      1466.2067871094
443.486359      1530.6309814453
443.843231      1510.6373291016
444.200104      1535.0740966797
444.556885      1472.8713378906
444.913635      1552.8463134766
445.270355      1479.5358886719
445.627075      1499.5296630859
445.983704      1526.1879882813
446.340302      1461.7637939453
446.696869      1441.7700195313
447.053436      1499.5296630859
447.409912      1508.4157714844
447.766357      1530.6309814453
448.122803      1512.8587646484
448.479156      1495.0866699219
448.835510      1568.3969726563
449.191772      1586.1691894531
449.548096      1523.9664306641
449.904297      1559.5108642578
450.260437      1512.8587646484
450.616608      1501.7512207031
450.972687      1528.4095458984
451.328796      1497.3081054688
451.684814      1479.5358886719
452.040833      1463.9852294922
452.396729      1490.6435546875
452.752655      1499.5296630859
453.108551      1539.5170898438
453.464355      1470.6497802734
453.820160      1426.2193603516
454.175934      1526.1879882813
454.531616      1481.7574462891
454.887299      1426.2193603516
455.242950      1517.3018798828
455.598541      1510.6373291016
455.954102      1441.7700195313
456.309601      1459.5422363281
456.665131      1459.5422363281
457.020538      1472.8713378906
457.375977      1459.5422363281
457.731323      1472.8713378906
458.086670      1521.7448730469
458.441956      1506.1942138672
458.797211      1499.5296630859
459.152405      1535.0740966797
459.507538      1526.1879882813
459.862701      1519.5234375000
460.217773      1561.7324218750
460.572845      1526.1879882813
460.927856      1503.9726562500
461.282837      1492.8651123047
461.637756      1552.8463134766
461.992645      1566.1754150391
462.347504      1483.9790039063
462.702332      1437.3269042969
463.057129      1577.2830810547
463.411835      1508.4157714844
463.766541      1428.4407958984
464.121185      1526.1879882813
464.475830      1508.4157714844
464.830383      1435.1054687500
465.184937      1463.9852294922
465.539429      1550.6247558594
465.893921      1532.8525390625
466.248322      1501.7512207031
466.602753      1450.6561279297
466.957062      1503.9726562500
467.311371      1470.6497802734
467.665619      1452.8776855469
468.019897      1490.6435546875
468.374054      1490.6435546875
468.728180      1515.0803222656
469.082306      1523.9664306641
469.436371      1528.4095458984
469.790405      1510.6373291016
470.144379      1461.7637939453
470.498352      1506.1942138672
470.852264      1435.1054687500
471.206146      1472.8713378906
471.559967      1455.0991210938
471.913788      1548.4031982422
472.267487      1528.4095458984
472.621246      1521.7448730469
472.974915      1472.8713378906
473.328522      1523.9664306641
473.682129      1510.6373291016
474.035675      1503.9726562500
474.389191      1497.3081054688
474.742676      1530.6309814453
475.096130      1532.8525390625
475.449493      1492.8651123047
475.802856      1532.8525390625
476.156189      1490.6435546875
476.509460      1512.8587646484
476.862732      1481.7574462891
477.215912      1495.0866699219
477.569061      1470.6497802734
477.922150      1470.6497802734
478.275299      1450.6561279297
478.628296      1546.1816406250
478.981323      1528.4095458984
479.334259      1530.6309814453
479.687195      1559.5108642578
480.040070      1543.9602050781
480.392914      1501.7512207031
480.745728      1508.4157714844
481.098511      1528.4095458984
481.451202      1501.7512207031
481.803925      1503.9726562500
482.156525      1528.4095458984
482.509125      1512.8587646484
482.861694      1519.5234375000
483.214233      1526.1879882813
483.566711      1535.0740966797
483.919128      1563.9538574219
484.271576      1501.7512207031
484.623901      1535.0740966797
484.976257      1497.3081054688
485.328522      1539.5170898438
485.680786      1475.0928955078
486.032959      1517.3018798828
486.385132      1497.3081054688
486.737274      1457.3206787109
487.089325      1486.2005615234
487.441376      1599.4982910156
487.793396      1508.4157714844
488.145386      1501.7512207031
488.497284      1430.6623535156
488.849182      1543.9602050781
489.201019      1506.1942138672
489.552826      1528.4095458984
489.904572      1490.6435546875
490.256317      1390.6749267578
490.608002      1541.7386474609
490.959656      1466.2067871094
491.311249      1466.2067871094
491.662811      1535.0740966797
492.014343      1512.8587646484
492.365814      1517.3018798828
492.717285      1563.9538574219
493.068665      1510.6373291016
493.420044      1508.4157714844
493.771362      1510.6373291016
494.122650      1459.5422363281
494.473877      1495.0866699219
494.825104      1415.1116943359
495.176270      1457.3206787109
495.527374      1501.7512207031
495.878479      1561.7324218750
496.229492      1472.8713378906
496.580536      1550.6247558594
496.931458      1550.6247558594
497.282379      1537.2956542969
497.633270      1499.5296630859
497.984131      1521.7448730469
498.334900      1539.5170898438
498.685669      1426.2193603516
499.036377      1530.6309814453
499.387115      1408.4471435547
499.737701      1535.0740966797
500.088318      1519.5234375000
500.438904      1488.4219970703
500.789429      1490.6435546875
501.139893      1557.2893066406
501.490295      1472.8713378906
501.840729      1483.9790039063
502.191040      1512.8587646484
502.541382      1492.8651123047
502.891663      1468.4283447266
503.241913      1561.7324218750
503.592133      1452.8776855469
503.942322      1519.5234375000
504.292358      1488.4219970703
504.642395      1477.3144531250
504.992432      1497.3081054688
505.342468      1479.5358886719
505.692413      1532.8525390625
506.042358      1503.9726562500
506.392242      1466.2067871094
506.742035      1499.5296630859
507.091858      1512.8587646484
507.441528      1488.4219970703
507.791290      1537.2956542969
508.140961      1548.4031982422
508.490601      1472.8713378906
508.840210      1528.4095458984
509.189697      1470.6497802734
509.539215      1512.8587646484
509.888641      1555.0677490234
510.238098      1483.9790039063
510.587494      1506.1942138672
510.936859      1530.6309814453
511.286194      1479.5358886719
511.635498      1472.8713378906
511.984650      1475.0928955078
512.333862      1459.5422363281
512.682922      1550.6247558594
513.032043      1428.4407958984
513.381104      1535.0740966797
513.730164      1530.6309814453
514.079163      1477.3144531250
514.428040      1503.9726562500
514.776978      1499.5296630859
515.125793      1550.6247558594
515.474609      1563.9538574219
515.823425      1555.0677490234
516.172180      1483.9790039063
516.520813      1561.7324218750
516.869568      1437.3269042969
517.218079      1519.5234375000
517.566650      1468.4283447266
517.915161      1481.7574462891
518.263672      1572.8399658203
518.612183      1448.4345703125
518.960571      1535.0740966797
519.308899      1501.7512207031
519.657227      1543.9602050781
520.005554      1495.0866699219
520.353699      1466.2067871094
520.701904      1481.7574462891
521.050110      1550.6247558594
521.398254      1572.8399658203
521.746338      1508.4157714844
522.094421      1608.3843994141
522.442383      1526.1879882813
522.790222      1548.4031982422
523.138184      1490.6435546875
523.486145      1492.8651123047
523.833984      1579.5046386719
524.181763      1563.9538574219
524.529541      1508.4157714844
524.877197      1535.0740966797
525.224915      1481.7574462891
525.572449      1468.4283447266
525.920105      1546.1816406250
526.267639      1448.4345703125
526.615173      1515.0803222656
526.962646      1486.2005615234
527.309998      1472.8713378906
527.657410      1526.1879882813
528.004700      1595.0552978516
528.351990      1428.4407958984
528.699280      1492.8651123047
529.046509      1470.6497802734
529.393677      1490.6435546875
529.740845      1495.0866699219
530.087891      1503.9726562500
530.434998      1468.4283447266
530.781921      1546.1816406250
531.128906      1519.5234375000
531.475891      1477.3144531250
531.822815      1483.9790039063
532.169617      1472.8713378906
532.516418      1526.1879882813
532.863159      1539.5170898438
533.209839      1470.6497802734
533.556580      1546.1816406250
533.903198      1503.9726562500
534.249817      1488.4219970703
534.596436      1519.5234375000
534.942932      1517.3018798828
535.289368      1497.3081054688
535.635803      1501.7512207031
535.982178      1490.6435546875
536.328552      1479.5358886719
536.674805      1450.6561279297
537.021118      1452.8776855469
537.367371      1481.7574462891
537.713501      1479.5358886719
538.059692      1528.4095458984
538.405701      1477.3144531250
538.751831      1466.2067871094
539.097839      1439.5484619141
539.443787      1475.0928955078
539.789734      1495.0866699219
540.135620      1492.8651123047
540.481506      1559.5108642578
540.827209      1546.1816406250
541.173035      1521.7448730469
541.518799      1515.0803222656
541.864502      1479.5358886719
542.210144      1432.8839111328
542.555786      1495.0866699219
542.901245      1468.4283447266
543.246826      1506.1942138672
543.592285      1581.7260742188
543.937683      1546.1816406250
544.283142      1519.5234375000
544.628479      1423.9978027344
544.973816      1561.7324218750
545.319031      1559.5108642578
545.664307      1497.3081054688
546.009399      1490.6435546875
546.354614      1543.9602050781
546.699707      1581.7260742188
547.044739      1512.8587646484
547.389832      1541.7386474609
547.734802      1568.3969726563
548.079712      1541.7386474609
548.424622      1486.2005615234
548.769409      1581.7260742188
549.114258      1548.4031982422
549.459045      1470.6497802734
549.803772      1470.6497802734
550.148499      1559.5108642578
550.493103      1486.2005615234
550.837708      1495.0866699219
551.182190      1481.7574462891
551.526733      1503.9726562500
551.871216      1486.2005615234
552.215698      1466.2067871094
552.560120      1443.9915771484
552.904480      1448.4345703125
553.248718      1461.7637939453
553.592957      1470.6497802734
553.937195      1512.8587646484
554.281372      1517.3018798828
554.625549      1495.0866699219
554.969666      1497.3081054688
555.313721      1519.5234375000
555.657654      1488.4219970703
556.001709      1521.7448730469
556.345581      1466.2067871094
556.689514      1446.2130126953
557.033325      1512.8587646484
557.377197      1481.7574462891
557.720947      1603.9414062500
558.064575      1537.2956542969
558.408264      1608.3843994141
558.751892      1495.0866699219
559.095520      1457.3206787109
559.439087      1488.4219970703
559.782654      1535.0740966797
560.126099      1506.1942138672
560.469543      1448.4345703125
560.812927      1526.1879882813
561.156250      1541.7386474609
561.499512      1508.4157714844
561.842773      1472.8713378906
562.185974      1461.7637939453
562.529175      1490.6435546875
562.872314      1506.1942138672
563.215332      1588.3906250000
563.558472      1543.9602050781
563.901367      1432.8839111328
564.244385      1515.0803222656
564.587341      1463.9852294922
564.930237      1568.3969726563
565.273071      1501.7512207031
565.615845      1492.8651123047
565.958557      1472.8713378906
566.301331      1495.0866699219
566.643860      1466.2067871094
566.986511      1479.5358886719
567.329163      1497.3081054688
567.671692      1583.9476318359
568.014221      1517.3018798828
568.356628      1497.3081054688
568.699036      1526.1879882813
569.041321      1561.7324218750
569.383728      1506.1942138672
569.726013      1483.9790039063
570.068298      1546.1816406250
570.410461      1552.8463134766
570.752686      1532.8525390625
571.094727      1499.5296630859
571.436768      1490.6435546875
571.778809      1472.8713378906
572.120850      1481.7574462891
572.462769      1490.6435546875
572.804688      1510.6373291016
573.146606      1499.5296630859
573.488342      1521.7448730469
573.830139      1508.4157714844
574.171814      1559.5108642578
574.513550      1532.8525390625
574.855164      1495.0866699219
575.196838      1541.7386474609
575.538391      1512.8587646484
575.879883      1499.5296630859
576.221375      1539.5170898438
576.562744      1557.2893066406
576.904175      1543.9602050781
577.245483      1539.5170898438
577.586792      1435.1054687500
577.928101      1466.2067871094
578.269348      1510.6373291016
578.610535      1483.9790039063
578.951660      1492.8651123047
579.292664      1463.9852294922
579.633728      1441.7700195313
579.974792      1548.4031982422
580.315796      1495.0866699219
580.656677      1539.5170898438
580.997498      1419.5548095703
581.338379      1510.6373291016
581.679138      1555.0677490234
582.019897      1497.3081054688
582.360657      1461.7637939453
582.701294      1523.9664306641
583.041931      1432.8839111328
583.382507      1501.7512207031
583.723022      1481.7574462891
584.063538      1497.3081054688
584.403931      1497.3081054688
584.744385      1446.2130126953
585.084778      1488.4219970703
585.425110      1561.7324218750
585.765381      1486.2005615234
586.105591      1519.5234375000
586.445801      1506.1942138672
586.785889      1475.0928955078
587.125977      1515.0803222656
587.466064      1475.0928955078
587.806152      1541.7386474609
588.146118      1512.8587646484
588.486023      1479.5358886719
588.825928      1468.4283447266
589.165710      1461.7637939453
589.505554      1539.5170898438
589.845337      1530.6309814453
590.185120      1468.4283447266
590.524780      1517.3018798828
590.864441      1452.8776855469
591.203918      1421.7762451172
591.543518      1515.0803222656
591.882996      1572.8399658203
592.222473      1537.2956542969
592.561890      1477.3144531250
592.901306      1550.6247558594
593.240662      1490.6435546875
593.579895      1566.1754150391
593.919128      1526.1879882813
594.258301      1499.5296630859
594.597473      1515.0803222656
594.936646      1526.1879882813
595.275696      1477.3144531250
595.614807      1479.5358886719
595.953796      1499.5296630859
596.292725      1495.0866699219
596.631592      1495.0866699219
596.970398      1503.9726562500
597.309204      1472.8713378906
597.648010      1552.8463134766
597.986755      1570.6185302734
598.325500      1552.8463134766
598.664124      1483.9790039063
599.002686      1490.6435546875
599.341187      1515.0803222656
599.679749      1481.7574462891
600.018250      1510.6373291016
600.356628      1470.6497802734
600.695068      1517.3018798828
601.033386      1532.8525390625
601.371643      1472.8713378906
601.709900      1472.8713378906
602.048035      1537.2956542969
602.386292      1535.0740966797
602.724426      1537.2956542969
603.062500      1515.0803222656
603.400574      1537.2956542969
603.738525      1586.1691894531
604.076477      1495.0866699219
604.414307      1450.6561279297
604.752197      1561.7324218750
605.090027      1519.5234375000
605.427795      1537.2956542969
605.765564      1455.0991210938
606.103210      1472.8713378906
606.440857      1521.7448730469
606.778442      1563.9538574219
607.115967      1530.6309814453
607.453552      1552.8463134766
607.791016      1506.1942138672
608.128418      1579.5046386719
608.465820      1452.8776855469
608.803162      1537.2956542969
609.140442      1495.0866699219
609.477661      1510.6373291016
609.814880      1532.8525390625
610.152100      1488.4219970703
610.489258      1492.8651123047
610.826294      1523.9664306641
611.163269      1523.9664306641
611.500305      1490.6435546875
611.837219      1470.6497802734
612.174072      1461.7637939453
612.510986      1510.6373291016
612.847839      1503.9726562500
613.184570      1519.5234375000
613.521362      1499.5296630859
613.857971      1468.4283447266
614.194641      1561.7324218750
614.531189      1499.5296630859
614.867737      1470.6497802734
615.204285      1530.6309814453
615.540771      1561.7324218750
615.877197      1503.9726562500
616.213562      1479.5358886719
616.549927      1472.8713378906
616.886169      1537.2956542969
617.222351      1532.8525390625
617.558594      1521.7448730469
617.894775      1517.3018798828
618.230896      1497.3081054688
618.566956      1515.0803222656
618.902954      1432.8839111328
619.238953      1501.7512207031
619.574890      1539.5170898438
619.910767      1470.6497802734
620.246643      1568.3969726563
620.582458      1568.3969726563
620.918213      1466.2067871094
621.253967      1539.5170898438
621.589661      1552.8463134766
621.925232      1517.3018798828
622.260803      1486.2005615234
622.596375      1497.3081054688
622.931885      1492.8651123047
623.267334      1532.8525390625
623.602722      1463.9852294922
623.938110      1452.8776855469
624.273376      1523.9664306641
624.608643      1472.8713378906
624.943848      1499.5296630859
625.279114      1468.4283447266
625.614258      1477.3144531250
625.949341      1446.2130126953
626.284424      1499.5296630859
626.619446      1515.0803222656
626.954407      1468.4283447266
627.289307      1499.5296630859
627.624207      1559.5108642578
627.959045      1528.4095458984
628.293884      1570.6185302734
628.628601      1475.0928955078
628.963257      1477.3144531250
629.297913      1532.8525390625
629.632507      1495.0866699219
629.967102      1523.9664306641
630.301697      1470.6497802734
630.636169      1532.8525390625
630.970581      1557.2893066406
631.304993      1539.5170898438
631.639282      1506.1942138672
631.973572      1537.2956542969
632.307861      1530.6309814453
632.642090      1486.2005615234
632.976257      1495.0866699219
633.310425      1477.3144531250
633.644470      1481.7574462891
633.978516      1486.2005615234
634.312439      1483.9790039063
634.646423      1479.5358886719
634.980347      1488.4219970703
635.314209      1510.6373291016
635.648071      1435.1054687500
635.981812      1506.1942138672
636.315552      1546.1816406250
636.649170      1510.6373291016
636.982849      1483.9790039063
637.316406      1468.4283447266
637.649963      1501.7512207031
637.983521      1503.9726562500
638.317017      1548.4031982422
638.650391      1515.0803222656
638.983765      1446.2130126953
639.317078      1488.4219970703
639.650391      1577.2830810547
639.983643      1570.6185302734
640.316833      1499.5296630859
640.649963      1559.5108642578
640.983032      1543.9602050781
641.316101      1495.0866699219
641.649109      1541.7386474609
641.982056      1490.6435546875
642.315002      1550.6247558594
642.647888      1501.7512207031
642.980774      1428.4407958984
643.313538      1448.4345703125
643.646301      1466.2067871094
643.979004      1517.3018798828
644.311646      1599.4982910156
644.644226      1461.7637939453
644.976868      1550.6247558594
645.309387      1459.5422363281
645.641846      1503.9726562500
645.974243      1455.0991210938
646.306702      1541.7386474609
646.638977      1566.1754150391
646.971252      1523.9664306641
647.303528      1439.5484619141
647.635803      1488.4219970703
647.967957      1519.5234375000
648.300110      1430.6623535156
648.632141      1443.9915771484
648.964111      1528.4095458984
649.296082      1459.5422363281
649.628113      1401.7825927734
649.960022      1503.9726562500
650.291870      1501.7512207031
650.623718      1492.8651123047
650.955383      1523.9664306641
651.287109      1490.6435546875
651.618774      1468.4283447266
651.950378      1548.4031982422
652.281982      1548.4031982422
652.613586      1461.7637939453
652.945068      1486.2005615234
653.276489      1528.4095458984
653.607910      1430.6623535156
653.939209      1515.0803222656
654.270569      1486.2005615234
654.601807      1508.4157714844
654.933105      1543.9602050781
655.264221      1523.9664306641
655.595398      1495.0866699219
655.926453      1510.6373291016
656.257507      1503.9726562500
656.588440      1492.8651123047
656.919434      1470.6497802734
657.250366      1543.9602050781
657.581238      1446.2130126953
657.912048      1492.8651123047
658.242798      1541.7386474609
658.573486      1521.7448730469
658.904114      1510.6373291016
659.234802      1459.5422363281
659.565430      1501.7512207031
659.895996      1595.0552978516
660.226501      1519.5234375000
660.556946      1535.0740966797
660.887329      1457.3206787109
661.217712      1441.7700195313
661.547974      1508.4157714844
661.878296      1568.3969726563
662.208557      1523.9664306641
662.538757      1532.8525390625
662.868896      1532.8525390625
663.198975      1521.7448730469
663.528992      1517.3018798828
663.859009      1523.9664306641
664.188904      1510.6373291016
664.518860      1588.3906250000
664.848755      1568.3969726563
665.178589      1497.3081054688
665.508362      1503.9726562500
665.838013      1439.5484619141
666.167725      1512.8587646484
666.497375      1470.6497802734
666.826965      1486.2005615234
667.156494      1539.5170898438
667.486084      1530.6309814453
667.815552      1503.9726562500
668.144897      1463.9852294922
668.474304      1488.4219970703
668.803528      1443.9915771484
669.132813      1526.1879882813
669.462036      1492.8651123047
669.791260      1499.5296630859
670.120422      1508.4157714844
670.449463      1457.3206787109
670.778564      1461.7637939453
671.107544      1515.0803222656
671.436523      1566.1754150391
671.765381      1463.9852294922
672.094299      1552.8463134766
672.423157      1455.0991210938
672.751831      1490.6435546875
673.080627      1481.7574462891
673.409302      1492.8651123047
673.737976      1477.3144531250
674.066528      1517.3018798828
674.395081      1472.8713378906
674.723572      1512.8587646484
675.052002      1619.4920654297
675.380432      1461.7637939453
675.708801      1546.1816406250
676.037170      1566.1754150391
676.365417      1532.8525390625
676.693665      1463.9852294922
677.021851      1450.6561279297
677.349976      1555.0677490234
677.678040      1481.7574462891
678.006042      1470.6497802734
678.334106      1530.6309814453
678.662048      1492.8651123047
678.989929      1530.6309814453
679.317810      1528.4095458984
679.645630      1457.3206787109
679.973389      1512.8587646484
680.301086      1501.7512207031
680.628845      1592.8337402344
680.956482      1517.3018798828
681.283997      1468.4283447266
681.611572      1526.1879882813
681.939087      1459.5422363281
682.266541      1437.3269042969
682.593872      1508.4157714844
682.921265      1532.8525390625
683.248596      1495.0866699219
683.575806      1517.3018798828
683.903076      1526.1879882813
684.230286      1528.4095458984
684.557373      1506.1942138672
684.884399      1448.4345703125
685.211487      1517.3018798828
685.538513      1481.7574462891
685.865417      1543.9602050781
686.192261      1486.2005615234
686.519165      1521.7448730469
686.845947      1541.7386474609
687.172729      1486.2005615234
687.499451      1519.5234375000
687.826111      1539.5170898438
688.152771      1543.9602050781
688.479248      1479.5358886719
688.805847      1457.3206787109
689.132324      1515.0803222656
689.458801      1446.2130126953
689.785095      1495.0866699219
690.111511      1466.2067871094
690.437805      1519.5234375000
690.764038      1526.1879882813
691.090210      1575.0615234375
691.416443      1510.6373291016
691.742554      1488.4219970703
692.068604      1512.8587646484
692.394592      1450.6561279297
692.720581      1475.0928955078
693.046509      1506.1942138672
693.372375      1443.9915771484
693.698242      1541.7386474609
694.023987      1510.6373291016
694.349792      1597.2767333984
694.675476      1450.6561279297
695.001099      1512.8587646484
695.326721      1501.7512207031
695.652222      1481.7574462891
695.977783      1492.8651123047
696.303284      1512.8587646484
696.628723      1497.3081054688
696.954041      1457.3206787109
697.279358      1503.9726562500
697.604675      1452.8776855469
697.929871      1566.1754150391
698.255066      1470.6497802734
698.580200      1530.6309814453
698.905334      1532.8525390625
699.230286      1486.2005615234
699.555359      1501.7512207031
699.880310      1443.9915771484
700.205261      1483.9790039063
700.530029      1523.9664306641
700.854919      1475.0928955078
701.179688      1515.0803222656
701.504456      1466.2067871094
701.829102      1517.3018798828
702.153687      1506.1942138672
702.478271      1481.7574462891
702.802856      1528.4095458984
703.127319      1492.8651123047
703.451721      1506.1942138672
703.776123      1537.2956542969
704.100464      1448.4345703125
704.424805      1459.5422363281
704.749084      1421.7762451172
705.073303      1499.5296630859
705.397461      1512.8587646484
705.721558      1497.3081054688
706.045654      1459.5422363281
706.369690      1517.3018798828
706.693604      1461.7637939453
707.017578      1523.9664306641
707.341431      1539.5170898438
707.665283      1486.2005615234
707.989075      1477.3144531250
708.312805      1501.7512207031
708.636536      1517.3018798828
708.960144      1550.6247558594
709.283752      1452.8776855469
709.607361      1548.4031982422
709.930847      1459.5422363281
710.254333      1539.5170898438
710.577759      1481.7574462891
710.901062      1510.6373291016
711.224426      1503.9726562500
711.547668      1541.7386474609
711.870911      1459.5422363281
712.194153      1497.3081054688
712.517212      1495.0866699219
712.840332      1488.4219970703
713.163391      1579.5046386719
713.486389      1495.0866699219
713.809326      1466.2067871094
714.132202      1521.7448730469
714.455078      1479.5358886719
714.777893      1470.6497802734
715.100586      1448.4345703125
715.423401      1437.3269042969
715.746094      1532.8525390625
716.068604      1517.3018798828
716.391235      1455.0991210938
716.713745      1499.5296630859
717.036255      1499.5296630859
717.358643      1515.0803222656
717.681030      1519.5234375000
718.003418      1499.5296630859
718.325745      1446.2130126953
718.647888      1506.1942138672
718.970154      1539.5170898438
719.292297      1575.0615234375
719.614380      1497.3081054688
719.936401      1506.1942138672
720.258423      1472.8713378906
720.580383      1508.4157714844
720.902283      1539.5170898438
721.224182      1512.8587646484
721.545959      1563.9538574219
721.867737      1543.9602050781
722.189453      1452.8776855469
722.511169      1523.9664306641
722.832764      1463.9852294922
723.154419      1546.1816406250
723.475952      1497.3081054688
723.797424      1417.3332519531
724.118896      1535.0740966797
724.440247      1521.7448730469
724.761597      1459.5422363281
725.082886      1506.1942138672
725.404175      1497.3081054688
725.725342      1521.7448730469
726.046509      1466.2067871094
726.367615      1537.2956542969
726.688721      1517.3018798828
727.009644      1515.0803222656
727.330688      1483.9790039063
727.651611      1488.4219970703
727.972473      1497.3081054688
728.293274      1515.0803222656
728.614075      1517.3018798828
728.934814      1510.6373291016
729.255493      1537.2956542969
729.576172      1466.2067871094
729.896729      1477.3144531250
730.217285      1437.3269042969
730.537720      1535.0740966797
730.858215      1492.8651123047
731.178650      1526.1879882813
731.498962      1426.2193603516
731.819214      1523.9664306641
732.139526      1461.7637939453
732.459778      1521.7448730469
732.779846      1526.1879882813
733.100037      1499.5296630859
733.420105      1499.5296630859
733.740112      1555.0677490234
734.060059      1519.5234375000
734.380066      1483.9790039063
734.699890      1517.3018798828
735.019775      1501.7512207031
735.339478      1457.3206787109
735.659241      1488.4219970703
735.978943      1503.9726562500
736.298584      1488.4219970703
736.618164      1495.0866699219
736.937744      1523.9664306641
737.257263      1428.4407958984
737.576599      1441.7700195313
737.896057      1441.7700195313
738.215393      1490.6435546875
738.534729      1510.6373291016
738.853943      1588.3906250000
739.173157      1517.3018798828
739.492371      1443.9915771484
739.811523      1470.6497802734
740.130493      1479.5358886719
740.449524      1501.7512207031
740.768555      1495.0866699219
741.087463      1495.0866699219
741.406311      1588.3906250000
741.725159      1530.6309814453
742.043945      1488.4219970703
742.362610      1543.9602050781
742.681396      1583.9476318359
743.000061      1448.4345703125
743.318604      1450.6561279297
743.637146      1570.6185302734
743.955627      1499.5296630859
744.274109      1492.8651123047
744.592407      1572.8399658203
744.910828      1508.4157714844
745.229126      1512.8587646484
745.547424      1461.7637939453
745.865540      1506.1942138672
746.183777      1435.1054687500
746.501892      1512.8587646484
746.819946      1523.9664306641
747.137939      1457.3206787109
747.455872      1472.8713378906
747.773865      1550.6247558594
748.091736      1506.1942138672
748.409485      1512.8587646484
748.727295      1506.1942138672
749.045044      1548.4031982422
749.362671      1486.2005615234
749.680298      1452.8776855469
749.997925      1503.9726562500
750.315491      1477.3144531250
750.632874      1472.8713378906
750.950378      1457.3206787109
751.267822      1499.5296630859
751.585083      1543.9602050781
751.902405      1572.8399658203
752.219666      1515.0803222656
752.536865      1466.2067871094
752.854004      1495.0866699219
753.171082      1541.7386474609
753.488159      1512.8587646484
753.805176      1526.1879882813
754.122070      1497.3081054688
754.439026      1530.6309814453
754.755920      1432.8839111328
755.072693      1508.4157714844
755.389465      1523.9664306641
755.706177      1461.7637939453
756.022888      1439.5484619141
756.339478      1523.9664306641
756.656006      1517.3018798828
756.972595      1515.0803222656
757.289063      1521.7448730469
757.605408      1477.3144531250
757.921814      1532.8525390625
758.238159      1479.5358886719
758.554443      1468.4283447266
758.870667      1539.5170898438
759.186890      1521.7448730469
759.503052      1512.8587646484
759.819092      1470.6497802734
760.135132      1483.9790039063
760.451172      1508.4157714844
760.767029      1486.2005615234
761.082947      1432.8839111328
761.398804      1539.5170898438
761.714600      1532.8525390625
762.030396      1497.3081054688
762.346008      1468.4283447266
762.661682      1463.9852294922
762.977295      1495.0866699219
763.292908      1497.3081054688
763.608337      1537.2956542969
763.923828      1421.7762451172
764.239258      1515.0803222656
764.554626      1557.2893066406
764.869873      1521.7448730469
765.185181      1535.0740966797
765.500427      1492.8651123047
765.815491      1515.0803222656
766.130615      1526.1879882813
766.445740      1488.4219970703
766.760803      1483.9790039063
767.075745      1490.6435546875
767.390686      1581.7260742188
767.705566      1501.7512207031
768.020386      1501.7512207031
768.335144      1508.4157714844
768.649902      1528.4095458984
768.964539      1490.6435546875
769.279175      1426.2193603516
769.593750      1566.1754150391
769.908264      1528.4095458984
770.222839      1472.8713378906
770.537170      1497.3081054688
770.851624      1510.6373291016
771.165955      1470.6497802734
771.480286      1470.6497802734
771.794495      1503.9726562500
772.108704      1523.9664306641
772.422852      1497.3081054688
772.736938      1543.9602050781
773.050964      1508.4157714844
773.364990      1521.7448730469
773.678894      1546.1816406250
773.992798      1495.0866699219
774.306641      1459.5422363281
774.620422      1475.0928955078
774.934204      1503.9726562500
775.247864      1443.9915771484
775.561584      1557.2893066406
775.875183      1546.1816406250
776.188721      1528.4095458984
776.502197      1499.5296630859
776.815735      1517.3018798828
777.129150      1495.0866699219
777.442444      1432.8839111328
777.755737      1541.7386474609
778.069092      1539.5170898438
778.382324      1508.4157714844
778.695435      1517.3018798828
779.008545      1441.7700195313
779.321594      1486.2005615234
779.634644      1410.6687011719
779.947571      1455.0991210938
780.260498      1517.3018798828
780.573364      1492.8651123047
780.886169      1455.0991210938
781.198975      1517.3018798828
781.511719      1470.6497802734
781.824402      1472.8713378906
782.136963      1497.3081054688
782.449585      1566.1754150391
782.762146      1497.3081054688
783.074646      1503.9726562500
783.387024      1441.7700195313
783.699402      1510.6373291016
784.011719      1495.0866699219
784.324097      1486.2005615234
784.636230      1532.8525390625
784.948425      1519.5234375000
785.260620      1499.5296630859
785.572632      1532.8525390625
785.884644      1559.5108642578
786.196655      1512.8587646484
786.508667      1479.5358886719
786.820496      1512.8587646484
787.132324      1399.5610351563
787.444153      1461.7637939453
787.755859      1495.0866699219
788.067566      1535.0740966797
788.379211      1503.9726562500
788.690796      1495.0866699219
789.002319      1452.8776855469
789.313782      1557.2893066406
789.625305      1452.8776855469
789.936707      1475.0928955078
790.247986      1426.2193603516
790.559326      1446.2130126953
790.870605      1457.3206787109
791.181763      1555.0677490234
791.492920      1599.4982910156
791.803955      1579.5046386719
792.115051      1523.9664306641
792.426086      1488.4219970703
792.737000      1532.8525390625
793.047913      1472.8713378906
793.358765      1528.4095458984
793.669495      1543.9602050781
793.980347      1488.4219970703
794.291016      1479.5358886719
794.601685      1519.5234375000
794.912292      1539.5170898438
795.222778      1501.7512207031
795.533325      1415.1116943359
795.843811      1503.9726562500
796.154175      1501.7512207031
796.464539      1457.3206787109
796.774902      1463.9852294922
797.085022      1455.0991210938
797.395325      1488.4219970703
797.705505      1443.9915771484
798.015625      1541.7386474609
798.325623      1519.5234375000
798.635620      1526.1879882813
798.945618      1590.6121826172
799.255554      1515.0803222656
799.565369      1555.0677490234
799.875183      1419.5548095703
800.184998      1443.9915771484
800.494690      1457.3206787109
800.804321      1457.3206787109
801.113953      1472.8713378906
801.423462      1539.5170898438
801.732910      1479.5358886719
802.042419      1497.3081054688
802.351868      1519.5234375000
802.661255      1466.2067871094
802.970520      1401.7825927734
803.279785      1510.6373291016
803.588989      1497.3081054688
803.898193      1510.6373291016
804.207275      1483.9790039063
804.516357      1583.9476318359
804.825378      1623.9350585938
805.134277      1519.5234375000
805.443176      1512.8587646484
805.752136      1501.7512207031
806.060974      1486.2005615234
806.369629      1448.4345703125
806.678406      1515.0803222656
806.987061      1495.0866699219
807.295715      1506.1942138672
807.604187      1490.6435546875
807.912720      1532.8525390625
808.221191      1517.3018798828
808.529663      1488.4219970703
808.837952      1508.4157714844
809.146301      1475.0928955078
809.454590      1523.9664306641
809.762756      1481.7574462891
810.070923      1526.1879882813
810.379028      1448.4345703125
810.687073      1539.5170898438
810.995117      1523.9664306641
811.303040      1479.5358886719
811.611023      1541.7386474609
811.918884      1435.1054687500
812.226624      1501.7512207031
812.534424      1499.5296630859
812.842163      1470.6497802734
813.149719      1508.4157714844
813.457397      1472.8713378906
813.764954      1448.4345703125
814.072510      1579.5046386719
814.379883      1559.5108642578
814.687378      1472.8713378906
814.994690      1519.5234375000
815.302063      1499.5296630859
815.609314      1477.3144531250
815.916504      1512.8587646484
816.223694      1497.3081054688
816.530762      1495.0866699219
816.837830      1439.5484619141
817.144836      1506.1942138672
817.451843      1570.6185302734
817.758667      1566.1754150391
818.065552      1450.6561279297
818.372375      1512.8587646484
818.679138      1443.9915771484
818.985779      1541.7386474609
819.292480      1528.4095458984
819.599121      1521.7448730469
819.905701      1499.5296630859
820.212158      1559.5108642578
820.518616      1535.0740966797
820.825012      1566.1754150391
821.131348      1423.9978027344
821.437683      1497.3081054688
821.743896      1512.8587646484
822.050110      1470.6497802734
822.356262      1463.9852294922
822.662415      1561.7324218750
822.968445      1521.7448730469
823.274475      1512.8587646484
823.580322      1515.0803222656
823.886292      1528.4095458984
824.192200      1486.2005615234
824.497864      1490.6435546875
824.803711      1492.8651123047
825.109375      1508.4157714844
825.415039      1426.2193603516
825.720581      1459.5422363281
826.026184      1470.6497802734
826.331665      1479.5358886719
826.637146      1501.7512207031
826.942444      1488.4219970703
827.247803      1510.6373291016
827.553162      1555.0677490234
827.858398      1488.4219970703
828.163574      1523.9664306641
828.468750      1475.0928955078
828.773804      1535.0740966797
829.078796      1541.7386474609
829.383850      1519.5234375000
829.688782      1501.7512207031
829.993713      1526.1879882813
830.298462      1519.5234375000
830.603271      1468.4283447266
830.908020      1499.5296630859
831.212708      1477.3144531250
831.517273      1555.0677490234
831.821960      1423.9978027344
832.126465      1466.2067871094
832.430908      1521.7448730469
832.735352      1466.2067871094
833.039734      1495.0866699219
833.344116      1481.7574462891
833.648315      1495.0866699219
833.952576      1490.6435546875
834.256714      1519.5234375000
834.560913      1499.5296630859
834.864929      1501.7512207031
835.169006      1483.9790039063
835.472961      1499.5296630859
835.776917      1472.8713378906
836.080750      1532.8525390625
836.384583      1521.7448730469
836.688354      1472.8713378906
836.992004      1466.2067871094
837.295654      1421.7762451172
837.599365      1483.9790039063
837.902893      1561.7324218750
838.206360      1535.0740966797
838.509827      1575.0615234375
838.813293      1543.9602050781
839.116699      1488.4219970703
839.419922      1479.5358886719
839.723206      1501.7512207031
840.026428      1541.7386474609
840.329590      1546.1816406250
840.632690      1508.4157714844
840.935730      1515.0803222656
841.238708      1481.7574462891
841.541626      1515.0803222656
841.844543      1526.1879882813
842.147461      1488.4219970703
842.450256      1452.8776855469
842.752930      1519.5234375000
843.055664      1528.4095458984
843.358337      1526.1879882813
843.660889      1486.2005615234
843.963440      1508.4157714844
844.265930      1583.9476318359
844.568420      1450.6561279297
844.870728      1503.9726562500
845.173096      1561.7324218750
845.475403      1495.0866699219
845.777649      1515.0803222656
846.079834      1486.2005615234
846.381958      1555.0677490234
846.684021      1503.9726562500
846.986145      1515.0803222656
847.288025      1512.8587646484
847.589966      1452.8776855469
847.891846      1566.1754150391
848.193665      1432.8839111328
848.495483      1468.4283447266
848.797180      1546.1816406250
849.098877      1528.4095458984
849.400452      1515.0803222656
849.702026      1450.6561279297
850.003540      1497.3081054688
850.304993      1546.1816406250
850.606445      1519.5234375000
850.907776      1537.2956542969
851.209106      1475.0928955078
851.510315      1519.5234375000
851.811584      1555.0677490234
852.112671      1486.2005615234
852.413879      1539.5170898438
852.714844      1430.6623535156
853.015869      1519.5234375000
853.316833      1561.7324218750
853.617737      1546.1816406250
853.918579      1517.3018798828
854.219360      1523.9664306641
854.520142      1503.9726562500
854.820862      1541.7386474609
855.121399      1419.5548095703
855.421997      1501.7512207031
855.722595      1497.3081054688
856.023071      1492.8651123047
856.323486      1492.8651123047
856.623901      1526.1879882813
856.924255      1517.3018798828
857.224487      1461.7637939453
857.524719      1468.4283447266
857.824890      1479.5358886719
858.125000      1503.9726562500
858.425049      1437.3269042969
858.725098      1541.7386474609
859.025085      1523.9664306641
859.325012      1503.9726562500
859.624817      1508.4157714844
859.924683      1475.0928955078
860.224487      1517.3018798828
860.524170      1535.0740966797
860.823792      1479.5358886719
861.123474      1526.1879882813
861.422974      1575.0615234375
861.722412      1503.9726562500
862.021912      1528.4095458984
862.321350      1523.9664306641
862.620728      1468.4283447266
862.919983      1499.5296630859
863.219238      1563.9538574219
863.518433      1490.6435546875
863.817505      1506.1942138672
864.116638      1472.8713378906
864.415710      1552.8463134766
864.714722      1495.0866699219
865.013550      1541.7386474609
865.312439      1457.3206787109
865.611328      1530.6309814453
865.910156      1595.0552978516
866.208801      1526.1879882813
866.507507      1428.4407958984
866.806091      1499.5296630859
867.104614      1526.1879882813
867.403137      1468.4283447266
867.701660      1528.4095458984
868.000061      1472.8713378906
868.298401      1555.0677490234
868.596741      1548.4031982422
868.894958      1535.0740966797
869.193237      1521.7448730469
869.491333      1517.3018798828
869.789429      1475.0928955078
870.087524      1548.4031982422
870.385498      1517.3018798828
870.683411      1523.9664306641
870.981323      1543.9602050781
871.279236      1470.6497802734
871.576965      1523.9664306641
871.874695      1481.7574462891
872.172363      1459.5422363281
872.470032      1475.0928955078
872.767578      1561.7324218750
873.065125      1481.7574462891
873.362549      1510.6373291016
873.660034      1555.0677490234
873.957397      1495.0866699219
874.254700      1559.5108642578
874.552002      1535.0740966797
874.849182      1459.5422363281
875.146362      1521.7448730469
875.443481      1466.2067871094
875.740540      1528.4095458984
876.037476      1557.2893066406
876.334473      1563.9538574219
876.631348      1510.6373291016
876.928223      1479.5358886719
877.224976      1501.7512207031
877.521729      1501.7512207031
877.818420      1557.2893066406
878.115112      1508.4157714844
878.411621      1472.8713378906
878.708191      1488.4219970703
879.004700      1508.4157714844
879.301086      1466.2067871094
879.597473      1495.0866699219
879.893799      1515.0803222656
880.190063      1517.3018798828
880.486267      1523.9664306641
880.782471      1541.7386474609
881.078613      1535.0740966797
881.374695      1443.9915771484
881.670654      1546.1816406250
881.966614      1488.4219970703
882.262573      1508.4157714844
882.558350      1523.9664306641
882.854126      1521.7448730469
883.149902      1488.4219970703
883.445618      1475.0928955078
883.741211      1466.2067871094
884.036865      1530.6309814453
884.332336      1566.1754150391
884.627869      1486.2005615234
884.923218      1521.7448730469
885.218689      1566.1754150391
885.513977      1537.2956542969
885.809265      1546.1816406250
886.104492      1519.5234375000
886.399658      1443.9915771484
886.694763      1450.6561279297
886.989807      1523.9664306641
887.284790      1572.8399658203
887.579773      1479.5358886719
887.874695      1497.3081054688
888.169495      1535.0740966797
888.464355      1463.9852294922
888.759094      1503.9726562500
889.053772      1559.5108642578
889.348389      1475.0928955078
