0.156000
190.096298         0.0000000000
190.479492         0.0000000000
190.862656      1308.4005126953
191.245789      1434.8715820313
191.628876      1393.4810791016
192.011948      1370.4863281250
192.394958      1381.9837646484
192.777939      1460.1658935547
193.160904      1423.3742675781
193.543823      1444.0695800781
193.926697      1402.6789550781
194.309555      1448.6684570313
194.692368      1430.2727050781
195.075150      1416.4758300781
195.457886      1432.5721435547
195.840607      1444.0695800781
196.223282      1444.0695800781
196.605927      1388.8822021484
196.988541      1464.7647705078
197.371094      1432.5721435547
197.753632      1425.6737060547
198.136139      1450.9678955078
198.518600      1421.0748291016
198.901031      1326.7963867188
199.283432      1423.3742675781
199.665802      1432.5721435547
200.048126      1361.2884521484
200.430405      1421.0748291016
200.812668      1379.6842041016
201.194885      1432.5721435547
201.577072      1418.7752685547
201.959244      1372.7858886719
202.341354      1342.8927001953
202.723434      1391.1816406250
203.105499      1342.8927001953
203.487503      1342.8927001953
203.869461      1388.8822021484
204.251434      1329.0958251953
204.633331      1381.9837646484
205.015198      1368.1868896484
205.397049      1352.0905761719
205.778854      1418.7752685547
206.160614      1296.9031982422
206.542343      1384.2832031250
206.924042      1342.8927001953
207.305710      1363.5878906250
207.687332      1404.9785156250
208.068939      1354.3900146484
208.450485      1370.4863281250
208.832016      1379.6842041016
209.213501      1335.9942626953
209.594955      1407.2779541016
209.976379      1338.2937011719
210.357758      1398.0800781250
210.739105      1377.3847656250
211.120422      1363.5878906250
211.501694      1388.8822021484
211.882935      1368.1868896484
212.264145      1393.4810791016
212.645340      1418.7752685547
213.026474      1363.5878906250
213.407562      1404.9785156250
213.788620      1331.3952636719
214.169662      1441.7700195313
214.550659      1381.9837646484
214.931610      1335.9942626953
215.312561      1444.0695800781
215.693451      1393.4810791016
216.074295      1368.1868896484
216.455109      1375.0853271484
216.835922      1388.8822021484
217.216660      1335.9942626953
217.597382      1338.2937011719
217.978058      1342.8927001953
218.358704      1391.1816406250
218.739304      1402.6789550781
219.119888      1306.1010742188
219.500427      1349.7911376953
219.880920      1345.1921386719
220.261414      1386.5826416016
220.641830      1340.5932617188
221.022232      1356.6895751953
221.402603      1446.3690185547
221.782944      1356.6895751953
222.163223      1322.1973876953
222.543488      1365.8874511719
222.923706      1395.7805175781
223.303894      1331.3952636719
223.684036      1411.8768310547
224.064163      1342.8927001953
224.444244      1375.0853271484
224.824295      1319.8979492188
225.204300      1391.1816406250
225.584274      1398.0800781250
225.964203      1414.1763916016
226.344131      1393.4810791016
226.723999      1391.1816406250
227.103806      1363.5878906250
227.483627      1375.0853271484
227.863388      1375.0853271484
228.243118      1340.5932617188
228.622787      1381.9837646484
229.002472      1381.9837646484
229.382080      1292.3041992188
229.761688      1404.9785156250
230.141220      1386.5826416016
230.520721      1391.1816406250
230.900208      1335.9942626953
231.279663      1356.6895751953
231.659073      1347.4915771484
232.038452      1430.2727050781
232.417786      1356.6895751953
232.797073      1395.7805175781
233.176346      1370.4863281250
233.555573      1395.7805175781
233.934784      1338.2937011719
234.313934      1446.3690185547
234.693069      1388.8822021484
235.072144      1370.4863281250
235.451202      1402.6789550781
235.830215      1409.5773925781
236.209213      1372.7858886719
236.588165      1487.7595214844
236.967072      1427.9732666016
237.345947      1402.6789550781
237.724792      1381.9837646484
238.103577      1384.2832031250
238.482361      1290.0047607422
238.861084      1324.4968261719
239.239777      1400.3795166016
239.618454      1356.6895751953
239.997070      1384.2832031250
240.375671      1358.9890136719
240.754211      1400.3795166016
241.132751      1425.6737060547
241.511215      1393.4810791016
241.889694      1368.1868896484
242.268097      1471.6632080078
242.646469      1361.2884521484
243.024811      1368.1868896484
243.403122      1384.2832031250
243.781387      1395.7805175781
244.159622      1421.0748291016
244.537827      1375.0853271484
244.915985      1338.2937011719
245.294113      1421.0748291016
245.672195      1414.1763916016
246.050262      1349.7911376953
246.428268      1375.0853271484
246.806274      1372.7858886719
247.184219      1322.1973876953
247.562119      1381.9837646484
247.940002      1430.2727050781
248.317841      1347.4915771484
248.695648      1361.2884521484
249.073425      1381.9837646484
249.451157      1358.9890136719
249.828842      1356.6895751953
250.206512      1400.3795166016
250.584152      1368.1868896484
250.961731      1432.5721435547
251.339279      1356.6895751953
251.716812      1395.7805175781
252.094299      1400.3795166016
252.471725      1404.9785156250
252.849136      1398.0800781250
253.226517      1356.6895751953
253.603867      1416.4758300781
253.981171      1349.7911376953
254.358429      1395.7805175781
254.735672      1421.0748291016
255.112869      1310.7000732422
255.490021      1377.3847656250
255.867172      1409.5773925781
256.244263      1416.4758300781
256.621307      1393.4810791016
256.998291      1306.1010742188
257.375305      1409.5773925781
257.752228      1414.1763916016
258.129120      1368.1868896484
258.506012      1331.3952636719
258.882843      1404.9785156250
259.259644      1333.6948242188
259.636414      1439.4705810547
260.013123      1340.5932617188
260.389832      1356.6895751953
260.766479      1398.0800781250
261.143127      1407.2779541016
261.519714      1437.1711425781
261.896271      1416.4758300781
262.272736      1404.9785156250
262.649231      1363.5878906250
263.025696      1381.9837646484
263.402100      1377.3847656250
263.778473      1404.9785156250
264.154785      1335.9942626953
264.531097      1421.0748291016
264.907318      1370.4863281250
265.283569      1278.5074462891
265.659760      1375.0853271484
266.035919      1411.8768310547
266.412018      1347.4915771484
266.788086      1358.9890136719
267.164154      1407.2779541016
267.540192      1400.3795166016
267.916107      1347.4915771484
268.292084      1404.9785156250
268.667969      1370.4863281250
269.043793      1377.3847656250
269.419617      1322.1973876953
269.795410      1430.2727050781
270.171204      1368.1868896484
270.546875      1370.4863281250
270.922577      1365.8874511719
271.298248      1437.1711425781
271.673828      1384.2832031250
272.049408      1352.0905761719
272.424927      1407.2779541016
272.800446      1418.7752685547
273.175934      1393.4810791016
273.551361      1324.4968261719
273.926727      1368.1868896484
274.302063      1375.0853271484
274.677399      1349.7911376953
275.052673      1310.7000732422
275.427948      1377.3847656250
275.803131      1322.1973876953
276.178314      1303.8016357422
276.553436      1391.1816406250
276.928558      1421.0748291016
277.303650      1402.6789550781
277.678619      1402.6789550781
278.053650      1349.7911376953
278.428589      1372.7858886719
278.803528      1430.2727050781
279.178375      1384.2832031250
279.553253      1439.4705810547
279.928070      1347.4915771484
280.302826      1434.8715820313
280.677582      1391.1816406250
281.052277      1363.5878906250
281.426941      1315.2989501953
281.801544      1377.3847656250
282.176147      1404.9785156250
282.550720      1411.8768310547
282.925232      1395.7805175781
283.299683      1381.9837646484
283.674133      1361.2884521484
284.048553      1437.1711425781
284.422974      1329.0958251953
284.797241      1377.3847656250
285.171600      1386.5826416016
285.545837      1345.1921386719
285.920074      1379.6842041016
286.294250      1448.6684570313
286.668396      1377.3847656250
287.042511      1312.9995117188
287.416626      1372.7858886719
287.790649      1363.5878906250
288.164673      1370.4863281250
288.538635      1398.0800781250
288.912567      1301.5021972656
289.286438      1402.6789550781
289.660309      1363.5878906250
290.034149      1372.7858886719
290.407959      1361.2884521484
290.781677      1349.7911376953
291.155396      1312.9995117188
291.529083      1384.2832031250
291.902710      1365.8874511719
292.276337      1372.7858886719
292.649902      1395.7805175781
293.023407      1379.6842041016
293.396912      1352.0905761719
293.770386      1388.8822021484
294.143829      1368.1868896484
294.517181      1439.4705810547
294.890533      1372.7858886719
295.263824      1448.6684570313
295.637115      1386.5826416016
296.010345      1370.4863281250
296.383545      1368.1868896484
296.756744      1448.6684570313
297.129852      1372.7858886719
297.502960      1361.2884521484
297.875977      1427.9732666016
298.248993      1381.9837646484
298.621979      1329.0958251953
298.994934      1312.9995117188
299.367859      1393.4810791016
299.740723      1404.9785156250
300.113556      1402.6789550781
300.486359      1379.6842041016
300.859100      1393.4810791016
301.231842      1368.1868896484
301.604492      1361.2884521484
301.977173      1414.1763916016
302.349792      1402.6789550781
302.722351      1342.8927001953
303.094910      1404.9785156250
303.467377      1326.7963867188
303.839874      1423.3742675781
304.212311      1377.3847656250
304.584717      1391.1816406250
304.957062      1349.7911376953
305.329376      1365.8874511719
305.701630      1446.3690185547
306.073853      1414.1763916016
306.446106      1450.9678955078
306.818268      1425.6737060547
307.190399      1356.6895751953
307.562500      1423.3742675781
307.934540      1386.5826416016
308.306610      1414.1763916016
308.678558      1460.1658935547
309.050507      1499.2568359375
309.422424      1398.0800781250
309.794281      1358.9890136719
310.166138      1402.6789550781
310.537933      1471.6632080078
310.909729      1434.8715820313
311.281464      1453.2674560547
311.653107      1342.8927001953
312.024780      1333.6948242188
312.396393      1402.6789550781
312.767975      1386.5826416016
313.139496      1402.6789550781
313.511047      1331.3952636719
313.882507      1464.7647705078
314.253906      1377.3847656250
314.625305      1354.3900146484
314.996643      1356.6895751953
315.368011      1345.1921386719
315.739258      1391.1816406250
316.110504      1347.4915771484
316.481720      1315.2989501953
316.852905      1441.7700195313
317.223999      1391.1816406250
317.595123      1345.1921386719
317.966187      1398.0800781250
318.337189      1388.8822021484
318.708191      1434.8715820313
319.079163      1372.7858886719
319.450073      1416.4758300781
319.820923      1333.6948242188
320.191742      1411.8768310547
320.562561      1409.5773925781
320.933319      1377.3847656250
321.304047      1377.3847656250
321.674744      1400.3795166016
322.045380      1457.8663330078
322.416016      1377.3847656250
322.786560      1391.1816406250
323.157135      1391.1816406250
323.527618      1386.5826416016
323.898071      1368.1868896484
324.268494      1368.1868896484
324.638885      1352.0905761719
325.009277      1365.8874511719
325.379578      1349.7911376953
325.749847      1354.3900146484
326.120117      1391.1816406250
326.490295      1370.4863281250
326.860443      1402.6789550781
327.230591      1317.5985107422
327.600708      1363.5878906250
327.970703      1421.0748291016
328.340759      1356.6895751953
328.710724      1319.8979492188
329.080688      1418.7752685547
329.450592      1354.3900146484
329.820435      1430.2727050781
330.190277      1375.0853271484
330.560089      1370.4863281250
330.929810      1372.7858886719
331.299561      1409.5773925781
331.669220      1402.6789550781
332.038879      1400.3795166016
332.408447      1345.1921386719
332.778046      1317.5985107422
333.147583      1379.6842041016
333.517059      1338.2937011719
333.886505      1379.6842041016
334.255951      1423.3742675781
334.625336      1377.3847656250
334.994629      1402.6789550781
335.363983      1326.7963867188
335.733246      1379.6842041016
336.102478      1375.0853271484
336.471680      1402.6789550781
336.840820      1386.5826416016
337.209961      1416.4758300781
337.578979      1368.1868896484
337.948059      1388.8822021484
338.317078      1388.8822021484
338.686035      1347.4915771484
339.054962      1446.3690185547
339.423859      1400.3795166016
339.792725      1402.6789550781
340.161560      1361.2884521484
340.530334      1352.0905761719
340.899078      1388.8822021484
341.267761      1347.4915771484
341.636444      1430.2727050781
342.005066      1375.0853271484
342.373657      1418.7752685547
342.742218      1354.3900146484
343.110718      1437.1711425781
343.479218      1368.1868896484
343.847626      1441.7700195313
344.216064      1409.5773925781
344.584412      1335.9942626953
344.952759      1407.2779541016
345.321045      1372.7858886719
345.689270      1402.6789550781
346.057526      1386.5826416016
346.425659      1372.7858886719
346.793854      1347.4915771484
347.161957      1398.0800781250
347.529999      1402.6789550781
347.898041      1432.5721435547
348.266022      1358.9890136719
348.634003      1368.1868896484
349.001892      1411.8768310547
349.369781      1381.9837646484
349.737610      1358.9890136719
350.105408      1434.8715820313
350.473145      1352.0905761719
350.840912      1349.7911376953
351.208618      1377.3847656250
351.576233      1379.6842041016
351.943878      1379.6842041016
352.311401      1411.8768310547
352.678955      1345.1921386719
353.046478      1370.4863281250
353.413910      1377.3847656250
353.781372      1402.6789550781
354.148743      1450.9678955078
354.516083      1409.5773925781
354.883392      1377.3847656250
355.250641      1370.4863281250
355.617920      1358.9890136719
355.985077      1393.4810791016
356.352234      1356.6895751953
356.719360      1411.8768310547
357.086426      1363.5878906250
357.453491      1358.9890136719
357.820496      1384.2832031250
358.187469      1388.8822021484
358.554382      1423.3742675781
358.921295      1416.4758300781
359.288147      1333.6948242188
359.654968      1455.5668945313
360.021759      1352.0905761719
360.388489      1356.6895751953
360.755188      1425.6737060547
361.121826      1352.0905761719
361.488464      1326.7963867188
361.855072      1384.2832031250
362.221588      1404.9785156250
362.588135      1342.8927001953
362.954590      1393.4810791016
363.321075      1418.7752685547
363.687439      1391.1816406250
364.053802      1370.4863281250
364.420135      1290.0047607422
364.786407      1375.0853271484
365.152679      1381.9837646484
365.518860      1342.8927001953
365.885040      1358.9890136719
366.251190      1398.0800781250
366.617249      1430.2727050781
366.983337      1379.6842041016
367.349335      1255.5126953125
367.715332      1352.0905761719
368.081207      1354.3900146484
368.447174      1388.8822021484
368.813019      1414.1763916016
369.178833      1460.1658935547
369.544678      1377.3847656250
369.910400      1319.8979492188
370.276123      1457.8663330078
370.641785      1333.6948242188
371.007446      1418.7752685547
371.373016      1402.6789550781
371.738586      1347.4915771484
372.104126      1379.6842041016
372.469574      1301.5021972656
372.835022      1342.8927001953
373.200439      1356.6895751953
373.565796      1329.0958251953
373.931122      1372.7858886719
374.296417      1377.3847656250
374.661713      1381.9837646484
375.026886      1377.3847656250
375.392090      1414.1763916016
375.757202      1414.1763916016
376.122314      1347.4915771484
376.487396      1464.7647705078
376.852386      1356.6895751953
377.217407      1324.4968261719
377.582336      1455.5668945313
377.947235      1418.7752685547
378.312103      1393.4810791016
378.676941      1478.5616455078
379.041779      1354.3900146484
379.406494      1365.8874511719
379.771240      1416.4758300781
380.135925      1372.7858886719
380.500549      1439.4705810547
380.865143      1450.9678955078
381.229706      1349.7911376953
381.594269      1356.6895751953
381.958679      1317.5985107422
382.323181      1379.6842041016
382.687561      1381.9837646484
383.051971      1345.1921386719
383.416321      1324.4968261719
383.780579      1402.6789550781
384.144867      1395.7805175781
384.509033      1398.0800781250
384.873260      1377.3847656250
385.237366      1317.5985107422
385.601501      1352.0905761719
385.965576      1386.5826416016
386.329559      1393.4810791016
386.693573      1432.5721435547
387.057526      1363.5878906250
387.421417      1365.8874511719
387.785309      1363.5878906250
388.149109      1331.3952636719
388.512970      1377.3847656250
388.876678      1372.7858886719
389.240417      1370.4863281250
389.604065      1388.8822021484
389.967712      1423.3742675781
390.331360      1310.7000732422
390.694885      1358.9890136719
391.058411      1363.5878906250
391.421906      1384.2832031250
391.785370      1354.3900146484
392.148743      1335.9942626953
392.512115      1402.6789550781
392.875488      1347.4915771484
393.238739      1370.4863281250
393.602051      1365.8874511719
393.965240      1354.3900146484
394.328430      1414.1763916016
394.691559      1430.2727050781
395.054657      1407.2779541016
395.417725      1372.7858886719
395.780731      1333.6948242188
396.143738      1434.8715820313
396.506653      1352.0905761719
396.869568      1358.9890136719
397.232422      1306.1010742188
397.595245      1414.1763916016
397.958069      1368.1868896484
398.320770      1375.0853271484
398.683533      1388.8822021484
399.046204      1329.0958251953
399.408813      1414.1763916016
399.771454      1379.6842041016
400.133972      1416.4758300781
400.496521      1379.6842041016
400.859009      1400.3795166016
401.221436      1423.3742675781
401.583832      1393.4810791016
401.946198      1329.0958251953
402.308563      1386.5826416016
402.670807      1409.5773925781
403.033051      1377.3847656250
403.395294      1377.3847656250
403.757416      1375.0853271484
404.119568      1381.9837646484
404.481659      1395.7805175781
404.843719      1368.1868896484
405.205719      1384.2832031250
405.567719      1409.5773925781
405.929657      1395.7805175781
406.291534      1388.8822021484
406.653442      1395.7805175781
407.015228      1290.0047607422
407.377014      1386.5826416016
407.738739      1379.6842041016
408.100464      1384.2832031250
408.462128      1363.5878906250
408.823730      1329.0958251953
409.185364      1292.3041992188
409.546875      1354.3900146484
409.908386      1388.8822021484
410.269867      1393.4810791016
410.631287      1395.7805175781
410.992676      1365.8874511719
411.354034      1361.2884521484
411.715363      1310.7000732422
412.076630      1379.6842041016
412.437866      1329.0958251953
412.799072      1301.5021972656
413.160217      1432.5721435547
413.521362      1407.2779541016
413.882416      1306.1010742188
414.243469      1398.0800781250
414.604462      1370.4863281250
414.965424      1393.4810791016
415.326355      1398.0800781250
415.687225      1404.9785156250
416.048096      1416.4758300781
416.408875      1333.6948242188
416.769653      1444.0695800781
417.130402      1386.5826416016
417.491058      1368.1868896484
417.851715      1379.6842041016
418.212311      1400.3795166016
418.572906      1377.3847656250
418.933411      1370.4863281250
419.293945      1342.8927001953
419.654388      1416.4758300781
420.014801      1446.3690185547
420.375183      1361.2884521484
420.735504      1312.9995117188
421.095825      1377.3847656250
421.456055      1460.1658935547
421.816315      1283.1063232422
422.176453      1432.5721435547
422.536621      1439.4705810547
422.896729      1411.8768310547
423.256775      1384.2832031250
423.616821      1377.3847656250
423.976807      1342.8927001953
424.336731      1368.1868896484
424.696625      1393.4810791016
425.056488      1398.0800781250
425.416351      1407.2779541016
425.776093      1388.8822021484
426.135864      1407.2779541016
426.495575      1418.7752685547
426.855225      1404.9785156250
427.214874      1381.9837646484
427.574432      1462.4653320313
427.934052      1398.0800781250
428.293518      1381.9837646484
428.653015      1361.2884521484
429.012421      1379.6842041016
429.371826      1391.1816406250
429.731232      1345.1921386719
430.090485      1331.3952636719
430.449799      1352.0905761719
430.808990      1335.9942626953
431.168213      1404.9785156250
431.527374      1404.9785156250
431.886475      1402.6789550781
432.245605      1356.6895751953
432.604584      1384.2832031250
432.963623      1437.1711425781
433.322571      1372.7858886719
433.681488      1342.8927001953
434.040344      1421.0748291016
434.399200      1322.1973876953
434.758026      1455.5668945313
435.116760      1432.5721435547
435.475494      1363.5878906250
435.834198      1365.8874511719
436.192841      1416.4758300781
436.551453      1423.3742675781
436.910004      1322.1973876953
437.268555      1393.4810791016
437.627014      1427.9732666016
437.985474      1407.2779541016
438.343903      1400.3795166016
438.702240      1441.7700195313
439.060577      1372.7858886719
439.418854      1363.5878906250
439.777130      1342.8927001953
440.135315      1407.2779541016
440.493500      1393.4810791016
440.851654      1365.8874511719
441.209717      1418.7752685547
441.567810      1381.9837646484
441.925781      1427.9732666016
442.283783      1356.6895751953
442.641663      1398.0800781250
442.999573      1349.7911376953
443.357483      1377.3847656250
443.715240      1358.9890136719
444.073029      1398.0800781250
444.430725      1425.6737060547
444.788452      1358.9890136719
445.146149      1418.7752685547
445.503723      1375.0853271484
445.861359      1345.1921386719
446.218842      1400.3795166016
446.576355      1324.4968261719
446.933777      1379.6842041016
447.291199      1324.4968261719
447.648621      1439.4705810547
448.005920      1395.7805175781
448.363251      1306.1010742188
448.720459      1352.0905761719
449.077728      1368.1868896484
449.434875      1402.6789550781
449.792023      1335.9942626953
450.149170      1388.8822021484
450.506195      1404.9785156250
450.863220      1356.6895751953
451.220184      1421.0748291016
451.577118      1395.7805175781
451.933990      1375.0853271484
452.290894      1395.7805175781
452.647736      1333.6948242188
453.004456      1370.4863281250
453.361237      1407.2779541016
453.717926      1358.9890136719
454.074585      1345.1921386719
454.431244      1414.1763916016
454.787811      1377.3847656250
455.144379      1365.8874511719
455.500824      1363.5878906250
455.857300      1338.2937011719
456.213715      1388.8822021484
456.570099      1414.1763916016
456.926483      1329.0958251953
457.282745      1414.1763916016
457.639038      1384.2832031250
457.995209      1280.8068847656
458.351440      1437.1711425781
458.707550      1400.3795166016
459.063660      1368.1868896484
459.419769      1361.2884521484
459.775757      1404.9785156250
460.131744      1391.1816406250
460.487671      1333.6948242188
460.843597      1319.8979492188
461.199493      1326.7963867188
461.555267      1338.2937011719
461.911072      1455.5668945313
462.266785      1333.6948242188
462.622498      1416.4758300781
462.978119      1347.4915771484
463.333771      1324.4968261719
463.689392      1352.0905761719
464.044891      1324.4968261719
464.400421      1329.0958251953
464.755859      1368.1868896484
465.111298      1434.8715820313
465.466675      1333.6948242188
465.821991      1361.2884521484
466.177338      1329.0958251953
466.532562      1349.7911376953
466.887817      1276.2078857422
467.242981      1384.2832031250
467.598114      1386.5826416016
467.953247      1386.5826416016
468.308289      1338.2937011719
468.663330      1384.2832031250
469.018280      1354.3900146484
469.373230      1356.6895751953
469.728119      1347.4915771484
470.082977      1368.1868896484
470.437836      1333.6948242188
470.792572      1368.1868896484
471.147339      1400.3795166016
471.502014      1434.8715820313
471.856720      1402.6789550781
472.211273      1395.7805175781
472.565918      1421.0748291016
472.920471      1381.9837646484
473.274933      1354.3900146484
473.629395      1416.4758300781
473.983795      1388.8822021484
474.338165      1335.9942626953
474.692505      1409.5773925781
475.046814      1365.8874511719
475.401123      1363.5878906250
475.755280      1388.8822021484
476.109497      1425.6737060547
476.463593      1409.5773925781
476.817688      1901.6647949219
477.171783      1416.4758300781
477.525757      1393.4810791016
477.879761      1363.5878906250
478.233673      1368.1868896484
478.587585      1347.4915771484
478.941406      1365.8874511719
479.295258      1395.7805175781
479.649048      1391.1816406250
480.002747      1430.2727050781
480.356445      1331.3952636719
480.710052      1335.9942626953
481.063690      1377.3847656250
481.417236      1421.0748291016
481.770782      1306.1010742188
482.124329      1377.3847656250
482.477722      1395.7805175781
482.831177      1345.1921386719
483.184509      1363.5878906250
483.537842      1478.5616455078
483.891144      1338.2937011719
484.244385      1388.8822021484
484.597626      1393.4810791016
484.950714      1381.9837646484
485.303894      1349.7911376953
485.656921      1345.1921386719
486.010010      1356.6895751953
486.363068      1416.4758300781
486.715973      1393.4810791016
487.068909      1395.7805175781
487.421783      1363.5878906250
487.774628      1358.9890136719
488.127411      1395.7805175781
488.480194      1388.8822021484
488.832947      1393.4810791016
489.185577      1448.6684570313
489.538239      1423.3742675781
489.890839      1375.0853271484
490.243378      1418.7752685547
490.595917      1352.0905761719
490.948395      1379.6842041016
491.300842      1370.4863281250
491.653198      1416.4758300781
492.005585      1329.0958251953
492.357880      1342.8927001953
492.710144      1407.2779541016
493.062439      1370.4863281250
493.414581      1375.0853271484
493.766754      1381.9837646484
494.118835      1402.6789550781
494.470917      1370.4863281250
494.822937      1386.5826416016
495.174927      1416.4758300781
495.526917      1398.0800781250
495.878784      1391.1816406250
496.230682      1331.3952636719
496.582489      1391.1816406250
496.934296      1386.5826416016
497.285980      1345.1921386719
497.637695      1381.9837646484
497.989410      1349.7911376953
498.340973      1352.0905761719
498.692596      1363.5878906250
499.044128      1388.8822021484
499.395630      1398.0800781250
499.747101      1352.0905761719
500.098480      1308.4005126953
500.449921      1329.0958251953
500.801208      1347.4915771484
501.152527      1363.5878906250
501.503754      1432.5721435547
501.854980      1315.2989501953
502.206177      1370.4863281250
502.557281      1345.1921386719
502.908386      1384.2832031250
503.259430      1384.2832031250
503.610443      1402.6789550781
503.961365      1439.4705810547
504.312317      1409.5773925781
504.663239      1347.4915771484
505.014069      1402.6789550781
505.364899      1395.7805175781
505.715607      1363.5878906250
506.066376      1414.1763916016
506.417084      1379.6842041016
506.767670      1333.6948242188
507.118317      1430.2727050781
507.468842      1368.1868896484
507.819397      1361.2884521484
508.169830      1358.9890136719
508.520294      1462.4653320313
508.870697      1368.1868896484
509.221039      1381.9837646484
509.571381      1319.8979492188
509.921631      1398.0800781250
510.271851      1299.2026367188
510.622009      1409.5773925781
510.972198      1381.9837646484
511.322327      1352.0905761719
511.672394      1361.2884521484
512.022461      1363.5878906250
512.372375      1352.0905761719
512.722351      1375.0853271484
513.072266      1388.8822021484
513.422058      1356.6895751953
513.771912      1368.1868896484
514.121704      1347.4915771484
514.471436      1329.0958251953
514.821167      1391.1816406250
515.170776      1457.8663330078
515.520447      1379.6842041016
515.869995      1418.7752685547
516.219543      1363.5878906250
516.569031      1375.0853271484
516.918518      1368.1868896484
517.267822      1365.8874511719
517.617249      1370.4863281250
517.966614      1352.0905761719
518.315796      1375.0853271484
518.665161      1377.3847656250
519.014282      1370.4863281250
519.363464      1354.3900146484
519.712585      1340.5932617188
520.061646      1402.6789550781
520.410706      1395.7805175781
520.759705      1361.2884521484
521.108704      1407.2779541016
521.457520      1377.3847656250
521.806458      1381.9837646484
522.155334      1425.6737060547
522.504089      1427.9732666016
522.852844      1386.5826416016
523.201538      1372.7858886719
523.550232      1319.8979492188
523.898804      1368.1868896484
524.247437      1326.7963867188
524.596008      1365.8874511719
524.944458      1361.2884521484
525.292969      1322.1973876953
525.641357      1368.1868896484
525.989746      1358.9890136719
526.338074      1404.9785156250
526.686401      1409.5773925781
527.034607      1375.0853271484
527.382813      1384.2832031250
527.731018      1381.9837646484
528.079102      1439.4705810547
528.427246      1370.4863281250
528.775330      1384.2832031250
529.123291      1430.2727050781
529.471252      1379.6842041016
529.819153      1370.4863281250
530.167053      1375.0853271484
530.514832      1375.0853271484
530.862732      1404.9785156250
531.210510      1395.7805175781
531.558167      1372.7858886719
531.905884      1329.0958251953
532.253479      1388.8822021484
532.601074      1331.3952636719
532.948608      1388.8822021484
533.296143      1372.7858886719
533.643616      1358.9890136719
533.991028      1460.1658935547
534.338379      1365.8874511719
534.685730      1317.5985107422
535.033081      1393.4810791016
535.380371      1352.0905761719
535.727478      1381.9837646484
536.074707      1377.3847656250
536.421875      1400.3795166016
536.768921      1354.3900146484
537.115967      1315.2989501953
537.463013      1340.5932617188
537.809998      1375.0853271484
538.156860      1432.5721435547
538.503784      1430.2727050781
538.850647      1352.0905761719
539.197449      1361.2884521484
539.544189      1416.4758300781
539.890930      1421.0748291016
540.237610      1375.0853271484
540.584229      1384.2832031250
540.930847      1372.7858886719
541.277344      1331.3952636719
541.623901      1317.5985107422
541.970337      1333.6948242188
542.316772      1319.8979492188
542.663208      1338.2937011719
543.009521      1333.6948242188
543.355835      1395.7805175781
543.702026      1379.6842041016
544.048279      1333.6948242188
544.394470      1269.3095703125
544.740601      1319.8979492188
545.086731      1391.1816406250
545.432739      1381.9837646484
545.778809      1326.7963867188
546.124695      1400.3795166016
546.470703      1398.0800781250
546.816589      1296.9031982422
547.162415      1395.7805175781
547.508240      1358.9890136719
547.853943      1372.7858886719
548.199646      1363.5878906250
548.545349      1322.1973876953
548.890930      1347.4915771484
549.236633      1448.6684570313
549.582092      1395.7805175781
549.927673      1388.8822021484
550.273071      1388.8822021484
550.618530      1395.7805175781
550.963928      1398.0800781250
551.309204      1322.1973876953
551.654602      1349.7911376953
551.999756      1411.8768310547
552.345093      1342.8927001953
552.690186      1370.4863281250
553.035339      1388.8822021484
553.380493      1335.9942626953
553.725464      1439.4705810547
554.070496      1354.3900146484
554.415405      1365.8874511719
554.760376      1384.2832031250
555.105225      1421.0748291016
555.450073      1349.7911376953
555.794922      1326.7963867188
556.139648      1354.3900146484
556.484375      1317.5985107422
556.828979      1391.1816406250
557.173645      1423.3742675781
557.518311      1404.9785156250
557.862793      1299.2026367188
558.207275      1400.3795166016
558.551697      1400.3795166016
558.896118      1402.6789550781
559.240479      1407.2779541016
559.584839      1437.1711425781
559.929199      1404.9785156250
560.273376      1377.3847656250
560.617676      1372.7858886719
560.961792      1411.8768310547
561.305908      1398.0800781250
561.649963      1402.6789550781
561.994019      1368.1868896484
562.338074      1361.2884521484
562.682007      1368.1868896484
563.025879      1400.3795166016
563.369751      1322.1973876953
563.713623      1425.6737060547
564.057373      1342.8927001953
564.401123      1370.4863281250
564.744873      1402.6789550781
565.088501      1342.8927001953
565.432129      1381.9837646484
565.775635      1386.5826416016
566.119263      1439.4705810547
566.462769      1391.1816406250
566.806152      1402.6789550781
567.149597      1365.8874511719
567.492920      1393.4810791016
567.836243      1329.0958251953
568.179504      1446.3690185547
568.522827      1354.3900146484
568.866028      1386.5826416016
569.209106      1372.7858886719
569.552307      1333.6948242188
569.895325      1370.4863281250
570.238403      1358.9890136719
570.581299      1395.7805175781
570.924255      1349.7911376953
571.267212      1386.5826416016
571.609985      1356.6895751953
571.952881      1379.6842041016
572.295593      1368.1868896484
572.638367      1363.5878906250
572.981079      1398.0800781250
573.323730      1358.9890136719
573.666260      1384.2832031250
574.008850      1402.6789550781
574.351440      1317.5985107422
574.693848      1409.5773925781
575.036255      1372.7858886719
575.378723      1384.2832031250
575.721008      1398.0800781250
576.063354      1326.7963867188
576.405579      1395.7805175781
576.747803      1363.5878906250
577.090027      1393.4810791016
577.432129      1395.7805175781
577.774231      1372.7858886719
578.116272      1421.0748291016
578.458313      1372.7858886719
578.800232      1278.5074462891
579.142212      1326.7963867188
579.484070      1372.7858886719
579.825928      1434.8715820313
580.167725      1319.8979492188
580.509460      1352.0905761719
580.851196      1411.8768310547
581.192810      1292.3041992188
581.534485      1333.6948242188
581.876099      1361.2884521484
582.217590      1370.4863281250
582.559143      1398.0800781250
582.900574      1407.2779541016
583.242004      1363.5878906250
583.583313      1411.8768310547
583.924683      1402.6789550781
584.265991      1331.3952636719
584.607239      1361.2884521484
584.948425      1467.0642089844
585.289551      1303.8016357422
585.630737      1354.3900146484
585.971802      1448.6684570313
586.312805      1425.6737060547
586.653870      1368.1868896484
586.994751      1338.2937011719
587.335693      1423.3742675781
587.676453      1306.1010742188
588.017334      1432.5721435547
588.358154      1407.2779541016
588.698853      1377.3847656250
589.039551      1326.7963867188
589.380188      1315.2989501953
589.720825      1421.0748291016
590.061340      1384.2832031250
590.401917      1398.0800781250
590.742432      1377.3847656250
591.082825      1370.4863281250
591.423218      1395.7805175781
591.763550      1329.0958251953
592.103882      1377.3847656250
592.444092      1402.6789550781
592.784363      1285.4058837891
593.124512      1349.7911376953
593.464600      1326.7963867188
593.804749      1370.4863281250
594.144775      1388.8822021484
594.484802      1370.4863281250
594.824829      1347.4915771484
595.164734      1407.2779541016
595.504578      1354.3900146484
595.844360      1342.8927001953
596.184204      1398.0800781250
596.523926      1391.1816406250
596.863647      1354.3900146484
597.203369      1391.1816406250
597.542969      1388.8822021484
597.882507      1395.7805175781
598.222046      1434.8715820313
598.561584      1370.4863281250
598.901001      1388.8822021484
599.240417      1363.5878906250
599.579834      1370.4863281250
599.919067      1393.4810791016
600.258423      1370.4863281250
600.597595      1368.1868896484
600.936829      1276.2078857422
601.276001      1335.9942626953
601.615051      1340.5932617188
601.954163      1444.0695800781
602.293091      1354.3900146484
602.632141      1312.9995117188
602.971069      1379.6842041016
603.309998      1388.8822021484
603.648865      1381.9837646484
603.987610      1340.5932617188
604.326416      1381.9837646484
604.665100      1315.2989501953
605.003845      1333.6948242188
605.342407      1349.7911376953
605.680969      1377.3847656250
606.019592      1388.8822021484
606.358093      1386.5826416016
606.696533      1473.9626464844
607.034973      1381.9837646484
607.373291      1352.0905761719
607.711609      1469.3637695313
608.049927      1363.5878906250
608.388245      1278.5074462891
608.726379      1395.7805175781
609.064575      1395.7805175781
609.402710      1411.8768310547
609.740723      1363.5878906250
610.078796      1375.0853271484
610.416748      1253.2132568359
610.754761      1372.7858886719
611.092590      1342.8927001953
611.430481      1338.2937011719
611.768311      1338.2937011719
612.106018      1356.6895751953
612.443787      1421.0748291016
612.781494      1338.2937011719
613.119141      1425.6737060547
613.456726      1361.2884521484
613.794250      1381.9837646484
614.131775      1386.5826416016
614.469299      1333.6948242188
614.806763      1345.1921386719
615.144043      1386.5826416016
615.481384      1386.5826416016
615.818726      1347.4915771484
616.156006      1377.3847656250
616.493225      1381.9837646484
616.830322      1379.6842041016
617.167480      1379.6842041016
617.504578      1331.3952636719
617.841614      1411.8768310547
618.178528      1402.6789550781
618.515503      1379.6842041016
618.852478      1395.7805175781
619.189270      1345.1921386719
619.526184      1342.8927001953
619.862854      1335.9942626953
620.199646      1400.3795166016
620.536316      1395.7805175781
620.872986      1404.9785156250
621.209595      1310.7000732422
621.546143      1462.4653320313
621.882629      1400.3795166016
622.219116      1388.8822021484
622.555542      1398.0800781250
622.892029      1358.9890136719
623.228333      1404.9785156250
623.564636      1370.4863281250
623.900818      1450.9678955078
624.237061      1352.0905761719
624.573242      1395.7805175781
624.909363      1349.7911376953
625.245483      1363.5878906250
625.581482      1338.2937011719
625.917480      1354.3900146484
626.253418      1361.2884521484
626.589355      1317.5985107422
626.925171      1347.4915771484
627.261047      1386.5826416016
627.596863      1358.9890136719
627.932556      1460.1658935547
628.268250      1425.6737060547
628.603882      1404.9785156250
628.939514      1347.4915771484
629.275024      1400.3795166016
629.610596      1338.2937011719
629.946045      1446.3690185547
630.281494      1418.7752685547
630.616882      1388.8822021484
630.952209      1349.7911376953
631.287537      1384.2832031250
631.622803      1388.8822021484
631.958008      1352.0905761719
632.293213      1278.5074462891
632.628296      1393.4810791016
632.963379      1375.0853271484
633.298401      1379.6842041016
633.633423      1381.9837646484
633.968384      1333.6948242188
634.303284      1345.1921386719
634.638123      1319.8979492188
634.972900      1386.5826416016
635.307739      1352.0905761719
635.642456      1361.2884521484
635.977112      1407.2779541016
636.311829      1340.5932617188
636.646362      1384.2832031250
636.980957      1418.7752685547
637.315430      1358.9890136719
637.649963      1381.9837646484
637.984436      1430.2727050781
638.318726      1379.6842041016
638.653137      1363.5878906250
638.987366      1349.7911376953
639.321655      1361.2884521484
639.655823      1425.6737060547
639.990051      1446.3690185547
640.324158      1418.7752685547
640.658203      1324.4968261719
640.992249      1347.4915771484
641.326172      1361.2884521484
641.660156      1381.9837646484
641.994019      1347.4915771484
642.327942      1379.6842041016
642.661804      1400.3795166016
642.995483      1375.0853271484
643.329224      1421.0748291016
643.662964      1345.1921386719
643.996582      1342.8927001953
644.330200      1416.4758300781
644.663696      1418.7752685547
644.997253      1352.0905761719
645.330688      1335.9942626953
645.664124      1400.3795166016
645.997437      1361.2884521484
646.330811      1365.8874511719
646.664124      1315.2989501953
646.997375      1326.7963867188
647.330566      1368.1868896484
647.663696      1347.4915771484
647.996826      1402.6789550781
648.329895      1404.9785156250
648.662903      1409.5773925781
648.995911      1432.5721435547
649.328796      1446.3690185547
649.661682      1365.8874511719
649.994568      1423.3742675781
650.327393      1448.6684570313
650.660095      1342.8927001953
650.992859      1402.6789550781
651.325500      1370.4863281250
651.658142      1352.0905761719
651.990723      1379.6842041016
652.323242      1402.6789550781
652.655762      1335.9942626953
652.988220      1388.8822021484
653.320618      1372.7858886719
653.652954      1338.2937011719
653.985291      1375.0853271484
654.317566      1315.2989501953
654.649780      1384.2832031250
654.981995      1375.0853271484
655.314148      1349.7911376953
655.646240      1402.6789550781
655.978271      1421.0748291016
656.310303      1377.3847656250
656.642273      1335.9942626953
656.974182      1421.0748291016
657.306091      1425.6737060547
657.637939      1368.1868896484
657.969666      1340.5932617188
658.301453      1388.8822021484
658.633179      1372.7858886719
658.964844      1333.6948242188
659.296448      1439.4705810547
659.627991      1388.8822021484
659.959534      1407.2779541016
660.291016      1423.3742675781
660.622437      1379.6842041016
660.953796      1393.4810791016
661.285156      1349.7911376953
661.616516      1444.0695800781
661.947754      1363.5878906250
662.278931      1460.1658935547
662.610107      1423.3742675781
662.941284      1379.6842041016
663.272339      1437.1711425781
663.603394      1324.4968261719
663.934387      1388.8822021484
664.265320      1375.0853271484
664.596252      1368.1868896484
664.927063      1319.8979492188
665.257935      1372.7858886719
665.588684      1398.0800781250
665.919434      1358.9890136719
666.250061      1358.9890136719
666.580688      1430.2727050781
666.911316      1407.2779541016
667.241821      1370.4863281250
667.572327      1404.9785156250
667.902832      1352.0905761719
668.233276      1430.2727050781
668.563660      1356.6895751953
668.893982      1306.1010742188
669.224243      1439.4705810547
669.554504      1434.8715820313
669.884705      1455.5668945313
670.214844      1345.1921386719
670.544922      1365.8874511719
670.875000      1368.1868896484
671.205078      1310.7000732422
671.534973      1395.7805175781
671.864929      1326.7963867188
672.194824      1416.4758300781
672.524658      1347.4915771484
672.854431      1312.9995117188
673.184204      1386.5826416016
673.513916      1453.2674560547
673.843567      1375.0853271484
674.173218      1326.7963867188
674.502747      1356.6895751953
674.832275      1368.1868896484
675.161804      1342.8927001953
675.491211      1354.3900146484
675.820679      1375.0853271484
676.149963      1381.9837646484
676.479248      1319.8979492188
676.808533      1427.9732666016
677.137756      1315.2989501953
677.466919      1395.7805175781
677.796021      1296.9031982422
678.125122      1317.5985107422
678.454163      1372.7858886719
678.783142      1370.4863281250
679.112122      1358.9890136719
679.440979      1349.7911376953
679.769897      1306.1010742188
680.098694      1322.1973876953
680.427490      1407.2779541016
680.756165      1395.7805175781
681.084900      1894.7663574219
681.413513      1379.6842041016
681.742065      1375.0853271484
682.070679      1372.7858886719
682.399170      1388.8822021484
682.727600      1326.7963867188
683.056030      1370.4863281250
683.384399      1354.3900146484
683.712708      1375.0853271484
684.040955      1365.8874511719
684.369263      1329.0958251953
684.697388      1407.2779541016
685.025574      1340.5932617188
685.353638      1430.2727050781
685.681702      1375.0853271484
686.009766      1439.4705810547
686.337708      1395.7805175781
686.665588      1377.3847656250
686.993469      1423.3742675781
687.321289      1393.4810791016
687.649048      1395.7805175781
687.976807      1358.9890136719
688.304565      1370.4863281250
688.632141      1421.0748291016
688.959839      1407.2779541016
689.287354      1329.0958251953
689.614868      1308.4005126953
689.942383      1358.9890136719
690.269775      1370.4863281250
690.597168      1381.9837646484
690.924500      1388.8822021484
691.251770      1349.7911376953
691.578979      1375.0853271484
691.906250      1370.4863281250
692.233398      1457.8663330078
692.560486      1395.7805175781
692.887573      1331.3952636719
693.214539      1342.8927001953
693.541565      1427.9732666016
693.868469      1356.6895751953
694.195374      1455.5668945313
694.522217      1372.7858886719
694.849060      1370.4863281250
695.175781      1384.2832031250
695.502441      1388.8822021484
695.829163      1407.2779541016
696.155823      1317.5985107422
696.482300      1372.7858886719
696.808899      1450.9678955078
697.135315      1402.6789550781
697.461792      1361.2884521484
697.788147      1335.9942626953
698.114563      1414.1763916016
698.440857      1404.9785156250
698.767029      1391.1816406250
699.093323      1372.7858886719
699.419495      1407.2779541016
699.745605      1480.8610839844
700.071655      1409.5773925781
700.397705      1395.7805175781
700.723694      1400.3795166016
701.049622      1352.0905761719
701.375549      1370.4863281250
701.701355      1370.4863281250
702.027222      1349.7911376953
702.352905      1365.8874511719
702.678711      1326.7963867188
703.004395      1379.6842041016
703.329956      1370.4863281250
703.655579      1434.8715820313
703.981018      1384.2832031250
704.306580      1375.0853271484
704.632080      1393.4810791016
704.957397      1434.8715820313
705.282776      1411.8768310547
705.608093      1411.8768310547
705.933350      1404.9785156250
706.258545      1384.2832031250
706.583740      1331.3952636719
706.908875      1342.8927001953
707.233948      1416.4758300781
707.559021      1347.4915771484
707.883972      1414.1763916016
708.208984      1356.6895751953
708.533813      1363.5878906250
708.858704      1386.5826416016
709.183533      1358.9890136719
709.508240      1340.5932617188
709.833008      1393.4810791016
710.157654      1308.4005126953
710.482300      1329.0958251953
710.806885      1326.7963867188
711.131409      1361.2884521484
711.455933      1331.3952636719
711.780334      1361.2884521484
712.104797      1400.3795166016
712.429138      1319.8979492188
712.753479      1354.3900146484
713.077759      1317.5985107422
713.401917      1414.1763916016
713.726135      1324.4968261719
714.050232      1372.7858886719
714.374329      1352.0905761719
714.698364      1411.8768310547
715.022339      1372.7858886719
715.346313      1375.0853271484
715.670166      1411.8768310547
715.994080      1391.1816406250
716.317871      1421.0748291016
716.641663      1301.5021972656
716.965393      1315.2989501953
717.289001      1377.3847656250
717.612732      1407.2779541016
717.936279      1414.1763916016
718.259827      1372.7858886719
718.583313      1398.0800781250
718.906738      1347.4915771484
719.230225      1381.9837646484
719.553528      1370.4863281250
719.876892      1395.7805175781
720.200134      1409.5773925781
720.523315      1340.5932617188
720.846497      1381.9837646484
721.169617      1278.5074462891
721.492737      1331.3952636719
721.815735      1375.0853271484
722.138733      1312.9995117188
722.461670      1363.5878906250
722.784607      1402.6789550781
723.107544      1441.7700195313
723.430298      1294.6037597656
723.753113      1393.4810791016
724.075745      1368.1868896484
724.398438      1368.1868896484
724.721008      1404.9785156250
725.043640      1398.0800781250
725.366211      1404.9785156250
725.688660      1400.3795166016
726.011169      1368.1868896484
726.333496      1347.4915771484
726.655884      1379.6842041016
726.978149      1381.9837646484
727.300476      1377.3847656250
727.622681      1423.3742675781
727.944824      1393.4810791016
728.266968      1312.9995117188
728.589050      1414.1763916016
728.911133      1349.7911376953
729.233032      1287.7053222656
729.554993      1409.5773925781
729.876953      1370.4863281250
730.198792      1315.2989501953
730.520569      1409.5773925781
730.842346      1386.5826416016
731.164063      1425.6737060547
731.485718      1354.3900146484
731.807373      1372.7858886719
732.128967      1391.1816406250
732.450439      1381.9837646484
732.771973      1287.7053222656
733.093323      1395.7805175781
733.414795      1395.7805175781
733.736145      1395.7805175781
734.057373      1404.9785156250
734.378662      1384.2832031250
734.699890      1404.9785156250
735.021057      1363.5878906250
735.342163      1402.6789550781
735.663269      1391.1816406250
735.984314      1418.7752685547
736.305237      1421.0748291016
736.626160      1342.8927001953
736.947083      1352.0905761719
737.267883      1347.4915771484
737.588745      1375.0853271484
737.909485      1338.2937011719
738.230225      1322.1973876953
738.550781      1453.2674560547
738.871460      1402.6789550781
739.192017      1322.1973876953
739.512573      1361.2884521484
739.833069      1361.2884521484
740.153442      1354.3900146484
740.473877      1377.3847656250
740.794128      1342.8927001953
741.114441      1363.5878906250
741.434692      1340.5932617188
741.754883      1299.2026367188
742.075073      1432.5721435547
742.395142      1377.3847656250
742.715210      1331.3952636719
743.035217      1404.9785156250
743.355225      1349.7911376953
743.675049      1409.5773925781
743.994995      1375.0853271484
744.314880      1356.6895751953
744.634583      1345.1921386719
744.954407      1386.5826416016
745.273987      1395.7805175781
745.593689      1326.7963867188
745.913330      1368.1868896484
746.232849      1306.1010742188
746.552368      1326.7963867188
746.871826      1425.6737060547
747.191223      1421.0748291016
747.510559      1368.1868896484
747.829956      1299.2026367188
748.149231      1331.3952636719
748.468384      1349.7911376953
748.787659      1446.3690185547
749.106750      1365.8874511719
749.425842      1391.1816406250
749.744873      1402.6789550781
750.063904      1395.7805175781
750.382874      1395.7805175781
750.701721      1386.5826416016
751.020630      1393.4810791016
751.339417      1361.2884521484
751.658203      1335.9942626953
751.976990      1340.5932617188
752.295593      1361.2884521484
752.614258      1381.9837646484
752.932800      1388.8822021484
753.251404      1352.0905761719
753.569824      1402.6789550781
753.888306      1354.3900146484
754.206726      1388.8822021484
754.525024      1414.1763916016
754.843323      1386.5826416016
755.161621      1338.2937011719
755.479797      1358.9890136719
755.797974      1354.3900146484
756.116089      1467.0642089844
756.434204      1381.9837646484
756.752197      1340.5932617188
757.070190      1329.0958251953
757.388123      1388.8822021484
757.705994      1423.3742675781
758.023865      1395.7805175781
758.341675      1347.4915771484
758.659363      1395.7805175781
758.977112      1310.7000732422
759.294739      1333.6948242188
759.612305      1409.5773925781
759.929932      1361.2884521484
760.247498      1391.1816406250
760.564880      1352.0905761719
760.882385      1349.7911376953
761.199707      1391.1816406250
761.517090      1441.7700195313
761.834290      1395.7805175781
762.151611      1414.1763916016
762.468811      1303.8016357422
762.785889      1342.8927001953
763.103027      1347.4915771484
763.420044      1352.0905761719
763.737061      1395.7805175781
764.054077      1361.2884521484
764.370972      1375.0853271484
764.687805      1437.1711425781
765.004639      1361.2884521484
765.321411      1404.9785156250
765.638123      1338.2937011719
765.954834      1393.4810791016
766.271484      1384.2832031250
766.588074      1414.1763916016
766.904602      1407.2779541016
767.221069      1395.7805175781
767.537537      1421.0748291016
767.853882      1418.7752685547
768.170288      1368.1868896484
768.486572      1414.1763916016
768.802856      1402.6789550781
769.119080      1400.3795166016
769.435181      1446.3690185547
769.751343      1421.0748291016
770.067322      1326.7963867188
770.383423      1326.7963867188
770.699402      1407.2779541016
771.015320      1409.5773925781
771.331238      1347.4915771484
771.647095      1372.7858886719
771.962891      1391.1816406250
772.278625      1352.0905761719
772.594299      1439.4705810547
772.909973      1322.1973876953
773.225586      1391.1816406250
773.541138      1391.1816406250
773.856567      1402.6789550781
774.172119      1409.5773925781
774.487549      1370.4863281250
774.802856      1319.8979492188
775.118286      1379.6842041016
775.433472      1411.8768310547
775.748718      1388.8822021484
776.063904      1393.4810791016
776.379028      1400.3795166016
776.694153      1368.1868896484
777.009155      1340.5932617188
777.324158      1352.0905761719
777.639099      1335.9942626953
777.954041      1386.5826416016
778.268921      1368.1868896484
778.583740      1402.6789550781
778.898499      1354.3900146484
779.213196      1326.7963867188
779.527832      1414.1763916016
779.842468      1379.6842041016
780.157043      1384.2832031250
780.471619      1416.4758300781
780.786072      1393.4810791016
781.100525      1404.9785156250
781.414856      1391.1816406250
781.729248      1455.5668945313
782.043457      1375.0853271484
782.357788      1384.2832031250
782.671997      1388.8822021484
782.986084      1356.6895751953
783.300293      1411.8768310547
783.614258      1315.2989501953
783.928345      1358.9890136719
784.242249      1400.3795166016
784.556213      1368.1868896484
784.870117      1354.3900146484
785.183899      1331.3952636719
785.497681      1386.5826416016
785.811340      1347.4915771484
786.125061      1455.5668945313
786.438721      1462.4653320313
786.752258      1273.9084472656
787.065857      1354.3900146484
787.379333      1375.0853271484
787.692810      1352.0905761719
788.006165      1352.0905761719
788.319519      1418.7752685547
788.632874      1409.5773925781
788.946106      1372.7858886719
789.259338      1365.8874511719
789.572449      1365.8874511719
789.885559      1377.3847656250
790.198608      1379.6842041016
790.511719      1352.0905761719
790.824707      1395.7805175781
791.137573      1354.3900146484
791.450500      1381.9837646484
791.763306      1386.5826416016
792.076111      1421.0748291016
792.388855      1409.5773925781
792.701538      1358.9890136719
793.014221      1365.8874511719
793.326782      1273.9084472656
793.639343      1283.1063232422
793.951843      1349.7911376953
794.264282      1356.6895751953
794.576721      1358.9890136719
794.889099      1379.6842041016
795.201416      1375.0853271484
795.513611      1365.8874511719
795.825867      1317.5985107422
796.138000      1411.8768310547
796.450195      1446.3690185547
796.762268      1398.0800781250
797.074280      1464.7647705078
797.386292      1384.2832031250
797.698181      1329.0958251953
798.010071      1414.1763916016
798.321960      1384.2832031250
798.633728      1430.2727050781
798.945496      1349.7911376953
799.257202      1370.4863281250
799.568787      1418.7752685547
799.880432      1430.2727050781
800.192017      1365.8874511719
800.503540      1476.2622070313
800.815002      1404.9785156250
801.126404      1434.8715820313
801.437744      1393.4810791016
801.749084      1347.4915771484
802.060364      1352.0905761719
802.371582      1381.9837646484
802.682800      1395.7805175781
802.993835      1349.7911376953
803.304993      1423.3742675781
803.615967      1379.6842041016
803.927002      1400.3795166016
804.237976      1315.2989501953
804.548828      1352.0905761719
804.859741      1409.5773925781
805.170471      1398.0800781250
805.481201      1411.8768310547
805.791931      1354.3900146484
806.102600      1356.6895751953
806.413208      1388.8822021484
806.723755      1395.7805175781
807.034241      1434.8715820313
807.344727      1393.4810791016
807.655151      1340.5932617188
807.965515      1398.0800781250
808.275879      1338.2937011719
808.586182      1347.4915771484
808.896362      1358.9890136719
809.206604      1388.8822021484
809.516663      1402.6789550781
809.826782      1473.9626464844
810.136780      1393.4810791016
810.446777      1432.5721435547
810.756775      1356.6895751953
811.066650      1347.4915771484
811.376465      1354.3900146484
811.686279      1363.5878906250
811.996033      1386.5826416016
812.305786      1315.2989501953
812.615417      1384.2832031250
812.924988      1393.4810791016
813.234558      1375.0853271484
813.544128      1340.5932617188
813.853516      1347.4915771484
814.162964      1356.6895751953
814.472351      1391.1816406250
814.781616      1349.7911376953
815.090942      1388.8822021484
815.400146      1322.1973876953
815.709351      1368.1868896484
816.018433      1354.3900146484
816.327515      1381.9837646484
816.636597      1361.2884521484
816.945557      1384.2832031250
817.254578      1315.2989501953
817.563416      1407.2779541016
817.872253      1453.2674560547
818.181091      1421.0748291016
818.489807      1439.4705810547
818.798523      1388.8822021484
819.107178      1407.2779541016
819.415833      1402.6789550781
819.724365      1349.7911376953
820.032837      1386.5826416016
820.341370      1370.4863281250
820.649719      1335.9942626953
820.958130      1404.9785156250
821.266357      1400.3795166016
821.574707      1384.2832031250
821.882874      1391.1816406250
822.191040      1375.0853271484
822.499207      1393.4810791016
822.807251      1381.9837646484
823.115356      1381.9837646484
823.423279      1361.2884521484
823.731262      1310.7000732422
824.039124      1368.1868896484
824.346985      1395.7805175781
824.654846      1349.7911376953
824.962524      1381.9837646484
825.270264      1402.6789550781
825.577820      1292.3041992188
825.885437      1448.6684570313
826.193054      1349.7911376953
826.500488      1349.7911376953
826.807983      1361.2884521484
827.115356      1354.3900146484
827.422729      1368.1868896484
827.729980      1381.9837646484
828.037292      1411.8768310547
828.344543      1352.0905761719
828.651733      1361.2884521484
828.958862      1340.5932617188
829.265869      1402.6789550781
829.572937      1395.7805175781
829.879883      1370.4863281250
830.186829      1315.2989501953
830.493713      1317.5985107422
830.800537      1358.9890136719
831.107361      1437.1711425781
831.414063      1421.0748291016
831.720764      1393.4810791016
832.027405      1386.5826416016
832.333984      1434.8715820313
832.640564      1400.3795166016
832.947021      1416.4758300781
833.253479      1287.7053222656
833.559814      1388.8822021484
833.866211      1358.9890136719
834.172546      1404.9785156250
834.478760      1386.5826416016
834.784973      1471.6632080078
835.091125      1414.1763916016
835.397278      1480.8610839844
835.703247      1375.0853271484
836.009277      1423.3742675781
836.315247      1421.0748291016
836.621155      1391.1816406250
836.927063      1398.0800781250
837.232849      1427.9732666016
837.538635      1379.6842041016
837.844421      1368.1868896484
838.150085      1335.9942626953
838.455688      1404.9785156250
838.761292      1326.7963867188
839.066833      1391.1816406250
839.372253      1349.7911376953
839.677734      1381.9837646484
839.983093      1349.7911376953
840.288391      1398.0800781250
840.593689      1349.7911376953
840.898926      1356.6895751953
841.204102      1368.1868896484
841.509277      1370.4863281250
841.814392      1319.8979492188
842.119446      1345.1921386719
842.424438      1365.8874511719
842.729370      1404.9785156250
843.034241      1448.6684570313
843.339111      1430.2727050781
843.643982      1423.3742675781
843.948669      1432.5721435547
844.253479      1329.0958251953
844.558105      1322.1973876953
844.862671      1437.1711425781
845.167236      1361.2884521484
845.471741      1356.6895751953
845.776245      1310.7000732422
846.080627      1375.0853271484
846.385071      1407.2779541016
846.689331      1384.2832031250
846.993591      1379.6842041016
847.297791      1427.9732666016
847.601990      1432.5721435547
847.906128      1427.9732666016
848.210205      1370.4863281250
848.514282      1365.8874511719
848.818237      1363.5878906250
849.122131      1381.9837646484
849.426025      1326.7963867188
849.729919      1363.5878906250
850.033691      1363.5878906250
850.337402      1430.2727050781
850.641113      1388.8822021484
850.944702      1464.7647705078
851.248352      1381.9837646484
851.551941      1329.0958251953
851.855347      1423.3742675781
852.158813      1377.3847656250
852.462219      1386.5826416016
852.765564      1356.6895751953
853.068848      1363.5878906250
853.372070      1368.1868896484
853.675354      1414.1763916016
853.978455      1386.5826416016
854.281555      1347.4915771484
854.584656      1404.9785156250
854.887634      1363.5878906250
855.190552      1391.1816406250
855.493530      1331.3952636719
855.796387      1423.3742675781
856.099182      1322.1973876953
856.401978      1404.9785156250
856.704651      1317.5985107422
857.007324      1365.8874511719
857.309998      1329.0958251953
857.612549      1352.0905761719
857.915100      1388.8822021484
858.217529      1393.4810791016
858.519958      1423.3742675781
858.822266      1409.5773925781
859.124634      1418.7752685547
859.426941      1370.4863281250
859.729187      1411.8768310547
860.031372      1368.1868896484
860.333435      1354.3900146484
860.635559      1349.7911376953
860.937622      1386.5826416016
861.239563      1427.9732666016
861.541504      1361.2884521484
861.843384      1361.2884521484
862.145264      1425.6737060547
862.446960      1319.8979492188
862.748779      1388.8822021484
863.050476      1430.2727050781
863.352051      1409.5773925781
863.653748      1361.2884521484
863.955200      1386.5826416016
864.256714      1338.2937011719
864.558167      1363.5878906250
864.859619      1356.6895751953
865.160950      1370.4863281250
865.462219      1368.1868896484
865.763489      1404.9785156250
866.064697      1386.5826416016
866.365845      1340.5932617188
866.666931      1379.6842041016
866.967957      1370.4863281250
867.269043      1342.8927001953
867.570007      1365.8874511719
867.870911      1319.8979492188
868.171692      1411.8768310547
868.472595      1345.1921386719
868.773254      1379.6842041016
869.074036      1421.0748291016
869.374695      1381.9837646484
869.675293      1372.7858886719
869.975891      1354.3900146484
870.276367      1349.7911376953
870.576843      1430.2727050781
870.877319      1402.6789550781
871.177612      1335.9942626953
871.477966      1352.0905761719
871.778198      1347.4915771484
872.078491      1363.5878906250
872.378601      1386.5826416016
872.678711      1365.8874511719
872.978882      1347.4915771484
873.278870      1398.0800781250
873.578857      1418.7752685547
873.878784      1342.8927001953
874.178650      1326.7963867188
874.478394      1356.6895751953
874.778259      1404.9785156250
875.078003      1395.7805175781
875.377625      1425.6737060547
875.677307      1296.9031982422
875.976868      1349.7911376953
876.276428      1338.2937011719
876.575928      1375.0853271484
876.875366      1379.6842041016
877.174744      1393.4810791016
877.474060      1441.7700195313
877.773376      1414.1763916016
878.072571      1377.3847656250
878.371826      1379.6842041016
878.670959      1338.2937011719
878.970032      1386.5826416016
879.269043      1421.0748291016
879.567993      1324.4968261719
879.867004      1404.9785156250
880.165894      1409.5773925781
880.464722      1352.0905761719
880.763550      1411.8768310547
881.062256      1402.6789550781
881.361023      1356.6895751953
881.659607      1379.6842041016
881.958252      1370.4863281250
882.256836      1372.7858886719
882.555298      1324.4968261719
882.853760      1409.5773925781
883.152100      1425.6737060547
883.450500      1381.9837646484
883.748779      1398.0800781250
884.047058      1368.1868896484
884.345276      1370.4863281250
884.643372      1377.3847656250
884.941528      1441.7700195313
885.239502      1414.1763916016
885.537598      1409.5773925781
885.835510      1368.1868896484
886.133423      1460.1658935547
886.431335      1384.2832031250
886.729065      1416.4758300781
887.026855      1386.5826416016
887.324524      1398.0800781250
887.622253      1384.2832031250
887.919800      1418.7752685547
888.217407      1388.8822021484
888.514954      1471.6632080078
888.812317      1379.6842041016
889.109802      1381.9837646484
889.407166      1329.0958251953
889.704407      1306.1010742188
890.001770      1386.5826416016
890.298889      1407.2779541016
890.596130      1352.0905761719
890.893188      1331.3952636719
891.190308      1338.2937011719
891.487244      1421.0748291016
