0.174000
190.096298         0.0000000000
190.479492         0.0000000000
190.862656      1372.7858886719
191.245789      1358.9890136719
191.628876      1395.7805175781
192.011948      1441.7700195313
192.394958      1434.8715820313
192.777939      1446.3690185547
193.160904      1448.6684570313
193.543823      1453.2674560547
193.926697      1478.5616455078
194.309555      1457.8663330078
194.692368      1430.2727050781
195.075150      1398.0800781250
195.457886      1430.2727050781
195.840607      1393.4810791016
196.223282      1416.4758300781
196.605927      1453.2674560547
196.988541      1393.4810791016
197.371094      1427.9732666016
197.753632      1411.8768310547
198.136139      1480.8610839844
198.518600      1393.4810791016
198.901031      1425.6737060547
199.283432      1418.7752685547
199.665802      1386.5826416016
200.048126      1427.9732666016
200.430405      1375.0853271484
200.812668      1395.7805175781
201.194885      1418.7752685547
201.577072      1460.1658935547
201.959244      1381.9837646484
202.341354      1400.3795166016
202.723434      1423.3742675781
203.105499      1379.6842041016
203.487503      1393.4810791016
203.869461      1437.1711425781
204.251434      1381.9837646484
204.633331      1430.2727050781
205.015198      1322.1973876953
205.397049      1342.8927001953
205.778854      1439.4705810547
206.160614      1352.0905761719
206.542343      1372.7858886719
206.924042      1379.6842041016
207.305710      1381.9837646484
207.687332      1402.6789550781
208.068939      1363.5878906250
208.450485      1379.6842041016
208.832016      1411.8768310547
209.213501      1333.6948242188
209.594955      1335.9942626953
209.976379      1365.8874511719
210.357758      1386.5826416016
210.739105      1354.3900146484
211.120422      1418.7752685547
211.501694      1352.0905761719
211.882935      1400.3795166016
212.264145      1377.3847656250
212.645340      1354.3900146484
213.026474      1393.4810791016
213.407562      1285.4058837891
213.788620      1377.3847656250
214.169662      1331.3952636719
214.550659      1398.0800781250
214.931610      1409.5773925781
215.312561      1319.8979492188
215.693451      1418.7752685547
216.074295      1386.5826416016
216.455109      1340.5932617188
216.835922      1418.7752685547
217.216660      1361.2884521484
217.597382      1448.6684570313
217.978058      1388.8822021484
218.358704      1335.9942626953
218.739304      1354.3900146484
219.119888      1361.2884521484
219.500427      1425.6737060547
219.880920      1391.1816406250
220.261414      1395.7805175781
220.641830      1409.5773925781
221.022232      1439.4705810547
221.402603      1407.2779541016
221.782944      1335.9942626953
222.163223      1349.7911376953
222.543488      1386.5826416016
222.923706      1400.3795166016
223.303894      1487.7595214844
223.684036      1358.9890136719
224.064163      1441.7700195313
224.444244      1395.7805175781
224.824295      1322.1973876953
225.204300      1379.6842041016
225.584274      1444.0695800781
225.964203      1437.1711425781
226.344131      1407.2779541016
226.723999      1423.3742675781
227.103806      1356.6895751953
227.483627      1368.1868896484
227.863388      1423.3742675781
228.243118      1414.1763916016
228.622787      1301.5021972656
229.002472      1409.5773925781
229.382080      1411.8768310547
229.761688      1402.6789550781
230.141220      1414.1763916016
230.520721      1329.0958251953
230.900208      1384.2832031250
231.279663      1368.1868896484
231.659073      1400.3795166016
232.038452      1425.6737060547
232.417786      1363.5878906250
232.797073      1437.1711425781
233.176346      1381.9837646484
233.555573      1402.6789550781
233.934784      1398.0800781250
234.313934      1384.2832031250
234.693069      1414.1763916016
235.072144      1393.4810791016
235.451202      1345.1921386719
235.830215      1450.9678955078
236.209213      1326.7963867188
236.588165      1308.4005126953
236.967072      1381.9837646484
237.345947      1402.6789550781
237.724792      1409.5773925781
238.103577      1487.7595214844
238.482361      1361.2884521484
238.861084      1347.4915771484
239.239777      1358.9890136719
239.618454      1386.5826416016
239.997070      1361.2884521484
240.375671      1418.7752685547
240.754211      1349.7911376953
241.132751      1340.5932617188
241.511215      1402.6789550781
241.889694      1384.2832031250
242.268097      1354.3900146484
242.646469      1377.3847656250
243.024811      1441.7700195313
243.403122      1402.6789550781
243.781387      1365.8874511719
244.159622      1393.4810791016
244.537827      1391.1816406250
244.915985      1276.2078857422
245.294113      1411.8768310547
245.672195      1418.7752685547
246.050262      1393.4810791016
246.428268      1409.5773925781
246.806274      1404.9785156250
247.184219      1276.2078857422
247.562119      1354.3900146484
247.940002      1391.1816406250
248.317841      1361.2884521484
248.695648      1388.8822021484
249.073425      1439.4705810547
249.451157      1368.1868896484
249.828842      1414.1763916016
250.206512      1391.1816406250
250.584152      1437.1711425781
250.961731      1478.5616455078
251.339279      1377.3847656250
251.716812      1432.5721435547
252.094299      1349.7911376953
252.471725      1421.0748291016
252.849136      1379.6842041016
253.226517      1333.6948242188
253.603867      1425.6737060547
253.981171      1345.1921386719
254.358429      1388.8822021484
254.735672      1391.1816406250
255.112869      1372.7858886719
255.490021      1356.6895751953
255.867172      1425.6737060547
256.244263      1381.9837646484
256.621307      1306.1010742188
256.998291      1411.8768310547
257.375305      1441.7700195313
257.752228      1430.2727050781
258.129120      1386.5826416016
258.506012      1388.8822021484
258.882843      1411.8768310547
259.259644      1363.5878906250
259.636414      1425.6737060547
260.013123      1395.7805175781
260.389832      1416.4758300781
260.766479      1379.6842041016
261.143127      1352.0905761719
261.519714      1404.9785156250
261.896271      1462.4653320313
262.272736      1377.3847656250
262.649231      1393.4810791016
263.025696      1354.3900146484
263.402100      1404.9785156250
263.778473      1434.8715820313
264.154785      1441.7700195313
264.531097      1352.0905761719
264.907318      1377.3847656250
265.283569      1404.9785156250
265.659760      1414.1763916016
266.035919      1384.2832031250
266.412018      1370.4863281250
266.788086      1391.1816406250
267.164154      1400.3795166016
267.540192      1441.7700195313
267.916107      1395.7805175781
268.292084      1349.7911376953
268.667969      1329.0958251953
269.043793      1437.1711425781
269.419617      1363.5878906250
269.795410      1418.7752685547
270.171204      1306.1010742188
270.546875      1345.1921386719
270.922577      1391.1816406250
271.298248      1363.5878906250
271.673828      1319.8979492188
272.049408      1372.7858886719
272.424927      1338.2937011719
272.800446      1414.1763916016
273.175934      1379.6842041016
273.551361      1386.5826416016
273.926727      1372.7858886719
274.302063      1379.6842041016
274.677399      1324.4968261719
275.052673      1388.8822021484
275.427948      1494.6579589844
275.803131      1381.9837646484
276.178314      1372.7858886719
276.553436      1414.1763916016
276.928558      1386.5826416016
277.303650      1375.0853271484
277.678619      1358.9890136719
278.053650      1361.2884521484
278.428589      1333.6948242188
278.803528      1414.1763916016
279.178375      1356.6895751953
279.553253      1425.6737060547
279.928070      1411.8768310547
280.302826      1407.2779541016
280.677582      1455.5668945313
281.052277      1354.3900146484
281.426941      1464.7647705078
281.801544      1386.5826416016
282.176147      1365.8874511719
282.550720      1418.7752685547
282.925232      1386.5826416016
283.299683      1444.0695800781
283.674133      1317.5985107422
284.048553      1384.2832031250
284.422974      1326.7963867188
284.797241      1411.8768310547
285.171600      1331.3952636719
285.545837      1398.0800781250
285.920074      1342.8927001953
286.294250      1398.0800781250
286.668396      1391.1816406250
287.042511      1338.2937011719
287.416626      1333.6948242188
287.790649      1455.5668945313
288.164673      1381.9837646484
288.538635      1437.1711425781
288.912567      1384.2832031250
289.286438      1345.1921386719
289.660309      1331.3952636719
290.034149      1400.3795166016
290.407959      1411.8768310547
290.781677      1391.1816406250
291.155396      1375.0853271484
291.529083      1342.8927001953
291.902710      1407.2779541016
292.276337      1347.4915771484
292.649902      1379.6842041016
293.023407      1457.8663330078
293.396912      1384.2832031250
293.770386      1361.2884521484
294.143829      1391.1816406250
294.517181      1384.2832031250
294.890533      1377.3847656250
295.263824      1381.9837646484
295.637115      1437.1711425781
296.010345      1386.5826416016
296.383545      1409.5773925781
296.756744      1404.9785156250
297.129852      1457.8663330078
297.502960      1395.7805175781
297.875977      1370.4863281250
298.248993      1411.8768310547
298.621979      1414.1763916016
298.994934      1381.9837646484
299.367859      1391.1816406250
299.740723      1409.5773925781
300.113556      1375.0853271484
300.486359      1418.7752685547
300.859100      1349.7911376953
301.231842      1398.0800781250
301.604492      1446.3690185547
301.977173      1361.2884521484
302.349792      1372.7858886719
302.722351      1402.6789550781
303.094910      1372.7858886719
303.467377      1363.5878906250
303.839874      1368.1868896484
304.212311      1388.8822021484
304.584717      1402.6789550781
304.957062      1375.0853271484
305.329376      1361.2884521484
305.701630      1427.9732666016
306.073853      1439.4705810547
306.446106      1391.1816406250
306.818268      1437.1711425781
307.190399      1354.3900146484
307.562500      1370.4863281250
307.934540      1365.8874511719
308.306610      1326.7963867188
308.678558      1381.9837646484
309.050507      1319.8979492188
309.422424      1368.1868896484
309.794281      1377.3847656250
310.166138      1352.0905761719
310.537933      1395.7805175781
310.909729      1414.1763916016
311.281464      1308.4005126953
311.653107      1404.9785156250
312.024780      1386.5826416016
312.396393      1395.7805175781
312.767975      1377.3847656250
313.139496      1372.7858886719
313.511047      1400.3795166016
313.882507      1421.0748291016
314.253906      1349.7911376953
314.625305      1409.5773925781
314.996643      1393.4810791016
315.368011      1377.3847656250
315.739258      1368.1868896484
316.110504      1393.4810791016
316.481720      1375.0853271484
316.852905      1455.5668945313
317.223999      1395.7805175781
317.595123      1384.2832031250
317.966187      1335.9942626953
318.337189      1384.2832031250
318.708191      1421.0748291016
319.079163      1384.2832031250
319.450073      1388.8822021484
319.820923      1356.6895751953
320.191742      1386.5826416016
320.562561      1365.8874511719
320.933319      1393.4810791016
321.304047      1381.9837646484
321.674744      1418.7752685547
322.045380      1372.7858886719
322.416016      1432.5721435547
322.786560      1437.1711425781
323.157135      1400.3795166016
323.527618      1425.6737060547
323.898071      1391.1816406250
324.268494      1430.2727050781
324.638885      1404.9785156250
325.009277      1446.3690185547
325.379578      1416.4758300781
325.749847      1425.6737060547
326.120117      1430.2727050781
326.490295      1414.1763916016
326.860443      1308.4005126953
327.230591      1395.7805175781
327.600708      1349.7911376953
327.970703      1370.4863281250
328.340759      1437.1711425781
328.710724      1450.9678955078
329.080688      1386.5826416016
329.450592      1386.5826416016
329.820435      1368.1868896484
330.190277      1375.0853271484
330.560089      1404.9785156250
330.929810      1446.3690185547
331.299561      1391.1816406250
331.669220      1363.5878906250
332.038879      1400.3795166016
332.408447      1379.6842041016
332.778046      1365.8874511719
333.147583      1441.7700195313
333.517059      1423.3742675781
333.886505      1386.5826416016
334.255951      1379.6842041016
334.625336      1370.4863281250
334.994629      1393.4810791016
335.363983      1335.9942626953
335.733246      1326.7963867188
336.102478      1437.1711425781
336.471680      1356.6895751953
336.840820      1342.8927001953
337.209961      1363.5878906250
337.578979      1450.9678955078
337.948059      1485.4600830078
338.317078      1342.8927001953
338.686035      1356.6895751953
339.054962      1335.9942626953
339.423859      1368.1868896484
339.792725      1427.9732666016
340.161560      1370.4863281250
340.530334      1384.2832031250
340.899078      1425.6737060547
341.267761      1423.3742675781
341.636444      1358.9890136719
342.005066      1395.7805175781
342.373657      1372.7858886719
342.742218      1421.0748291016
343.110718      1407.2779541016
343.479218      1464.7647705078
343.847626      1375.0853271484
344.216064      1375.0853271484
344.584412      1467.0642089844
344.952759      1315.2989501953
345.321045      1375.0853271484
345.689270      1432.5721435547
346.057526      1370.4863281250
346.425659      1335.9942626953
346.793854      1370.4863281250
347.161957      1455.5668945313
347.529999      1411.8768310547
347.898041      1352.0905761719
348.266022      1379.6842041016
348.634003      1425.6737060547
349.001892      1363.5878906250
349.369781      1455.5668945313
349.737610      1347.4915771484
350.105408      1439.4705810547
350.473145      1448.6684570313
350.840912      1365.8874511719
351.208618      1361.2884521484
351.576233      1368.1868896484
351.943878      1391.1816406250
352.311401      1398.0800781250
352.678955      1386.5826416016
353.046478      1370.4863281250
353.413910      1446.3690185547
353.781372      1356.6895751953
354.148743      1384.2832031250
354.516083      1414.1763916016
354.883392      1379.6842041016
355.250641      1377.3847656250
355.617920      1349.7911376953
355.985077      1375.0853271484
356.352234      1402.6789550781
356.719360      1407.2779541016
357.086426      1384.2832031250
357.453491      1352.0905761719
357.820496      1381.9837646484
358.187469      1372.7858886719
358.554382      1414.1763916016
358.921295      1352.0905761719
359.288147      1391.1816406250
359.654968      1407.2779541016
360.021759      1393.4810791016
360.388489      1437.1711425781
360.755188      1395.7805175781
361.121826      1358.9890136719
361.488464      1450.9678955078
361.855072      1402.6789550781
362.221588      1388.8822021484
362.588135      1370.4863281250
362.954590      1381.9837646484
363.321075      1379.6842041016
363.687439      1473.9626464844
364.053802      1418.7752685547
364.420135      1457.8663330078
364.786407      1398.0800781250
365.152679      1379.6842041016
365.518860      1402.6789550781
365.885040      1469.3637695313
366.251190      1365.8874511719
366.617249      1416.4758300781
366.983337      1349.7911376953
367.349335      1368.1868896484
367.715332      1290.0047607422
368.081207      1398.0800781250
368.447174      1358.9890136719
368.813019      1432.5721435547
369.178833      1294.6037597656
369.544678      1418.7752685547
369.910400      1335.9942626953
370.276123      1315.2989501953
370.641785      1345.1921386719
371.007446      1418.7752685547
371.373016      1375.0853271484
371.738586      1356.6895751953
372.104126      1381.9837646484
372.469574      1365.8874511719
372.835022      1473.9626464844
373.200439      1478.5616455078
373.565796      1386.5826416016
373.931122      1388.8822021484
374.296417      1409.5773925781
374.661713      1377.3847656250
375.026886      1398.0800781250
375.392090      1446.3690185547
375.757202      1400.3795166016
376.122314      1430.2727050781
376.487396      1416.4758300781
376.852386      1402.6789550781
377.217407      1342.8927001953
377.582336      1363.5878906250
377.947235      1439.4705810547
378.312103      1421.0748291016
378.676941      1425.6737060547
379.041779      1377.3847656250
379.406494      1388.8822021484
379.771240      1450.9678955078
380.135925      1469.3637695313
380.500549      1414.1763916016
380.865143      1448.6684570313
381.229706      1407.2779541016
381.594269      1409.5773925781
381.958679      1414.1763916016
382.323181      1363.5878906250
382.687561      1375.0853271484
383.051971      1345.1921386719
383.416321      1444.0695800781
383.780579      1372.7858886719
384.144867      1411.8768310547
384.509033      1490.0589599609
384.873260      1402.6789550781
385.237366      1345.1921386719
385.601501      1434.8715820313
385.965576      1425.6737060547
386.329559      1416.4758300781
386.693573      1395.7805175781
387.057526      1296.9031982422
387.421417      1333.6948242188
387.785309      1294.6037597656
388.149109      1393.4810791016
388.512970      1384.2832031250
388.876678      1432.5721435547
389.240417      1322.1973876953
389.604065      1407.2779541016
389.967712      1381.9837646484
390.331360      1423.3742675781
390.694885      1388.8822021484
391.058411      1400.3795166016
391.421906      1388.8822021484
391.785370      1375.0853271484
392.148743      1352.0905761719
392.512115      1414.1763916016
392.875488      1375.0853271484
393.238739      1395.7805175781
393.602051      1381.9837646484
393.965240      1375.0853271484
394.328430      1363.5878906250
394.691559      1358.9890136719
395.054657      1370.4863281250
395.417725      1329.0958251953
395.780731      1391.1816406250
396.143738      1361.2884521484
396.506653      1388.8822021484
396.869568      1411.8768310547
397.232422      1404.9785156250
397.595245      1414.1763916016
397.958069      1278.5074462891
398.320770      1395.7805175781
398.683533      1379.6842041016
399.046204      1400.3795166016
399.408813      1391.1816406250
399.771454      1395.7805175781
400.133972      1425.6737060547
400.496521      1402.6789550781
400.859009      1349.7911376953
401.221436      1398.0800781250
401.583832      1356.6895751953
401.946198      1368.1868896484
402.308563      1434.8715820313
402.670807      1356.6895751953
403.033051      1370.4863281250
403.395294      1358.9890136719
403.757416      1460.1658935547
404.119568      1432.5721435547
404.481659      1393.4810791016
404.843719      1393.4810791016
405.205719      1381.9837646484
405.567719      1409.5773925781
405.929657      1409.5773925781
406.291534      1372.7858886719
406.653442      1335.9942626953
407.015228      1453.2674560547
407.377014      1400.3795166016
407.738739      1377.3847656250
408.100464      1356.6895751953
408.462128      1375.0853271484
408.823730      1398.0800781250
409.185364      1407.2779541016
409.546875      1418.7752685547
409.908386      1398.0800781250
410.269867      1363.5878906250
410.631287      1460.1658935547
410.992676      1450.9678955078
411.354034      1386.5826416016
411.715363      1375.0853271484
412.076630      1444.0695800781
412.437866      1448.6684570313
412.799072      1400.3795166016
413.160217      1361.2884521484
413.521362      1347.4915771484
413.882416      1361.2884521484
414.243469      1398.0800781250
414.604462      1437.1711425781
414.965424      1386.5826416016
415.326355      1421.0748291016
415.687225      1402.6789550781
416.048096      1308.4005126953
416.408875      1434.8715820313
416.769653      1361.2884521484
417.130402      1354.3900146484
417.491058      1299.2026367188
417.851715      1386.5826416016
418.212311      1384.2832031250
418.572906      1423.3742675781
418.933411      1393.4810791016
419.293945      1335.9942626953
419.654388      1381.9837646484
420.014801      1434.8715820313
420.375183      1372.7858886719
420.735504      1356.6895751953
421.095825      1381.9837646484
421.456055      1453.2674560547
421.816315      1490.0589599609
422.176453      1441.7700195313
422.536621      1414.1763916016
422.896729      1393.4810791016
423.256775      1368.1868896484
423.616821      1377.3847656250
423.976807      1434.8715820313
424.336731      1446.3690185547
424.696625      1358.9890136719
425.056488      1439.4705810547
425.416351      1430.2727050781
425.776093      1361.2884521484
426.135864      1421.0748291016
426.495575      1345.1921386719
426.855225      1379.6842041016
427.214874      1439.4705810547
427.574432      1402.6789550781
427.934052      1496.9573974609
428.293518      1409.5773925781
428.653015      1375.0853271484
429.012421      1404.9785156250
429.371826      1381.9837646484
429.731232      1398.0800781250
430.090485      1416.4758300781
430.449799      1395.7805175781
430.808990      1462.4653320313
431.168213      1411.8768310547
431.527374      1434.8715820313
431.886475      1372.7858886719
432.245605      1358.9890136719
432.604584      1411.8768310547
432.963623      1358.9890136719
433.322571      1363.5878906250
433.681488      1395.7805175781
434.040344      1427.9732666016
434.399200      1358.9890136719
434.758026      1434.8715820313
435.116760      1361.2884521484
435.475494      1450.9678955078
435.834198      1430.2727050781
436.192841      1326.7963867188
436.551453      1480.8610839844
436.910004      1395.7805175781
437.268555      1377.3847656250
437.627014      1404.9785156250
437.985474      1379.6842041016
438.343903      1262.4111328125
438.702240      1464.7647705078
439.060577      1404.9785156250
439.418854      1379.6842041016
439.777130      1340.5932617188
440.135315      1352.0905761719
440.493500      1331.3952636719
440.851654      1361.2884521484
441.209717      1370.4863281250
441.567810      1381.9837646484
441.925781      1308.4005126953
442.283783      1418.7752685547
442.641663      1391.1816406250
442.999573      1398.0800781250
443.357483      1361.2884521484
443.715240      1354.3900146484
444.073029      1418.7752685547
444.430725      1432.5721435547
444.788452      1395.7805175781
445.146149      1347.4915771484
445.503723      1414.1763916016
445.861359      1473.9626464844
446.218842      1391.1816406250
446.576355      1398.0800781250
446.933777      1363.5878906250
447.291199      1402.6789550781
447.648621      1423.3742675781
448.005920      1335.9942626953
448.363251      1352.0905761719
448.720459      1404.9785156250
449.077728      1444.0695800781
449.434875      1398.0800781250
449.792023      1427.9732666016
450.149170      1381.9837646484
450.506195      1430.2727050781
450.863220      1407.2779541016
451.220184      1423.3742675781
451.577118      1381.9837646484
451.933990      1439.4705810547
452.290894      1407.2779541016
452.647736      1416.4758300781
453.004456      1395.7805175781
453.361237      1437.1711425781
453.717926      1414.1763916016
454.074585      1361.2884521484
454.431244      1352.0905761719
454.787811      1384.2832031250
455.144379      1421.0748291016
455.500824      1347.4915771484
455.857300      1354.3900146484
456.213715      1469.3637695313
456.570099      1365.8874511719
456.926483      1425.6737060547
457.282745      1411.8768310547
457.639038      1361.2884521484
457.995209      1391.1816406250
458.351440      1411.8768310547
458.707550      1356.6895751953
459.063660      1368.1868896484
459.419769      1379.6842041016
459.775757      1342.8927001953
460.131744      1402.6789550781
460.487671      1363.5878906250
460.843597      1476.2622070313
461.199493      1388.8822021484
461.555267      1460.1658935547
461.911072      1402.6789550781
462.266785      1372.7858886719
462.622498      1427.9732666016
462.978119      1407.2779541016
463.333771      1386.5826416016
463.689392      1370.4863281250
464.044891      1356.6895751953
464.400421      1312.9995117188
464.755859      1434.8715820313
465.111298      1400.3795166016
465.466675      1398.0800781250
465.821991      1370.4863281250
466.177338      1409.5773925781
466.532562      1423.3742675781
466.887817      1437.1711425781
467.242981      1421.0748291016
467.598114      1418.7752685547
467.953247      1434.8715820313
468.308289      1414.1763916016
468.663330      1381.9837646484
469.018280      1432.5721435547
469.373230      1345.1921386719
469.728119      1450.9678955078
470.082977      1409.5773925781
470.437836      1453.2674560547
470.792572      1363.5878906250
471.147339      1439.4705810547
471.502014      1393.4810791016
471.856720      1404.9785156250
472.211273      1370.4863281250
472.565918      1391.1816406250
472.920471      1317.5985107422
473.274933      1338.2937011719
473.629395      1340.5932617188
473.983795      1398.0800781250
474.338165      1400.3795166016
474.692505      1356.6895751953
475.046814      1375.0853271484
475.401123      1379.6842041016
475.755280      1356.6895751953
476.109497      1409.5773925781
476.463593      1416.4758300781
476.817688      1956.8521728516
477.171783      1473.9626464844
477.525757      1372.7858886719
477.879761      1483.1605224609
478.233673      1379.6842041016
478.587585      1331.3952636719
478.941406      1418.7752685547
479.295258      1439.4705810547
479.649048      1375.0853271484
480.002747      1375.0853271484
480.356445      1446.3690185547
480.710052      1352.0905761719
481.063690      1370.4863281250
481.417236      1372.7858886719
481.770782      1372.7858886719
482.124329      1381.9837646484
482.477722      1345.1921386719
482.831177      1377.3847656250
483.184509      1393.4810791016
483.537842      1411.8768310547
483.891144      1395.7805175781
484.244385      1407.2779541016
484.597626      1393.4810791016
484.950714      1391.1816406250
485.303894      1368.1868896484
485.656921      1322.1973876953
486.010010      1402.6789550781
486.363068      1453.2674560547
486.715973      1358.9890136719
487.068909      1388.8822021484
487.421783      1354.3900146484
487.774628      1404.9785156250
488.127411      1411.8768310547
488.480194      1349.7911376953
488.832947      1450.9678955078
489.185577      1379.6842041016
489.538239      1361.2884521484
489.890839      1427.9732666016
490.243378      1416.4758300781
490.595917      1386.5826416016
490.948395      1345.1921386719
491.300842      1379.6842041016
491.653198      1414.1763916016
492.005585      1414.1763916016
492.357880      1375.0853271484
492.710144      1400.3795166016
493.062439      1379.6842041016
493.414581      1381.9837646484
493.766754      1395.7805175781
494.118835      1460.1658935547
494.470917      1306.1010742188
494.822937      1308.4005126953
495.174927      1370.4863281250
495.526917      1342.8927001953
495.878784      1402.6789550781
496.230682      1368.1868896484
496.582489      1416.4758300781
496.934296      1398.0800781250
497.285980      1257.8121337891
497.637695      1347.4915771484
497.989410      1441.7700195313
498.340973      1375.0853271484
498.692596      1384.2832031250
499.044128      1416.4758300781
499.395630      1329.0958251953
499.747101      1375.0853271484
500.098480      1423.3742675781
500.449921      1400.3795166016
500.801208      1393.4810791016
501.152527      1365.8874511719
501.503754      1342.8927001953
501.854980      1395.7805175781
502.206177      1427.9732666016
502.557281      1361.2884521484
502.908386      1361.2884521484
503.259430      1441.7700195313
503.610443      1430.2727050781
503.961365      1347.4915771484
504.312317      1434.8715820313
504.663239      1352.0905761719
505.014069      1381.9837646484
505.364899      1400.3795166016
505.715607      1338.2937011719
506.066376      1381.9837646484
506.417084      1342.8927001953
506.767670      1377.3847656250
507.118317      1402.6789550781
507.468842      1381.9837646484
507.819397      1430.2727050781
508.169830      1418.7752685547
508.520294      1393.4810791016
508.870697      1432.5721435547
509.221039      1407.2779541016
509.571381      1414.1763916016
509.921631      1448.6684570313
510.271851      1377.3847656250
510.622009      1427.9732666016
510.972198      1402.6789550781
511.322327      1391.1816406250
511.672394      1310.7000732422
512.022461      1335.9942626953
512.372375      1386.5826416016
512.722351      1453.2674560547
513.072266      1400.3795166016
513.422058      1407.2779541016
513.771912      1379.6842041016
514.121704      1379.6842041016
514.471436      1411.8768310547
514.821167      1363.5878906250
515.170776      1324.4968261719
515.520447      1455.5668945313
515.869995      1409.5773925781
516.219543      1384.2832031250
516.569031      1368.1868896484
516.918518      1430.2727050781
517.267822      1349.7911376953
517.617249      1333.6948242188
517.966614      1402.6789550781
518.315796      1310.7000732422
518.665161      1402.6789550781
519.014282      1432.5721435547
519.363464      1391.1816406250
519.712585      1402.6789550781
520.061646      1386.5826416016
520.410706      1388.8822021484
520.759705      1285.4058837891
521.108704      1425.6737060547
521.457520      1393.4810791016
521.806458      1375.0853271484
522.155334      1400.3795166016
522.504089      1342.8927001953
522.852844      1349.7911376953
523.201538      1372.7858886719
523.550232      1354.3900146484
523.898804      1342.8927001953
524.247437      1340.5932617188
524.596008      1388.8822021484
524.944458      1375.0853271484
525.292969      1398.0800781250
525.641357      1326.7963867188
525.989746      1365.8874511719
526.338074      1375.0853271484
526.686401      1444.0695800781
527.034607      1480.8610839844
527.382813      1404.9785156250
527.731018      1363.5878906250
528.079102      1375.0853271484
528.427246      1441.7700195313
528.775330      1347.4915771484
529.123291      1432.5721435547
529.471252      1416.4758300781
529.819153      1404.9785156250
530.167053      1395.7805175781
530.514832      1430.2727050781
530.862732      1352.0905761719
531.210510      1407.2779541016
531.558167      1372.7858886719
531.905884      1352.0905761719
532.253479      1384.2832031250
532.601074      1393.4810791016
532.948608      1448.6684570313
533.296143      1372.7858886719
533.643616      1326.7963867188
533.991028      1425.6737060547
534.338379      1448.6684570313
534.685730      1384.2832031250
535.033081      1388.8822021484
535.380371      1483.1605224609
535.727478      1416.4758300781
536.074707      1363.5878906250
536.421875      1319.8979492188
536.768921      1358.9890136719
537.115967      1356.6895751953
537.463013      1384.2832031250
537.809998      1430.2727050781
538.156860      1354.3900146484
538.503784      1361.2884521484
538.850647      1347.4915771484
539.197449      1400.3795166016
539.544189      1340.5932617188
539.890930      1430.2727050781
540.237610      1430.2727050781
540.584229      1409.5773925781
540.930847      1404.9785156250
541.277344      1391.1816406250
541.623901      1386.5826416016
541.970337      1416.4758300781
542.316772      1437.1711425781
542.663208      1381.9837646484
543.009521      1411.8768310547
543.355835      1377.3847656250
543.702026      1441.7700195313
544.048279      1354.3900146484
544.394470      1414.1763916016
544.740601      1342.8927001953
545.086731      1393.4810791016
545.432739      1372.7858886719
545.778809      1365.8874511719
546.124695      1430.2727050781
546.470703      1391.1816406250
546.816589      1467.0642089844
547.162415      1490.0589599609
547.508240      1398.0800781250
547.853943      1395.7805175781
548.199646      1441.7700195313
548.545349      1338.2937011719
548.890930      1379.6842041016
549.236633      1391.1816406250
549.582092      1416.4758300781
549.927673      1441.7700195313
550.273071      1453.2674560547
550.618530      1409.5773925781
550.963928      1434.8715820313
551.309204      1400.3795166016
551.654602      1467.0642089844
551.999756      1388.8822021484
552.345093      1303.8016357422
552.690186      1407.2779541016
553.035339      1421.0748291016
553.380493      1409.5773925781
553.725464      1326.7963867188
554.070496      1432.5721435547
554.415405      1386.5826416016
554.760376      1404.9785156250
555.105225      1418.7752685547
555.450073      1324.4968261719
555.794922      1409.5773925781
556.139648      1340.5932617188
556.484375      1303.8016357422
556.828979      1411.8768310547
557.173645      1393.4810791016
557.518311      1400.3795166016
557.862793      1361.2884521484
558.207275      1418.7752685547
558.551697      1368.1868896484
558.896118      1439.4705810547
559.240479      1439.4705810547
559.584839      1379.6842041016
559.929199      1432.5721435547
560.273376      1365.8874511719
560.617676      1391.1816406250
560.961792      1354.3900146484
561.305908      1439.4705810547
561.649963      1388.8822021484
561.994019      1294.6037597656
562.338074      1425.6737060547
562.682007      1434.8715820313
563.025879      1421.0748291016
563.369751      1361.2884521484
563.713623      1356.6895751953
564.057373      1269.3095703125
564.401123      1338.2937011719
564.744873      1361.2884521484
565.088501      1361.2884521484
565.432129      1450.9678955078
565.775635      1365.8874511719
566.119263      1370.4863281250
566.462769      1308.4005126953
566.806152      1340.5932617188
567.149597      1423.3742675781
567.492920      1347.4915771484
567.836243      1395.7805175781
568.179504      1308.4005126953
568.522827      1358.9890136719
568.866028      1377.3847656250
569.209106      1411.8768310547
569.552307      1358.9890136719
569.895325      1444.0695800781
570.238403      1400.3795166016
570.581299      1361.2884521484
570.924255      1453.2674560547
571.267212      1345.1921386719
571.609985      1404.9785156250
571.952881      1370.4863281250
572.295593      1361.2884521484
572.638367      1409.5773925781
572.981079      1352.0905761719
573.323730      1416.4758300781
573.666260      1361.2884521484
574.008850      1427.9732666016
574.351440      1423.3742675781
574.693848      1409.5773925781
575.036255      1432.5721435547
575.378723      1393.4810791016
575.721008      1391.1816406250
576.063354      1331.3952636719
576.405579      1384.2832031250
576.747803      1335.9942626953
577.090027      1411.8768310547
577.432129      1368.1868896484
577.774231      1393.4810791016
578.116272      1411.8768310547
578.458313      1352.0905761719
578.800232      1379.6842041016
579.142212      1370.4863281250
579.484070      1423.3742675781
579.825928      1381.9837646484
580.167725      1434.8715820313
580.509460      1372.7858886719
580.851196      1372.7858886719
581.192810      1379.6842041016
581.534485      1347.4915771484
581.876099      1361.2884521484
582.217590      1457.8663330078
582.559143      1363.5878906250
582.900574      1407.2779541016
583.242004      1411.8768310547
583.583313      1345.1921386719
583.924683      1400.3795166016
584.265991      1393.4810791016
584.607239      1381.9837646484
584.948425      1388.8822021484
585.289551      1322.1973876953
585.630737      1455.5668945313
585.971802      1377.3847656250
586.312805      1398.0800781250
586.653870      1418.7752685547
586.994751      1388.8822021484
587.335693      1377.3847656250
587.676453      1400.3795166016
588.017334      1347.4915771484
588.358154      1361.2884521484
588.698853      1370.4863281250
589.039551      1404.9785156250
589.380188      1450.9678955078
589.720825      1347.4915771484
590.061340      1487.7595214844
590.401917      1444.0695800781
590.742432      1338.2937011719
591.082825      1342.8927001953
591.423218      1361.2884521484
591.763550      1423.3742675781
592.103882      1388.8822021484
592.444092      1404.9785156250
592.784363      1416.4758300781
593.124512      1425.6737060547
593.464600      1469.3637695313
593.804749      1363.5878906250
594.144775      1407.2779541016
594.484802      1496.9573974609
594.824829      1464.7647705078
595.164734      1324.4968261719
595.504578      1361.2884521484
595.844360      1439.4705810547
596.184204      1368.1868896484
596.523926      1391.1816406250
596.863647      1425.6737060547
597.203369      1333.6948242188
597.542969      1414.1763916016
597.882507      1361.2884521484
598.222046      1444.0695800781
598.561584      1414.1763916016
598.901001      1391.1816406250
599.240417      1404.9785156250
599.579834      1416.4758300781
599.919067      1372.7858886719
600.258423      1349.7911376953
600.597595      1352.0905761719
600.936829      1388.8822021484
601.276001      1480.8610839844
601.615051      1407.2779541016
601.954163      1377.3847656250
602.293091      1326.7963867188
602.632141      1441.7700195313
602.971069      1372.7858886719
603.309998      1411.8768310547
603.648865      1418.7752685547
603.987610      1370.4863281250
604.326416      1411.8768310547
604.665100      1368.1868896484
605.003845      1375.0853271484
605.342407      1361.2884521484
605.680969      1370.4863281250
606.019592      1464.7647705078
606.358093      1467.0642089844
606.696533      1425.6737060547
607.034973      1467.0642089844
607.373291      1395.7805175781
607.711609      1345.1921386719
608.049927      1361.2884521484
608.388245      1345.1921386719
608.726379      1370.4863281250
609.064575      1398.0800781250
609.402710      1409.5773925781
609.740723      1450.9678955078
610.078796      1407.2779541016
610.416748      1340.5932617188
610.754761      1444.0695800781
611.092590      1457.8663330078
611.430481      1409.5773925781
611.768311      1450.9678955078
612.106018      1407.2779541016
612.443787      1473.9626464844
612.781494      1375.0853271484
613.119141      1345.1921386719
613.456726      1411.8768310547
613.794250      1398.0800781250
614.131775      1439.4705810547
614.469299      1365.8874511719
614.806763      1358.9890136719
615.144043      1386.5826416016
615.481384      1407.2779541016
615.818726      1375.0853271484
616.156006      1384.2832031250
616.493225      1375.0853271484
616.830322      1437.1711425781
617.167480      1434.8715820313
617.504578      1342.8927001953
617.841614      1427.9732666016
618.178528      1368.1868896484
618.515503      1409.5773925781
618.852478      1407.2779541016
619.189270      1340.5932617188
619.526184      1409.5773925781
619.862854      1450.9678955078
620.199646      1407.2779541016
620.536316      1384.2832031250
620.872986      1384.2832031250
621.209595      1356.6895751953
621.546143      1379.6842041016
621.882629      1414.1763916016
622.219116      1361.2884521484
622.555542      1430.2727050781
622.892029      1358.9890136719
623.228333      1427.9732666016
623.564636      1345.1921386719
623.900818      1418.7752685547
624.237061      1363.5878906250
624.573242      1404.9785156250
624.909363      1430.2727050781
625.245483      1416.4758300781
625.581482      1473.9626464844
625.917480      1388.8822021484
626.253418      1453.2674560547
626.589355      1372.7858886719
626.925171      1402.6789550781
627.261047      1372.7858886719
627.596863      1381.9837646484
627.932556      1398.0800781250
628.268250      1352.0905761719
628.603882      1264.7105712891
628.939514      1379.6842041016
629.275024      1404.9785156250
629.610596      1365.8874511719
629.946045      1372.7858886719
630.281494      1400.3795166016
630.616882      1402.6789550781
630.952209      1395.7805175781
631.287537      1407.2779541016
631.622803      1418.7752685547
631.958008      1352.0905761719
632.293213      1375.0853271484
632.628296      1402.6789550781
632.963379      1444.0695800781
633.298401      1358.9890136719
633.633423      1404.9785156250
633.968384      1421.0748291016
634.303284      1400.3795166016
634.638123      1416.4758300781
634.972900      1414.1763916016
635.307739      1483.1605224609
635.642456      1379.6842041016
635.977112      1457.8663330078
636.311829      1377.3847656250
636.646362      1432.5721435547
636.980957      1345.1921386719
637.315430      1398.0800781250
637.649963      1448.6684570313
637.984436      1379.6842041016
638.318726      1368.1868896484
638.653137      1370.4863281250
638.987366      1358.9890136719
639.321655      1372.7858886719
639.655823      1437.1711425781
639.990051      1365.8874511719
640.324158      1425.6737060547
640.658203      1368.1868896484
640.992249      1492.3585205078
641.326172      1398.0800781250
641.660156      1386.5826416016
641.994019      1379.6842041016
642.327942      1306.1010742188
642.661804      1411.8768310547
642.995483      1409.5773925781
643.329224      1349.7911376953
643.662964      1430.2727050781
643.996582      1386.5826416016
644.330200      1375.0853271484
644.663696      1411.8768310547
644.997253      1365.8874511719
645.330688      1416.4758300781
645.664124      1329.0958251953
645.997437      1425.6737060547
646.330811      1388.8822021484
646.664124      1423.3742675781
646.997375      1416.4758300781
647.330566      1453.2674560547
647.663696      1473.9626464844
647.996826      1315.2989501953
648.329895      1407.2779541016
648.662903      1379.6842041016
648.995911      1391.1816406250
649.328796      1398.0800781250
649.661682      1365.8874511719
649.994568      1345.1921386719
650.327393      1349.7911376953
650.660095      1379.6842041016
650.992859      1400.3795166016
651.325500      1407.2779541016
651.658142      1361.2884521484
651.990723      1331.3952636719
652.323242      1322.1973876953
652.655762      1416.4758300781
652.988220      1375.0853271484
653.320618      1437.1711425781
653.652954      1379.6842041016
653.985291      1386.5826416016
654.317566      1384.2832031250
654.649780      1384.2832031250
654.981995      1407.2779541016
655.314148      1384.2832031250
655.646240      1425.6737060547
655.978271      1441.7700195313
656.310303      1400.3795166016
656.642273      1450.9678955078
656.974182      1381.9837646484
657.306091      1361.2884521484
657.637939      1434.8715820313
657.969666      1361.2884521484
658.301453      1368.1868896484
658.633179      1340.5932617188
658.964844      1386.5826416016
659.296448      1409.5773925781
659.627991      1384.2832031250
659.959534      1407.2779541016
660.291016      1381.9837646484
660.622437      1340.5932617188
660.953796      1464.7647705078
661.285156      1425.6737060547
661.616516      1386.5826416016
661.947754      1388.8822021484
662.278931      1414.1763916016
662.610107      1423.3742675781
662.941284      1345.1921386719
663.272339      1407.2779541016
663.603394      1473.9626464844
663.934387      1303.8016357422
664.265320      1368.1868896484
664.596252      1508.4548339844
664.927063      1365.8874511719
665.257935      1363.5878906250
665.588684      1393.4810791016
665.919434      1331.3952636719
666.250061      1391.1816406250
666.580688      1414.1763916016
666.911316      1421.0748291016
667.241821      1356.6895751953
667.572327      1395.7805175781
667.902832      1347.4915771484
668.233276      1315.2989501953
668.563660      1453.2674560547
668.893982      1280.8068847656
669.224243      1361.2884521484
669.554504      1444.0695800781
669.884705      1437.1711425781
670.214844      1402.6789550781
670.544922      1460.1658935547
670.875000      1411.8768310547
671.205078      1423.3742675781
671.534973      1437.1711425781
671.864929      1388.8822021484
672.194824      1319.8979492188
672.524658      1340.5932617188
672.854431      1418.7752685547
673.184204      1363.5878906250
673.513916      1414.1763916016
673.843567      1375.0853271484
674.173218      1375.0853271484
674.502747      1393.4810791016
674.832275      1354.3900146484
675.161804      1425.6737060547
675.491211      1402.6789550781
675.820679      1418.7752685547
676.149963      1356.6895751953
676.479248      1338.2937011719
676.808533      1352.0905761719
677.137756      1368.1868896484
677.466919      1377.3847656250
677.796021      1411.8768310547
678.125122      1430.2727050781
678.454163      1386.5826416016
678.783142      1398.0800781250
679.112122      1448.6684570313
679.440979      1407.2779541016
679.769897      1388.8822021484
680.098694      1421.0748291016
680.427490      1407.2779541016
680.756165      1471.6632080078
681.084900      1936.1568603516
681.413513      1432.5721435547
681.742065      1398.0800781250
682.070679      1370.4863281250
682.399170      1485.4600830078
682.727600      1432.5721435547
683.056030      1430.2727050781
683.384399      1427.9732666016
683.712708      1432.5721435547
684.040955      1395.7805175781
684.369263      1421.0748291016
684.697388      1402.6789550781
685.025574      1340.5932617188
685.353638      1372.7858886719
685.681702      1322.1973876953
686.009766      1418.7752685547
686.337708      1462.4653320313
686.665588      1409.5773925781
686.993469      1375.0853271484
687.321289      1395.7805175781
687.649048      1340.5932617188
687.976807      1393.4810791016
688.304565      1338.2937011719
688.632141      1370.4863281250
688.959839      1384.2832031250
689.287354      1370.4863281250
689.614868      1398.0800781250
689.942383      1368.1868896484
690.269775      1386.5826416016
690.597168      1407.2779541016
690.924500      1345.1921386719
691.251770      1349.7911376953
691.578979      1356.6895751953
691.906250      1352.0905761719
692.233398      1455.5668945313
692.560486      1411.8768310547
692.887573      1402.6789550781
693.214539      1363.5878906250
693.541565      1418.7752685547
693.868469      1345.1921386719
694.195374      1402.6789550781
694.522217      1450.9678955078
694.849060      1407.2779541016
695.175781      1377.3847656250
695.502441      1423.3742675781
695.829163      1317.5985107422
696.155823      1437.1711425781
696.482300      1381.9837646484
696.808899      1388.8822021484
697.135315      1386.5826416016
697.461792      1372.7858886719
697.788147      1347.4915771484
698.114563      1400.3795166016
698.440857      1421.0748291016
698.767029      1400.3795166016
699.093323      1402.6789550781
699.419495      1414.1763916016
699.745605      1423.3742675781
700.071655      1409.5773925781
700.397705      1441.7700195313
700.723694      1414.1763916016
701.049622      1356.6895751953
701.375549      1345.1921386719
701.701355      1444.0695800781
702.027222      1462.4653320313
702.352905      1402.6789550781
702.678711      1416.4758300781
703.004395      1395.7805175781
703.329956      1363.5878906250
703.655579      1363.5878906250
703.981018      1448.6684570313
704.306580      1358.9890136719
704.632080      1402.6789550781
704.957397      1388.8822021484
705.282776      1427.9732666016
705.608093      1427.9732666016
705.933350      1347.4915771484
706.258545      1363.5878906250
706.583740      1395.7805175781
706.908875      1407.2779541016
707.233948      1414.1763916016
707.559021      1352.0905761719
707.883972      1365.8874511719
708.208984      1404.9785156250
708.533813      1421.0748291016
708.858704      1324.4968261719
709.183533      1347.4915771484
709.508240      1386.5826416016
709.833008      1395.7805175781
710.157654      1386.5826416016
710.482300      1409.5773925781
710.806885      1411.8768310547
711.131409      1460.1658935547
711.455933      1342.8927001953
711.780334      1404.9785156250
712.104797      1467.0642089844
712.429138      1388.8822021484
712.753479      1404.9785156250
713.077759      1301.5021972656
713.401917      1398.0800781250
713.726135      1404.9785156250
714.050232      1393.4810791016
714.374329      1377.3847656250
714.698364      1391.1816406250
715.022339      1388.8822021484
715.346313      1393.4810791016
715.670166      1384.2832031250
715.994080      1423.3742675781
716.317871      1437.1711425781
716.641663      1377.3847656250
716.965393      1464.7647705078
717.289001      1381.9837646484
717.612732      1453.2674560547
717.936279      1425.6737060547
718.259827      1381.9837646484
718.583313      1322.1973876953
718.906738      1391.1816406250
719.230225      1368.1868896484
719.553528      1315.2989501953
719.876892      1418.7752685547
720.200134      1361.2884521484
720.523315      1340.5932617188
720.846497      1365.8874511719
721.169617      1368.1868896484
721.492737      1407.2779541016
721.815735      1331.3952636719
722.138733      1386.5826416016
722.461670      1418.7752685547
722.784607      1455.5668945313
723.107544      1358.9890136719
723.430298      1404.9785156250
723.753113      1409.5773925781
724.075745      1342.8927001953
724.398438      1384.2832031250
724.721008      1526.8505859375
725.043640      1460.1658935547
725.366211      1414.1763916016
725.688660      1404.9785156250
726.011169      1358.9890136719
726.333496      1361.2884521484
726.655884      1356.6895751953
726.978149      1356.6895751953
727.300476      1411.8768310547
727.622681      1379.6842041016
727.944824      1467.0642089844
728.266968      1439.4705810547
728.589050      1377.3847656250
728.911133      1326.7963867188
729.233032      1386.5826416016
729.554993      1347.4915771484
729.876953      1425.6737060547
730.198792      1381.9837646484
730.520569      1400.3795166016
730.842346      1418.7752685547
731.164063      1395.7805175781
731.485718      1342.8927001953
731.807373      1342.8927001953
732.128967      1379.6842041016
732.450439      1421.0748291016
732.771973      1381.9837646484
733.093323      1460.1658935547
733.414795      1464.7647705078
733.736145      1395.7805175781
734.057373      1379.6842041016
734.378662      1450.9678955078
734.699890      1377.3847656250
735.021057      1352.0905761719
735.342163      1434.8715820313
735.663269      1381.9837646484
735.984314      1356.6895751953
736.305237      1398.0800781250
736.626160      1457.8663330078
736.947083      1414.1763916016
737.267883      1421.0748291016
737.588745      1354.3900146484
737.909485      1347.4915771484
738.230225      1375.0853271484
738.550781      1358.9890136719
738.871460      1425.6737060547
739.192017      1386.5826416016
739.512573      1398.0800781250
739.833069      1338.2937011719
740.153442      1444.0695800781
740.473877      1363.5878906250
740.794128      1331.3952636719
741.114441      1370.4863281250
741.434692      1398.0800781250
741.754883      1381.9837646484
742.075073      1375.0853271484
742.395142      1391.1816406250
742.715210      1409.5773925781
743.035217      1335.9942626953
743.355225      1437.1711425781
743.675049      1476.2622070313
743.994995      1462.4653320313
744.314880      1368.1868896484
744.634583      1312.9995117188
744.954407      1375.0853271484
745.273987      1391.1816406250
745.593689      1457.8663330078
745.913330      1414.1763916016
746.232849      1294.6037597656
746.552368      1370.4863281250
746.871826      1400.3795166016
747.191223      1409.5773925781
747.510559      1400.3795166016
747.829956      1467.0642089844
748.149231      1455.5668945313
748.468384      1285.4058837891
748.787659      1430.2727050781
749.106750      1421.0748291016
749.425842      1414.1763916016
749.744873      1365.8874511719
750.063904      1391.1816406250
750.382874      1423.3742675781
750.701721      1347.4915771484
751.020630      1347.4915771484
751.339417      1335.9942626953
751.658203      1331.3952636719
751.976990      1335.9942626953
752.295593      1437.1711425781
752.614258      1372.7858886719
752.932800      1370.4863281250
753.251404      1411.8768310547
753.569824      1402.6789550781
753.888306      1418.7752685547
754.206726      1358.9890136719
754.525024      1358.9890136719
754.843323      1411.8768310547
755.161621      1386.5826416016
755.479797      1377.3847656250
755.797974      1365.8874511719
756.116089      1409.5773925781
756.434204      1345.1921386719
756.752197      1296.9031982422
757.070190      1400.3795166016
757.388123      1303.8016357422
757.705994      1418.7752685547
758.023865      1379.6842041016
758.341675      1395.7805175781
758.659363      1404.9785156250
758.977112      1377.3847656250
759.294739      1430.2727050781
759.612305      1400.3795166016
759.929932      1377.3847656250
760.247498      1423.3742675781
760.564880      1347.4915771484
760.882385      1326.7963867188
761.199707      1409.5773925781
761.517090      1370.4863281250
761.834290      1464.7647705078
762.151611      1326.7963867188
762.468811      1375.0853271484
762.785889      1414.1763916016
763.103027      1448.6684570313
763.420044      1418.7752685547
763.737061      1402.6789550781
764.054077      1395.7805175781
764.370972      1361.2884521484
764.687805      1409.5773925781
765.004639      1356.6895751953
765.321411      1352.0905761719
765.638123      1404.9785156250
765.954834      1391.1816406250
766.271484      1457.8663330078
766.588074      1345.1921386719
766.904602      1358.9890136719
767.221069      1404.9785156250
767.537537      1358.9890136719
767.853882      1437.1711425781
768.170288      1358.9890136719
768.486572      1340.5932617188
768.802856      1395.7805175781
769.119080      1368.1868896484
769.435181      1370.4863281250
769.751343      1398.0800781250
770.067322      1363.5878906250
770.383423      1370.4863281250
770.699402      1444.0695800781
771.015320      1421.0748291016
771.331238      1384.2832031250
771.647095      1409.5773925781
771.962891      1414.1763916016
772.278625      1416.4758300781
772.594299      1347.4915771484
772.909973      1414.1763916016
773.225586      1407.2779541016
773.541138      1418.7752685547
773.856567      1398.0800781250
774.172119      1444.0695800781
774.487549      1384.2832031250
774.802856      1335.9942626953
775.118286      1375.0853271484
775.433472      1434.8715820313
775.748718      1370.4863281250
776.063904      1414.1763916016
776.379028      1437.1711425781
776.694153      1393.4810791016
777.009155      1352.0905761719
777.324158      1386.5826416016
777.639099      1381.9837646484
777.954041      1393.4810791016
778.268921      1407.2779541016
778.583740      1338.2937011719
778.898499      1400.3795166016
779.213196      1384.2832031250
779.527832      1315.2989501953
779.842468      1393.4810791016
780.157043      1427.9732666016
780.471619      1375.0853271484
780.786072      1381.9837646484
781.100525      1439.4705810547
781.414856      1352.0905761719
781.729248      1388.8822021484
782.043457      1363.5878906250
782.357788      1388.8822021484
782.671997      1331.3952636719
782.986084      1375.0853271484
783.300293      1395.7805175781
783.614258      1349.7911376953
783.928345      1402.6789550781
784.242249      1437.1711425781
784.556213      1393.4810791016
784.870117      1388.8822021484
785.183899      1290.0047607422
785.497681      1416.4758300781
785.811340      1349.7911376953
786.125061      1446.3690185547
786.438721      1453.2674560547
786.752258      1384.2832031250
787.065857      1407.2779541016
787.379333      1381.9837646484
787.692810      1439.4705810547
788.006165      1322.1973876953
788.319519      1379.6842041016
788.632874      1379.6842041016
788.946106      1361.2884521484
789.259338      1384.2832031250
789.572449      1358.9890136719
789.885559      1400.3795166016
790.198608      1402.6789550781
790.511719      1377.3847656250
790.824707      1388.8822021484
791.137573      1361.2884521484
791.450500      1347.4915771484
791.763306      1411.8768310547
792.076111      1402.6789550781
792.388855      1391.1816406250
792.701538      1370.4863281250
793.014221      1342.8927001953
793.326782      1407.2779541016
793.639343      1356.6895751953
793.951843      1444.0695800781
794.264282      1404.9785156250
794.576721      1388.8822021484
794.889099      1423.3742675781
795.201416      1395.7805175781
795.513611      1402.6789550781
795.825867      1315.2989501953
796.138000      1386.5826416016
796.450195      1356.6895751953
796.762268      1377.3847656250
797.074280      1427.9732666016
797.386292      1356.6895751953
797.698181      1379.6842041016
798.010071      1333.6948242188
798.321960      1386.5826416016
798.633728      1448.6684570313
798.945496      1331.3952636719
799.257202      1379.6842041016
799.568787      1384.2832031250
799.880432      1381.9837646484
800.192017      1324.4968261719
800.503540      1319.8979492188
800.815002      1407.2779541016
801.126404      1372.7858886719
801.437744      1354.3900146484
801.749084      1377.3847656250
802.060364      1375.0853271484
802.371582      1379.6842041016
802.682800      1439.4705810547
802.993835      1464.7647705078
803.304993      1354.3900146484
803.615967      1414.1763916016
803.927002      1375.0853271484
804.237976      1356.6895751953
804.548828      1372.7858886719
804.859741      1434.8715820313
805.170471      1384.2832031250
805.481201      1404.9785156250
805.791931      1418.7752685547
806.102600      1365.8874511719
806.413208      1441.7700195313
806.723755      1441.7700195313
807.034241      1386.5826416016
807.344727      1404.9785156250
807.655151      1386.5826416016
807.965515      1354.3900146484
808.275879      1349.7911376953
808.586182      1423.3742675781
808.896362      1372.7858886719
809.206604      1384.2832031250
809.516663      1421.0748291016
809.826782      1377.3847656250
810.136780      1388.8822021484
810.446777      1370.4863281250
810.756775      1393.4810791016
811.066650      1287.7053222656
811.376465      1430.2727050781
811.686279      1372.7858886719
811.996033      1460.1658935547
812.305786      1345.1921386719
812.615417      1402.6789550781
812.924988      1427.9732666016
813.234558      1386.5826416016
813.544128      1370.4863281250
813.853516      1402.6789550781
814.162964      1361.2884521484
814.472351      1416.4758300781
814.781616      1368.1868896484
815.090942      1450.9678955078
815.400146      1377.3847656250
815.709351      1427.9732666016
816.018433      1427.9732666016
816.327515      1342.8927001953
816.636597      1381.9837646484
816.945557      1370.4863281250
817.254578      1345.1921386719
817.563416      1434.8715820313
817.872253      1441.7700195313
818.181091      1342.8927001953
818.489807      1414.1763916016
818.798523      1398.0800781250
819.107178      1361.2884521484
819.415833      1319.8979492188
819.724365      1347.4915771484
820.032837      1404.9785156250
820.341370      1434.8715820313
820.649719      1340.5932617188
820.958130      1335.9942626953
821.266357      1384.2832031250
821.574707      1340.5932617188
821.882874      1354.3900146484
822.191040      1372.7858886719
822.499207      1418.7752685547
822.807251      1386.5826416016
823.115356      1329.0958251953
823.423279      1446.3690185547
823.731262      1372.7858886719
824.039124      1372.7858886719
824.346985      1358.9890136719
824.654846      1386.5826416016
824.962524      1427.9732666016
825.270264      1365.8874511719
825.577820      1377.3847656250
825.885437      1423.3742675781
826.193054      1370.4863281250
826.500488      1427.9732666016
826.807983      1391.1816406250
827.115356      1407.2779541016
827.422729      1446.3690185547
827.729980      1409.5773925781
828.037292      1388.8822021484
828.344543      1388.8822021484
828.651733      1425.6737060547
828.958862      1398.0800781250
829.265869      1354.3900146484
829.572937      1326.7963867188
829.879883      1363.5878906250
830.186829      1414.1763916016
830.493713      1308.4005126953
830.800537      1421.0748291016
831.107361      1418.7752685547
831.414063      1434.8715820313
831.720764      1391.1816406250
832.027405      1404.9785156250
832.333984      1358.9890136719
832.640564      1430.2727050781
832.947021      1393.4810791016
833.253479      1421.0748291016
833.559814      1345.1921386719
833.866211      1349.7911376953
834.172546      1386.5826416016
834.478760      1407.2779541016
834.784973      1384.2832031250
835.091125      1430.2727050781
835.397278      1391.1816406250
835.703247      1363.5878906250
836.009277      1421.0748291016
836.315247      1372.7858886719
836.621155      1375.0853271484
836.927063      1363.5878906250
837.232849      1404.9785156250
837.538635      1393.4810791016
837.844421      1375.0853271484
838.150085      1391.1816406250
838.455688      1393.4810791016
838.761292      1439.4705810547
839.066833      1411.8768310547
839.372253      1427.9732666016
839.677734      1395.7805175781
839.983093      1384.2832031250
840.288391      1352.0905761719
840.593689      1393.4810791016
840.898926      1342.8927001953
841.204102      1379.6842041016
841.509277      1377.3847656250
841.814392      1372.7858886719
842.119446      1384.2832031250
842.424438      1368.1868896484
842.729370      1473.9626464844
843.034241      1414.1763916016
843.339111      1338.2937011719
843.643982      1388.8822021484
843.948669      1414.1763916016
844.253479      1354.3900146484
844.558105      1379.6842041016
844.862671      1446.3690185547
845.167236      1423.3742675781
845.471741      1427.9732666016
845.776245      1381.9837646484
846.080627      1375.0853271484
846.385071      1398.0800781250
846.689331      1370.4863281250
846.993591      1400.3795166016
847.297791      1393.4810791016
847.601990      1386.5826416016
847.906128      1388.8822021484
848.210205      1439.4705810547
848.514282      1411.8768310547
848.818237      1377.3847656250
849.122131      1363.5878906250
849.426025      1388.8822021484
849.729919      1370.4863281250
850.033691      1356.6895751953
850.337402      1347.4915771484
850.641113      1381.9837646484
850.944702      1375.0853271484
851.248352      1352.0905761719
851.551941      1391.1816406250
851.855347      1416.4758300781
852.158813      1386.5826416016
852.462219      1388.8822021484
852.765564      1331.3952636719
853.068848      1402.6789550781
853.372070      1395.7805175781
853.675354      1386.5826416016
853.978455      1375.0853271484
854.281555      1322.1973876953
854.584656      1381.9837646484
854.887634      1368.1868896484
855.190552      1427.9732666016
855.493530      1430.2727050781
855.796387      1418.7752685547
856.099182      1423.3742675781
856.401978      1379.6842041016
856.704651      1437.1711425781
857.007324      1372.7858886719
857.309998      1425.6737060547
857.612549      1441.7700195313
857.915100      1368.1868896484
858.217529      1434.8715820313
858.519958      1395.7805175781
858.822266      1345.1921386719
859.124634      1407.2779541016
859.426941      1414.1763916016
859.729187      1434.8715820313
860.031372      1414.1763916016
860.333435      1418.7752685547
860.635559      1391.1816406250
860.937622      1363.5878906250
861.239563      1338.2937011719
861.541504      1446.3690185547
861.843384      1372.7858886719
862.145264      1404.9785156250
862.446960      1358.9890136719
862.748779      1388.8822021484
863.050476      1421.0748291016
863.352051      1421.0748291016
863.653748      1421.0748291016
863.955200      1407.2779541016
864.256714      1476.2622070313
864.558167      1388.8822021484
864.859619      1354.3900146484
865.160950      1416.4758300781
865.462219      1453.2674560547
865.763489      1358.9890136719
866.064697      1377.3847656250
866.365845      1338.2937011719
866.666931      1407.2779541016
866.967957      1404.9785156250
867.269043      1398.0800781250
867.570007      1363.5878906250
867.870911      1411.8768310547
868.171692      1391.1816406250
868.472595      1407.2779541016
868.773254      1379.6842041016
869.074036      1402.6789550781
869.374695      1430.2727050781
869.675293      1391.1816406250
869.975891      1361.2884521484
870.276367      1381.9837646484
870.576843      1381.9837646484
870.877319      1386.5826416016
871.177612      1312.9995117188
871.477966      1448.6684570313
871.778198      1365.8874511719
872.078491      1349.7911376953
872.378601      1381.9837646484
872.678711      1425.6737060547
872.978882      1467.0642089844
873.278870      1437.1711425781
873.578857      1377.3847656250
873.878784      1386.5826416016
874.178650      1423.3742675781
874.478394      1393.4810791016
874.778259      1347.4915771484
875.078003      1427.9732666016
875.377625      1407.2779541016
875.677307      1368.1868896484
875.976868      1441.7700195313
876.276428      1384.2832031250
876.575928      1432.5721435547
876.875366      1391.1816406250
877.174744      1402.6789550781
877.474060      1421.0748291016
877.773376      1393.4810791016
878.072571      1448.6684570313
878.371826      1386.5826416016
878.670959      1322.1973876953
878.970032      1384.2832031250
879.269043      1306.1010742188
879.567993      1372.7858886719
879.867004      1384.2832031250
880.165894      1398.0800781250
880.464722      1425.6737060547
880.763550      1349.7911376953
881.062256      1358.9890136719
881.361023      1345.1921386719
881.659607      1363.5878906250
881.958252      1404.9785156250
882.256836      1444.0695800781
882.555298      1377.3847656250
882.853760      1370.4863281250
883.152100      1391.1816406250
883.450500      1402.6789550781
883.748779      1471.6632080078
884.047058      1404.9785156250
884.345276      1439.4705810547
884.643372      1377.3847656250
884.941528      1384.2832031250
885.239502      1386.5826416016
885.537598      1402.6789550781
885.835510      1409.5773925781
886.133423      1381.9837646484
886.431335      1375.0853271484
886.729065      1349.7911376953
887.026855      1414.1763916016
887.324524      1439.4705810547
887.622253      1377.3847656250
887.919800      1349.7911376953
888.217407      1361.2884521484
888.514954      1386.5826416016
888.812317      1407.2779541016
889.109802      1414.1763916016
889.407166      1423.3742675781
889.704407      1490.0589599609
890.001770      1368.1868896484
890.298889      1427.9732666016
890.596130      1326.7963867188
890.893188      1370.4863281250
891.190308      1377.3847656250
891.487244      1333.6948242188
