0.023000
190.260635         0.0000000000
190.642441         0.0000000000
191.024216      1568.8001708984
191.405975      1532.8905029297
191.787704      1521.6688232422
192.169403      1604.7097167969
192.551071      1548.6009521484
192.932724      1532.8905029297
193.314331      1573.2888183594
193.695923      1586.7548828125
194.077499      1544.1123046875
194.459030      1571.0444335938
194.840546      1582.2662353516
195.222031      1535.1348876953
195.603485      1568.8001708984
195.984909      1532.8905029297
196.366302      1517.1800537109
196.747681      1553.0897216797
197.129028      1593.4879150391
197.510345      1528.4018554688
197.891647      1530.6462402344
198.272919      1600.2210693359
198.654175      1512.6914062500
199.035355      1519.4244384766
199.416550      1582.2662353516
199.797714      1544.1123046875
200.178848      1526.1574707031
200.559937      1512.6914062500
200.941025      1532.8905029297
201.322083      1512.6914062500
201.703079      1483.5148925781
202.084091      1445.3609619141
202.465057      1512.6914062500
202.845993      1535.1348876953
203.226898      1510.4470214844
203.607788      1550.8453369141
203.988647      1564.3114013672
204.369461      1508.2026367188
204.750275      1575.5332031250
205.131042      1564.3114013672
205.511795      1611.4427490234
205.892517      1550.8453369141
206.273209      1562.0670166016
206.653870      1517.1800537109
207.034515      1474.5374755859
207.415115      1577.7774658203
207.795700      1586.7548828125
208.176254      1600.2210693359
208.556778      1539.6235351563
208.937271      1512.6914062500
209.317749      1548.6009521484
209.698196      1562.0670166016
210.078613      1566.5557861328
210.459000      1566.5557861328
210.839371      1488.0035400391
211.219696      1550.8453369141
211.600006      1501.4696044922
211.980286      1494.7365722656
212.360535      1472.2930908203
212.740768      1510.4470214844
213.120956      1494.7365722656
213.501129      1461.0714111328
213.881256      1456.5826416016
214.261383      1571.0444335938
214.641464      1544.1123046875
215.021530      1508.2026367188
215.401550      1526.1574707031
215.781570      1521.6688232422
216.161530      1508.2026367188
216.541504      1553.0897216797
216.921402      1568.8001708984
217.301315      1555.3339843750
217.681152      1539.6235351563
218.061005      1559.8227539063
218.440811      1503.7139892578
218.820587      1546.3565673828
219.200348      1517.1800537109
219.580078      1499.2253417969
219.959763      1541.8679199219
220.339432      1528.4018554688
220.719070      1526.1574707031
221.098694      1483.5148925781
221.478271      1512.6914062500
221.857819      1553.0897216797
222.237366      1530.6462402344
222.616867      1548.6009521484
222.996338      1573.2888183594
223.375778      1481.2705078125
223.755188      1548.6009521484
224.134583      1503.7139892578
224.513947      1597.9766845703
224.893265      1544.1123046875
225.272583      1546.3565673828
225.651855      1595.7322998047
226.031097      1458.8270263672
226.410339      1494.7365722656
226.789520      1512.6914062500
227.168686      1532.8905029297
227.547806      1479.0261230469
227.926926      1559.8227539063
228.306015      1537.3792724609
228.685059      1564.3114013672
229.064087      1512.6914062500
229.443069      1517.1800537109
229.822037      1580.0218505859
230.200989      1496.9809570313
230.579895      1499.2253417969
230.958786      1519.4244384766
231.337631      1573.2888183594
231.716461      1537.3792724609
232.095261      1488.0035400391
232.474030      1575.5332031250
232.852783      1512.6914062500
233.231476      1571.0444335938
233.610184      1564.3114013672
233.988831      1568.8001708984
234.367462      1485.7591552734
234.746048      1526.1574707031
235.124649      1526.1574707031
235.503159      1597.9766845703
235.881683      1463.3156738281
236.260162      1566.5557861328
236.638641      1548.6009521484
237.017075      1553.0897216797
237.395477      1624.9088134766
237.773834      1535.1348876953
238.152176      1501.4696044922
238.530502      1488.0035400391
238.908783      1510.4470214844
239.287048      1494.7365722656
239.665268      1458.8270263672
240.043472      1514.9357910156
240.421661      1562.0670166016
240.799805      1577.7774658203
241.177902      1548.6009521484
241.556000      1575.5332031250
241.934052      1600.2210693359
242.312088      1508.2026367188
242.690094      1600.2210693359
243.068054      1557.5783691406
243.446014      1546.3565673828
243.823929      1528.4018554688
244.201813      1512.6914062500
244.579666      1539.6235351563
244.957504      1519.4244384766
245.335297      1577.7774658203
245.713074      1568.8001708984
246.090820      1548.6009521484
246.468536      1483.5148925781
246.846207      1602.4653320313
247.223862      1562.0670166016
247.601501      1512.6914062500
247.979095      1494.7365722656
248.356674      1503.7139892578
248.734222      1494.7365722656
249.111725      1528.4018554688
249.489212      1521.6688232422
249.866669      1528.4018554688
250.244095      1530.6462402344
250.621506      1496.9809570313
250.998871      1582.2662353516
251.376221      1568.8001708984
251.753510      1557.5783691406
252.130814      1555.3339843750
252.508057      1512.6914062500
252.885284      1452.0939941406
253.262466      1606.9541015625
253.639648      1526.1574707031
254.016769      1492.4921875000
254.393906      1559.8227539063
254.770966      1510.4470214844
255.148026      1586.7548828125
255.525040      1503.7139892578
255.902054      1566.5557861328
256.278992      1517.1800537109
256.655945      1467.8044433594
257.032837      1476.7818603516
257.409729      1541.8679199219
257.786591      1537.3792724609
258.163391      1494.7365722656
258.540161      1541.8679199219
258.916962      1571.0444335938
259.293701      1532.8905029297
259.670380      1562.0670166016
260.047058      1519.4244384766
260.423706      1573.2888183594
260.800323      1526.1574707031
261.176880      1606.9541015625
261.553436      1593.4879150391
261.929962      1550.8453369141
262.306488      1550.8453369141
262.682953      1588.9992675781
263.059387      1530.6462402344
263.435791      1496.9809570313
263.812195      1490.2479248047
264.188507      1548.6009521484
264.564850      1532.8905029297
264.941132      1508.2026367188
265.317413      1454.3382568359
265.693634      1523.9130859375
266.069885      1537.3792724609
266.446045      1510.4470214844
266.822174      1490.2479248047
267.198273      1535.1348876953
267.574371      1521.6688232422
267.950439      1467.8044433594
268.326447      1479.0261230469
268.702454      1510.4470214844
269.078430      1508.2026367188
269.454376      1488.0035400391
269.830292      1559.8227539063
270.206146      1521.6688232422
270.582001      1530.6462402344
270.957825      1586.7548828125
271.333618      1541.8679199219
271.709381      1476.7818603516
272.085144      1584.5106201172
272.460815      1465.5600585938
272.836487      1508.2026367188
273.212128      1548.6009521484
273.587769      1481.2705078125
273.963348      1557.5783691406
274.338898      1526.1574707031
274.714447      1600.2210693359
275.089935      1588.9992675781
275.465393      1557.5783691406
275.840820      1571.0444335938
276.216278      1553.0897216797
276.591644      1490.2479248047
276.966949      1510.4470214844
277.342285      1488.0035400391
277.717590      1555.3339843750
278.092834      1597.9766845703
278.468048      1550.8453369141
278.843262      1553.0897216797
279.218445      1503.7139892578
279.593567      1577.7774658203
279.968658      1530.6462402344
280.343781      1593.4879150391
280.718811      1557.5783691406
281.093842      1553.0897216797
281.468811      1573.2888183594
281.843781      1508.2026367188
282.218719      1523.9130859375
282.593628      1580.0218505859
282.968506      1571.0444335938
283.343353      1496.9809570313
283.718170      1588.9992675781
284.092896      1544.1123046875
284.467682      1539.6235351563
284.842407      1514.9357910156
285.217102      1501.4696044922
285.591766      1541.8679199219
285.966400      1530.6462402344
286.340973      1505.9583740234
286.715576      1528.4018554688
287.090118      1566.5557861328
287.464630      1584.5106201172
287.839081      1499.2253417969
288.213562      1580.0218505859
288.587982      1557.5783691406
288.962372      1512.6914062500
289.336731      1438.6278076172
289.711060      1541.8679199219
290.085327      1526.1574707031
290.459625      1526.1574707031
290.833862      1559.8227539063
291.208069      1510.4470214844
291.582275      1481.2705078125
291.956421      1440.8721923828
292.330505      1559.8227539063
292.704620      1510.4470214844
293.078705      1494.7365722656
293.452698      1548.6009521484
293.826691      1535.1348876953
294.200684      1483.5148925781
294.574615      1503.7139892578
294.948517      1499.2253417969
295.322388      1591.2436523438
295.696259      1505.9583740234
296.070068      1485.7591552734
296.443848      1544.1123046875
296.817596      1523.9130859375
297.191345      1539.6235351563
297.565063      1571.0444335938
297.938690      1588.9992675781
298.312317      1514.9357910156
298.685913      1559.8227539063
299.059540      1591.2436523438
299.433044      1586.7548828125
299.806549      1512.6914062500
300.180054      1562.0670166016
300.553528      1488.0035400391
300.926910      1566.5557861328
301.300323      1481.2705078125
301.673676      1548.6009521484
302.046997      1566.5557861328
302.420319      1620.4201660156
302.793579      1568.8001708984
303.166809      1559.8227539063
303.540039      1593.4879150391
303.913208      1591.2436523438
304.286377      1544.1123046875
304.659454      1584.5106201172
305.032593      1505.9583740234
305.405609      1521.6688232422
305.778656      1508.2026367188
306.151611      1537.3792724609
306.524597      1512.6914062500
306.897522      1564.3114013672
307.270416      1505.9583740234
307.643280      1526.1574707031
308.016144      1575.5332031250
308.388916      1494.7365722656
308.761749      1438.6278076172
309.134460      1443.1165771484
309.507202      1544.1123046875
309.879913      1553.0897216797
310.252563      1577.7774658203
310.625153      1530.6462402344
310.997742      1512.6914062500
311.370361      1577.7774658203
311.742859      1541.8679199219
312.115356      1530.6462402344
312.487823      1481.2705078125
312.860291      1582.2662353516
313.232697      1523.9130859375
313.605042      1521.6688232422
313.977386      1519.4244384766
314.349731      1611.4427490234
314.721985      1553.0897216797
315.094269      1566.5557861328
315.466492      1557.5783691406
315.838684      1523.9130859375
316.210846      1591.2436523438
316.582977      1535.1348876953
316.955048      1548.6009521484
317.327148      1539.6235351563
317.699158      1584.5106201172
318.071167      1510.4470214844
318.443176      1553.0897216797
318.815125      1564.3114013672
319.187012      1481.2705078125
319.558868      1535.1348876953
319.930756      1465.5600585938
320.302582      1496.9809570313
320.674347      1568.8001708984
321.046112      1544.1123046875
321.417847      1503.7139892578
321.789581      1517.1800537109
322.161224      1553.0897216797
322.532867      1445.3609619141
322.904419      1553.0897216797
323.276031      1564.3114013672
323.647583      1530.6462402344
324.019073      1584.5106201172
324.390533      1544.1123046875
324.762024      1528.4018554688
325.133423      1548.6009521484
325.504791      1548.6009521484
325.876129      1568.8001708984
326.247467      1514.9357910156
326.618774      1537.3792724609
326.990021      1535.1348876953
327.361237      1517.1800537109
327.732452      1499.2253417969
328.103607      1597.9766845703
328.474731      1577.7774658203
328.845825      1508.2026367188
329.216919      1485.7591552734
329.587952      1514.9357910156
329.958954      1481.2705078125
330.329926      1530.6462402344
330.700867      1431.8947753906
331.071808      1548.6009521484
331.442688      1555.3339843750
331.813507      1591.2436523438
332.184357      1588.9992675781
332.555115      1559.8227539063
332.925873      1508.2026367188
333.296570      1474.5374755859
333.667267      1588.9992675781
334.037994      1519.4244384766
334.408600      1508.2026367188
334.779144      1535.1348876953
335.149750      1526.1574707031
335.520294      1530.6462402344
335.890778      1584.5106201172
336.261230      1523.9130859375
336.631683      1606.9541015625
337.002106      1526.1574707031
337.372498      1528.4018554688
337.742798      1458.8270263672
338.113129      1564.3114013672
338.483429      1479.0261230469
338.853668      1559.8227539063
339.223907      1577.7774658203
339.594086      1600.2210693359
339.964233      1523.9130859375
340.334381      1508.2026367188
340.704437      1539.6235351563
341.074493      1553.0897216797
341.444519      1526.1574707031
341.814545      1526.1574707031
342.184509      1521.6688232422
342.554413      1624.9088134766
342.924347      1510.4470214844
343.294220      1523.9130859375
343.664032      1571.0444335938
344.033813      1537.3792724609
344.403595      1568.8001708984
344.773346      1539.6235351563
345.143036      1604.7097167969
345.512695      1568.8001708984
345.882385      1557.5783691406
346.251984      1541.8679199219
346.621552      1519.4244384766
346.991089      1571.0444335938
347.360626      1573.2888183594
347.730103      1384.7634277344
348.099548      1472.2930908203
348.468964      1470.0487060547
348.838379      1483.5148925781
349.207764      1546.3565673828
349.577057      1535.1348876953
349.946320      1548.6009521484
350.315582      1580.0218505859
350.684845      1532.8905029297
351.054047      1505.9583740234
351.423157      1544.1123046875
351.792328      1600.2210693359
352.161438      1566.5557861328
352.530487      1595.7322998047
352.899506      1514.9357910156
353.268524      1535.1348876953
353.637512      1620.4201660156
354.006409      1575.5332031250
354.375336      1586.7548828125
354.744232      1485.7591552734
355.113068      1505.9583740234
355.481873      1537.3792724609
355.850616      1546.3565673828
356.219391      1481.2705078125
356.588135      1530.6462402344
356.956818      1622.6645507813
357.325470      1526.1574707031
357.694031      1544.1123046875
358.062653      1586.7548828125
358.431213      1494.7365722656
358.799713      1501.4696044922
359.168182      1514.9357910156
359.536652      1548.6009521484
359.905090      1467.8044433594
360.273438      1602.4653320313
360.641785      1479.0261230469
361.010132      1591.2436523438
361.378448      1566.5557861328
361.746704      1546.3565673828
362.114899      1508.2026367188
362.483124      1535.1348876953
362.851288      1562.0670166016
363.219421      1571.0444335938
363.587463      1588.9992675781
363.955566      1553.0897216797
364.323608      1548.6009521484
364.691589      1512.6914062500
365.059540      1512.6914062500
365.427490      1492.4921875000
365.795410      1537.3792724609
366.163269      1526.1574707031
366.531067      1535.1348876953
366.898895      1586.7548828125
367.266693      1505.9583740234
367.634430      1546.3565673828
368.002106      1521.6688232422
368.369812      1517.1800537109
368.737457      1523.9130859375
369.105042      1553.0897216797
369.472595      1568.8001708984
369.840149      1532.8905029297
370.207672      1571.0444335938
370.575134      1604.7097167969
370.942566      1514.9357910156
371.309998      1481.2705078125
371.677399      1541.8679199219
372.044708      1557.5783691406
372.411987      1510.4470214844
372.779297      1550.8453369141
373.146576      1571.0444335938
373.513794      1557.5783691406
373.880951      1564.3114013672
374.248077      1499.2253417969
374.615204      1519.4244384766
374.982300      1553.0897216797
375.349365      1523.9130859375
375.716339      1571.0444335938
376.083374      1532.8905029297
376.450317      1582.2662353516
376.817230      1501.4696044922
377.184082      1519.4244384766
377.550964      1564.3114013672
377.917786      1544.1123046875
378.284576      1539.6235351563
378.651306      1566.5557861328
379.018036      1456.5826416016
379.384735      1505.9583740234
379.751373      1546.3565673828
380.117981      1606.9541015625
380.484589      1514.9357910156
380.851166      1609.1983642578
381.217651      1521.6688232422
381.584137      1512.6914062500
381.950623      1465.5600585938
382.317017      1476.7818603516
382.683411      1517.1800537109
383.049774      1461.0714111328
383.416107      1564.3114013672
383.782410      1532.8905029297
384.148651      1559.8227539063
384.514832      1541.8679199219
384.881042      1546.3565673828
385.247223      1582.2662353516
385.613342      1526.1574707031
385.979401      1595.7322998047
386.345459      1537.3792724609
386.711517      1557.5783691406
387.077484      1555.3339843750
387.443420      1586.7548828125
387.809357      1532.8905029297
388.175262      1573.2888183594
388.541107      1582.2662353516
388.906891      1526.1574707031
389.272705      1517.1800537109
389.638489      1470.0487060547
390.004211      1499.2253417969
390.369873      1528.4018554688
390.735535      1597.9766845703
391.101196      1615.9313964844
391.466766      1541.8679199219
391.832336      1571.0444335938
392.197815      1519.4244384766
392.563324      1479.0261230469
392.928802      1532.8905029297
393.294189      1517.1800537109
393.659607      1575.5332031250
394.024963      1593.4879150391
394.390289      1510.4470214844
394.755554      1523.9130859375
395.120789      1521.6688232422
395.486023      1523.9130859375
395.851227      1575.5332031250
396.216370      1541.8679199219
396.581482      1523.9130859375
396.946564      1550.8453369141
397.311646      1519.4244384766
397.676636      1494.7365722656
398.041626      1519.4244384766
398.406586      1537.3792724609
398.771515      1573.2888183594
399.136383      1499.2253417969
399.501221      1503.7139892578
399.866058      1571.0444335938
400.230865      1528.4018554688
400.595581      1597.9766845703
400.960297      1503.7139892578
401.324982      1510.4470214844
401.689636      1548.6009521484
402.054230      1573.2888183594
402.418793      1499.2253417969
402.783356      1580.0218505859
403.147919      1539.6235351563
403.512360      1514.9357910156
403.876770      1582.2662353516
404.241211      1566.5557861328
404.605621      1611.4427490234
404.969910      1539.6235351563
405.334229      1562.0670166016
405.698517      1580.0218505859
406.062775      1535.1348876953
406.426971      1555.3339843750
406.791107      1537.3792724609
407.155273      1535.1348876953
407.519379      1499.2253417969
407.883484      1488.0035400391
408.247498      1528.4018554688
408.611481      1517.1800537109
408.975464      1479.0261230469
409.339417      1566.5557861328
409.703308      1568.8001708984
410.067169      1550.8453369141
410.431030      1528.4018554688
410.794800      1492.4921875000
411.158569      1562.0670166016
411.522278      1539.6235351563
411.885986      1562.0670166016
412.249664      1571.0444335938
412.613312      1566.5557861328
412.976868      1548.6009521484
413.340454      1523.9130859375
413.703979      1517.1800537109
414.067474      1555.3339843750
414.430908      1544.1123046875
414.794342      1535.1348876953
415.157745      1539.6235351563
415.521088      1476.7818603516
415.884369      1526.1574707031
416.247711      1577.7774658203
416.610931      1514.9357910156
416.974152      1496.9809570313
417.337341      1521.6688232422
417.700500      1501.4696044922
418.063629      1577.7774658203
418.426697      1606.9541015625
418.789703      1517.1800537109
419.152740      1508.2026367188
419.515717      1539.6235351563
419.878662      1503.7139892578
420.241577      1512.6914062500
420.604431      1577.7774658203
420.967285      1573.2888183594
421.330109      1584.5106201172
421.692841      1521.6688232422
422.055603      1499.2253417969
422.418335      1463.3156738281
422.780975      1562.0670166016
423.143585      1501.4696044922
423.506226      1595.7322998047
423.868774      1604.7097167969
424.231293      1580.0218505859
424.593811      1546.3565673828
424.956238      1503.7139892578
425.318665      1479.0261230469
425.681091      1501.4696044922
426.043427      1539.6235351563
426.405731      1470.0487060547
426.768036      1553.0897216797
427.130310      1568.8001708984
427.492493      1577.7774658203
427.854675      1512.6914062500
428.216858      1548.6009521484
428.578979      1537.3792724609
428.941040      1499.2253417969
429.303040      1474.5374755859
429.665070      1602.4653320313
430.027069      1514.9357910156
430.389008      1481.2705078125
430.750885      1559.8227539063
431.112762      1539.6235351563
431.474640      1510.4470214844
431.836395      1550.8453369141
432.198181      1548.6009521484
432.559937      1519.4244384766
432.921600      1510.4470214844
433.283264      1591.2436523438
433.644867      1602.4653320313
434.006500      1519.4244384766
434.368073      1541.8679199219
434.729553      1582.2662353516
435.091034      1573.2888183594
435.452515      1544.1123046875
435.813934      1521.6688232422
436.175293      1582.2662353516
436.536621      1586.7548828125
436.897949      1550.8453369141
437.259277      1526.1574707031
437.620483      1537.3792724609
437.981659      1559.8227539063
438.342865      1544.1123046875
438.704010      1485.7591552734
439.065125      1553.0897216797
439.426178      1611.4427490234
439.787201      1584.5106201172
440.148224      1535.1348876953
440.509186      1496.9809570313
440.870087      1548.6009521484
441.230988      1519.4244384766
441.591858      1539.6235351563
441.952667      1472.2930908203
442.313416      1501.4696044922
442.674194      1553.0897216797
443.034912      1526.1574707031
443.395630      1544.1123046875
443.756226      1559.8227539063
444.116852      1568.8001708984
444.477417      1575.5332031250
444.837982      1485.7591552734
445.198456      1523.9130859375
445.558960      1537.3792724609
445.919403      1528.4018554688
446.279816      1586.7548828125
446.640106      1519.4244384766
447.000458      1530.6462402344
447.360779      1591.2436523438
447.721039      1586.7548828125
448.081207      1577.7774658203
448.441406      1535.1348876953
448.801575      1530.6462402344
449.161713      1544.1123046875
449.521759      1514.9357910156
449.881805      1532.8905029297
450.241852      1483.5148925781
450.601837      1548.6009521484
450.961792      1501.4696044922
451.321655      1539.6235351563
451.681549      1550.8453369141
452.041382      1544.1123046875
452.401184      1476.7818603516
452.760895      1517.1800537109
453.120636      1537.3792724609
453.480347      1526.1574707031
453.840027      1555.3339843750
454.199585      1546.3565673828
454.559174      1510.4470214844
454.918762      1510.4470214844
455.278290      1544.1123046875
455.637726      1571.0444335938
455.997162      1541.8679199219
456.356598      1508.2026367188
456.715973      1517.1800537109
457.075287      1526.1574707031
457.434570      1510.4470214844
457.793854      1530.6462402344
458.153107      1532.8905029297
458.512268      1530.6462402344
458.871429      1510.4470214844
459.230560      1609.1983642578
459.589661      1535.1348876953
459.948639      1562.0670166016
460.307678      1510.4470214844
460.666687      1546.3565673828
461.025635      1591.2436523438
461.384491      1541.8679199219
461.743378      1568.8001708984
462.102264      1530.6462402344
462.461060      1528.4018554688
462.819794      1559.8227539063
463.178497      1505.9583740234
463.537231      1526.1574707031
463.895905      1523.9130859375
464.254456      1519.4244384766
464.613068      1553.0897216797
464.971649      1530.6462402344
465.330170      1580.0218505859
465.688568      1512.6914062500
466.047028      1510.4470214844
466.405457      1557.5783691406
466.763855      1557.5783691406
467.122192      1566.5557861328
467.480438      1584.5106201172
467.838715      1532.8905029297
468.196960      1532.8905029297
468.555176      1537.3792724609
468.913269      1544.1123046875
469.271393      1517.1800537109
469.629486      1537.3792724609
469.987549      1548.6009521484
470.345520      1501.4696044922
470.703491      1479.0261230469
471.061462      1573.2888183594
471.419342      1503.7139892578
471.777191      1501.4696044922
472.135040      1544.1123046875
472.492828      1580.0218505859
472.850586      1568.8001708984
473.208282      1530.6462402344
473.565979      1494.7365722656
473.923615      1564.3114013672
474.281281      1532.8905029297
474.638794      1544.1123046875
474.996338      1474.5374755859
475.353851      1483.5148925781
475.711334      1521.6688232422
476.068726      1530.6462402344
476.426117      1575.5332031250
476.783478      1573.2888183594
477.140808      1559.8227539063
477.498077      1514.9357910156
477.855316      1537.3792724609
478.212555      1575.5332031250
478.569763      1622.6645507813
478.926819      1575.5332031250
479.283936      1535.1348876953
479.641022      1559.8227539063
479.998077      1508.2026367188
480.355011      1537.3792724609
480.711975      1559.8227539063
481.068939      1523.9130859375
481.425842      1553.0897216797
481.782623      1573.2888183594
482.139435      1488.0035400391
482.496216      1544.1123046875
482.852966      1580.0218505859
483.209717      1575.5332031250
483.566315      1474.5374755859
483.922943      1573.2888183594
484.279572      1523.9130859375
484.636139      1517.1800537109
484.992615      1591.2436523438
485.349121      1492.4921875000
485.705566      1539.6235351563
486.062012      1503.7139892578
486.418304      1517.1800537109
486.774689      1555.3339843750
487.130981      1505.9583740234
487.487274      1566.5557861328
487.843445      1526.1574707031
488.199615      1517.1800537109
488.555786      1550.8453369141
488.911957      1517.1800537109
489.267975      1503.7139892578
489.624023      1521.6688232422
489.980042      1566.5557861328
490.336029      1508.2026367188
490.691925      1573.2888183594
491.047821      1559.8227539063
491.403687      1544.1123046875
491.759521      1541.8679199219
492.115265      1541.8679199219
492.471008      1526.1574707031
492.826752      1539.6235351563
493.182434      1611.4427490234
493.538025      1564.3114013672
493.893646      1519.4244384766
494.249207      1555.3339843750
494.604736      1559.8227539063
494.960205      1526.1574707031
495.315674      1530.6462402344
495.671082      1550.8453369141
496.026489      1618.1757812500
496.381775      1526.1574707031
496.737091      1526.1574707031
497.092377      1512.6914062500
497.447632      1539.6235351563
497.802795      1566.5557861328
498.157959      1517.1800537109
498.513062      1546.3565673828
498.868195      1505.9583740234
499.223175      1546.3565673828
499.578217      1510.4470214844
499.933167      1501.4696044922
500.288116      1499.2253417969
500.643036      1476.7818603516
500.997833      1573.2888183594
501.352692      1514.9357910156
501.707489      1532.8905029297
502.062225      1550.8453369141
502.416901      1611.4427490234
502.771606      1553.0897216797
503.126221      1548.6009521484
503.480865      1514.9357910156
503.835358      1539.6235351563
504.189941      1512.6914062500
504.544434      1615.9313964844
504.898865      1591.2436523438
505.253265      1537.3792724609
505.607635      1553.0897216797
505.961975      1602.4653320313
506.316315      1564.3114013672
506.670532      1485.7591552734
507.024750      1526.1574707031
507.378967      1528.4018554688
507.733154      1514.9357910156
508.087189      1496.9809570313
508.441315      1499.2253417969
508.795349      1517.1800537109
509.149353      1535.1348876953
509.503265      1582.2662353516
509.857208      1537.3792724609
510.211121      1521.6688232422
510.565002      1521.6688232422
510.918762      1613.6871337891
511.272583      1573.2888183594
511.626312      1566.5557861328
511.980042      1618.1757812500
512.333618      1620.4201660156
512.687256      1575.5332031250
513.040894      1553.0897216797
513.394470      1571.0444335938
513.747925      1526.1574707031
514.101440      1530.6462402344
514.454895      1519.4244384766
514.808289      1532.8905029297
515.161621      1535.1348876953
515.514893      1483.5148925781
515.868225      1559.8227539063
516.221497      1555.3339843750
516.574707      1577.7774658203
516.927856      1510.4470214844
517.281006      1566.5557861328
517.634155      1553.0897216797
517.987183      1575.5332031250
518.340210      1485.7591552734
518.693237      1548.6009521484
519.046204      1573.2888183594
519.399048      1485.7591552734
519.751892      1535.1348876953
520.104736      1519.4244384766
520.457520      1535.1348876953
520.810364      1517.1800537109
521.163025      1537.3792724609
521.515686      1553.0897216797
521.868408      1550.8453369141
522.221008      1539.6235351563
522.573547      1476.7818603516
522.926086      1539.6235351563
523.278625      1490.2479248047
523.631042      1559.8227539063
523.983459      1530.6462402344
524.335815      1492.4921875000
524.688171      1622.6645507813
525.040527      1530.6462402344
525.392761      1582.2662353516
525.744934      1479.0261230469
526.097168      1470.0487060547
526.449341      1535.1348876953
526.801453      1517.1800537109
527.153503      1546.3565673828
527.505554      1568.8001708984
527.857544      1595.7322998047
528.209534      1571.0444335938
528.561462      1624.9088134766
528.913330      1494.7365722656
529.265198      1517.1800537109
529.617004      1553.0897216797
529.968750      1591.2436523438
530.320496      1488.0035400391
530.672180      1503.7139892578
531.023804      1588.9992675781
531.375488      1586.7548828125
531.727051      1523.9130859375
532.078613      1566.5557861328
532.430115      1546.3565673828
532.781555      1505.9583740234
533.132996      1505.9583740234
533.484375      1532.8905029297
533.835815      1523.9130859375
534.187073      1521.6688232422
534.538330      1548.6009521484
534.889587      1571.0444335938
535.240784      1573.2888183594
535.591919      1580.0218505859
535.942993      1539.6235351563
536.294128      1535.1348876953
536.645203      1452.0939941406
536.996155      1514.9357910156
537.347107      1577.7774658203
537.698120      1566.5557861328
538.049011      1553.0897216797
538.399841      1595.7322998047
538.750610      1550.8453369141
539.101440      1562.0670166016
539.452209      1595.7322998047
539.802856      1505.9583740234
540.153503      1548.6009521484
540.504150      1514.9357910156
540.854736      1512.6914062500
541.205261      1508.2026367188
541.555786      1582.2662353516
541.906250      1499.2253417969
542.256714      1427.4061279297
542.607056      1530.6462402344
542.957458      1553.0897216797
543.307739      1526.1574707031
543.658020      1597.9766845703
544.008240      1548.6009521484
544.358398      1519.4244384766
544.708618      1568.8001708984
545.058777      1510.4470214844
545.408813      1577.7774658203
545.758850      1512.6914062500
546.108887      1517.1800537109
546.458862      1622.6645507813
546.808716      1588.9992675781
547.158691      1537.3792724609
547.508545      1580.0218505859
547.858337      1501.4696044922
548.208069      1600.2210693359
548.557800      1541.8679199219
548.907532      1541.8679199219
549.257202      1490.2479248047
549.606812      1481.2705078125
549.956360      1512.6914062500
550.305908      1584.5106201172
550.655457      1573.2888183594
551.004883      1535.1348876953
551.354309      1434.1391601563
551.703674      1535.1348876953
552.053040      1535.1348876953
552.402405      1586.7548828125
552.751587      1597.9766845703
553.100830      1584.5106201172
553.450012      1501.4696044922
553.799255      1508.2026367188
554.148254      1548.6009521484
554.497375      1548.6009521484
554.846436      1550.8453369141
555.195435      1528.4018554688
555.544373      1535.1348876953
555.893250      1550.8453369141
556.242188      1539.6235351563
556.591003      1573.2888183594
556.939758      1496.9809570313
557.288574      1512.6914062500
557.637268      1530.6462402344
557.985962      1492.4921875000
558.334595      1530.6462402344
558.683228      1494.7365722656
559.031799      1501.4696044922
559.380310      1571.0444335938
559.728760      1546.3565673828
560.077209      1494.7365722656
560.425659      1521.6688232422
560.774048      1562.0670166016
561.122314      1476.7818603516
561.470581      1557.5783691406
561.818909      1512.6914062500
562.167114      1519.4244384766
562.515259      1580.0218505859
562.863342      1521.6688232422
563.211487      1550.8453369141
563.559570      1530.6462402344
563.907532      1526.1574707031
564.255554      1535.1348876953
564.603455      1609.1983642578
564.951355      1532.8905029297
565.299255      1566.5557861328
565.647095      1580.0218505859
565.994812      1564.3114013672
566.342590      1514.9357910156
566.690308      1562.0670166016
567.037903      1548.6009521484
567.385620      1577.7774658203
567.733154      1505.9583740234
568.080750      1544.1123046875
568.428162      1526.1574707031
568.775696      1530.6462402344
569.123108      1501.4696044922
569.470520      1472.2930908203
569.817810      1528.4018554688
570.165161      1573.2888183594
570.512451      1575.5332031250
570.859680      1514.9357910156
571.206787      1559.8227539063
571.554016      1490.2479248047
571.901062      1510.4470214844
572.248169      1479.0261230469
572.595154      1571.0444335938
572.942200      1443.1165771484
573.289124      1528.4018554688
573.636047      1548.6009521484
573.982849      1544.1123046875
574.329712      1640.6192626953
574.676514      1544.1123046875
575.023315      1470.0487060547
575.369995      1553.0897216797
575.716675      1505.9583740234
576.063293      1535.1348876953
576.409912      1512.6914062500
576.756409      1510.4470214844
577.102966      1566.5557861328
577.449402      1494.7365722656
577.795898      1532.8905029297
578.142273      1537.3792724609
578.488647      1553.0897216797
578.834961      1537.3792724609
579.181213      1559.8227539063
579.527405      1568.8001708984
579.873596      1586.7548828125
580.219788      1564.3114013672
580.565918      1523.9130859375
580.911926      1577.7774658203
581.258057      1490.2479248047
581.604065      1541.8679199219
581.949951      1600.2210693359
582.295898      1559.8227539063
582.641724      1553.0897216797
582.987610      1494.7365722656
583.333435      1517.1800537109
583.679199      1546.3565673828
584.024902      1496.9809570313
584.370544      1438.6278076172
584.716187      1521.6688232422
585.061829      1483.5148925781
585.407349      1472.2930908203
585.752869      1514.9357910156
586.098328      1501.4696044922
586.443787      1577.7774658203
586.789124      1580.0218505859
587.134521      1499.2253417969
587.479858      1528.4018554688
587.825134      1555.3339843750
588.170288      1575.5332031250
588.515564      1544.1123046875
588.860657      1508.2026367188
589.205872      1539.6235351563
589.550842      1550.8453369141
589.895935      1526.1574707031
590.240906      1555.3339843750
590.585876      1541.8679199219
590.930786      1519.4244384766
591.275635      1510.4470214844
591.620483      1514.9357910156
591.965271      1510.4470214844
592.310059      1494.7365722656
592.654724      1494.7365722656
592.999451      1519.4244384766
593.344055      1499.2253417969
593.688660      1555.3339843750
594.033203      1528.4018554688
594.377686      1535.1348876953
594.722229      1568.8001708984
595.066528      1555.3339843750
595.411011      1544.1123046875
595.755371      1485.7591552734
596.099670      1474.5374755859
596.443848      1586.7548828125
596.788147      1499.2253417969
597.132324      1577.7774658203
597.476501      1505.9583740234
597.820618      1562.0670166016
598.164612      1521.6688232422
598.508667      1575.5332031250
598.852661      1618.1757812500
599.196655      1548.6009521484
599.540466      1523.9130859375
599.884338      1510.4470214844
600.228210      1485.7591552734
600.571960      1544.1123046875
600.915710      1492.4921875000
601.259460      1499.2253417969
601.603088      1566.5557861328
601.946716      1571.0444335938
602.290283      1553.0897216797
602.633850      1557.5783691406
602.977295      1557.5783691406
603.320801      1597.9766845703
603.664124      1580.0218505859
604.007568      1550.8453369141
604.350952      1548.6009521484
604.694214      1517.1800537109
605.037415      1465.5600585938
605.380676      1499.2253417969
605.723816      1519.4244384766
606.066956      1494.7365722656
606.410034      1510.4470214844
606.753052      1494.7365722656
607.096130      1541.8679199219
607.439087      1588.9992675781
607.781921      1548.6009521484
608.124878      1550.8453369141
608.467712      1629.3975830078
608.810547      1555.3339843750
609.153259      1532.8905029297
609.495972      1544.1123046875
609.838684      1535.1348876953
610.181335      1537.3792724609
610.523865      1496.9809570313
610.866516      1490.2479248047
611.209045      1512.6914062500
611.551453      1580.0218505859
611.893921      1550.8453369141
612.236267      1505.9583740234
612.578674      1517.1800537109
612.920959      1580.0218505859
613.263306      1577.7774658203
613.605469      1461.0714111328
613.947632      1582.2662353516
614.289795      1557.5783691406
614.631958      1539.6235351563
614.973938      1571.0444335938
615.315979      1523.9130859375
615.657959      1521.6688232422
615.999939      1618.1757812500
616.341858      1512.6914062500
616.683716      1544.1123046875
617.025513      1602.4653320313
617.367310      1577.7774658203
617.708984      1521.6688232422
618.050720      1530.6462402344
618.392395      1521.6688232422
618.734070      1523.9130859375
619.075500      1512.6914062500
619.417114      1553.0897216797
619.758606      1530.6462402344
620.100098      1532.8905029297
620.441467      1523.9130859375
620.782776      1566.5557861328
621.124146      1523.9130859375
621.465393      1479.0261230469
621.806641      1550.8453369141
622.147888      1519.4244384766
622.489014      1566.5557861328
622.830139      1532.8905029297
623.171204      1523.9130859375
623.512207      1577.7774658203
623.853271      1548.6009521484
624.194214      1505.9583740234
624.535095      1532.8905029297
624.875916      1492.4921875000
625.216797      1526.1574707031
625.557617      1503.7139892578
625.898315      1541.8679199219
626.239075      1544.1123046875
626.579712      1566.5557861328
626.920349      1438.6278076172
627.260864      1537.3792724609
627.601440      1541.8679199219
627.941895      1597.9766845703
628.282410      1541.8679199219
628.622803      1562.0670166016
628.963135      1640.6192626953
629.303528      1544.1123046875
629.643799      1452.0939941406
629.984070      1526.1574707031
630.324219      1472.2930908203
630.664429      1479.0261230469
631.004517      1582.2662353516
631.344604      1553.0897216797
631.684631      1568.8001708984
632.024597      1485.7591552734
632.364624      1553.0897216797
632.704529      1519.4244384766
633.044373      1571.0444335938
633.384155      1483.5148925781
633.723999      1588.9992675781
634.063782      1517.1800537109
634.403442      1479.0261230469
634.743042      1523.9130859375
635.082764      1422.9173583984
635.422302      1528.4018554688
635.761841      1532.8905029297
636.101318      1555.3339843750
636.440796      1528.4018554688
636.780212      1548.6009521484
637.119507      1503.7139892578
637.458862      1577.7774658203
637.798157      1557.5783691406
638.137451      1508.2026367188
638.476563      1517.1800537109
638.815735      1593.4879150391
639.154907      1546.3565673828
639.494019      1526.1574707031
639.833008      1541.8679199219
640.171997      1566.5557861328
640.510925      1577.7774658203
640.849854      1553.0897216797
641.188660      1548.6009521484
641.527527      1512.6914062500
641.866333      1526.1574707031
642.205078      1546.3565673828
642.543762      1528.4018554688
642.882446      1488.0035400391
643.221008      1535.1348876953
643.559570      1503.7139892578
643.898071      1541.8679199219
644.236572      1530.6462402344
644.575073      1588.9992675781
644.913452      1508.2026367188
645.251831      1580.0218505859
645.590149      1499.2253417969
645.928406      1600.2210693359
646.266602      1546.3565673828
646.604858      1550.8453369141
646.942932      1550.8453369141
647.281128      1566.5557861328
647.619141      1555.3339843750
647.957214      1557.5783691406
648.295166      1588.9992675781
648.633057      1501.4696044922
648.970947      1597.9766845703
649.308838      1557.5783691406
649.646606      1564.3114013672
649.984436      1535.1348876953
650.322144      1461.0714111328
650.659851      1568.8001708984
650.997498      1539.6235351563
651.335022      1521.6688232422
651.672607      1577.7774658203
652.010132      1523.9130859375
652.347595      1479.0261230469
652.684998      1584.5106201172
653.022461      1575.5332031250
653.359802      1548.6009521484
653.697021      1631.6418457031
654.034302      1492.4921875000
654.371521      1505.9583740234
654.708740      1494.7365722656
655.045837      1517.1800537109
655.382935      1499.2253417969
655.719971      1537.3792724609
656.057007      1564.3114013672
656.393921      1546.3565673828
656.730835      1537.3792724609
657.067749      1483.5148925781
657.404602      1532.8905029297
657.741333      1481.2705078125
658.078064      1510.4470214844
658.414795      1562.0670166016
658.751465      1519.4244384766
659.088074      1526.1574707031
659.424683      1517.1800537109
659.761230      1512.6914062500
660.097717      1514.9357910156
660.434143      1544.1123046875
660.770569      1633.8862304688
661.106934      1490.2479248047
661.443298      1494.7365722656
661.779541      1445.3609619141
662.115784      1501.4696044922
662.451965      1573.2888183594
662.788086      1647.3522949219
663.124268      1532.8905029297
663.460266      1521.6688232422
663.796265      1526.1574707031
664.132324      1532.8905029297
664.468201      1562.0670166016
664.804077      1467.8044433594
665.139954      1528.4018554688
665.475769      1519.4244384766
665.811523      1640.6192626953
666.147278      1465.5600585938
666.482971      1573.2888183594
666.818542      1526.1574707031
667.154236      1510.4470214844
667.489685      1512.6914062500
667.825195      1526.1574707031
668.160706      1606.9541015625
668.496094      1575.5332031250
668.831421      1523.9130859375
669.166809      1517.1800537109
669.502136      1553.0897216797
669.837402      1537.3792724609
670.172546      1593.4879150391
670.507751      1519.4244384766
670.842834      1537.3792724609
671.177917      1535.1348876953
671.512878      1546.3565673828
671.847961      1494.7365722656
672.182861      1535.1348876953
672.517761      1535.1348876953
672.852600      1582.2662353516
673.187439      1640.6192626953
673.522217      1541.8679199219
673.856934      1503.7139892578
674.191650      1541.8679199219
674.526306      1467.8044433594
674.860901      1458.8270263672
675.195435      1514.9357910156
675.529968      1530.6462402344
675.864441      1575.5332031250
676.198853      1582.2662353516
676.533264      1503.7139892578
676.867554      1541.8679199219
677.201843      1501.4696044922
677.536133      1535.1348876953
677.870361      1503.7139892578
678.204529      1539.6235351563
678.538635      1541.8679199219
678.872742      1568.8001708984
679.206787      1496.9809570313
679.540710      1476.7818603516
679.874695      1566.5557861328
680.208618      1539.6235351563
680.542480      1494.7365722656
680.876282      1541.8679199219
681.210083      1523.9130859375
681.543823      1496.9809570313
681.877502      1613.6871337891
682.211121      1517.1800537109
682.544739      1555.3339843750
682.878357      1499.2253417969
683.211853      1548.6009521484
683.545227      1577.7774658203
683.878723      1584.5106201172
684.212097      1537.3792724609
684.545471      1472.2930908203
684.878723      1517.1800537109
685.212036      1532.8905029297
685.545227      1537.3792724609
685.878418      1526.1574707031
686.211487      1521.6688232422
686.544556      1494.7365722656
686.877625      1535.1348876953
687.210632      1517.1800537109
687.543518      1512.6914062500
687.876465      1505.9583740234
688.209290      1532.8905029297
688.542114      1429.6505126953
688.874878      1499.2253417969
689.207642      1503.7139892578
689.540344      1548.6009521484
689.872986      1528.4018554688
690.205566      1544.1123046875
690.538147      1528.4018554688
690.870667      1526.1574707031
691.203125      1436.3835449219
691.535461      1521.6688232422
691.867920      1485.7591552734
692.200256      1483.5148925781
692.532593      1467.8044433594
692.864807      1559.8227539063
693.196960      1510.4470214844
693.529114      1584.5106201172
693.861267      1483.5148925781
694.193420      1519.4244384766
694.525391      1539.6235351563
694.857361      1510.4470214844
695.189270      1517.1800537109
695.521240      1472.2930908203
695.853027      1508.2026367188
696.184814      1597.9766845703
696.516663      1503.7139892578
696.848389      1541.8679199219
697.179993      1595.7322998047
697.511658      1474.5374755859
697.843262      1530.6462402344
698.174805      1597.9766845703
698.506287      1573.2888183594
698.837708      1535.1348876953
699.169189      1580.0218505859
699.500549      1568.8001708984
699.831787      1562.0670166016
700.163147      1526.1574707031
700.494385      1523.9130859375
700.825562      1476.7818603516
701.156677      1514.9357910156
701.487793      1526.1574707031
701.818848      1523.9130859375
702.149902      1472.2930908203
702.480774      1562.0670166016
702.811768      1514.9357910156
703.142639      1546.3565673828
703.473511      1523.9130859375
703.804199      1508.2026367188
704.135010      1559.8227539063
704.465759      1532.8905029297
704.796387      1465.5600585938
705.126953      1508.2026367188
705.457520      1519.4244384766
705.788086      1532.8905029297
706.118591      1503.7139892578
706.448975      1553.0897216797
706.779419      1526.1574707031
707.109741      1521.6688232422
707.440063      1571.0444335938
707.770325      1528.4018554688
708.100525      1557.5783691406
708.430725      1503.7139892578
708.760864      1526.1574707031
709.090942      1494.7365722656
709.420959      1577.7774658203
709.750916      1501.4696044922
710.080933      1544.1123046875
710.410828      1557.5783691406
710.740662      1488.0035400391
711.070496      1514.9357910156
711.400269      1526.1574707031
711.729980      1555.3339843750
712.059631      1582.2662353516
712.389282      1481.2705078125
712.718872      1519.4244384766
713.048462      1537.3792724609
713.377930      1485.7591552734
713.707397      1539.6235351563
714.036865      1541.8679199219
714.366211      1595.7322998047
714.695435      1544.1123046875
715.024780      1600.2210693359
715.354004      1553.0897216797
715.683228      1521.6688232422
716.012329      1571.0444335938
716.341431      1595.7322998047
716.670532      1620.4201660156
716.999573      1535.1348876953
717.328430      1530.6462402344
717.657349      1521.6688232422
717.986267      1539.6235351563
718.315125      1526.1574707031
718.643860      1485.7591552734
718.972656      1431.8947753906
719.301331      1609.1983642578
719.630005      1490.2479248047
719.958557      1535.1348876953
720.287170      1503.7139892578
720.615662      1483.5148925781
720.944214      1546.3565673828
721.272583      1586.7548828125
721.600952      1476.7818603516
721.929321      1479.0261230469
722.257629      1571.0444335938
722.585876      1546.3565673828
722.914063      1544.1123046875
723.242188      1488.0035400391
723.570313      1519.4244384766
723.898376      1499.2253417969
724.226440      1548.6009521484
724.554382      1571.0444335938
724.882324      1485.7591552734
725.210266      1573.2888183594
725.538025      1622.6645507813
725.865784      1575.5332031250
726.193604      1539.6235351563
726.521301      1505.9583740234
726.848938      1505.9583740234
727.176514      1562.0670166016
727.504150      1501.4696044922
727.831726      1532.8905029297
728.159119      1544.1123046875
728.486572      1562.0670166016
728.813965      1505.9583740234
729.141357      1566.5557861328
729.468567      1602.4653320313
729.795837      1571.0444335938
730.123108      1526.1574707031
730.450317      1577.7774658203
730.777344      1505.9583740234
731.104431      1528.4018554688
731.431519      1503.7139892578
731.758484      1584.5106201172
732.085388      1548.6009521484
732.412292      1528.4018554688
732.739136      1575.5332031250
733.065979      1582.2662353516
733.392639      1573.2888183594
733.719421      1474.5374755859
734.046082      1481.2705078125
734.372681      1508.2026367188
734.699219      1519.4244384766
735.025757      1523.9130859375
735.352234      1580.0218505859
735.678711      1550.8453369141
736.005127      1566.5557861328
736.331482      1568.8001708984
736.657715      1526.1574707031
736.984009      1490.2479248047
737.310181      1483.5148925781
737.636353      1546.3565673828
737.962524      1503.7139892578
738.288574      1532.8905029297
738.614624      1575.5332031250
738.940613      1467.8044433594
739.266541      1501.4696044922
739.592407      1593.4879150391
739.918274      1517.1800537109
740.244080      1434.1391601563
740.569824      1582.2662353516
740.895569      1521.6688232422
741.221191      1571.0444335938
741.546753      1512.6914062500
741.872375      1553.0897216797
742.197937      1499.2253417969
742.523376      1528.4018554688
742.848816      1501.4696044922
743.174194      1476.7818603516
743.499573      1548.6009521484
743.824890      1559.8227539063
744.150085      1557.5783691406
744.475342      1523.9130859375
744.800476      1582.2662353516
745.125610      1546.3565673828
745.450623      1544.1123046875
745.775696      1582.2662353516
746.100708      1510.4470214844
746.425598      1557.5783691406
746.750427      1577.7774658203
747.075256      1492.4921875000
747.400085      1604.7097167969
747.724915      1539.6235351563
748.049561      1588.9992675781
748.374207      1557.5783691406
748.698853      1550.8453369141
749.023438      1465.5600585938
749.347900      1535.1348876953
749.672363      1499.2253417969
749.996765      1528.4018554688
750.321167      1530.6462402344
750.645508      1512.6914062500
750.969788      1523.9130859375
751.294067      1492.4921875000
751.618286      1544.1123046875
751.942383      1452.0939941406
752.266479      1548.6009521484
752.590576      1483.5148925781
752.914551      1562.0670166016
753.238525      1562.0670166016
753.562439      1571.0444335938
753.886292      1503.7139892578
754.210144      1539.6235351563
754.533936      1501.4696044922
754.857666      1494.7365722656
755.181335      1559.8227539063
755.505005      1571.0444335938
755.828613      1568.8001708984
756.152100      1485.7591552734
756.475586      1597.9766845703
756.799133      1544.1123046875
757.122498      1521.6688232422
757.445862      1510.4470214844
757.769165      1510.4470214844
758.092468      1519.4244384766
758.415710      1499.2253417969
758.738831      1553.0897216797
759.061951      1582.2662353516
759.385071      1577.7774658203
759.708130      1479.0261230469
760.031067      1523.9130859375
760.354004      1577.7774658203
760.676941      1485.7591552734
760.999817      1557.5783691406
761.322632      1501.4696044922
761.645386      1496.9809570313
761.968079      1544.1123046875
762.290771      1532.8905029297
762.613342      1532.8905029297
762.935974      1568.8001708984
763.258484      1539.6235351563
763.580994      1618.1757812500
763.903381      1557.5783691406
764.225830      1503.7139892578
764.548157      1510.4470214844
764.870422      1548.6009521484
765.192688      1528.4018554688
765.514832      1501.4696044922
765.837036      1575.5332031250
766.159119      1492.4921875000
766.481140      1526.1574707031
766.803223      1532.8905029297
767.125183      1492.4921875000
767.447144      1566.5557861328
767.768982      1597.9766845703
768.090820      1584.5106201172
768.412659      1514.9357910156
768.734314      1557.5783691406
769.056091      1508.2026367188
769.377686      1573.2888183594
769.699280      1519.4244384766
770.020813      1588.9992675781
770.342346      1449.8496093750
770.663757      1496.9809570313
770.985229      1555.3339843750
771.306580      1550.8453369141
771.627869      1535.1348876953
771.949158      1494.7365722656
772.270386      1521.6688232422
772.591553      1555.3339843750
772.912659      1557.5783691406
773.233765      1519.4244384766
773.554810      1541.8679199219
773.875793      1501.4696044922
774.196716      1530.6462402344
774.517578      1550.8453369141
774.838440      1523.9130859375
775.159302      1541.8679199219
775.480042      1532.8905029297
775.800659      1541.8679199219
776.121399      1555.3339843750
776.441956      1539.6235351563
776.762573      1541.8679199219
777.083008      1544.1123046875
777.403503      1546.3565673828
777.723999      1618.1757812500
778.044373      1535.1348876953
778.364624      1483.5148925781
778.684937      1586.7548828125
779.005188      1494.7365722656
779.325378      1490.2479248047
779.645447      1530.6462402344
779.965637      1503.7139892578
780.285706      1530.6462402344
780.605652      1530.6462402344
780.925598      1488.0035400391
781.245483      1517.1800537109
781.565369      1624.9088134766
781.885193      1595.7322998047
782.204895      1530.6462402344
782.524658      1573.2888183594
782.844299      1537.3792724609
783.163940      1523.9130859375
783.483582      1521.6688232422
783.803040      1553.0897216797
784.122559      1568.8001708984
784.442017      1461.0714111328
784.761414      1544.1123046875
785.080688      1517.1800537109
785.400024      1537.3792724609
785.719238      1535.1348876953
786.038452      1539.6235351563
786.357544      1512.6914062500
786.676697      1461.0714111328
786.995789      1479.0261230469
787.314758      1494.7365722656
787.633728      1523.9130859375
787.952637      1537.3792724609
788.271484      1517.1800537109
788.590271      1526.1574707031
788.908997      1521.6688232422
789.227783      1474.5374755859
789.546448      1483.5148925781
789.865112      1512.6914062500
790.183655      1631.6418457031
790.502197      1532.8905029297
790.820679      1584.5106201172
791.139099      1541.8679199219
791.457520      1463.3156738281
791.775879      1532.8905029297
792.094116      1458.8270263672
792.412415      1557.5783691406
792.730530      1488.0035400391
793.048767      1633.8862304688
793.366821      1555.3339843750
793.684937      1555.3339843750
794.002869      1483.5148925781
794.320862      1490.2479248047
794.638733      1544.1123046875
794.956665      1546.3565673828
795.274414      1559.8227539063
795.592224      1557.5783691406
795.909912      1519.4244384766
796.227661      1490.2479248047
796.545227      1557.5783691406
796.862854      1568.8001708984
797.180359      1517.1800537109
797.497864      1490.2479248047
797.815308      1541.8679199219
798.132629      1557.5783691406
798.450012      1517.1800537109
798.767273      1467.8044433594
799.084595      1550.8453369141
799.401733      1546.3565673828
799.718933      1550.8453369141
800.036011      1573.2888183594
800.353027      1470.0487060547
800.670044      1530.6462402344
800.987000      1582.2662353516
801.303894      1492.4921875000
801.620850      1485.7591552734
801.937561      1535.1348876953
802.254333      1568.8001708984
802.571106      1550.8453369141
802.887817      1548.6009521484
803.204346      1483.5148925781
803.520935      1530.6462402344
803.837463      1499.2253417969
804.153992      1512.6914062500
804.470337      1537.3792724609
804.786743      1521.6688232422
805.103027      1548.6009521484
805.419434      1470.0487060547
805.735535      1568.8001708984
806.051758      1510.4470214844
806.367920      1546.3565673828
806.684021      1479.0261230469
807.000000      1568.8001708984
807.316040      1573.2888183594
807.632019      1582.2662353516
807.947876      1517.1800537109
808.263672      1483.5148925781
808.579529      1519.4244384766
808.895325      1553.0897216797
809.211060      1564.3114013672
809.526611      1562.0670166016
809.842224      1602.4653320313
810.157837      1521.6688232422
810.473389      1537.3792724609
810.788757      1555.3339843750
811.104187      1494.7365722656
811.419617      1505.9583740234
811.734924      1532.8905029297
812.050171      1595.7322998047
812.365417      1544.1123046875
812.680542      1528.4018554688
812.995728      1568.8001708984
813.310852      1508.2026367188
813.625854      1553.0897216797
813.940796      1588.9992675781
814.255798      1519.4244384766
814.570679      1575.5332031250
814.885498      1514.9357910156
815.200256      1514.9357910156
815.515015      1541.8679199219
815.829651      1467.8044433594
816.144287      1503.7139892578
816.458923      1494.7365722656
816.773438      1553.0897216797
817.087952      1537.3792724609
817.402344      1494.7365722656
817.716797      1550.8453369141
818.031189      1505.9583740234
818.345520      1519.4244384766
818.659668      1481.2705078125
818.973877      1528.4018554688
819.288086      1496.9809570313
819.602173      1528.4018554688
819.916199      1496.9809570313
820.230225      1508.2026367188
820.544189      1499.2253417969
820.858154      1566.5557861328
821.171997      1555.3339843750
821.485779      1591.2436523438
821.799561      1575.5332031250
822.113281      1584.5106201172
822.426880      1568.8001708984
822.740540      1548.6009521484
823.054138      1523.9130859375
823.367676      1586.7548828125
823.681152      1537.3792724609
823.994568      1517.1800537109
824.307922      1571.0444335938
824.621277      1539.6235351563
824.934509      1539.6235351563
825.247742      1586.7548828125
825.560913      1566.5557861328
825.874146      1521.6688232422
826.187134      1508.2026367188
826.500183      1512.6914062500
826.813171      1449.8496093750
827.126160      1593.4879150391
827.439026      1555.3339843750
827.751831      1494.7365722656
828.064636      1530.6462402344
828.377380      1499.2253417969
828.690063      1582.2662353516
829.002686      1553.0897216797
829.315308      1573.2888183594
829.627869      1508.2026367188
829.940308      1535.1348876953
830.252808      1566.5557861328
830.565125      1622.6645507813
830.877563      1557.5783691406
831.189880      1517.1800537109
831.502075      1593.4879150391
831.814270      1548.6009521484
832.126465      1566.5557861328
832.438599      1528.4018554688
832.750549      1537.3792724609
833.062622      1562.0670166016
833.374512      1557.5783691406
833.686462      1568.8001708984
833.998291      1528.4018554688
834.310120      1537.3792724609
834.621887      1553.0897216797
834.933594      1521.6688232422
835.245239      1510.4470214844
835.556885      1584.5106201172
835.868408      1492.4921875000
836.179932      1539.6235351563
836.491333      1539.6235351563
836.802795      1548.6009521484
837.114197      1532.8905029297
837.425537      1523.9130859375
837.736694      1597.9766845703
838.047913      1584.5106201172
838.359131      1568.8001708984
838.670227      1553.0897216797
838.981262      1550.8453369141
839.292358      1532.8905029297
839.603333      1483.5148925781
839.914246      1492.4921875000
840.225037      1532.8905029297
840.535889      1528.4018554688
840.846680      1550.8453369141
841.157410      1526.1574707031
841.468079      1514.9357910156
841.778687      1541.8679199219
842.089233      1481.2705078125
842.399780      1490.2479248047
842.710266      1566.5557861328
843.020691      1564.3114013672
843.331055      1526.1574707031
843.641418      1528.4018554688
843.951721      1530.6462402344
844.261841      1485.7591552734
844.572083      1490.2479248047
844.882202      1479.0261230469
845.192261      1562.0670166016
845.502258      1544.1123046875
845.812256      1517.1800537109
846.122192      1546.3565673828
846.432068      1541.8679199219
846.741882      1501.4696044922
847.051636      1532.8905029297
847.361389      1559.8227539063
847.671143      1557.5783691406
847.980713      1530.6462402344
848.290283      1496.9809570313
848.599792      1553.0897216797
848.909302      1535.1348876953
849.218689      1514.9357910156
849.528076      1550.8453369141
849.837463      1508.2026367188
850.146790      1510.4470214844
850.455933      1541.8679199219
850.765137      1588.9992675781
851.074280      1562.0670166016
851.383362      1550.8453369141
851.692383      1604.7097167969
852.001343      1517.1800537109
852.310303      1546.3565673828
852.619202      1517.1800537109
852.927979      1577.7774658203
853.236816      1577.7774658203
853.545532      1541.8679199219
853.854248      1564.3114013672
854.162842      1571.0444335938
854.471436      1539.6235351563
854.779968      1553.0897216797
855.088440      1571.0444335938
855.396851      1604.7097167969
855.705200      1604.7097167969
856.013611      1566.5557861328
856.321899      1564.3114013672
856.630127      1499.2253417969
856.938293      1517.1800537109
857.246399      1494.7365722656
857.554504      1573.2888183594
857.862549      1541.8679199219
858.170471      1539.6235351563
858.478394      1539.6235351563
858.786316      1553.0897216797
859.094177      1559.8227539063
859.401917      1512.6914062500
859.709656      1485.7591552734
860.017334      1559.8227539063
860.324951      1550.8453369141
860.632507      1564.3114013672
860.940063      1539.6235351563
861.247559      1557.5783691406
861.555054      1508.2026367188
861.862366      1510.4470214844
862.169739      1550.8453369141
862.476990      1535.1348876953
862.784241      1568.8001708984
863.091370      1588.9992675781
863.398499      1523.9130859375
863.705627      1461.0714111328
864.012634      1485.7591552734
864.319519      1535.1348876953
864.626526      1544.1123046875
864.933350      1508.2026367188
865.240234      1510.4470214844
865.546936      1481.2705078125
865.853699      1499.2253417969
866.160400      1568.8001708984
866.466980      1467.8044433594
866.773560      1510.4470214844
867.080078      1503.7139892578
867.386536      1499.2253417969
867.692993      1521.6688232422
867.999329      1550.8453369141
868.305664      1564.3114013672
868.611938      1496.9809570313
868.918152      1510.4470214844
869.224304      1517.1800537109
869.530457      1544.1123046875
869.836487      1530.6462402344
870.142517      1535.1348876953
870.448547      1537.3792724609
870.754395      1541.8679199219
871.060242      1564.3114013672
871.366089      1595.7322998047
871.671814      1575.5332031250
871.977539      1564.3114013672
872.283203      1539.6235351563
872.588806      1564.3114013672
872.894409      1490.2479248047
873.199890      1541.8679199219
873.505371      1490.2479248047
873.810730      1553.0897216797
874.116150      1544.1123046875
874.421387      1503.7139892578
874.726685      1512.6914062500
875.031860      1566.5557861328
875.337097      1575.5332031250
875.642090      1485.7591552734
875.947205      1539.6235351563
876.252197      1521.6688232422
876.557129      1488.0035400391
876.862000      1517.1800537109
877.166870      1517.1800537109
877.471680      1593.4879150391
877.776428      1564.3114013672
878.081116      1526.1574707031
878.385742      1483.5148925781
878.690369      1528.4018554688
878.994873      1483.5148925781
879.299316      1535.1348876953
879.603821      1517.1800537109
879.908203      1544.1123046875
880.212585      1463.3156738281
880.516846      1445.3609619141
880.821106      1580.0218505859
881.125244      1553.0897216797
881.429382      1562.0670166016
881.733459      1508.2026367188
882.037537      1501.4696044922
882.341492      1476.7818603516
882.645447      1550.8453369141
882.949280      1494.7365722656
883.253113      1548.6009521484
883.556885      1541.8679199219
883.860657      1514.9357910156
884.164307      1519.4244384766
884.467896      1535.1348876953
884.771484      1575.5332031250
885.075073      1550.8453369141
885.378540      1548.6009521484
885.681885      1571.0444335938
885.985291      1532.8905029297
886.288635      1557.5783691406
886.591858      1631.6418457031
886.895020      1546.3565673828
887.198242      1602.4653320313
887.501343      1553.0897216797
887.804443      1537.3792724609
888.107422      1503.7139892578
888.410400      1550.8453369141
888.713257      1580.0218505859
889.016174      1557.5783691406
889.318909      1553.0897216797
889.621643      1557.5783691406
889.924377      1544.1123046875
890.227051      1496.9809570313
890.529602      1566.5557861328
890.832153      1555.3339843750
891.134705      1512.6914062500
891.437134      1539.6235351563
891.739441      1526.1574707031
892.041870      1535.1348876953
892.344116      1434.1391601563
892.646362      1532.8905029297
892.948486      1523.9130859375
893.250671      1467.8044433594
893.552734      1514.9357910156
893.854797      1557.5783691406
894.156738      1553.0897216797
894.458618      1537.3792724609
894.760559      1488.0035400391
895.062378      1512.6914062500
895.364136      1512.6914062500
895.665894      1503.7139892578
895.967590      1593.4879150391
896.269165      1510.4470214844
896.570679      1562.0670166016
896.872192      1580.0218505859
897.173706      1541.8679199219
897.475159      1537.3792724609
897.776428      1559.8227539063
898.077759      1604.7097167969
