0.011900
190.489868         0.0000000000
190.870819         0.0000000000
191.251740      1439.5484619141
191.632629      1492.8651123047
192.013474      1486.2005615234
192.394302      1541.7386474609
192.775101      1481.7574462891
193.155838      1501.7512207031
193.536575      1539.5170898438
193.917267      1548.4031982422
194.297943      1550.6247558594
194.678574      1539.5170898438
195.059174      1548.4031982422
195.439743      1552.8463134766
195.820282      1570.6185302734
196.200790      1526.1879882813
196.581268      1503.9726562500
196.961700      1570.6185302734
197.342117      1510.6373291016
197.722488      1519.5234375000
198.102829      1508.4157714844
198.483154      1506.1942138672
198.863434      1541.7386474609
199.243698      1561.7324218750
199.623901      1528.4095458984
200.004089      1468.4283447266
200.384247      1450.6561279297
200.764389      1463.9852294922
201.144485      1512.8587646484
201.524536      1488.4219970703
201.904572      1483.9790039063
202.284561      1548.4031982422
202.664520      1457.3206787109
203.044449      1537.2956542969
203.424362      1497.3081054688
203.804214      1499.5296630859
204.184067      1528.4095458984
204.563858      1490.6435546875
204.943649      1475.0928955078
205.323380      1479.5358886719
205.703094      1581.7260742188
206.082764      1439.5484619141
206.462418      1481.7574462891
206.842026      1441.7700195313
207.221588      1455.0991210938
207.601166      1521.7448730469
207.980667      1526.1879882813
208.360153      1506.1942138672
208.739609      1448.4345703125
209.119034      1477.3144531250
209.498428      1501.7512207031
209.877777      1490.6435546875
210.257111      1537.2956542969
210.636398      1552.8463134766
211.015656      1481.7574462891
211.394882      1512.8587646484
211.774094      1523.9664306641
212.153244      1526.1879882813
212.532394      1608.3843994141
212.911484      1526.1879882813
213.290543      1479.5358886719
213.669571      1439.5484619141
214.048584      1530.6309814453
214.427567      1532.8525390625
214.806488      1499.5296630859
215.185410      1539.5170898438
215.564270      1519.5234375000
215.943115      1543.9602050781
216.321930      1477.3144531250
216.700714      1559.5108642578
217.079437      1521.7448730469
217.458176      1455.0991210938
217.836838      1432.8839111328
218.215485      1455.0991210938
218.594101      1443.9915771484
218.972687      1466.2067871094
219.351227      1430.6623535156
219.729752      1535.0740966797
220.108246      1506.1942138672
220.486694      1475.0928955078
220.865128      1506.1942138672
221.243515      1532.8525390625
221.621872      1450.6561279297
222.000183      1470.6497802734
222.378494      1441.7700195313
222.756744      1590.6121826172
223.134964      1503.9726562500
223.513153      1481.7574462891
223.891327      1488.4219970703
224.269455      1486.2005615234
224.647552      1483.9790039063
225.025620      1535.0740966797
225.403656      1506.1942138672
225.781647      1479.5358886719
226.159622      1515.0803222656
226.537552      1479.5358886719
226.915436      1535.0740966797
227.293335      1412.8901367188
227.671158      1517.3018798828
228.048950      1477.3144531250
228.426727      1528.4095458984
228.804459      1495.0866699219
229.182175      1446.2130126953
229.559845      1535.0740966797
229.937500      1459.5422363281
230.315094      1512.8587646484
230.692673      1537.2956542969
231.070221      1575.0615234375
231.447723      1497.3081054688
231.825180      1532.8525390625
232.202652      1483.9790039063
232.580048      1470.6497802734
232.957428      1426.2193603516
233.334778      1492.8651123047
233.712097      1486.2005615234
234.089386      1377.3458251953
234.466614      1503.9726562500
234.843842      1543.9602050781
235.221024      1470.6497802734
235.598175      1490.6435546875
235.975281      1503.9726562500
236.352386      1581.7260742188
236.729431      1475.0928955078
237.106445      1506.1942138672
237.483414      1481.7574462891
237.860382      1530.6309814453
238.237305      1506.1942138672
238.614182      1501.7512207031
238.991043      1492.8651123047
239.367859      1475.0928955078
239.744644      1446.2130126953
240.121414      1508.4157714844
240.498138      1512.8587646484
240.874817      1510.6373291016
241.251480      1555.0677490234
241.628098      1541.7386474609
242.004700      1512.8587646484
242.381241      1535.0740966797
242.757782      1490.6435546875
243.134262      1466.2067871094
243.510727      1512.8587646484
243.887146      1501.7512207031
244.263535      1479.5358886719
244.639893      1506.1942138672
245.016220      1528.4095458984
245.392517      1463.9852294922
245.768768      1508.4157714844
246.145020      1423.9978027344
246.521194      1503.9726562500
246.897354      1430.6623535156
247.273483      1490.6435546875
247.649567      1490.6435546875
248.025650      1483.9790039063
248.401672      1519.5234375000
248.777664      1459.5422363281
249.153641      1548.4031982422
249.529556      1468.4283447266
249.905457      1526.1879882813
250.281326      1537.2956542969
250.657135      1543.9602050781
251.032959      1537.2956542969
251.408707      1537.2956542969
251.784424      1526.1879882813
252.160126      1459.5422363281
252.535797      1466.2067871094
252.911423      1461.7637939453
253.287018      1568.3969726563
253.662582      1537.2956542969
254.038116      1572.8399658203
254.413605      1523.9664306641
254.789063      1468.4283447266
255.164505      1483.9790039063
255.539886      1548.4031982422
255.915268      1479.5358886719
256.290588      1450.6561279297
256.665894      1437.3269042969
257.041168      1583.9476318359
257.416351      1463.9852294922
257.791565      1461.7637939453
258.166779      1521.7448730469
258.541870      1508.4157714844
258.916962      1463.9852294922
259.292023      1517.3018798828
259.667023      1510.6373291016
260.042053      1497.3081054688
260.416992      1439.5484619141
260.791931      1506.1942138672
261.166809      1512.8587646484
261.541687      1550.6247558594
261.916504      1490.6435546875
262.291321      1546.1816406250
262.666077      1557.2893066406
263.040802      1479.5358886719
263.415497      1501.7512207031
263.790161      1470.6497802734
264.164795      1481.7574462891
264.539368      1479.5358886719
264.913910      1488.4219970703
265.288452      1472.8713378906
265.662964      1526.1879882813
266.037384      1475.0928955078
266.411865      1530.6309814453
266.786224      1501.7512207031
267.160583      1539.5170898438
267.534912      1479.5358886719
267.909210      1506.1942138672
268.283447      1477.3144531250
268.657654      1461.7637939453
269.031860      1492.8651123047
269.406006      1463.9852294922
269.780151      1497.3081054688
270.154236      1497.3081054688
270.528290      1419.5548095703
270.902283      1472.8713378906
271.276306      1443.9915771484
271.650238      1459.5422363281
272.024170      1521.7448730469
272.398041      1486.2005615234
272.771881      1528.4095458984
273.145721      1477.3144531250
273.519531      1463.9852294922
273.893219      1455.0991210938
274.266937      1588.3906250000
274.640656      1486.2005615234
275.014282      1495.0866699219
275.387909      1428.4407958984
275.761475      1510.6373291016
276.135040      1499.5296630859
276.508514      1530.6309814453
276.882019      1506.1942138672
277.255463      1501.7512207031
277.628906      1521.7448730469
278.002258      1495.0866699219
278.375549      1528.4095458984
278.748901      1503.9726562500
279.122162      1546.1816406250
279.495392      1457.3206787109
279.868622      1521.7448730469
280.241791      1503.9726562500
280.614929      1479.5358886719
280.988007      1488.4219970703
281.361084      1506.1942138672
281.734131      1466.2067871094
282.107117      1455.0991210938
282.480072      1423.9978027344
282.853027      1475.0928955078
283.225952      1470.6497802734
283.598785      1470.6497802734
283.971619      1570.6185302734
284.344452      1535.0740966797
284.717194      1492.8651123047
285.089905      1583.9476318359
285.462616      1490.6435546875
285.835297      1448.4345703125
286.207886      1526.1879882813
286.580475      1479.5358886719
286.953064      1468.4283447266
287.325592      1443.9915771484
287.698059      1517.3018798828
288.070496      1468.4283447266
288.442963      1477.3144531250
288.815308      1521.7448730469
289.187683      1483.9790039063
289.559998      1532.8525390625
289.932281      1419.5548095703
290.304504      1541.7386474609
290.676727      1501.7512207031
291.048920      1486.2005615234
291.421082      1472.8713378906
291.793182      1466.2067871094
292.165222      1477.3144531250
292.537292      1530.6309814453
292.909332      1503.9726562500
293.281281      1530.6309814453
293.653198      1477.3144531250
294.025116      1472.8713378906
294.397003      1501.7512207031
294.768860      1530.6309814453
295.140656      1457.3206787109
295.512390      1503.9726562500
295.884125      1461.7637939453
296.255829      1508.4157714844
296.627502      1521.7448730469
296.999146      1481.7574462891
297.370728      1506.1942138672
297.742249      1470.6497802734
298.113831      1508.4157714844
298.485291      1461.7637939453
298.856781      1472.8713378906
299.228149      1466.2067871094
299.599579      1488.4219970703
299.970917      1535.0740966797
300.342224      1550.6247558594
300.713531      1488.4219970703
301.084778      1472.8713378906
301.455994      1532.8525390625
301.827148      1548.4031982422
302.198334      1499.5296630859
302.569427      1539.5170898438
302.940521      1517.3018798828
303.311554      1506.1942138672
303.682556      1466.2067871094
304.053528      1555.0677490234
304.424469      1455.0991210938
304.795380      1535.0740966797
305.166260      1519.5234375000
305.537048      1512.8587646484
305.907837      1537.2956542969
306.278625      1490.6435546875
306.649384      1428.4407958984
307.020050      1457.3206787109
307.390686      1483.9790039063
307.761353      1497.3081054688
308.131897      1550.6247558594
308.502502      1406.2255859375
308.872986      1510.6373291016
309.243500      1475.0928955078
309.613922      1543.9602050781
309.984344      1452.8776855469
310.354736      1430.6623535156
310.725098      1523.9664306641
311.095398      1510.6373291016
311.465637      1470.6497802734
311.835907      1517.3018798828
312.206116      1508.4157714844
312.576294      1532.8525390625
312.946411      1463.9852294922
313.316528      1555.0677490234
313.686584      1535.0740966797
314.056610      1483.9790039063
314.426605      1488.4219970703
314.796570      1508.4157714844
315.166504      1530.6309814453
315.536377      1472.8713378906
315.906250      1515.0803222656
316.276093      1530.6309814453
316.645844      1490.6435546875
317.015594      1501.7512207031
317.385315      1512.8587646484
317.755035      1517.3018798828
318.124603      1519.5234375000
318.494263      1483.9790039063
318.863831      1535.0740966797
319.233368      1537.2956542969
319.602875      1495.0866699219
319.972351      1488.4219970703
320.341797      1472.8713378906
320.711182      1452.8776855469
321.080536      1468.4283447266
321.449890      1490.6435546875
321.819183      1472.8713378906
322.188446      1466.2067871094
322.557648      1508.4157714844
322.926880      1488.4219970703
323.295990      1475.0928955078
323.665100      1486.2005615234
324.034210      1475.0928955078
324.403259      1452.8776855469
324.772247      1448.4345703125
325.141205      1481.7574462891
325.510193      1521.7448730469
325.879120      1510.6373291016
326.247955      1508.4157714844
326.616791      1466.2067871094
326.985596      1448.4345703125
327.354340      1495.0866699219
327.723053      1488.4219970703
328.091797      1495.0866699219
328.460449      1515.0803222656
328.829071      1515.0803222656
329.197632      1563.9538574219
329.566193      1588.3906250000
329.934753      1537.2956542969
330.303192      1470.6497802734
330.671631      1508.4157714844
331.040070      1455.0991210938
331.408478      1517.3018798828
331.776794      1448.4345703125
332.145081      1479.5358886719
332.513367      1575.0615234375
332.881592      1528.4095458984
333.249756      1550.6247558594
333.617920      1466.2067871094
333.986084      1499.5296630859
334.354156      1521.7448730469
334.722229      1443.9915771484
335.090240      1481.7574462891
335.458252      1506.1942138672
335.826202      1519.5234375000
336.194092      1468.4283447266
336.561951      1452.8776855469
336.929779      1463.9852294922
337.297577      1535.0740966797
337.665375      1495.0866699219
338.033142      1515.0803222656
338.400787      1477.3144531250
338.768463      1466.2067871094
339.136108      1539.5170898438
339.503693      1495.0866699219
339.871246      1539.5170898438
340.238770      1492.8651123047
340.606262      1521.7448730469
340.973755      1543.9602050781
341.341125      1492.8651123047
341.708527      1468.4283447266
342.075867      1521.7448730469
342.443146      1515.0803222656
342.810425      1526.1879882813
343.177673      1483.9790039063
343.544861      1495.0866699219
343.912018      1528.4095458984
344.279114      1457.3206787109
344.646271      1497.3081054688
345.013336      1501.7512207031
345.380341      1497.3081054688
345.747314      1497.3081054688
346.114258      1443.9915771484
346.481171      1532.8525390625
346.848022      1475.0928955078
347.214905      1546.1816406250
347.581726      1435.1054687500
347.948456      1401.7825927734
348.315186      1486.2005615234
348.681885      1539.5170898438
349.048584      1517.3018798828
349.415161      1401.7825927734
349.781738      1419.5548095703
350.148346      1466.2067871094
350.514862      1490.6435546875
350.881287      1466.2067871094
351.247742      1499.5296630859
351.614197      1488.4219970703
351.980530      1495.0866699219
352.346863      1537.2956542969
352.713165      1512.8587646484
353.079437      1452.8776855469
353.445679      1446.2130126953
353.811859      1468.4283447266
354.178009      1563.9538574219
354.544159      1492.8651123047
354.910217      1448.4345703125
355.276276      1461.7637939453
355.642303      1470.6497802734
356.008270      1499.5296630859
356.374176      1472.8713378906
356.740112      1459.5422363281
357.105988      1552.8463134766
357.471802      1512.8587646484
357.837585      1501.7512207031
358.203339      1508.4157714844
358.569092      1508.4157714844
358.934753      1483.9790039063
359.300415      1528.4095458984
359.666016      1430.6623535156
360.031616      1472.8713378906
360.397125      1523.9664306641
360.762634      1506.1942138672
361.128143      1495.0866699219
361.493530      1526.1879882813
361.858917      1510.6373291016
362.224274      1450.6561279297
362.589630      1492.8651123047
362.954895      1452.8776855469
363.320160      1481.7574462891
363.685394      1539.5170898438
364.050568      1477.3144531250
364.415680      1423.9978027344
364.780792      1499.5296630859
365.145874      1463.9852294922
365.510895      1488.4219970703
365.875854      1517.3018798828
366.240845      1472.8713378906
366.605774      1466.2067871094
366.970642      1448.4345703125
367.335480      1523.9664306641
367.700317      1468.4283447266
368.065125      1510.6373291016
368.429840      1510.6373291016
368.794525      1497.3081054688
369.159241      1526.1879882813
369.523834      1499.5296630859
369.888397      1412.8901367188
370.252991      1508.4157714844
370.617554      1561.7324218750
370.981995      1477.3144531250
371.346436      1517.3018798828
371.710846      1510.6373291016
372.075256      1517.3018798828
372.439545      1537.2956542969
372.803864      1503.9726562500
373.168121      1523.9664306641
373.532379      1515.0803222656
373.896545      1439.5484619141
374.260681      1457.3206787109
374.624847      1432.8839111328
374.988892      1488.4219970703
375.352936      1490.6435546875
375.716949      1555.0677490234
376.080933      1517.3018798828
376.444855      1530.6309814453
376.808716      1452.8776855469
377.172638      1468.4283447266
377.536469      1541.7386474609
377.900208      1501.7512207031
378.263947      1510.6373291016
378.627686      1583.9476318359
378.991364      1517.3018798828
379.354980      1517.3018798828
379.718628      1543.9602050781
380.082214      1459.5422363281
380.445709      1459.5422363281
380.809174      1477.3144531250
381.172668      1490.6435546875
381.536072      1495.0866699219
381.899475      1497.3081054688
382.262787      1512.8587646484
382.626129      1472.8713378906
382.989380      1439.5484619141
383.352631      1506.1942138672
383.715790      1528.4095458984
384.078979      1521.7448730469
384.442078      1492.8651123047
384.805145      1488.4219970703
385.168243      1488.4219970703
385.531250      1510.6373291016
385.894226      1455.0991210938
386.257141      1459.5422363281
386.620056      1477.3144531250
386.982941      1475.0928955078
387.345734      1486.2005615234
387.708527      1526.1879882813
388.071289      1619.4920654297
388.433990      1477.3144531250
388.796661      1530.6309814453
389.159332      1541.7386474609
389.521942      1537.2956542969
389.884491      1532.8525390625
390.247040      1477.3144531250
390.609528      1492.8651123047
390.971985      1535.0740966797
391.334412      1539.5170898438
391.696747      1495.0866699219
392.059143      1461.7637939453
392.421478      1475.0928955078
392.783691      1508.4157714844
393.145935      1512.8587646484
393.508148      1486.2005615234
393.870270      1452.8776855469
394.232391      1490.6435546875
394.594482      1499.5296630859
394.956573      1490.6435546875
395.318542      1443.9915771484
395.680511      1503.9726562500
396.042450      1519.5234375000
396.404388      1528.4095458984
396.766235      1472.8713378906
397.128021      1475.0928955078
397.489838      1526.1879882813
397.851563      1515.0803222656
398.213257      1550.6247558594
398.574951      1526.1879882813
398.936615      1439.5484619141
399.298187      1506.1942138672
399.659729      1448.4345703125
400.021271      1548.4031982422
400.382751      1499.5296630859
400.744202      1472.8713378906
401.105621      1506.1942138672
401.466980      1515.0803222656
401.828339      1452.8776855469
402.189606      1495.0866699219
402.550873      1537.2956542969
402.912140      1479.5358886719
403.273285      1532.8525390625
403.634430      1563.9538574219
403.995544      1532.8525390625
404.356659      1506.1942138672
404.717651      1497.3081054688
405.078674      1512.8587646484
405.439636      1486.2005615234
405.800568      1528.4095458984
406.161438      1543.9602050781
406.522278      1517.3018798828
406.883118      1455.0991210938
407.243866      1506.1942138672
407.604584      1523.9664306641
407.965302      1475.0928955078
408.325989      1470.6497802734
408.686584      1490.6435546875
409.047150      1512.8587646484
409.407715      1528.4095458984
409.768250      1515.0803222656
410.128723      1446.2130126953
410.489136      1526.1879882813
410.849518      1459.5422363281
411.209900      1488.4219970703
411.570190      1479.5358886719
411.930511      1490.6435546875
412.290741      1481.7574462891
412.650940      1415.1116943359
413.011078      1497.3081054688
413.371246      1492.8651123047
413.731354      1448.4345703125
414.091400      1515.0803222656
414.451385      1521.7448730469
414.811401      1497.3081054688
415.171356      1512.8587646484
415.531281      1577.2830810547
415.891113      1506.1942138672
416.250946      1515.0803222656
416.610718      1517.3018798828
416.970490      1508.4157714844
417.330200      1443.9915771484
417.689911      1441.7700195313
418.049530      1472.8713378906
418.409119      1497.3081054688
418.768707      1521.7448730469
419.128235      1488.4219970703
419.487701      1537.2956542969
419.847137      1521.7448730469
420.206573      1550.6247558594
420.565948      1497.3081054688
420.925232      1486.2005615234
421.284576      1581.7260742188
421.643860      1532.8525390625
422.003052      1555.0677490234
422.362213      1541.7386474609
422.721375      1523.9664306641
423.080536      1448.4345703125
423.439575      1446.2130126953
423.798584      1497.3081054688
424.157593      1430.6623535156
424.516571      1443.9915771484
424.875458      1568.3969726563
425.234314      1501.7512207031
425.593201      1557.2893066406
425.951965      1515.0803222656
426.310699      1517.3018798828
426.669495      1570.6185302734
427.028168      1490.6435546875
427.386810      1483.9790039063
427.745392      1603.9414062500
428.103973      1541.7386474609
428.462524      1470.6497802734
428.821045      1503.9726562500
429.179504      1517.3018798828
429.537903      1459.5422363281
429.896271      1477.3144531250
430.254608      1519.5234375000
430.612915      1419.5548095703
430.971222      1486.2005615234
431.329437      1492.8651123047
431.687622      1510.6373291016
432.045776      1475.0928955078
432.403900      1499.5296630859
432.761993      1539.5170898438
433.119995      1492.8651123047
433.477997      1470.6497802734
433.835968      1526.1879882813
434.193909      1450.6561279297
434.551758      1428.4407958984
434.909637      1470.6497802734
435.267395      1519.5234375000
435.625183      1530.6309814453
435.982910      1483.9790039063
436.340607      1459.5422363281
436.698273      1490.6435546875
437.055878      1519.5234375000
437.413452      1430.6623535156
437.770996      1548.4031982422
438.128479      1408.4471435547
438.485962      1515.0803222656
438.843384      1530.6309814453
439.200775      1472.8713378906
439.558136      1457.3206787109
439.915405      1466.2067871094
440.272705      1526.1879882813
440.629883      1492.8651123047
440.987091      1523.9664306641
441.344238      1526.1879882813
441.701355      1475.0928955078
442.058441      1512.8587646484
442.415436      1561.7324218750
442.772461      1523.9664306641
443.129425      1461.7637939453
443.486359      1457.3206787109
443.843231      1515.0803222656
444.200104      1503.9726562500
444.556885      1528.4095458984
444.913635      1506.1942138672
445.270355      1441.7700195313
445.627075      1466.2067871094
445.983704      1468.4283447266
446.340302      1443.9915771484
446.696869      1472.8713378906
447.053436      1492.8651123047
447.409912      1477.3144531250
447.766357      1477.3144531250
448.122803      1490.6435546875
448.479156      1557.2893066406
448.835510      1521.7448730469
449.191772      1561.7324218750
449.548096      1510.6373291016
449.904297      1519.5234375000
450.260437      1523.9664306641
450.616608      1450.6561279297
450.972687      1468.4283447266
451.328796      1490.6435546875
451.684814      1517.3018798828
452.040833      1481.7574462891
452.396729      1475.0928955078
452.752655      1492.8651123047
453.108551      1508.4157714844
453.464355      1404.0040283203
453.820160      1497.3081054688
454.175934      1519.5234375000
454.531616      1455.0991210938
454.887299      1526.1879882813
455.242950      1488.4219970703
455.598541      1523.9664306641
455.954102      1481.7574462891
456.309601      1497.3081054688
456.665131      1495.0866699219
457.020538      1486.2005615234
457.375977      1443.9915771484
457.731323      1495.0866699219
458.086670      1486.2005615234
458.441956      1501.7512207031
458.797211      1550.6247558594
459.152405      1528.4095458984
459.507538      1555.0677490234
459.862701      1481.7574462891
460.217773      1481.7574462891
460.572845      1472.8713378906
460.927856      1490.6435546875
461.282837      1515.0803222656
461.637756      1461.7637939453
461.992645      1395.1179199219
462.347504      1463.9852294922
462.702332      1452.8776855469
463.057129      1486.2005615234
463.411835      1499.5296630859
463.766541      1499.5296630859
464.121185      1466.2067871094
464.475830      1577.2830810547
464.830383      1517.3018798828
465.184937      1506.1942138672
465.539429      1481.7574462891
465.893921      1512.8587646484
466.248322      1543.9602050781
466.602753      1523.9664306641
466.957062      1521.7448730469
467.311371      1521.7448730469
467.665619      1472.8713378906
468.019897      1492.8651123047
468.374054      1463.9852294922
468.728180      1519.5234375000
469.082306      1495.0866699219
469.436371      1435.1054687500
469.790405      1517.3018798828
470.144379      1495.0866699219
470.498352      1488.4219970703
470.852264      1457.3206787109
471.206146      1497.3081054688
471.559967      1492.8651123047
471.913788      1475.0928955078
472.267487      1441.7700195313
472.621246      1530.6309814453
472.974915      1472.8713378906
473.328522      1459.5422363281
473.682129      1492.8651123047
474.035675      1503.9726562500
474.389191      1495.0866699219
474.742676      1577.2830810547
475.096130      1506.1942138672
475.449493      1495.0866699219
475.802856      1541.7386474609
476.156189      1501.7512207031
476.509460      1479.5358886719
476.862732      1419.5548095703
477.215912      1506.1942138672
477.569061      1559.5108642578
477.922150      1512.8587646484
478.275299      1457.3206787109
478.628296      1515.0803222656
478.981323      1517.3018798828
479.334259      1477.3144531250
479.687195      1399.5610351563
480.040070      1501.7512207031
480.392914      1546.1816406250
480.745728      1461.7637939453
481.098511      1512.8587646484
481.451202      1430.6623535156
481.803925      1459.5422363281
482.156525      1477.3144531250
482.509125      1461.7637939453
482.861694      1517.3018798828
483.214233      1466.2067871094
483.566711      1519.5234375000
483.919128      1535.0740966797
484.271576      1457.3206787109
484.623901      1495.0866699219
484.976257      1492.8651123047
485.328522      1470.6497802734
485.680786      1455.0991210938
486.032959      1475.0928955078
486.385132      1430.6623535156
486.737274      1470.6497802734
487.089325      1437.3269042969
487.441376      1466.2067871094
487.793396      1472.8713378906
488.145386      1477.3144531250
488.497284      1477.3144531250
488.849182      1532.8525390625
489.201019      1486.2005615234
489.552826      1448.4345703125
489.904572      1535.0740966797
490.256317      1461.7637939453
490.608002      1530.6309814453
490.959656      1517.3018798828
491.311249      1481.7574462891
491.662811      1546.1816406250
492.014343      1512.8587646484
492.365814      1499.5296630859
492.717285      1483.9790039063
493.068665      1463.9852294922
493.420044      1499.5296630859
493.771362      1439.5484619141
494.122650      1457.3206787109
494.473877      1530.6309814453
494.825104      1483.9790039063
495.176270      1517.3018798828
495.527374      1497.3081054688
495.878479      1479.5358886719
496.229492      1412.8901367188
496.580536      1508.4157714844
496.931458      1472.8713378906
497.282379      1512.8587646484
497.633270      1461.7637939453
497.984131      1492.8651123047
498.334900      1532.8525390625
498.685669      1561.7324218750
499.036377      1523.9664306641
499.387115      1519.5234375000
499.737701      1512.8587646484
500.088318      1488.4219970703
500.438904      1461.7637939453
500.789429      1532.8525390625
501.139893      1550.6247558594
501.490295      1479.5358886719
501.840729      1528.4095458984
502.191040      1455.0991210938
502.541382      1521.7448730469
502.891663      1532.8525390625
503.241913      1546.1816406250
503.592133      1486.2005615234
503.942322      1457.3206787109
504.292358      1568.3969726563
504.642395      1477.3144531250
504.992432      1590.6121826172
505.342468      1470.6497802734
505.692413      1517.3018798828
506.042358      1448.4345703125
506.392242      1495.0866699219
506.742035      1510.6373291016
507.091858      1450.6561279297
507.441528      1472.8713378906
507.791290      1495.0866699219
508.140961      1535.0740966797
508.490601      1463.9852294922
508.840210      1535.0740966797
509.189697      1481.7574462891
509.539215      1483.9790039063
509.888641      1461.7637939453
510.238098      1512.8587646484
510.587494      1459.5422363281
510.936859      1488.4219970703
511.286194      1483.9790039063
511.635498      1483.9790039063
511.984650      1423.9978027344
512.333862      1543.9602050781
512.682922      1492.8651123047
513.032043      1488.4219970703
513.381104      1515.0803222656
513.730164      1439.5484619141
514.079163      1477.3144531250
514.428040      1479.5358886719
514.776978      1532.8525390625
515.125793      1519.5234375000
515.474609      1483.9790039063
515.823425      1581.7260742188
516.172180      1528.4095458984
516.520813      1566.1754150391
516.869568      1495.0866699219
517.218079      1486.2005615234
517.566650      1443.9915771484
517.915161      1530.6309814453
518.263672      1483.9790039063
518.612183      1526.1879882813
518.960571      1466.2067871094
519.308899      1555.0677490234
519.657227      1523.9664306641
520.005554      1446.2130126953
520.353699      1526.1879882813
520.701904      1510.6373291016
521.050110      1570.6185302734
521.398254      1537.2956542969
521.746338      1495.0866699219
522.094421      1568.3969726563
522.442383      1497.3081054688
522.790222      1528.4095458984
523.138184      1486.2005615234
523.486145      1452.8776855469
523.833984      1481.7574462891
524.181763      1483.9790039063
524.529541      1552.8463134766
524.877197      1477.3144531250
525.224915      1526.1879882813
525.572449      1510.6373291016
525.920105      1523.9664306641
526.267639      1483.9790039063
526.615173      1488.4219970703
526.962646      1512.8587646484
527.309998      1535.0740966797
527.657410      1448.4345703125
528.004700      1450.6561279297
528.351990      1475.0928955078
528.699280      1448.4345703125
529.046509      1508.4157714844
529.393677      1523.9664306641
529.740845      1541.7386474609
530.087891      1501.7512207031
530.434998      1499.5296630859
530.781921      1435.1054687500
531.128906      1483.9790039063
531.475891      1483.9790039063
531.822815      1466.2067871094
532.169617      1506.1942138672
532.516418      1495.0866699219
532.863159      1448.4345703125
533.209839      1432.8839111328
533.556580      1497.3081054688
533.903198      1486.2005615234
534.249817      1512.8587646484
534.596436      1519.5234375000
534.942932      1470.6497802734
535.289368      1437.3269042969
535.635803      1439.5484619141
535.982178      1441.7700195313
536.328552      1499.5296630859
536.674805      1490.6435546875
537.021118      1481.7574462891
537.367371      1486.2005615234
537.713501      1450.6561279297
538.059692      1486.2005615234
538.405701      1461.7637939453
538.751831      1521.7448730469
539.097839      1539.5170898438
539.443787      1443.9915771484
539.789734      1501.7512207031
540.135620      1548.4031982422
540.481506      1492.8651123047
540.827209      1521.7448730469
541.173035      1459.5422363281
541.518799      1519.5234375000
541.864502      1499.5296630859
542.210144      1492.8651123047
542.555786      1446.2130126953
542.901245      1450.6561279297
543.246826      1472.8713378906
543.592285      1477.3144531250
543.937683      1523.9664306641
544.283142      1450.6561279297
544.628479      1515.0803222656
544.973816      1475.0928955078
545.319031      1423.9978027344
545.664307      1503.9726562500
546.009399      1459.5422363281
546.354614      1470.6497802734
546.699707      1530.6309814453
547.044739      1532.8525390625
547.389832      1566.1754150391
547.734802      1488.4219970703
548.079712      1490.6435546875
548.424622      1470.6497802734
548.769409      1550.6247558594
549.114258      1492.8651123047
549.459045      1490.6435546875
549.803772      1528.4095458984
550.148499      1470.6497802734
550.493103      1488.4219970703
550.837708      1486.2005615234
551.182190      1579.5046386719
551.526733      1517.3018798828
551.871216      1501.7512207031
552.215698      1499.5296630859
552.560120      1497.3081054688
552.904480      1450.6561279297
553.248718      1490.6435546875
553.592957      1517.3018798828
553.937195      1537.2956542969
554.281372      1508.4157714844
554.625549      1459.5422363281
554.969666      1519.5234375000
555.313721      1479.5358886719
555.657654      1483.9790039063
556.001709      1508.4157714844
556.345581      1510.6373291016
556.689514      1508.4157714844
557.033325      1432.8839111328
557.377197      1497.3081054688
557.720947      1497.3081054688
558.064575      1475.0928955078
558.408264      1435.1054687500
558.751892      1463.9852294922
559.095520      1470.6497802734
559.439087      1495.0866699219
559.782654      1501.7512207031
560.126099      1506.1942138672
560.469543      1508.4157714844
560.812927      1428.4407958984
561.156250      1517.3018798828
561.499512      1472.8713378906
561.842773      1488.4219970703
562.185974      1546.1816406250
562.529175      1506.1942138672
562.872314      1503.9726562500
563.215332      1532.8525390625
563.558472      1583.9476318359
563.901367      1486.2005615234
564.244385      1503.9726562500
564.587341      1515.0803222656
564.930237      1486.2005615234
565.273071      1475.0928955078
565.615845      1561.7324218750
565.958557      1459.5422363281
566.301331      1519.5234375000
566.643860      1523.9664306641
566.986511      1450.6561279297
567.329163      1510.6373291016
567.671692      1448.4345703125
568.014221      1472.8713378906
568.356628      1517.3018798828
568.699036      1497.3081054688
569.041321      1470.6497802734
569.383728      1526.1879882813
569.726013      1481.7574462891
570.068298      1515.0803222656
570.410461      1543.9602050781
570.752686      1512.8587646484
571.094727      1466.2067871094
571.436768      1512.8587646484
571.778809      1497.3081054688
572.120850      1450.6561279297
572.462769      1506.1942138672
572.804688      1481.7574462891
573.146606      1468.4283447266
573.488342      1481.7574462891
573.830139      1543.9602050781
574.171814      1472.8713378906
574.513550      1432.8839111328
574.855164      1432.8839111328
575.196838      1541.7386474609
575.538391      1515.0803222656
575.879883      1546.1816406250
576.221375      1548.4031982422
576.562744      1550.6247558594
576.904175      1539.5170898438
577.245483      1561.7324218750
577.586792      1537.2956542969
577.928101      1486.2005615234
578.269348      1521.7448730469
578.610535      1490.6435546875
578.951660      1426.2193603516
579.292664      1510.6373291016
579.633728      1508.4157714844
579.974792      1497.3081054688
580.315796      1495.0866699219
580.656677      1475.0928955078
580.997498      1486.2005615234
581.338379      1475.0928955078
581.679138      1483.9790039063
582.019897      1468.4283447266
582.360657      1563.9538574219
582.701294      1546.1816406250
583.041931      1528.4095458984
583.382507      1546.1816406250
583.723022      1495.0866699219
584.063538      1463.9852294922
584.403931      1506.1942138672
584.744385      1483.9790039063
585.084778      1448.4345703125
585.425110      1528.4095458984
585.765381      1475.0928955078
586.105591      1517.3018798828
586.445801      1557.2893066406
586.785889      1506.1942138672
587.125977      1492.8651123047
587.466064      1510.6373291016
587.806152      1535.0740966797
588.146118      1559.5108642578
588.486023      1550.6247558594
588.825928      1488.4219970703
589.165710      1404.0040283203
589.505554      1426.2193603516
589.845337      1543.9602050781
590.185120      1495.0866699219
590.524780      1501.7512207031
590.864441      1541.7386474609
591.203918      1472.8713378906
591.543518      1512.8587646484
591.882996      1550.6247558594
592.222473      1532.8525390625
592.561890      1481.7574462891
592.901306      1459.5422363281
593.240662      1510.6373291016
593.579895      1479.5358886719
593.919128      1463.9852294922
594.258301      1483.9790039063
594.597473      1519.5234375000
594.936646      1532.8525390625
595.275696      1510.6373291016
595.614807      1517.3018798828
595.953796      1490.6435546875
596.292725      1501.7512207031
596.631592      1559.5108642578
596.970398      1541.7386474609
597.309204      1477.3144531250
597.648010      1481.7574462891
597.986755      1543.9602050781
598.325500      1468.4283447266
598.664124      1499.5296630859
599.002686      1492.8651123047
599.341187      1452.8776855469
599.679749      1512.8587646484
600.018250      1421.7762451172
600.356628      1439.5484619141
600.695068      1477.3144531250
601.033386      1546.1816406250
601.371643      1463.9852294922
601.709900      1512.8587646484
602.048035      1488.4219970703
602.386292      1421.7762451172
602.724426      1528.4095458984
603.062500      1486.2005615234
603.400574      1470.6497802734
603.738525      1488.4219970703
604.076477      1535.0740966797
604.414307      1392.8964843750
604.752197      1483.9790039063
605.090027      1497.3081054688
605.427795      1457.3206787109
605.765564      1517.3018798828
606.103210      1472.8713378906
606.440857      1470.6497802734
606.778442      1515.0803222656
607.115967      1512.8587646484
607.453552      1506.1942138672
607.791016      1537.2956542969
608.128418      1532.8525390625
608.465820      1537.2956542969
608.803162      1541.7386474609
609.140442      1479.5358886719
609.477661      1475.0928955078
609.814880      1475.0928955078
610.152100      1501.7512207031
610.489258      1550.6247558594
610.826294      1552.8463134766
611.163269      1501.7512207031
611.500305      1499.5296630859
611.837219      1486.2005615234
612.174072      1535.0740966797
612.510986      1532.8525390625
612.847839      1557.2893066406
613.184570      1526.1879882813
613.521362      1510.6373291016
613.857971      1512.8587646484
614.194641      1492.8651123047
614.531189      1490.6435546875
614.867737      1548.4031982422
615.204285      1432.8839111328
615.540771      1439.5484619141
615.877197      1526.1879882813
616.213562      1537.2956542969
616.549927      1543.9602050781
616.886169      1461.7637939453
617.222351      1452.8776855469
617.558594      1461.7637939453
617.894775      1523.9664306641
618.230896      1579.5046386719
618.566956      1503.9726562500
618.902954      1519.5234375000
619.238953      1477.3144531250
619.574890      1472.8713378906
619.910767      1543.9602050781
620.246643      1495.0866699219
620.582458      1535.0740966797
620.918213      1499.5296630859
621.253967      1543.9602050781
621.589661      1555.0677490234
621.925232      1492.8651123047
622.260803      1530.6309814453
622.596375      1559.5108642578
622.931885      1506.1942138672
623.267334      1390.6749267578
623.602722      1459.5422363281
623.938110      1468.4283447266
624.273376      1530.6309814453
624.608643      1477.3144531250
624.943848      1459.5422363281
625.279114      1577.2830810547
625.614258      1479.5358886719
625.949341      1519.5234375000
626.284424      1477.3144531250
626.619446      1472.8713378906
626.954407      1441.7700195313
627.289307      1472.8713378906
627.624207      1459.5422363281
627.959045      1557.2893066406
628.293884      1472.8713378906
628.628601      1490.6435546875
628.963257      1477.3144531250
629.297913      1521.7448730469
629.632507      1488.4219970703
629.967102      1537.2956542969
630.301697      1499.5296630859
630.636169      1568.3969726563
630.970581      1477.3144531250
631.304993      1466.2067871094
631.639282      1519.5234375000
631.973572      1455.0991210938
632.307861      1470.6497802734
632.642090      1495.0866699219
632.976257      1548.4031982422
633.310425      1452.8776855469
633.644470      1457.3206787109
633.978516      1503.9726562500
634.312439      1515.0803222656
634.646423      1475.0928955078
634.980347      1475.0928955078
635.314209      1579.5046386719
635.648071      1475.0928955078
635.981812      1423.9978027344
636.315552      1526.1879882813
636.649170      1443.9915771484
636.982849      1508.4157714844
637.316406      1530.6309814453
637.649963      1459.5422363281
637.983521      1461.7637939453
638.317017      1479.5358886719
638.650391      1548.4031982422
638.983765      1526.1879882813
639.317078      1539.5170898438
639.650391      1530.6309814453
639.983643      1512.8587646484
640.316833      1452.8776855469
640.649963      1599.4982910156
640.983032      1492.8651123047
641.316101      1541.7386474609
641.649109      1528.4095458984
641.982056      1532.8525390625
642.315002      1463.9852294922
642.647888      1566.1754150391
642.980774      1517.3018798828
643.313538      1528.4095458984
643.646301      1555.0677490234
643.979004      1543.9602050781
644.311646      1492.8651123047
644.644226      1537.2956542969
644.976868      1530.6309814453
645.309387      1503.9726562500
645.641846      1530.6309814453
645.974243      1497.3081054688
646.306702      1537.2956542969
646.638977      1552.8463134766
646.971252      1526.1879882813
647.303528      1461.7637939453
647.635803      1490.6435546875
647.967957      1543.9602050781
648.300110      1519.5234375000
648.632141      1481.7574462891
648.964111      1495.0866699219
649.296082      1501.7512207031
649.628113      1461.7637939453
649.960022      1508.4157714844
650.291870      1555.0677490234
650.623718      1490.6435546875
650.955383      1492.8651123047
651.287109      1479.5358886719
651.618774      1499.5296630859
651.950378      1519.5234375000
652.281982      1517.3018798828
652.613586      1490.6435546875
652.945068      1532.8525390625
653.276489      1550.6247558594
653.607910      1517.3018798828
653.939209      1472.8713378906
654.270569      1546.1816406250
654.601807      1526.1879882813
654.933105      1463.9852294922
655.264221      1479.5358886719
655.595398      1508.4157714844
655.926453      1459.5422363281
656.257507      1519.5234375000
656.588440      1503.9726562500
656.919434      1466.2067871094
657.250366      1506.1942138672
657.581238      1468.4283447266
657.912048      1475.0928955078
658.242798      1501.7512207031
658.573486      1486.2005615234
658.904114      1512.8587646484
659.234802      1519.5234375000
659.565430      1508.4157714844
659.895996      1519.5234375000
660.226501      1490.6435546875
660.556946      1495.0866699219
660.887329      1539.5170898438
661.217712      1448.4345703125
661.547974      1446.2130126953
661.878296      1535.0740966797
662.208557      1528.4095458984
662.538757      1501.7512207031
662.868896      1488.4219970703
663.198975      1490.6435546875
663.528992      1530.6309814453
663.859009      1479.5358886719
664.188904      1503.9726562500
664.518860      1399.5610351563
664.848755      1510.6373291016
665.178589      1506.1942138672
665.508362      1423.9978027344
665.838013      1479.5358886719
666.167725      1526.1879882813
666.497375      1452.8776855469
666.826965      1541.7386474609
667.156494      1463.9852294922
667.486084      1526.1879882813
667.815552      1448.4345703125
668.144897      1452.8776855469
668.474304      1561.7324218750
668.803528      1483.9790039063
669.132813      1472.8713378906
669.462036      1441.7700195313
669.791260      1530.6309814453
670.120422      1537.2956542969
670.449463      1417.3332519531
670.778564      1401.7825927734
671.107544      1506.1942138672
671.436523      1528.4095458984
671.765381      1461.7637939453
672.094299      1515.0803222656
672.423157      1470.6497802734
672.751831      1461.7637939453
673.080627      1446.2130126953
673.409302      1548.4031982422
673.737976      1517.3018798828
674.066528      1468.4283447266
674.395081      1521.7448730469
674.723572      1495.0866699219
675.052002      1466.2067871094
675.380432      1570.6185302734
675.708801      1586.1691894531
676.037170      1523.9664306641
676.365417      1497.3081054688
676.693665      1475.0928955078
677.021851      1499.5296630859
677.349976      1466.2067871094
677.678040      1459.5422363281
678.006042      1583.9476318359
678.334106      1437.3269042969
678.662048      1510.6373291016
678.989929      1559.5108642578
679.317810      1450.6561279297
679.645630      1459.5422363281
679.973389      1526.1879882813
680.301086      1528.4095458984
680.628845      1468.4283447266
680.956482      1470.6497802734
681.283997      1497.3081054688
681.611572      1492.8651123047
681.939087      1459.5422363281
682.266541      1497.3081054688
682.593872      1508.4157714844
682.921265      1450.6561279297
683.248596      1441.7700195313
683.575806      1477.3144531250
683.903076      1495.0866699219
684.230286      1555.0677490234
684.557373      1546.1816406250
684.884399      1497.3081054688
685.211487      1572.8399658203
685.538513      1537.2956542969
685.865417      1450.6561279297
686.192261      1450.6561279297
686.519165      1552.8463134766
686.845947      1521.7448730469
687.172729      1521.7448730469
687.499451      1472.8713378906
687.826111      1475.0928955078
688.152771      1501.7512207031
688.479248      1428.4407958984
688.805847      1457.3206787109
689.132324      1450.6561279297
689.458801      1499.5296630859
689.785095      1468.4283447266
690.111511      1535.0740966797
690.437805      1501.7512207031
690.764038      1552.8463134766
691.090210      1481.7574462891
691.416443      1466.2067871094
691.742554      1503.9726562500
692.068604      1488.4219970703
692.394592      1439.5484619141
692.720581      1568.3969726563
693.046509      1430.6623535156
693.372375      1452.8776855469
693.698242      1475.0928955078
694.023987      1537.2956542969
694.349792      1479.5358886719
694.675476      1479.5358886719
695.001099      1488.4219970703
695.326721      1515.0803222656
695.652222      1501.7512207031
695.977783      1492.8651123047
696.303284      1463.9852294922
696.628723      1441.7700195313
696.954041      1575.0615234375
697.279358      1521.7448730469
697.604675      1506.1942138672
697.929871      1517.3018798828
698.255066      1486.2005615234
698.580200      1481.7574462891
698.905334      1521.7448730469
699.230286      1481.7574462891
699.555359      1448.4345703125
699.880310      1546.1816406250
700.205261      1486.2005615234
700.530029      1468.4283447266
700.854919      1548.4031982422
701.179688      1606.1628417969
701.504456      1515.0803222656
701.829102      1459.5422363281
702.153687      1508.4157714844
702.478271      1468.4283447266
702.802856      1475.0928955078
703.127319      1515.0803222656
703.451721      1566.1754150391
703.776123      1499.5296630859
704.100464      1506.1942138672
704.424805      1492.8651123047
704.749084      1555.0677490234
705.073303      1499.5296630859
705.397461      1430.6623535156
705.721558      1550.6247558594
706.045654      1575.0615234375
706.369690      1472.8713378906
706.693604      1510.6373291016
707.017578      1492.8651123047
707.341431      1550.6247558594
707.665283      1481.7574462891
707.989075      1397.3394775391
708.312805      1539.5170898438
708.636536      1557.2893066406
708.960144      1521.7448730469
709.283752      1492.8651123047
709.607361      1452.8776855469
709.930847      1492.8651123047
710.254333      1499.5296630859
710.577759      1455.0991210938
710.901062      1508.4157714844
711.224426      1461.7637939453
711.547668      1506.1942138672
711.870911      1470.6497802734
712.194153      1492.8651123047
712.517212      1463.9852294922
712.840332      1477.3144531250
713.163391      1508.4157714844
713.486389      1483.9790039063
713.809326      1508.4157714844
714.132202      1475.0928955078
714.455078      1463.9852294922
714.777893      1510.6373291016
715.100586      1481.7574462891
715.423401      1575.0615234375
715.746094      1535.0740966797
716.068604      1512.8587646484
716.391235      1492.8651123047
716.713745      1517.3018798828
717.036255      1461.7637939453
717.358643      1455.0991210938
717.681030      1455.0991210938
718.003418      1508.4157714844
718.325745      1452.8776855469
718.647888      1459.5422363281
718.970154      1517.3018798828
719.292297      1501.7512207031
719.614380      1475.0928955078
719.936401      1488.4219970703
720.258423      1526.1879882813
720.580383      1548.4031982422
720.902283      1503.9726562500
721.224182      1481.7574462891
721.545959      1541.7386474609
721.867737      1488.4219970703
722.189453      1550.6247558594
722.511169      1477.3144531250
722.832764      1528.4095458984
723.154419      1463.9852294922
723.475952      1466.2067871094
723.797424      1503.9726562500
724.118896      1503.9726562500
724.440247      1479.5358886719
724.761597      1432.8839111328
725.082886      1466.2067871094
725.404175      1483.9790039063
725.725342      1510.6373291016
726.046509      1515.0803222656
726.367615      1512.8587646484
726.688721      1530.6309814453
727.009644      1512.8587646484
727.330688      1528.4095458984
727.651611      1519.5234375000
727.972473      1555.0677490234
728.293274      1481.7574462891
728.614075      1532.8525390625
728.934814      1526.1879882813
729.255493      1466.2067871094
729.576172      1515.0803222656
729.896729      1539.5170898438
730.217285      1521.7448730469
730.537720      1439.5484619141
730.858215      1501.7512207031
731.178650      1417.3332519531
731.498962      1499.5296630859
731.819214      1468.4283447266
732.139526      1519.5234375000
732.459778      1446.2130126953
732.779846      1455.0991210938
733.100037      1459.5422363281
733.420105      1492.8651123047
733.740112      1503.9726562500
734.060059      1506.1942138672
734.380066      1461.7637939453
734.699890      1510.6373291016
735.019775      1463.9852294922
735.339478      1515.0803222656
735.659241      1530.6309814453
735.978943      1384.0103759766
736.298584      1530.6309814453
736.618164      1479.5358886719
736.937744      1461.7637939453
737.257263      1481.7574462891
737.576599      1492.8651123047
737.896057      1530.6309814453
738.215393      1488.4219970703
738.534729      1510.6373291016
738.853943      1481.7574462891
739.173157      1519.5234375000
739.492371      1537.2956542969
739.811523      1486.2005615234
740.130493      1499.5296630859
740.449524      1517.3018798828
740.768555      1448.4345703125
741.087463      1419.5548095703
741.406311      1481.7574462891
741.725159      1497.3081054688
742.043945      1490.6435546875
742.362610      1510.6373291016
742.681396      1475.0928955078
743.000061      1521.7448730469
743.318604      1555.0677490234
743.637146      1455.0991210938
743.955627      1503.9726562500
744.274109      1528.4095458984
744.592407      1430.6623535156
744.910828      1470.6497802734
745.229126      1461.7637939453
745.547424      1515.0803222656
745.865540      1532.8525390625
746.183777      1515.0803222656
746.501892      1475.0928955078
746.819946      1555.0677490234
747.137939      1459.5422363281
747.455872      1430.6623535156
747.773865      1512.8587646484
748.091736      1390.6749267578
748.409485      1517.3018798828
748.727295      1495.0866699219
749.045044      1503.9726562500
749.362671      1455.0991210938
749.680298      1488.4219970703
749.997925      1439.5484619141
750.315491      1435.1054687500
750.632874      1468.4283447266
750.950378      1450.6561279297
751.267822      1472.8713378906
751.585083      1555.0677490234
751.902405      1459.5422363281
752.219666      1488.4219970703
752.536865      1452.8776855469
752.854004      1521.7448730469
753.171082      1499.5296630859
753.488159      1510.6373291016
753.805176      1521.7448730469
754.122070      1508.4157714844
754.439026      1506.1942138672
754.755920      1495.0866699219
755.072693      1439.5484619141
755.389465      1483.9790039063
755.706177      1530.6309814453
756.022888      1470.6497802734
756.339478      1488.4219970703
756.656006      1521.7448730469
756.972595      1517.3018798828
757.289063      1559.5108642578
757.605408      1466.2067871094
757.921814      1483.9790039063
758.238159      1510.6373291016
758.554443      1472.8713378906
758.870667      1475.0928955078
759.186890      1481.7574462891
759.503052      1521.7448730469
759.819092      1486.2005615234
760.135132      1541.7386474609
760.451172      1459.5422363281
760.767029      1510.6373291016
761.082947      1466.2067871094
761.398804      1595.0552978516
761.714600      1470.6497802734
762.030396      1432.8839111328
762.346008      1543.9602050781
762.661682      1437.3269042969
762.977295      1479.5358886719
763.292908      1497.3081054688
763.608337      1526.1879882813
763.923828      1450.6561279297
764.239258      1495.0866699219
764.554626      1463.9852294922
764.869873      1492.8651123047
765.185181      1452.8776855469
765.500427      1543.9602050781
765.815491      1497.3081054688
766.130615      1492.8651123047
766.445740      1515.0803222656
766.760803      1501.7512207031
767.075745      1548.4031982422
767.390686      1561.7324218750
767.705566      1515.0803222656
768.020386      1515.0803222656
768.335144      1441.7700195313
768.649902      1523.9664306641
768.964539      1463.9852294922
769.279175      1481.7574462891
769.593750      1521.7448730469
769.908264      1475.0928955078
770.222839      1479.5358886719
770.537170      1479.5358886719
770.851624      1557.2893066406
771.165955      1432.8839111328
771.480286      1472.8713378906
771.794495      1470.6497802734
772.108704      1466.2067871094
772.422852      1466.2067871094
772.736938      1519.5234375000
773.050964      1499.5296630859
773.364990      1466.2067871094
773.678894      1506.1942138672
773.992798      1506.1942138672
774.306641      1521.7448730469
774.620422      1526.1879882813
774.934204      1541.7386474609
775.247864      1506.1942138672
775.561584      1446.2130126953
775.875183      1499.5296630859
776.188721      1523.9664306641
776.502197      1559.5108642578
776.815735      1461.7637939453
777.129150      1468.4283447266
777.442444      1479.5358886719
777.755737      1457.3206787109
778.069092      1506.1942138672
778.382324      1519.5234375000
778.695435      1452.8776855469
779.008545      1546.1816406250
779.321594      1541.7386474609
779.634644      1488.4219970703
779.947571      1397.3394775391
780.260498      1459.5422363281
780.573364      1499.5296630859
780.886169      1470.6497802734
781.198975      1503.9726562500
781.511719      1546.1816406250
781.824402      1466.2067871094
782.136963      1526.1879882813
782.449585      1443.9915771484
782.762146      1512.8587646484
783.074646      1488.4219970703
783.387024      1463.9852294922
783.699402      1457.3206787109
784.011719      1546.1816406250
784.324097      1503.9726562500
784.636230      1479.5358886719
784.948425      1506.1942138672
785.260620      1475.0928955078
785.572632      1479.5358886719
785.884644      1499.5296630859
786.196655      1501.7512207031
786.508667      1510.6373291016
786.820496      1452.8776855469
787.132324      1566.1754150391
787.444153      1446.2130126953
787.755859      1512.8587646484
788.067566      1495.0866699219
788.379211      1497.3081054688
788.690796      1517.3018798828
789.002319      1515.0803222656
789.313782      1490.6435546875
789.625305      1481.7574462891
789.936707      1443.9915771484
790.247986      1461.7637939453
790.559326      1526.1879882813
790.870605      1503.9726562500
791.181763      1483.9790039063
791.492920      1550.6247558594
791.803955      1497.3081054688
792.115051      1510.6373291016
792.426086      1490.6435546875
792.737000      1452.8776855469
793.047913      1523.9664306641
793.358765      1559.5108642578
793.669495      1479.5358886719
793.980347      1443.9915771484
794.291016      1519.5234375000
794.601685      1541.7386474609
794.912292      1517.3018798828
795.222778      1457.3206787109
795.533325      1477.3144531250
795.843811      1481.7574462891
796.154175      1488.4219970703
796.464539      1488.4219970703
796.774902      1463.9852294922
797.085022      1570.6185302734
797.395325      1501.7512207031
797.705505      1463.9852294922
798.015625      1479.5358886719
798.325623      1508.4157714844
798.635620      1510.6373291016
798.945618      1506.1942138672
799.255554      1490.6435546875
799.565369      1537.2956542969
799.875183      1503.9726562500
800.184998      1503.9726562500
800.494690      1497.3081054688
800.804321      1457.3206787109
801.113953      1495.0866699219
801.423462      1499.5296630859
801.732910      1483.9790039063
802.042419      1541.7386474609
802.351868      1548.4031982422
802.661255      1470.6497802734
802.970520      1475.0928955078
803.279785      1508.4157714844
803.588989      1470.6497802734
803.898193      1426.2193603516
804.207275      1448.4345703125
804.516357      1452.8776855469
804.825378      1461.7637939453
805.134277      1561.7324218750
805.443176      1466.2067871094
805.752136      1503.9726562500
806.060974      1532.8525390625
806.369629      1470.6497802734
806.678406      1521.7448730469
806.987061      1523.9664306641
807.295715      1541.7386474609
807.604187      1472.8713378906
807.912720      1506.1942138672
808.221191      1528.4095458984
808.529663      1541.7386474609
808.837952      1561.7324218750
809.146301      1541.7386474609
809.454590      1492.8651123047
809.762756      1490.6435546875
810.070923      1497.3081054688
810.379028      1523.9664306641
810.687073      1530.6309814453
810.995117      1470.6497802734
811.303040      1488.4219970703
811.611023      1490.6435546875
811.918884      1475.0928955078
812.226624      1541.7386474609
812.534424      1519.5234375000
812.842163      1559.5108642578
813.149719      1501.7512207031
813.457397      1481.7574462891
813.764954      1466.2067871094
814.072510      1528.4095458984
814.379883      1515.0803222656
814.687378      1417.3332519531
814.994690      1486.2005615234
815.302063      1472.8713378906
815.609314      1470.6497802734
815.916504      1463.9852294922
816.223694      1563.9538574219
816.530762      1488.4219970703
816.837830      1503.9726562500
817.144836      1503.9726562500
817.451843      1526.1879882813
817.758667      1528.4095458984
818.065552      1490.6435546875
818.372375      1457.3206787109
818.679138      1421.7762451172
818.985779      1508.4157714844
819.292480      1501.7512207031
819.599121      1586.1691894531
819.905701      1492.8651123047
820.212158      1488.4219970703
820.518616      1466.2067871094
820.825012      1526.1879882813
821.131348      1528.4095458984
821.437683      1443.9915771484
821.743896      1543.9602050781
822.050110      1461.7637939453
822.356262      1495.0866699219
822.662415      1466.2067871094
822.968445      1530.6309814453
823.274475      1497.3081054688
823.580322      1510.6373291016
823.886292      1488.4219970703
824.192200      1519.5234375000
824.497864      1501.7512207031
824.803711      1515.0803222656
825.109375      1503.9726562500
825.415039      1543.9602050781
825.720581      1519.5234375000
826.026184      1528.4095458984
826.331665      1555.0677490234
826.637146      1530.6309814453
826.942444      1488.4219970703
827.247803      1483.9790039063
827.553162      1455.0991210938
827.858398      1508.4157714844
828.163574      1530.6309814453
828.468750      1523.9664306641
828.773804      1517.3018798828
829.078796      1497.3081054688
829.383850      1535.0740966797
829.688782      1488.4219970703
829.993713      1519.5234375000
830.298462      1517.3018798828
830.603271      1521.7448730469
830.908020      1570.6185302734
831.212708      1492.8651123047
831.517273      1559.5108642578
831.821960      1515.0803222656
832.126465      1510.6373291016
832.430908      1517.3018798828
832.735352      1517.3018798828
833.039734      1470.6497802734
833.344116      1526.1879882813
833.648315      1479.5358886719
833.952576      1521.7448730469
834.256714      1499.5296630859
834.560913      1470.6497802734
834.864929      1463.9852294922
835.169006      1535.0740966797
835.472961      1503.9726562500
835.776917      1492.8651123047
836.080750      1519.5234375000
836.384583      1483.9790039063
836.688354      1512.8587646484
836.992004      1479.5358886719
837.295654      1479.5358886719
837.599365      1532.8525390625
837.902893      1463.9852294922
838.206360      1512.8587646484
838.509827      1559.5108642578
838.813293      1457.3206787109
839.116699      1488.4219970703
839.419922      1501.7512207031
839.723206      1488.4219970703
840.026428      1479.5358886719
840.329590      1441.7700195313
840.632690      1450.6561279297
840.935730      1528.4095458984
841.238708      1530.6309814453
841.541626      1463.9852294922
841.844543      1508.4157714844
842.147461      1546.1816406250
842.450256      1459.5422363281
842.752930      1497.3081054688
843.055664      1512.8587646484
843.358337      1597.2767333984
843.660889      1446.2130126953
843.963440      1515.0803222656
844.265930      1479.5358886719
844.568420      1452.8776855469
844.870728      1490.6435546875
845.173096      1575.0615234375
845.475403      1452.8776855469
845.777649      1492.8651123047
846.079834      1419.5548095703
846.381958      1546.1816406250
846.684021      1535.0740966797
846.986145      1541.7386474609
847.288025      1459.5422363281
847.589966      1515.0803222656
847.891846      1483.9790039063
848.193665      1450.6561279297
848.495483      1548.4031982422
848.797180      1510.6373291016
849.098877      1528.4095458984
849.400452      1555.0677490234
849.702026      1515.0803222656
850.003540      1501.7512207031
850.304993      1508.4157714844
850.606445      1459.5422363281
850.907776      1555.0677490234
851.209106      1521.7448730469
851.510315      1490.6435546875
851.811584      1552.8463134766
852.112671      1510.6373291016
852.413879      1537.2956542969
852.714844      1439.5484619141
853.015869      1526.1879882813
853.316833      1432.8839111328
853.617737      1395.1179199219
853.918579      1499.5296630859
854.219360      1492.8651123047
854.520142      1552.8463134766
854.820862      1472.8713378906
855.121399      1472.8713378906
855.421997      1519.5234375000
855.722595      1535.0740966797
856.023071      1530.6309814453
856.323486      1472.8713378906
856.623901      1430.6623535156
856.924255      1419.5548095703
857.224487      1499.5296630859
857.524719      1455.0991210938
857.824890      1492.8651123047
858.125000      1437.3269042969
858.425049      1459.5422363281
858.725098      1503.9726562500
859.025085      1526.1879882813
859.325012      1537.2956542969
859.624817      1521.7448730469
859.924683      1568.3969726563
860.224487      1563.9538574219
860.524170      1543.9602050781
860.823792      1470.6497802734
861.123474      1503.9726562500
861.422974      1495.0866699219
861.722412      1497.3081054688
862.021912      1535.0740966797
862.321350      1477.3144531250
862.620728      1492.8651123047
862.919983      1506.1942138672
863.219238      1526.1879882813
863.518433      1459.5422363281
863.817505      1450.6561279297
864.116638      1521.7448730469
864.415710      1483.9790039063
864.714722      1490.6435546875
865.013550      1495.0866699219
865.312439      1481.7574462891
865.611328      1446.2130126953
865.910156      1477.3144531250
866.208801      1537.2956542969
866.507507      1475.0928955078
866.806091      1426.2193603516
867.104614      1483.9790039063
867.403137      1450.6561279297
867.701660      1510.6373291016
868.000061      1526.1879882813
868.298401      1530.6309814453
868.596741      1523.9664306641
868.894958      1572.8399658203
869.193237      1472.8713378906
869.491333      1490.6435546875
869.789429      1503.9726562500
870.087524      1479.5358886719
870.385498      1512.8587646484
870.683411      1526.1879882813
870.981323      1475.0928955078
871.279236      1510.6373291016
871.576965      1492.8651123047
871.874695      1532.8525390625
872.172363      1586.1691894531
872.470032      1470.6497802734
872.767578      1526.1879882813
873.065125      1459.5422363281
873.362549      1499.5296630859
873.660034      1483.9790039063
873.957397      1501.7512207031
874.254700      1521.7448730469
874.552002      1486.2005615234
874.849182      1512.8587646484
875.146362      1537.2956542969
875.443481      1479.5358886719
875.740540      1463.9852294922
876.037476      1503.9726562500
876.334473      1521.7448730469
876.631348      1475.0928955078
876.928223      1541.7386474609
877.224976      1450.6561279297
877.521729      1492.8651123047
877.818420      1555.0677490234
878.115112      1486.2005615234
878.411621      1446.2130126953
878.708191      1501.7512207031
879.004700      1446.2130126953
879.301086      1532.8525390625
879.597473      1463.9852294922
879.893799      1548.4031982422
880.190063      1512.8587646484
880.486267      1463.9852294922
880.782471      1481.7574462891
881.078613      1506.1942138672
881.374695      1535.0740966797
881.670654      1528.4095458984
881.966614      1483.9790039063
882.262573      1548.4031982422
882.558350      1506.1942138672
882.854126      1581.7260742188
883.149902      1443.9915771484
883.445618      1510.6373291016
883.741211      1497.3081054688
884.036865      1446.2130126953
884.332336      1506.1942138672
884.627869      1512.8587646484
884.923218      1492.8651123047
885.218689      1486.2005615234
885.513977      1461.7637939453
885.809265      1470.6497802734
886.104492      1537.2956542969
886.399658      1532.8525390625
886.694763      1503.9726562500
886.989807      1535.0740966797
887.284790      1515.0803222656
887.579773      1450.6561279297
887.874695      1499.5296630859
888.169495      1521.7448730469
888.464355      1441.7700195313
888.759094      1499.5296630859
889.053772      1501.7512207031
889.348389      1486.2005615234
