0.178000
190.544205         0.0000000000
190.924866         0.0000000000
191.305481      1486.7974853516
191.686081      1491.2556152344
192.066635      1546.9826660156
192.447174      1489.0264892578
192.827667      1573.7316894531
193.208130      1584.8770751953
193.588577      1535.8372802734
193.968964      1564.8153076172
194.349350      1602.7097167969
194.729691      1589.3352050781
195.110001      1602.7097167969
195.490295      1604.9387207031
195.870529      1607.1678466797
196.250763      1600.4805908203
196.630936      1582.6479492188
197.011093      1647.2913818359
197.391220      1582.6479492188
197.771301      1593.7933349609
198.151367      1564.8153076172
198.531403      1553.6699218750
198.911407      1573.7316894531
199.291382      1593.7933349609
199.671295      1591.5643310547
200.051208      1531.3790283203
200.431076      1551.4407958984
200.810928      1569.2734375000
201.190735      1546.9826660156
201.570511      1497.9428710938
201.950272      1544.7535400391
202.329971      1524.6918945313
202.709671      1587.1060791016
203.089310      1569.2734375000
203.468933      1587.1060791016
203.848541      1511.3173828125
204.228073      1582.6479492188
204.607620      1573.7316894531
204.987106      1553.6699218750
205.366577      1493.4847412109
205.746017      1544.7535400391
206.125412      1513.5463867188
206.504776      1535.8372802734
206.884125      1535.8372802734
207.263428      1549.2117919922
207.642700      1591.5643310547
208.021942      1564.8153076172
208.401169      1513.5463867188
208.780334      1522.4627685547
209.159485      1604.9387207031
209.538605      1553.6699218750
209.917694      1602.7097167969
210.296753      1522.4627685547
210.675766      1542.5245361328
211.054764      1551.4407958984
211.433716      1520.2336425781
211.812637      1544.7535400391
212.191544      1489.0264892578
212.570404      1560.3571777344
212.949249      1511.3173828125
213.328033      1533.6081542969
213.706802      1473.4229736328
214.085556      1538.0662841797
214.464249      1509.0882568359
214.842926      1484.5683593750
215.221558      1526.9208984375
215.600174      1546.9826660156
215.978760      1497.9428710938
216.357300      1538.0662841797
216.735825      1489.0264892578
217.114288      1544.7535400391
217.492737      1538.0662841797
217.871185      1493.4847412109
218.249557      1531.3790283203
218.627914      1511.3173828125
219.006226      1538.0662841797
219.384521      1560.3571777344
219.762772      1533.6081542969
220.141006      1522.4627685547
220.519196      1471.1938476563
220.897354      1506.8591308594
221.275497      1600.4805908203
221.653580      1520.2336425781
222.031662      1578.1898193359
222.409698      1489.0264892578
222.787704      1542.5245361328
223.165680      1571.5025634766
223.543610      1506.8591308594
223.921524      1497.9428710938
224.299393      1511.3173828125
224.677231      1526.9208984375
225.055054      1571.5025634766
225.432816      1520.2336425781
225.810577      1575.9606933594
226.188278      1593.7933349609
226.565979      1500.1719970703
226.943634      1529.1500244141
227.321243      1573.7316894531
227.698837      1575.9606933594
228.076385      1533.6081542969
228.453903      1511.3173828125
228.831406      1513.5463867188
229.208847      1602.7097167969
229.586288      1473.4229736328
229.963669      1500.1719970703
230.341034      1497.9428710938
230.718369      1520.2336425781
231.095657      1518.0046386719
231.472916      1571.5025634766
231.850143      1509.0882568359
232.227356      1513.5463867188
232.604523      1511.3173828125
232.981659      1502.4010009766
233.358749      1553.6699218750
233.735825      1538.0662841797
234.112869      1495.7137451172
234.489868      1455.5903320313
234.866852      1584.8770751953
235.243790      1500.1719970703
235.620697      1473.4229736328
235.997589      1569.2734375000
236.374405      1500.1719970703
236.751221      1471.1938476563
237.128006      1531.3790283203
237.504745      1529.1500244141
237.881470      1591.5643310547
238.258133      1506.8591308594
238.634796      1453.3612060547
239.011414      1538.0662841797
239.388000      1511.3173828125
239.764557      1495.7137451172
240.141068      1604.9387207031
240.517563      1546.9826660156
240.893997      1535.8372802734
241.270432      1489.0264892578
241.646835      1564.8153076172
242.023178      1562.5861816406
242.399506      1448.9030761719
242.775787      1513.5463867188
243.152054      1522.4627685547
243.528290      1569.2734375000
243.904465      1518.0046386719
244.280640      1529.1500244141
244.656754      1529.1500244141
245.032852      1511.3173828125
245.408936      1529.1500244141
245.784943      1575.9606933594
246.160950      1542.5245361328
246.536911      1520.2336425781
246.912842      1533.6081542969
247.288757      1495.7137451172
247.664612      1578.1898193359
248.040451      1542.5245361328
248.416229      1564.8153076172
248.792023      1620.5423583984
249.167755      1544.7535400391
249.543457      1540.2954101563
249.919113      1553.6699218750
250.294754      1587.1060791016
250.670364      1578.1898193359
251.045944      1538.0662841797
251.421478      1587.1060791016
251.796982      1602.7097167969
252.172440      1475.6520996094
252.547897      1558.1280517578
252.923294      1509.0882568359
253.298676      1524.6918945313
253.673996      1567.0444335938
254.049316      1535.8372802734
254.424606      1526.9208984375
254.799850      1524.6918945313
255.175064      1575.9606933594
255.550217      1529.1500244141
255.925369      1538.0662841797
256.300476      1596.0224609375
256.675537      1529.1500244141
257.050598      1540.2954101563
257.425598      1497.9428710938
257.800598      1544.7535400391
258.175537      1518.0046386719
258.550446      1544.7535400391
258.925354      1542.5245361328
259.300171      1511.3173828125
259.674988      1518.0046386719
260.049774      1549.2117919922
260.424500      1473.4229736328
260.799225      1593.7933349609
261.173889      1575.9606933594
261.548553      1522.4627685547
261.923187      1533.6081542969
262.297760      1575.9606933594
262.672302      1538.0662841797
263.046814      1535.8372802734
263.421326      1535.8372802734
263.795776      1549.2117919922
264.170135      1538.0662841797
264.544525      1500.1719970703
264.918915      1497.9428710938
265.293243      1587.1060791016
265.667511      1493.4847412109
266.041748      1513.5463867188
266.415955      1542.5245361328
266.790161      1522.4627685547
267.164307      1538.0662841797
267.538422      1587.1060791016
267.912476      1562.5861816406
268.286530      1569.2734375000
268.660583      1593.7933349609
269.034546      1513.5463867188
269.408508      1520.2336425781
269.782440      1618.3132324219
270.156311      1553.6699218750
270.530151      1442.2158203125
270.903992      1555.8989257813
271.277710      1500.1719970703
271.651489      1482.3392333984
272.025208      1578.1898193359
272.398895      1489.0264892578
272.772552      1520.2336425781
273.146179      1497.9428710938
273.519745      1538.0662841797
273.893280      1502.4010009766
274.266815      1497.9428710938
274.640289      1564.8153076172
275.013733      1453.3612060547
275.387146      1484.5683593750
275.760529      1518.0046386719
276.133881      1551.4407958984
276.507202      1549.2117919922
276.880463      1526.9208984375
277.253723      1555.8989257813
277.626923      1567.0444335938
278.000122      1589.3352050781
278.373260      1515.7755126953
278.746338      1604.9387207031
279.119446      1553.6699218750
279.492493      1475.6520996094
279.865509      1575.9606933594
280.238495      1493.4847412109
280.611450      1573.7316894531
280.984314      1598.2515869141
281.357208      1515.7755126953
281.730072      1546.9826660156
282.102875      1555.8989257813
282.475647      1518.0046386719
282.848358      1562.5861816406
283.221069      1598.2515869141
283.593750      1578.1898193359
283.966400      1638.3750000000
284.339020      1575.9606933594
284.711548      1560.3571777344
285.084106      1549.2117919922
285.456635      1553.6699218750
285.829071      1578.1898193359
286.201508      1535.8372802734
286.573914      1555.8989257813
286.946320      1529.1500244141
287.318634      1511.3173828125
287.690948      1504.6301269531
288.063202      1600.4805908203
288.435425      1526.9208984375
288.807648      1546.9826660156
289.179810      1535.8372802734
289.551941      1486.7974853516
289.924011      1506.8591308594
290.296112      1627.2296142578
290.668121      1546.9826660156
291.040161      1502.4010009766
291.412109      1571.5025634766
291.783997      1560.3571777344
292.155914      1531.3790283203
292.527771      1580.4188232422
292.899597      1529.1500244141
293.271393      1582.6479492188
293.643127      1531.3790283203
294.014862      1567.0444335938
294.386566      1531.3790283203
294.758240      1415.4667968750
295.129852      1555.8989257813
295.501404      1468.9648437500
295.872955      1535.8372802734
296.244507      1544.7535400391
296.615997      1562.5861816406
296.987427      1549.2117919922
297.358826      1457.8193359375
297.730225      1542.5245361328
298.101593      1486.7974853516
298.472900      1518.0046386719
298.844177      1564.8153076172
299.215393      1522.4627685547
299.586609      1491.2556152344
299.957794      1506.8591308594
300.328918      1636.1458740234
300.700043      1526.9208984375
301.071136      1564.8153076172
301.442169      1442.2158203125
301.813171      1553.6699218750
302.184174      1502.4010009766
302.555115      1553.6699218750
302.925995      1542.5245361328
303.296844      1549.2117919922
303.667694      1555.8989257813
304.038483      1535.8372802734
304.409271      1578.1898193359
304.779968      1531.3790283203
305.150696      1569.2734375000
305.521362      1569.2734375000
305.891968      1522.4627685547
306.262543      1589.3352050781
306.633118      1529.1500244141
307.003632      1511.3173828125
307.374146      1513.5463867188
307.744598      1522.4627685547
308.114990      1540.2954101563
308.485413      1564.8153076172
308.855743      1584.8770751953
309.226074      1573.7316894531
309.596375      1531.3790283203
309.966614      1549.2117919922
310.336792      1533.6081542969
310.707001      1535.8372802734
311.077148      1524.6918945313
311.447235      1638.3750000000
311.817322      1522.4627685547
312.187347      1524.6918945313
312.557373      1500.1719970703
312.927368      1571.5025634766
313.297302      1555.8989257813
313.667175      1540.2954101563
314.037048      1538.0662841797
314.406891      1484.5683593750
314.776642      1502.4010009766
315.146423      1486.7974853516
315.516144      1546.9826660156
315.885864      1451.1322021484
316.255524      1533.6081542969
316.625153      1506.8591308594
316.994751      1511.3173828125
317.364288      1497.9428710938
317.733795      1578.1898193359
318.103302      1589.3352050781
318.472717      1558.1280517578
318.842133      1480.1102294922
319.211517      1567.0444335938
319.580872      1531.3790283203
319.950195      1578.1898193359
320.319489      1553.6699218750
320.688751      1493.4847412109
321.057922      1493.4847412109
321.427094      1598.2515869141
321.796234      1569.2734375000
322.165344      1518.0046386719
322.534393      1555.8989257813
322.903412      1524.6918945313
323.272430      1602.7097167969
323.641418      1546.9826660156
324.010315      1591.5643310547
324.379242      1551.4407958984
324.748077      1573.7316894531
325.116913      1533.6081542969
325.485657      1500.1719970703
325.854431      1524.6918945313
326.223145      1584.8770751953
326.591827      1573.7316894531
326.960480      1520.2336425781
327.329102      1513.5463867188
327.697693      1529.1500244141
328.066193      1531.3790283203
328.434723      1580.4188232422
328.803192      1529.1500244141
329.171600      1738.6837158203
329.540009      1567.0444335938
329.908386      1493.4847412109
330.276703      1591.5643310547
330.645050      1562.5861816406
331.013306      1511.3173828125
331.381500      1589.3352050781
331.749695      1620.5423583984
332.117859      1609.3969726563
332.485962      1473.4229736328
332.854034      1613.8551025391
333.222107      1620.5423583984
333.590118      1564.8153076172
333.958099      1524.6918945313
334.326050      1524.6918945313
334.693970      1546.9826660156
335.061859      1529.1500244141
335.429657      1522.4627685547
335.797455      1531.3790283203
336.165192      1569.2734375000
336.532959      1531.3790283203
336.900665      1553.6699218750
337.268341      1533.6081542969
337.635956      1538.0662841797
338.003571      1526.9208984375
338.371124      1500.1719970703
338.738647      1520.2336425781
339.106110      1602.7097167969
339.473572      1620.5423583984
339.840942      1522.4627685547
340.208344      1571.5025634766
340.575653      1518.0046386719
340.942993      1546.9826660156
341.310272      1602.7097167969
341.677521      1477.8811035156
342.044708      1544.7535400391
342.411865      1616.0842285156
342.778992      1524.6918945313
343.146088      1484.5683593750
343.513123      1553.6699218750
343.880157      1524.6918945313
344.247131      1515.7755126953
344.614105      1520.2336425781
344.981049      1491.2556152344
345.347900      1526.9208984375
345.714783      1504.6301269531
346.081573      1582.6479492188
346.448334      1518.0046386719
346.815094      1600.4805908203
347.181763      1511.3173828125
347.548431      1544.7535400391
347.915070      1546.9826660156
348.281677      1591.5643310547
348.648224      1529.1500244141
349.014771      1509.0882568359
349.381256      1533.6081542969
349.747711      1618.3132324219
350.114105      1584.8770751953
350.480469      1522.4627685547
350.846832      1504.6301269531
351.213135      1553.6699218750
351.579407      1562.5861816406
351.945679      1540.2954101563
352.311890      1546.9826660156
352.678040      1542.5245361328
353.044189      1457.8193359375
353.410278      1540.2954101563
353.776337      1589.3352050781
354.142303      1578.1898193359
354.508301      1575.9606933594
354.874268      1593.7933349609
355.240204      1448.9030761719
355.606079      1504.6301269531
355.971924      1518.0046386719
356.337738      1504.6301269531
356.703491      1495.7137451172
357.069244      1602.7097167969
357.434937      1531.3790283203
357.800598      1546.9826660156
358.166229      1575.9606933594
358.531830      1611.6259765625
358.897369      1558.1280517578
359.262909      1538.0662841797
359.628418      1500.1719970703
359.993866      1549.2117919922
360.359222      1546.9826660156
360.724609      1491.2556152344
361.089966      1549.2117919922
361.455261      1544.7535400391
361.820526      1515.7755126953
362.185760      1549.2117919922
362.550964      1569.2734375000
362.916138      1560.3571777344
363.281250      1513.5463867188
363.646332      1524.6918945313
364.011383      1587.1060791016
364.376404      1562.5861816406
364.741333      1551.4407958984
365.106293      1546.9826660156
365.471222      1511.3173828125
365.836090      1504.6301269531
366.200928      1518.0046386719
366.565735      1596.0224609375
366.930511      1571.5025634766
367.295227      1560.3571777344
367.659912      1558.1280517578
368.024536      1549.2117919922
368.389160      1551.4407958984
368.753723      1538.0662841797
369.118317      1446.6739501953
369.482819      1587.1060791016
369.847260      1482.3392333984
370.211731      1455.5903320313
370.576111      1524.6918945313
370.940460      1542.5245361328
371.304810      1560.3571777344
371.669098      1558.1280517578
372.033325      1475.6520996094
372.397522      1562.5861816406
372.761749      1526.9208984375
373.125885      1567.0444335938
373.489990      1493.4847412109
373.854065      1593.7933349609
374.218109      1562.5861816406
374.582092      1524.6918945313
374.946075      1504.6301269531
375.309998      1513.5463867188
375.673859      1518.0046386719
376.037720      1535.8372802734
376.401550      1589.3352050781
376.765320      1515.7755126953
377.129059      1520.2336425781
377.492798      1515.7755126953
377.856476      1462.2775878906
378.220062      1533.6081542969
378.583679      1575.9606933594
378.947205      1506.8591308594
379.310730      1513.5463867188
379.674225      1578.1898193359
380.037689      1542.5245361328
380.401093      1549.2117919922
380.764496      1578.1898193359
381.127838      1513.5463867188
381.491119      1529.1500244141
381.854370      1518.0046386719
382.217621      1493.4847412109
382.580811      1593.7933349609
382.943939      1489.0264892578
383.307068      1553.6699218750
383.670166      1520.2336425781
384.033203      1638.3750000000
384.396240      1531.3790283203
384.759216      1500.1719970703
385.122131      1524.6918945313
385.485016      1513.5463867188
385.847900      1544.7535400391
386.210724      1538.0662841797
386.573486      1598.2515869141
386.936279      1495.7137451172
387.298981      1529.1500244141
387.661652      1616.0842285156
388.024323      1560.3571777344
388.386902      1569.2734375000
388.749481      1500.1719970703
389.112000      1529.1500244141
389.474487      1538.0662841797
389.836945      1555.8989257813
390.199371      1578.1898193359
390.561737      1562.5861816406
390.924103      1549.2117919922
391.286407      1526.9208984375
391.648682      1549.2117919922
392.010925      1538.0662841797
392.373108      1562.5861816406
392.735291      1506.8591308594
393.097382      1569.2734375000
393.459473      1553.6699218750
393.821533      1529.1500244141
394.183533      1549.2117919922
394.545532      1497.9428710938
394.907471      1571.5025634766
395.269379      1567.0444335938
395.631256      1567.0444335938
395.993042      1542.5245361328
396.354828      1533.6081542969
396.716583      1569.2734375000
397.078308      1513.5463867188
397.439972      1531.3790283203
397.801636      1551.4407958984
398.163239      1495.7137451172
398.524841      1509.0882568359
398.886383      1531.3790283203
399.247833      1506.8591308594
399.609283      1589.3352050781
399.970703      1584.8770751953
400.332062      1602.7097167969
400.693420      1549.2117919922
401.054718      1506.8591308594
401.416016      1567.0444335938
401.777252      1567.0444335938
402.138458      1546.9826660156
402.499603      1542.5245361328
402.860718      1560.3571777344
403.221832      1540.2954101563
403.582855      1584.8770751953
403.943848      1551.4407958984
404.304810      1542.5245361328
404.665771      1509.0882568359
405.026642      1602.7097167969
405.387543      1513.5463867188
405.748352      1533.6081542969
406.109161      1551.4407958984
406.469849      1589.3352050781
406.830597      1575.9606933594
407.191223      1549.2117919922
407.551880      1491.2556152344
407.912476      1609.3969726563
408.273041      1542.5245361328
408.633575      1529.1500244141
408.994049      1495.7137451172
409.354492      1493.4847412109
409.714935      1524.6918945313
410.075287      1506.8591308594
410.435608      1544.7535400391
410.795868      1480.1102294922
411.156158      1580.4188232422
411.516388      1540.2954101563
411.876587      1464.5065917969
412.236725      1544.7535400391
412.596832      1602.7097167969
412.956909      1522.4627685547
413.316925      1531.3790283203
413.676910      1569.2734375000
414.036896      1500.1719970703
414.396820      1457.8193359375
414.756683      1466.7357177734
415.116547      1518.0046386719
415.476379      1549.2117919922
415.836121      1573.7316894531
416.195862      1653.9785156250
416.555542      1540.2954101563
416.915192      1448.9030761719
417.274811      1558.1280517578
417.634399      1522.4627685547
417.993927      1513.5463867188
418.353455      1502.4010009766
418.712891      1558.1280517578
419.072357      1555.8989257813
419.431763      1611.6259765625
419.791107      1575.9606933594
420.150452      1524.6918945313
420.509674      1564.8153076172
420.868927      1549.2117919922
421.228119      1542.5245361328
421.587280      1564.8153076172
421.946411      1542.5245361328
422.305542      1538.0662841797
422.664581      1484.5683593750
423.023621      1580.4188232422
423.382568      1571.5025634766
423.741516      1518.0046386719
424.100403      1513.5463867188
424.459259      1544.7535400391
424.818054      1542.5245361328
425.176880      1560.3571777344
425.535614      1524.6918945313
425.894348      1509.0882568359
426.252991      1569.2734375000
426.611633      1535.8372802734
426.970245      1618.3132324219
427.328796      1477.8811035156
427.687317      1580.4188232422
428.045807      1475.6520996094
428.404205      1560.3571777344
428.762604      1569.2734375000
429.121002      1564.8153076172
429.479340      1589.3352050781
429.837616      1531.3790283203
430.195892      1509.0882568359
430.554138      1511.3173828125
430.912292      1558.1280517578
431.270416      1531.3790283203
431.628510      1506.8591308594
431.986542      1504.6301269531
432.344574      1551.4407958984
432.702576      1504.6301269531
433.060516      1575.9606933594
433.418427      1428.8413085938
433.776306      1540.2954101563
434.134155      1509.0882568359
434.491913      1529.1500244141
434.849701      1504.6301269531
435.207397      1535.8372802734
435.565063      1544.7535400391
435.922729      1466.7357177734
436.280334      1551.4407958984
436.637909      1515.7755126953
436.995453      1540.2954101563
437.352936      1538.0662841797
437.710388      1524.6918945313
438.067780      1506.8591308594
438.425171      1540.2954101563
438.782471      1542.5245361328
439.139771      1607.1678466797
439.497040      1555.8989257813
439.854279      1491.2556152344
440.211426      1560.3571777344
440.568604      1520.2336425781
440.925720      1582.6479492188
441.282776      1518.0046386719
441.639801      1584.8770751953
441.996735      1497.9428710938
442.353699      1526.9208984375
442.710602      1526.9208984375
443.067505      1538.0662841797
443.424347      1544.7535400391
443.781128      1575.9606933594
444.137878      1564.8153076172
444.494629      1587.1060791016
444.851288      1567.0444335938
445.207916      1575.9606933594
445.564514      1546.9826660156
445.921051      1642.8331298828
446.277618      1540.2954101563
446.634094      1553.6699218750
446.990540      1560.3571777344
447.346985      1529.1500244141
447.703339      1502.4010009766
448.059692      1582.6479492188
448.416016      1511.3173828125
448.772186      1540.2954101563
449.128418      1473.4229736328
449.484589      1535.8372802734
449.840729      1553.6699218750
450.196838      1575.9606933594
450.552917      1513.5463867188
450.908966      1562.5861816406
451.264954      1544.7535400391
451.620880      1551.4407958984
451.976807      1529.1500244141
452.332611      1571.5025634766
452.688446      1486.7974853516
453.044250      1575.9606933594
453.399994      1575.9606933594
453.755707      1506.8591308594
454.111389      1584.8770751953
454.467041      1611.6259765625
454.822632      1600.4805908203
455.178192      1622.7714843750
455.533722      1542.5245361328
455.889130      1551.4407958984
456.244598      1551.4407958984
456.600006      1602.7097167969
456.955353      1564.8153076172
457.310699      1542.5245361328
457.665985      1542.5245361328
458.021240      1567.0444335938
458.376434      1542.5245361328
458.731628      1495.7137451172
459.086700      1567.0444335938
459.441772      1511.3173828125
459.796844      1580.4188232422
460.151886      1549.2117919922
460.506836      1468.9648437500
460.861786      1551.4407958984
461.216675      1591.5643310547
461.571533      1522.4627685547
461.926361      1497.9428710938
462.281158      1542.5245361328
462.635803      1480.1102294922
462.990540      1587.1060791016
463.345184      1511.3173828125
463.699829      1555.8989257813
464.054413      1526.9208984375
464.408936      1529.1500244141
464.763458      1542.5245361328
465.117920      1489.0264892578
465.472351      1560.3571777344
465.826752      1497.9428710938
466.181030      1526.9208984375
466.535339      1522.4627685547
466.889618      1551.4407958984
467.243866      1564.8153076172
467.598053      1509.0882568359
467.952209      1589.3352050781
468.306305      1513.5463867188
468.660370      1531.3790283203
469.014435      1567.0444335938
469.368439      1602.7097167969
469.722321      1522.4627685547
470.076263      1495.7137451172
470.430115      1580.4188232422
470.783966      1600.4805908203
471.137756      1495.7137451172
471.491516      1538.0662841797
471.845245      1575.9606933594
472.198944      1542.5245361328
472.552582      1564.8153076172
472.906128      1531.3790283203
473.259705      1497.9428710938
473.613220      1538.0662841797
473.966675      1538.0662841797
474.320129      1544.7535400391
474.673553      1531.3790283203
475.026917      1520.2336425781
475.380249      1631.6877441406
475.733521      1560.3571777344
476.086761      1604.9387207031
476.439911      1578.1898193359
476.793091      1486.7974853516
477.146210      1598.2515869141
477.499298      1578.1898193359
477.852356      1555.8989257813
478.205353      1468.9648437500
478.558350      1524.6918945313
478.911285      1567.0444335938
479.264160      1582.6479492188
479.617035      1502.4010009766
479.969757      1546.9826660156
480.322540      1571.5025634766
480.675262      1562.5861816406
481.027985      1535.8372802734
481.380615      1600.4805908203
481.733246      1533.6081542969
482.085815      1598.2515869141
482.438324      1584.8770751953
482.790833      1569.2734375000
483.143280      1546.9826660156
483.495667      1522.4627685547
483.848022      1609.3969726563
484.200348      1540.2954101563
484.552673      1575.9606933594
484.904907      1529.1500244141
485.257111      1602.7097167969
485.609283      1482.3392333984
485.961456      1480.1102294922
486.313538      1509.0882568359
486.665588      1575.9606933594
487.017548      1558.1280517578
487.369507      1506.8591308594
487.721466      1562.5861816406
488.073334      1497.9428710938
488.425232      1553.6699218750
488.777039      1598.2515869141
489.128815      1544.7535400391
489.480560      1549.2117919922
489.832245      1542.5245361328
490.183868      1482.3392333984
490.535461      1518.0046386719
490.887054      1520.2336425781
491.238586      1551.4407958984
491.590057      1538.0662841797
491.941528      1504.6301269531
492.292938      1522.4627685547
492.644318      1589.3352050781
492.995667      1549.2117919922
493.346954      1613.8551025391
493.698181      1506.8591308594
494.049377      1569.2734375000
494.400543      1567.0444335938
494.751678      1573.7316894531
495.102783      1526.9208984375
495.453827      1611.6259765625
495.804871      1582.6479492188
496.155853      1553.6699218750
496.506775      1538.0662841797
496.857666      1569.2734375000
497.208466      1551.4407958984
497.559265      1562.5861816406
497.910065      1529.1500244141
498.260773      1600.4805908203
498.611481      1584.8770751953
498.962128      1493.4847412109
499.312744      1524.6918945313
499.663300      1524.6918945313
500.013855      1555.8989257813
500.364349      1607.1678466797
500.714752      1506.8591308594
501.065155      1466.7357177734
501.415527      1468.9648437500
501.765869      1571.5025634766
502.116150      1535.8372802734
502.466400      1515.7755126953
502.816620      1549.2117919922
503.166779      1533.6081542969
503.516907      1564.8153076172
503.866943      1558.1280517578
504.217010      1602.7097167969
504.567017      1549.2117919922
504.916962      1524.6918945313
505.266876      1506.8591308594
505.616791      1546.9826660156
505.966644      1518.0046386719
506.316437      1549.2117919922
506.666199      1520.2336425781
507.015930      1593.7933349609
507.365570      1495.7137451172
507.715210      1571.5025634766
508.064789      1578.1898193359
508.414368      1573.7316894531
508.763885      1524.6918945313
509.113373      1497.9428710938
509.462830      1567.0444335938
509.812225      1564.8153076172
510.161591      1497.9428710938
510.510895      1515.7755126953
510.860107      1542.5245361328
511.209381      1524.6918945313
511.558563      1553.6699218750
511.907715      1524.6918945313
512.256836      1477.8811035156
512.605896      1513.5463867188
512.954956      1582.6479492188
513.303955      1486.7974853516
513.652832      1535.8372802734
514.001831      1584.8770751953
514.350647      1526.9208984375
514.699463      1531.3790283203
515.048279      1518.0046386719
515.396973      1522.4627685547
515.745728      1584.8770751953
516.094360      1560.3571777344
516.442993      1544.7535400391
516.791565      1520.2336425781
517.140137      1591.5643310547
517.488586      1531.3790283203
517.837036      1520.2336425781
518.185425      1495.7137451172
518.533875      1509.0882568359
518.882202      1520.2336425781
519.230469      1631.6877441406
519.578735      1555.8989257813
519.927002      1535.8372802734
520.275146      1513.5463867188
520.623291      1535.8372802734
520.971313      1542.5245361328
521.319336      1564.8153076172
521.667419      1522.4627685547
522.015381      1538.0662841797
522.363281      1567.0444335938
522.711182      1584.8770751953
523.059021      1502.4010009766
523.406860      1558.1280517578
523.754639      1509.0882568359
524.102356      1515.7755126953
524.449951      1526.9208984375
524.797607      1533.6081542969
525.145203      1500.1719970703
525.492798      1511.3173828125
525.840332      1589.3352050781
526.187805      1515.7755126953
526.535217      1538.0662841797
526.882629      1502.4010009766
527.230042      1580.4188232422
527.577332      1526.9208984375
527.924500      1553.6699218750
528.271729      1462.2775878906
528.618896      1575.9606933594
528.966125      1453.3612060547
529.313232      1535.8372802734
529.660278      1567.0444335938
530.007324      1535.8372802734
530.354309      1486.7974853516
530.701233      1546.9826660156
531.048096      1529.1500244141
531.394958      1506.8591308594
531.741760      1575.9606933594
532.088562      1531.3790283203
532.435303      1502.4010009766
532.781982      1600.4805908203
533.128601      1569.2734375000
533.475281      1526.9208984375
533.821838      1540.2954101563
534.168335      1538.0662841797
534.514832      1607.1678466797
534.861206      1549.2117919922
535.207703      1522.4627685547
535.554016      1538.0662841797
535.900391      1524.6918945313
536.246643      1533.6081542969
536.592896      1567.0444335938
536.939087      1569.2734375000
537.285278      1504.6301269531
537.631348      1535.8372802734
537.977417      1647.2913818359
538.323425      1531.3790283203
538.669373      1520.2336425781
539.015381      1549.2117919922
539.361267      1549.2117919922
539.707153      1493.4847412109
540.052979      1578.1898193359
540.398804      1471.1938476563
540.744507      1417.6959228516
541.090210      1511.3173828125
541.435791      1500.1719970703
541.781433      1591.5643310547
542.127014      1489.0264892578
542.472595      1551.4407958984
542.818054      1529.1500244141
543.163513      1531.3790283203
543.508911      1551.4407958984
543.854309      1522.4627685547
544.199646      1513.5463867188
544.544800      1587.1060791016
544.890076      1518.0046386719
545.235291      1520.2336425781
545.580444      1587.1060791016
545.925537      1518.0046386719
546.270630      1520.2336425781
546.615723      1531.3790283203
546.960693      1549.2117919922
547.305603      1504.6301269531
547.650574      1544.7535400391
547.995361      1555.8989257813
548.340149      1549.2117919922
548.684998      1580.4188232422
549.029724      1504.6301269531
549.374390      1564.8153076172
549.719116      1506.8591308594
550.063660      1529.1500244141
550.408264      1453.3612060547
550.752869      1538.0662841797
551.097290      1522.4627685547
551.441711      1486.7974853516
551.786133      1511.3173828125
552.130493      1562.5861816406
552.474854      1535.8372802734
552.819092      1506.8591308594
553.163330      1582.6479492188
553.507507      1555.8989257813
553.851685      1491.2556152344
554.195801      1520.2336425781
554.539917      1558.1280517578
554.883850      1513.5463867188
555.227844      1526.9208984375
555.571777      1493.4847412109
555.915710      1451.1322021484
556.259583      1609.3969726563
556.603333      1564.8153076172
556.947205      1502.4010009766
557.290894      1529.1500244141
557.634583      1518.0046386719
557.978210      1535.8372802734
558.321777      1593.7933349609
558.665405      1520.2336425781
559.008911      1531.3790283203
559.352417      1573.7316894531
559.695862      1535.8372802734
560.039185      1502.4010009766
560.382568      1538.0662841797
560.725891      1591.5643310547
561.069153      1529.1500244141
561.412354      1540.2954101563
561.755554      1589.3352050781
562.098694      1613.8551025391
562.441772      1596.0224609375
562.784851      1589.3352050781
563.127930      1531.3790283203
563.470825      1542.5245361328
563.813782      1538.0662841797
564.156738      1515.7755126953
564.499573      1540.2954101563
564.842285      1593.7933349609
565.185059      1589.3352050781
565.527771      1471.1938476563
565.870422      1491.2556152344
566.213135      1573.7316894531
566.555725      1531.3790283203
566.898254      1520.2336425781
567.240784      1493.4847412109
567.583252      1477.8811035156
567.925659      1549.2117919922
568.268005      1560.3571777344
568.610291      1504.6301269531
568.952637      1558.1280517578
569.294922      1535.8372802734
569.637146      1551.4407958984
569.979309      1555.8989257813
570.321411      1502.4010009766
570.663513      1518.0046386719
571.005554      1504.6301269531
571.347473      1502.4010009766
571.689453      1509.0882568359
572.031372      1522.4627685547
572.373230      1515.7755126953
572.715088      1604.9387207031
573.056885      1546.9826660156
573.398621      1457.8193359375
573.740295      1564.8153076172
574.082031      1571.5025634766
574.423584      1526.9208984375
574.765137      1542.5245361328
575.106689      1587.1060791016
575.448120      1513.5463867188
575.789612      1471.1938476563
576.130981      1509.0882568359
576.472351      1462.2775878906
576.813721      1544.7535400391
577.154968      1584.8770751953
577.496216      1524.6918945313
577.837402      1578.1898193359
578.178467      1584.8770751953
578.519592      1593.7933349609
578.860657      1546.9826660156
579.201660      1549.2117919922
579.542664      1589.3352050781
579.883606      1542.5245361328
580.224487      1546.9826660156
580.565308      1564.8153076172
580.906189      1562.5861816406
581.246948      1542.5245361328
581.587585      1513.5463867188
581.928223      1562.5861816406
582.268921      1540.2954101563
582.609497      1513.5463867188
582.950012      1524.6918945313
583.290527      1504.6301269531
583.630981      1558.1280517578
583.971436      1549.2117919922
584.311829      1560.3571777344
584.652100      1475.6520996094
584.992371      1558.1280517578
585.332642      1618.3132324219
585.672852      1551.4407958984
586.013000      1551.4407958984
586.353088      1531.3790283203
586.693176      1500.1719970703
587.033264      1562.5861816406
587.373230      1544.7535400391
587.713196      1584.8770751953
588.053040      1558.1280517578
588.392883      1529.1500244141
588.732727      1569.2734375000
589.072510      1584.8770751953
589.412231      1580.4188232422
589.751892      1553.6699218750
590.091553      1522.4627685547
590.431152      1522.4627685547
590.770752      1520.2336425781
591.110229      1560.3571777344
591.449707      1587.1060791016
591.789124      1551.4407958984
592.128479      1533.6081542969
592.467834      1529.1500244141
592.807129      1529.1500244141
593.146423      1515.7755126953
593.485596      1591.5643310547
593.824768      1480.1102294922
594.163879      1531.3790283203
594.502991      1549.2117919922
594.841980      1569.2734375000
595.180969      1526.9208984375
595.519897      1526.9208984375
595.858887      1596.0224609375
596.197693      1526.9208984375
596.536499      1551.4407958984
596.875305      1602.7097167969
597.214050      1571.5025634766
597.552734      1538.0662841797
597.891296      1535.8372802734
598.229980      1649.5203857422
598.568542      1587.1060791016
598.907043      1542.5245361328
599.245483      1567.0444335938
599.583984      1524.6918945313
599.922363      1569.2734375000
600.260681      1671.8112792969
600.598999      1587.1060791016
600.937256      1513.5463867188
601.275452      1553.6699218750
601.613586      1535.8372802734
601.951721      1571.5025634766
602.289856      1529.1500244141
602.627869      1562.5861816406
602.965881      1535.8372802734
603.303833      1533.6081542969
603.641724      1486.7974853516
603.979614      1569.2734375000
604.317444      1555.8989257813
604.655151      1558.1280517578
604.992859      1518.0046386719
605.330566      1493.4847412109
605.668274      1569.2734375000
606.005859      1544.7535400391
606.343445      1600.4805908203
606.680908      1571.5025634766
607.018433      1571.5025634766
607.355835      1468.9648437500
607.693237      1538.0662841797
608.030579      1475.6520996094
608.367859      1538.0662841797
608.705078      1464.5065917969
609.042297      1575.9606933594
609.379456      1558.1280517578
609.716614      1480.1102294922
610.053650      1575.9606933594
610.390686      1558.1280517578
610.727722      1526.9208984375
611.064575      1535.8372802734
611.401550      1555.8989257813
611.738403      1551.4407958984
612.075256      1538.0662841797
612.411987      1542.5245361328
612.748779      1538.0662841797
613.085449      1562.5861816406
613.422058      1520.2336425781
613.758667      1497.9428710938
614.095215      1535.8372802734
614.431702      1526.9208984375
614.768127      1569.2734375000
615.104614      1493.4847412109
615.440979      1493.4847412109
615.777283      1573.7316894531
616.113586      1600.4805908203
616.449829      1544.7535400391
616.786011      1526.9208984375
617.122192      1549.2117919922
617.458374      1535.8372802734
617.794373      1560.3571777344
618.130371      1506.8591308594
618.466370      1555.8989257813
618.802246      1520.2336425781
619.138184      1562.5861816406
619.474060      1524.6918945313
619.809875      1611.6259765625
620.145630      1616.0842285156
620.481323      1515.7755126953
620.817017      1571.5025634766
621.152588      1524.6918945313
621.488220      1546.9826660156
621.823792      1607.1678466797
622.159241      1486.7974853516
622.494690      1509.0882568359
622.830078      1573.7316894531
623.165466      1567.0444335938
623.500793      1591.5643310547
623.836060      1520.2336425781
624.171265      1535.8372802734
624.506470      1564.8153076172
624.841553      1515.7755126953
625.176697      1504.6301269531
625.511719      1549.2117919922
625.846741      1546.9826660156
626.181702      1575.9606933594
626.516663      1578.1898193359
626.851563      1600.4805908203
627.186401      1524.6918945313
627.521118      1582.6479492188
627.855896      1622.7714843750
628.190552      1555.8989257813
628.525269      1582.6479492188
628.859863      1526.9208984375
629.194458      1457.8193359375
629.528992      1575.9606933594
629.863403      1504.6301269531
630.197815      1616.0842285156
630.532288      1558.1280517578
630.866516      1524.6918945313
631.200867      1575.9606933594
631.535156      1549.2117919922
631.869324      1544.7535400391
632.203491      1578.1898193359
632.537659      1511.3173828125
632.871704      1544.7535400391
633.205750      1491.2556152344
633.539795      1571.5025634766
633.873718      1504.6301269531
634.207520      1497.9428710938
634.541443      1529.1500244141
634.875244      1513.5463867188
635.208984      1560.3571777344
635.542725      1524.6918945313
635.876404      1609.3969726563
636.210022      1535.8372802734
636.543640      1589.3352050781
636.877197      1540.2954101563
637.210571      1549.2117919922
637.544067      1513.5463867188
637.877502      1589.3352050781
638.210815      1460.0484619141
638.544189      1573.7316894531
638.877441      1522.4627685547
639.210693      1529.1500244141
639.543884      1484.5683593750
639.877014      1580.4188232422
640.210144      1546.9826660156
640.543091      1558.1280517578
640.876099      1564.8153076172
641.209106      1567.0444335938
641.541992      1591.5643310547
641.874939      1538.0662841797
642.207703      1540.2954101563
642.540527      1515.7755126953
642.873230      1509.0882568359
643.205994      1511.3173828125
643.538574      1571.5025634766
643.871155      1546.9826660156
644.203674      1542.5245361328
644.536255      1549.2117919922
644.868713      1491.2556152344
645.201172      1535.8372802734
645.533508      1598.2515869141
645.865845      1558.1280517578
646.198120      1448.9030761719
646.530396      1526.9208984375
646.862610      1551.4407958984
647.194702      1497.9428710938
647.526855      1540.2954101563
647.858887      1535.8372802734
648.190857      1524.6918945313
648.522827      1511.3173828125
648.854797      1622.7714843750
649.186707      1596.0224609375
649.518555      1546.9826660156
649.850342      1546.9826660156
650.182007      1564.8153076172
650.513733      1522.4627685547
650.845398      1569.2734375000
651.177063      1529.1500244141
651.508606      1500.1719970703
651.840088      1540.2954101563
652.171631      1533.6081542969
652.503052      1580.4188232422
652.834412      1509.0882568359
653.165771      1584.8770751953
653.497070      1598.2515869141
653.828308      1518.0046386719
654.159485      1462.2775878906
654.490662      1533.6081542969
654.821838      1526.9208984375
655.152832      1506.8591308594
655.483887      1558.1280517578
655.814880      1500.1719970703
656.145813      1575.9606933594
656.476685      1484.5683593750
656.807495      1560.3571777344
657.138306      1506.8591308594
657.469116      1589.3352050781
657.799744      1542.5245361328
658.130493      1598.2515869141
658.461121      1582.6479492188
658.791687      1558.1280517578
659.122192      1489.0264892578
659.452698      1513.5463867188
659.783142      1542.5245361328
660.113464      1573.7316894531
660.443787      1524.6918945313
660.774109      1491.2556152344
661.104370      1549.2117919922
661.434570      1540.2954101563
661.764771      1544.7535400391
662.094849      1571.5025634766
662.424988      1609.3969726563
662.755005      1546.9826660156
663.084900      1549.2117919922
663.414856      1560.3571777344
663.744751      1497.9428710938
664.074585      1540.2954101563
664.404419      1464.5065917969
664.734131      1524.6918945313
665.063904      1529.1500244141
665.393555      1580.4188232422
665.723206      1497.9428710938
666.052734      1607.1678466797
666.382202      1555.8989257813
666.711670      1493.4847412109
667.041138      1509.0882568359
667.370544      1500.1719970703
667.699829      1551.4407958984
668.029175      1560.3571777344
668.358459      1542.5245361328
668.687622      1482.3392333984
669.016846      1578.1898193359
669.345947      1582.6479492188
669.674927      1524.6918945313
670.003967      1511.3173828125
670.332947      1477.8811035156
670.661865      1573.7316894531
670.990784      1551.4407958984
671.319641      1546.9826660156
671.648438      1493.4847412109
671.977112      1535.8372802734
672.305847      1544.7535400391
672.634521      1575.9606933594
672.963135      1560.3571777344
673.291687      1529.1500244141
673.620178      1558.1280517578
673.948669      1518.0046386719
674.277100      1535.8372802734
674.605469      1564.8153076172
674.933899      1560.3571777344
675.262085      1569.2734375000
675.590332      1549.2117919922
675.918579      1495.7137451172
676.246704      1511.3173828125
676.574829      1529.1500244141
676.902893      1531.3790283203
677.230896      1538.0662841797
677.558899      1546.9826660156
677.886841      1578.1898193359
678.214661      1546.9826660156
678.542480      1555.8989257813
678.870239      1549.2117919922
679.197998      1555.8989257813
679.525696      1520.2336425781
679.853394      1506.8591308594
680.180969      1544.7535400391
680.508484      1531.3790283203
680.836060      1551.4407958984
681.163452      1558.1280517578
681.490845      1560.3571777344
681.818237      1531.3790283203
682.145569      1518.0046386719
682.472839      1444.4449462891
682.800110      1531.3790283203
683.127319      1524.6918945313
683.454468      1526.9208984375
683.781494      1520.2336425781
684.108582      1524.6918945313
684.435608      1607.1678466797
684.762451      1549.2117919922
685.089355      1560.3571777344
685.416199      1473.4229736328
685.743103      1598.2515869141
686.069824      1587.1060791016
686.396606      1549.2117919922
686.723267      1549.2117919922
687.049927      1495.7137451172
687.376465      1551.4407958984
687.703003      1589.3352050781
688.029419      1551.4407958984
688.355957      1567.0444335938
688.682312      1589.3352050781
689.008667      1513.5463867188
689.334961      1540.2954101563
689.661316      1506.8591308594
689.987427      1589.3352050781
690.313660      1567.0444335938
690.639771      1497.9428710938
690.965881      1522.4627685547
691.291809      1511.3173828125
691.617798      1518.0046386719
691.943726      1538.0662841797
692.269714      1477.8811035156
692.595459      1520.2336425781
692.921326      1551.4407958984
693.247009      1564.8153076172
693.572754      1506.8591308594
693.898438      1553.6699218750
694.223999      1531.3790283203
694.549561      1486.7974853516
694.875061      1602.7097167969
695.200562      1571.5025634766
695.526001      1551.4407958984
695.851379      1575.9606933594
696.176697      1482.3392333984
696.502014      1571.5025634766
696.827271      1600.4805908203
697.152405      1513.5463867188
697.477539      1555.8989257813
697.802612      1540.2954101563
698.127625      1520.2336425781
698.452698      1555.8989257813
698.777649      1613.8551025391
699.102539      1531.3790283203
699.427429      1538.0662841797
699.752258      1500.1719970703
700.077026      1553.6699218750
700.401733      1598.2515869141
700.726379      1546.9826660156
701.051025      1551.4407958984
701.375610      1542.5245361328
701.700134      1560.3571777344
702.024658      1542.5245361328
702.349060      1555.8989257813
702.673462      1518.0046386719
702.997864      1518.0046386719
703.322144      1518.0046386719
703.646362      1489.0264892578
703.970520      1518.0046386719
704.294739      1531.3790283203
704.618896      1546.9826660156
704.942932      1540.2954101563
705.266968      1546.9826660156
705.590942      1529.1500244141
705.914917      1553.6699218750
706.238770      1491.2556152344
706.562622      1518.0046386719
706.886292      1540.2954101563
707.210083      1495.7137451172
707.533813      1502.4010009766
707.857422      1542.5245361328
708.181030      1598.2515869141
708.504578      1540.2954101563
708.828064      1526.9208984375
709.151550      1484.5683593750
709.474976      1531.3790283203
709.798340      1493.4847412109
710.121582      1613.8551025391
710.444885      1520.2336425781
710.768127      1509.0882568359
711.091248      1482.3392333984
711.414429      1535.8372802734
711.737488      1607.1678466797
712.060547      1535.8372802734
712.383484      1513.5463867188
712.706482      1575.9606933594
713.029358      1575.9606933594
713.352112      1513.5463867188
713.674927      1580.4188232422
713.997681      1549.2117919922
714.320435      1575.9606933594
714.643066      1569.2734375000
714.965698      1502.4010009766
715.288269      1620.5423583984
715.610779      1546.9826660156
715.933289      1526.9208984375
716.255737      1502.4010009766
716.578003      1569.2734375000
716.900330      1495.7137451172
717.222595      1560.3571777344
717.544861      1495.7137451172
717.867065      1564.8153076172
718.189209      1546.9826660156
718.511292      1522.4627685547
718.833313      1520.2336425781
719.155334      1555.8989257813
719.477234      1546.9826660156
719.799133      1567.0444335938
720.120972      1509.0882568359
720.442749      1582.6479492188
720.764587      1513.5463867188
721.086304      1538.0662841797
721.407898      1611.6259765625
721.729553      1591.5643310547
722.051147      1584.8770751953
722.372681      1587.1060791016
722.694092      1489.0264892578
723.015503      1564.8153076172
723.336914      1546.9826660156
723.658264      1600.4805908203
723.979492      1582.6479492188
724.300781      1520.2336425781
724.621948      1509.0882568359
724.943115      1567.0444335938
725.264160      1560.3571777344
725.585205      1582.6479492188
725.906189      1513.5463867188
726.227173      1513.5463867188
726.548035      1564.8153076172
726.868896      1497.9428710938
727.189697      1509.0882568359
727.510498      1529.1500244141
727.831177      1535.8372802734
728.151855      1493.4847412109
728.472473      1582.6479492188
728.793091      1529.1500244141
729.113525      1529.1500244141
729.434021      1631.6877441406
729.754456      1531.3790283203
730.074829      1511.3173828125
730.395142      1518.0046386719
730.715454      1475.6520996094
731.035706      1489.0264892578
731.355896      1587.1060791016
731.676025      1477.8811035156
731.996033      1509.0882568359
732.316101      1538.0662841797
732.636108      1613.8551025391
732.956055      1567.0444335938
733.275940      1553.6699218750
733.595825      1464.5065917969
733.915649      1558.1280517578
734.235413      1611.6259765625
734.555054      1546.9826660156
734.874817      1500.1719970703
735.194336      1542.5245361328
735.513855      1571.5025634766
735.833435      1529.1500244141
736.152893      1562.5861816406
736.472290      1511.3173828125
736.791687      1611.6259765625
737.111023      1511.3173828125
737.430298      1629.4586181641
737.749512      1515.7755126953
738.068665      1533.6081542969
738.387817      1587.1060791016
738.706909      1535.8372802734
739.025879      1518.0046386719
739.344910      1518.0046386719
739.663879      1489.0264892578
739.982788      1518.0046386719
740.301636      1513.5463867188
740.620422      1622.7714843750
740.939148      1622.7714843750
741.257874      1531.3790283203
741.576477      1544.7535400391
741.895020      1473.4229736328
742.213623      1486.7974853516
742.532166      1618.3132324219
742.850586      1562.5861816406
743.169006      1538.0662841797
743.487366      1558.1280517578
743.805725      1502.4010009766
744.123962      1535.8372802734
744.442200      1538.0662841797
744.760315      1533.6081542969
745.078430      1513.5463867188
745.396484      1506.8591308594
745.714539      1596.0224609375
746.032532      1571.5025634766
746.350464      1569.2734375000
746.668335      1620.5423583984
746.986206      1558.1280517578
747.303955      1558.1280517578
747.621643      1529.1500244141
747.939331      1602.7097167969
748.257019      1551.4407958984
748.574585      1451.1322021484
748.892151      1513.5463867188
749.209656      1553.6699218750
749.527100      1569.2734375000
749.844482      1529.1500244141
750.161804      1540.2954101563
750.479126      1573.7316894531
750.796326      1520.2336425781
751.113525      1511.3173828125
751.430725      1571.5025634766
751.747803      1560.3571777344
752.064880      1562.5861816406
752.381897      1497.9428710938
752.698853      1518.0046386719
753.015747      1453.3612060547
753.332703      1542.5245361328
753.649475      1497.9428710938
753.966187      1520.2336425781
754.282898      1562.5861816406
754.599609      1531.3790283203
754.916199      1471.1938476563
755.232788      1524.6918945313
755.549316      1518.0046386719
755.865784      1551.4407958984
756.182190      1531.3790283203
756.498596      1549.2117919922
756.814941      1538.0662841797
757.131165      1580.4188232422
757.447388      1638.3750000000
757.763611      1560.3571777344
758.079712      1589.3352050781
758.395813      1571.5025634766
758.711853      1542.5245361328
759.027832      1475.6520996094
759.343811      1593.7933349609
759.659668      1504.6301269531
759.975464      1451.1322021484
760.291260      1526.9208984375
760.606995      1491.2556152344
760.922668      1540.2954101563
761.238342      1549.2117919922
761.554016      1573.7316894531
761.869507      1582.6479492188
762.185059      1531.3790283203
762.500488      1520.2336425781
762.815918      1567.0444335938
763.131165      1593.7933349609
763.446533      1553.6699218750
763.761719      1575.9606933594
764.076965      1649.5203857422
764.392151      1631.6877441406
764.707214      1535.8372802734
765.022339      1509.0882568359
765.337341      1571.5025634766
765.652283      1524.6918945313
765.967224      1480.1102294922
766.282043      1553.6699218750
766.596863      1562.5861816406
766.911621      1495.7137451172
767.226379      1546.9826660156
767.541016      1560.3571777344
767.855591      1540.2954101563
768.170227      1560.3571777344
768.484741      1500.1719970703
768.799194      1497.9428710938
769.113647      1589.3352050781
769.427979      1551.4407958984
769.742310      1535.8372802734
770.056580      1558.1280517578
770.370850      1589.3352050781
770.684998      1524.6918945313
770.999084      1513.5463867188
771.313232      1596.0224609375
771.627258      1582.6479492188
771.941223      1671.8112792969
772.255066      1531.3790283203
772.569031      1529.1500244141
772.882813      1560.3571777344
773.196594      1546.9826660156
773.510376      1591.5643310547
773.824036      1535.8372802734
774.137695      1504.6301269531
774.451294      1515.7755126953
774.764832      1464.5065917969
775.078308      1564.8153076172
775.391724      1491.2556152344
775.705078      1553.6699218750
776.018433      1495.7137451172
776.331726      1515.7755126953
776.644958      1553.6699218750
776.958130      1533.6081542969
777.271301      1584.8770751953
777.584412      1533.6081542969
777.897461      1526.9208984375
778.210510      1551.4407958984
778.523315      1497.9428710938
778.836304      1451.1322021484
779.149109      1526.9208984375
779.461914      1462.2775878906
779.774658      1468.9648437500
780.087402      1544.7535400391
780.400024      1546.9826660156
780.712585      1589.3352050781
781.025146      1511.3173828125
781.337646      1636.1458740234
781.650085      1560.3571777344
781.962463      1535.8372802734
782.274841      1580.4188232422
782.587158      1511.3173828125
782.899414      1549.2117919922
783.211609      1522.4627685547
783.523743      1549.2117919922
783.835938      1542.5245361328
784.147949      1575.9606933594
784.459900      1569.2734375000
784.771851      1560.3571777344
785.083801      1596.0224609375
785.395630      1573.7316894531
785.707397      1611.6259765625
786.019226      1531.3790283203
786.330933      1546.9826660156
786.642578      1560.3571777344
786.954224      1506.8591308594
787.265747      1462.2775878906
787.577209      1558.1280517578
787.888672      1460.0484619141
788.200073      1502.4010009766
788.511414      1513.5463867188
788.822754      1538.0662841797
789.133972      1524.6918945313
789.445190      1546.9826660156
789.756409      1542.5245361328
790.067505      1540.2954101563
790.378540      1509.0882568359
790.689514      1522.4627685547
791.000488      1486.7974853516
791.311401      1511.3173828125
791.622314      1555.8989257813
791.933105      1549.2117919922
792.243896      1549.2117919922
792.554565      1616.0842285156
792.865234      1546.9826660156
793.175842      1560.3571777344
793.486389      1500.1719970703
793.796875      1513.5463867188
794.107300      1571.5025634766
794.417786      1538.0662841797
794.728088      1502.4010009766
795.038452      1520.2336425781
795.348694      1515.7755126953
795.658936      1578.1898193359
795.969055      1471.1938476563
796.279175      1593.7933349609
796.589172      1538.0662841797
796.899231      1522.4627685547
797.209167      1558.1280517578
797.519104      1500.1719970703
797.828979      1575.9606933594
798.138794      1522.4627685547
798.448547      1529.1500244141
798.758301      1540.2954101563
799.067932      1511.3173828125
799.377563      1598.2515869141
799.687073      1495.7137451172
799.996582      1555.8989257813
800.306030      1582.6479492188
800.615479      1609.3969726563
800.924805      1546.9826660156
801.234192      1484.5683593750
801.543457      1531.3790283203
801.852600      1544.7535400391
802.161743      1622.7714843750
802.470886      1457.8193359375
802.779907      1549.2117919922
803.088867      1600.4805908203
803.397827      1551.4407958984
803.706787      1518.0046386719
804.015686      1549.2117919922
804.324463      1504.6301269531
804.633179      1584.8770751953
804.941956      1518.0046386719
805.250610      1558.1280517578
805.559204      1573.7316894531
805.867676      1625.0004882813
806.176270      1509.0882568359
806.484680      1546.9826660156
806.793091      1540.2954101563
807.101440      1593.7933349609
807.409729      1493.4847412109
807.718018      1524.6918945313
808.026184      1473.4229736328
808.334351      1584.8770751953
808.642456      1578.1898193359
808.950439      1500.1719970703
809.258484      1497.9428710938
809.566467      1457.8193359375
809.874329      1504.6301269531
810.182190      1546.9826660156
810.489990      1598.2515869141
810.797791      1571.5025634766
811.105469      1587.1060791016
811.413147      1506.8591308594
811.720642      1531.3790283203
812.028198      1580.4188232422
812.335693      1520.2336425781
812.643188      1553.6699218750
812.950562      1562.5861816406
813.257935      1484.5683593750
813.565186      1502.4010009766
813.872498      1613.8551025391
814.179626      1520.2336425781
814.486816      1529.1500244141
814.793823      1542.5245361328
815.100830      1484.5683593750
815.407837      1544.7535400391
815.714783      1531.3790283203
816.021667      1555.8989257813
816.328552      1555.8989257813
816.635315      1477.8811035156
816.942078      1466.7357177734
817.248779      1571.5025634766
817.555359      1515.7755126953
817.861938      1562.5861816406
818.168457      1591.5643310547
818.474976      1529.1500244141
818.781372      1562.5861816406
819.087769      1582.6479492188
819.394104      1522.4627685547
819.700378      1509.0882568359
820.006592      1520.2336425781
820.312744      1475.6520996094
820.618896      1491.2556152344
820.924927      1520.2336425781
821.230957      1484.5683593750
821.536926      1502.4010009766
821.842896      1502.4010009766
822.148804      1555.8989257813
822.454590      1533.6081542969
822.760376      1591.5643310547
823.066040      1573.7316894531
823.371704      1546.9826660156
823.677307      1569.2734375000
823.982910      1495.7137451172
824.288391      1462.2775878906
824.593872      1506.8591308594
824.899292      1531.3790283203
825.204651      1551.4407958984
825.509949      1616.0842285156
825.815186      1567.0444335938
826.120422      1636.1458740234
826.425598      1562.5861816406
826.730652      1551.4407958984
827.035706      1493.4847412109
827.340759      1531.3790283203
827.645630      1546.9826660156
827.950623      1509.0882568359
828.255432      1575.9606933594
828.560242      1520.2336425781
828.864990      1524.6918945313
829.169739      1591.5643310547
829.474304      1489.0264892578
829.778870      1529.1500244141
830.083435      1569.2734375000
830.387878      1538.0662841797
830.692383      1451.1322021484
830.996765      1529.1500244141
831.301086      1602.7097167969
831.605408      1520.2336425781
831.909668      1502.4010009766
832.213867      1531.3790283203
832.517883      1602.7097167969
832.821960      1533.6081542969
833.126038      1580.4188232422
833.429993      1524.6918945313
833.733948      1497.9428710938
834.037842      1542.5245361328
834.341614      1500.1719970703
834.645386      1477.8811035156
834.949158      1567.0444335938
835.252808      1551.4407958984
835.556335      1520.2336425781
835.859924      1602.7097167969
836.163513      1549.2117919922
836.466980      1524.6918945313
836.770325      1513.5463867188
837.073730      1593.7933349609
837.377075      1533.6081542969
837.680298      1607.1678466797
837.983521      1520.2336425781
838.286682      1546.9826660156
838.589722      1567.0444335938
838.892761      1513.5463867188
839.195801      1518.0046386719
839.498779      1584.8770751953
839.801636      1495.7137451172
840.104492      1587.1060791016
840.407288      1524.6918945313
840.710022      1540.2954101563
841.012695      1495.7137451172
841.315369      1531.3790283203
841.617920      1540.2954101563
841.920410      1542.5245361328
842.222961      1506.8591308594
842.525391      1484.5683593750
842.827759      1511.3173828125
843.130127      1540.2954101563
843.432373      1511.3173828125
843.734619      1497.9428710938
844.036804      1531.3790283203
844.338867      1580.4188232422
844.640930      1522.4627685547
844.942993      1489.0264892578
845.244934      1518.0046386719
845.546814      1535.8372802734
845.848755      1480.1102294922
846.150513      1524.6918945313
846.452332      1564.8153076172
846.754028      1526.9208984375
847.055664      1544.7535400391
847.357239      1571.5025634766
847.658813      1567.0444335938
847.960327      1518.0046386719
848.261780      1524.6918945313
848.563110      1571.5025634766
848.864563      1544.7535400391
849.165771      1535.8372802734
849.467041      1522.4627685547
849.768250      1526.9208984375
850.069397      1526.9208984375
850.370422      1535.8372802734
850.671448      1560.3571777344
850.972473      1575.9606933594
851.273376      1625.0004882813
851.574280      1529.1500244141
851.875122      1533.6081542969
852.175842      1555.8989257813
852.476624      1544.7535400391
852.777222      1593.7933349609
853.077881      1553.6699218750
853.378418      1560.3571777344
853.678955      1580.4188232422
853.979370      1468.9648437500
854.279785      1486.7974853516
854.580200      1515.7755126953
854.880493      1582.6479492188
855.180725      1506.8591308594
855.480957      1520.2336425781
855.781067      1562.5861816406
856.081116      1495.7137451172
856.381165      1518.0046386719
856.681152      1506.8591308594
856.981140      1549.2117919922
857.281006      1555.8989257813
857.580872      1531.3790283203
857.880676      1578.1898193359
858.180420      1522.4627685547
858.480103      1584.8770751953
858.779724      1578.1898193359
859.079224      1636.1458740234
859.378723      1480.1102294922
859.678223      1573.7316894531
859.977661      1551.4407958984
860.277039      1511.3173828125
860.576355      1593.7933349609
860.875610      1582.6479492188
861.174805      1448.9030761719
861.473999      1549.2117919922
861.773071      1515.7755126953
862.072083      1582.6479492188
862.371094      1511.3173828125
862.670044      1549.2117919922
862.968933      1569.2734375000
863.267761      1560.3571777344
863.566589      1609.3969726563
863.865356      1549.2117919922
864.164001      1558.1280517578
864.462646      1540.2954101563
864.761230      1549.2117919922
865.059692      1596.0224609375
865.358154      1578.1898193359
865.656616      1520.2336425781
865.954956      1573.7316894531
866.253357      1598.2515869141
866.551575      1546.9826660156
866.849792      1571.5025634766
867.147949      1549.2117919922
867.446106      1593.7933349609
867.744080      1509.0882568359
868.042053      1526.9208984375
868.340027      1562.5861816406
868.637878      1506.8591308594
868.935791      1526.9208984375
869.233582      1622.7714843750
869.531311      1533.6081542969
869.828979      1497.9428710938
870.126648      1522.4627685547
870.424255      1526.9208984375
870.721741      1544.7535400391
871.019165      1518.0046386719
871.316589      1551.4407958984
871.613953      1533.6081542969
871.911316      1518.0046386719
872.208557      1486.7974853516
872.505798      1562.5861816406
872.802979      1520.2336425781
873.100037      1529.1500244141
873.397156      1544.7535400391
873.694092      1538.0662841797
873.991028      1609.3969726563
874.287964      1529.1500244141
874.584778      1580.4188232422
874.881592      1542.5245361328
875.178284      1477.8811035156
875.474976      1584.8770751953
875.771606      1520.2336425781
876.068237      1573.7316894531
876.364746      1542.5245361328
876.661194      1518.0046386719
876.957581      1569.2734375000
877.253967      1524.6918945313
877.550293      1486.7974853516
877.846497      1468.9648437500
878.142761      1627.2296142578
878.438904      1567.0444335938
878.734985      1515.7755126953
879.031067      1589.3352050781
879.326965      1542.5245361328
879.622925      1551.4407958984
879.918823      1544.7535400391
880.214661      1460.0484619141
880.510498      1531.3790283203
880.806213      1535.8372802734
881.101868      1468.9648437500
881.397522      1542.5245361328
881.693115      1511.3173828125
881.988586      1573.7316894531
882.283997      1533.6081542969
882.579407      1533.6081542969
882.874817      1555.8989257813
883.170105      1587.1060791016
883.465332      1569.2734375000
883.760559      1620.5423583984
884.055725      1575.9606933594
884.350769      1549.2117919922
884.645813      1522.4627685547
884.940857      1526.9208984375
885.235718      1549.2117919922
885.530579      1509.0882568359
885.825439      1520.2336425781
886.120239      1575.9606933594
886.414917      1553.6699218750
886.709595      1500.1719970703
887.004272      1618.3132324219
887.298767      1506.8591308594
887.593323      1533.6081542969
887.887756      1569.2734375000
888.182129      1573.7316894531
888.476440      1520.2336425781
888.770752      1504.6301269531
889.065002      1549.2117919922
