6.260000
190.489868         0.0000000000
190.870819         0.0000000000
191.251740      1466.2067871094
191.632629      1448.4345703125
192.013474      1506.1942138672
192.394302      1555.0677490234
192.775101      2310.3864746094
193.155838      2190.4240722656
193.536575      2365.9245605469
193.917267      2086.0124511719
194.297943      2363.7031250000
194.678574      2179.3164062500
195.059174      1914.9549560547
195.439743      2419.2412109375
195.820282      2170.4304199219
196.200790      2250.4052734375
196.581268      2303.7219238281
196.961700      2048.2463378906
197.342117      2086.0124511719
197.722488      2288.1711425781
198.102829      1952.7208251953
198.483154      1986.0437011719
198.863434      1941.6132812500
199.243698      2285.9497070313
199.623901      2854.6601562500
200.004089      1986.0437011719
200.384247      1974.9361572266
200.764389      1928.2840576172
201.144485      1972.7145996094
201.524536      2048.2463378906
201.904572      1786.1064453125
202.284561      2092.6770019531
202.664520      2130.4428710938
203.044449      2490.3300781250
203.424362      2081.5693359375
203.804214      1968.2714843750
204.184067      1919.3979492188
204.563858      2272.6206054688
204.943649      2148.2150878906
205.323380      1923.8410644531
205.703094      1983.8222656250
206.082764      2112.6706542969
206.462418      1934.9486083984
206.842026      1988.2652587891
207.221588      2197.0886230469
207.601166      2670.2736816406
207.980667      2054.9111328125
208.360153      2394.8044433594
208.739609      1921.6195068359
209.119034      1999.3729248047
209.498428      2068.2402343750
209.877777      2179.3164062500
210.257111      2117.1137695313
210.636398      2037.1387939453
211.015656      1903.8472900391
211.394882      1977.1575927734
211.774094      2052.6894531250
212.153244      1928.2840576172
212.532394      1939.3917236328
212.911484      1828.3154296875
213.290543      2137.1074218750
213.669571      2208.1962890625
214.048584      2023.8096923828
214.427567      1986.0437011719
214.806488      2279.2851562500
215.185410      2305.9433593750
215.564270      1974.9361572266
215.943115      2399.2475585938
216.321930      2252.6267089844
216.700714      2072.6831054688
217.079437      2225.9685058594
217.458176      2230.4116210938
217.836838      2028.2526855469
218.215485      2110.4492187500
218.594101      1952.7208251953
218.972687      1839.4230957031
219.351227      2099.3415527344
219.729752      2648.0583496094
220.108246      1963.8284912109
220.486694      2037.1387939453
220.865128      2139.3291015625
221.243515      2154.8796386719
221.621872      2461.4501953125
222.000183      2101.5629882813
222.378494      2006.0374755859
222.756744      2210.4177246094
223.134964      2201.5317382813
223.513153      2154.8796386719
223.891327      2903.5336914063
224.269455      2081.5693359375
224.647552      1970.4930419922
225.025620      1988.2652587891
225.403656      2070.4616699219
225.781647      2046.0249023438
226.159622      2172.6518554688
226.537552      2479.2224121094
226.915436      2130.4428710938
227.293335      2214.8608398438
227.671158      2083.7907714844
228.048950      1879.4105224609
228.426727      1970.4930419922
228.804459      2021.5881347656
229.182175      1963.8284912109
229.559845      2157.1010742188
229.937500      1954.9423828125
230.315094      2125.9997558594
230.692673      2010.4804687500
231.070221      2510.3237304688
231.447723      1952.7208251953
231.825180      1874.9674072266
232.202652      2043.8033447266
232.580048      1912.7333984375
232.957428      2112.6706542969
233.334778      2521.4313964844
233.712097      2148.2150878906
234.089386      2168.2087402344
234.466614      1957.1639404297
234.843842      2119.3352050781
235.221024      1974.9361572266
235.598175      1859.4167480469
235.975281      1892.7396240234
236.352386      2152.6582031250
236.729431      2014.9235839844
237.106445      1994.9298095703
237.483414      2057.1325683594
237.860382      2097.1201171875
238.237305      2090.4553222656
238.614182      2539.2036132813
238.991043      1926.0625000000
239.367859      2088.2338867188
239.744644      2050.4680175781
240.121414      1843.8660888672
240.498138      1830.5369873047
240.874817      1977.1575927734
241.251480      2254.8483886719
241.628098      1817.2077636719
242.004700      2081.5693359375
242.381241      2110.4492187500
242.757782      2114.8920898438
243.134262      2301.5002441406
243.510727      2225.9685058594
243.887146      2503.6591796875
244.263535      1932.7271728516
244.639893      2210.4177246094
245.016220      1928.2840576172
245.392517      1952.7208251953
245.768768      2043.8033447266
246.145020      1921.6195068359
246.521194      1988.2652587891
246.897354      1923.8410644531
247.273483      1872.7459716797
247.649567      1941.6132812500
248.025650      2361.4814453125
248.401672      2023.8096923828
248.777664      1892.7396240234
249.153641      2203.7531738281
249.529556      2219.3039550781
249.905457      2159.3227539063
250.281326      1814.9863281250
250.657135      2152.6582031250
251.032959      1979.3791503906
251.408707      2161.5441894531
251.784424      2143.7719726563
252.160126      2212.6394042969
252.535797      1866.0814208984
252.911423      1943.8347167969
253.287018      2181.5380859375
253.662582      1999.3729248047
254.038116      2190.4240722656
254.413605      2312.6079101563
254.789063      1950.4992675781
255.164505      2026.0312500000
255.539886      2350.3740234375
255.915268      1928.2840576172
256.290588      1963.8284912109
256.665894      2061.5756835938
257.041168      2143.7719726563
257.416351      2072.6831054688
257.791565      1919.3979492188
258.166779      1874.9674072266
258.541870      1830.5369873047
258.916962      1932.7271728516
259.292023      1946.0562744141
259.667023      1981.6007080078
260.042053      1979.3791503906
260.416992      2052.6894531250
260.791931      1817.2077636719
261.166809      1972.7145996094
261.541687      1821.6508789063
261.916504      1886.0750732422
262.291321      2179.3164062500
262.666077      1801.6571044922
263.040802      1941.6132812500
263.415497      1981.6007080078
263.790161      2023.8096923828
264.164795      2239.2976074219
264.539368      1930.5056152344
264.913910      1817.2077636719
265.288452      2030.4742431641
265.662964      2101.5629882813
266.037384      1901.6257324219
266.411865      2432.5703125000
266.786224      2563.6403808594
267.160583      2439.2348632813
267.534912      2119.3352050781
267.909210      2417.0197753906
268.283447      2046.0249023438
268.657654      2077.1262207031
269.031860      2006.0374755859
269.406006      2299.2788085938
269.780151      2197.0886230469
270.154236      2003.8159179688
270.528290      1968.2714843750
270.902283      1910.5118408203
271.276306      2021.5881347656
271.650238      2417.0197753906
272.024170      1868.3028564453
272.398041      2772.4636230469
272.771881      2241.5190429688
273.145721      2739.1408691406
273.519531      1943.8347167969
273.893219      1750.5620117188
274.266937      2132.6643066406
274.640656      1888.2966308594
275.014282      2052.6894531250
275.387909      1794.9925537109
275.761475      1932.7271728516
276.135040      1914.9549560547
276.508514      1879.4105224609
276.882019      1908.2904052734
277.255463      2305.9433593750
277.628906      2121.5568847656
278.002258      1886.0750732422
278.375549      2086.0124511719
278.748901      1941.6132812500
279.122162      2159.3227539063
279.495392      3012.3884277344
279.868622      2259.2912597656
280.241791      2128.2214355469
280.614929      1990.4868164063
280.988007      2041.5819091797
281.361084      2272.6206054688
281.734131      2301.5002441406
282.107117      2292.6142578125
282.480072      2223.7470703125
282.853027      2392.5830078125
283.225952      2412.5766601563
283.598785      2474.7792968750
283.971619      1999.3729248047
284.344452      1937.1701660156
284.717194      1952.7208251953
285.089905      1881.6320800781
285.462616      1954.9423828125
285.835297      1974.9361572266
286.207886      1868.3028564453
286.580475      1877.1889648438
286.953064      2308.1650390625
287.325592      1946.0562744141
287.698059      1777.2203369141
288.070496      1823.8724365234
288.442963      2217.0822753906
288.815308      2043.8033447266
289.187683      1961.6069335938
289.559998      1797.2141113281
289.932281      2223.7470703125
290.304504      2303.7219238281
290.676727      2001.5943603516
291.048920      1906.0688476563
291.421082      1979.3791503906
291.793182      1997.1513671875
292.165222      1854.9737548828
292.537292      1912.7333984375
292.909332      2099.3415527344
293.281281      2154.8796386719
293.653198      2054.9111328125
294.025116      1908.2904052734
294.397003      1886.0750732422
294.768860      2119.3352050781
295.140656      2399.2475585938
295.512390      1961.6069335938
295.884125      2292.6142578125
296.255829      1994.9298095703
296.627502      2094.8984375000
296.999146      2583.6340332031
297.370728      1830.5369873047
297.742249      2308.1650390625
298.113831      2010.4804687500
298.485291      2285.9497070313
298.856781      2199.3100585938
299.228149      2106.0061035156
299.599579      2119.3352050781
299.970917      1872.7459716797
300.342224      1881.6320800781
300.713531      1877.1889648438
301.084778      2112.6706542969
301.455994      1959.3853759766
301.827148      2250.4052734375
302.198334      1994.9298095703
302.569427      2230.4116210938
302.940521      1894.9611816406
303.311554      1837.2015380859
303.682556      2616.9570312500
304.053528      1832.7584228516
304.424469      1828.3154296875
304.795380      1874.9674072266
305.166260      1994.9298095703
305.537048      1874.9674072266
305.907837      1930.5056152344
306.278625      2214.8608398438
306.649384      1988.2652587891
307.020050      1954.9423828125
307.390686      2159.3227539063
307.761353      2288.1711425781
308.131897      1948.2778320313
308.502502      1870.5244140625
308.872986      1892.7396240234
309.243500      2232.6330566406
309.613922      1999.3729248047
309.984344      2008.2590332031
310.354736      1899.4042968750
310.725098      1772.7773437500
311.095398      1857.1953125000
311.465637      1937.1701660156
311.835907      2237.0761718750
312.206116      2001.5943603516
312.576294      1834.9799804688
312.946411      2010.4804687500
313.316528      2121.5568847656
313.686584      1954.9423828125
314.056610      1972.7145996094
314.426605      1923.8410644531
314.796570      1914.9549560547
315.166504      2588.0771484375
315.536377      1986.0437011719
315.906250      1928.2840576172
316.276093      2026.0312500000
316.645844      2132.6643066406
317.015594      2012.7020263672
317.385315      2248.1838378906
317.755035      2028.2526855469
318.124603      2037.1387939453
318.494263      2257.0698242188
318.863831      2181.5380859375
319.233368      1874.9674072266
319.602875      2245.9621582031
319.972351      2252.6267089844
320.341797      1848.3092041016
320.711182      2350.3740234375
321.080536      2257.0698242188
321.449890      1872.7459716797
321.819183      2752.4699707031
322.188446      1786.1064453125
322.557648      1797.2141113281
322.926880      1981.6007080078
323.295990      2203.7531738281
323.665100      2097.1201171875
324.034210      2006.0374755859
324.403259      2185.9809570313
324.772247      1768.3342285156
325.141205      1841.6445312500
325.510193      2168.2087402344
325.879120      2123.7783203125
326.247955      1988.2652587891
326.616791      2177.0949707031
326.985596      1948.2778320313
327.354340      1806.1002197266
327.723053      2143.7719726563
328.091797      1863.8598632813
328.460449      2110.4492187500
328.829071      2021.5881347656
329.197632      1881.6320800781
329.566193      1859.4167480469
329.934753      1857.1953125000
330.303192      1914.9549560547
330.671631      2230.4116210938
331.040070      1943.8347167969
331.408478      1794.9925537109
331.776794      1894.9611816406
332.145081      1814.9863281250
332.513367      1863.8598632813
332.881592      2139.3291015625
333.249756      2414.7980957031
333.617920      2343.7092285156
333.986084      1888.2966308594
334.354156      2217.0822753906
334.722229      2066.0185546875
335.090240      2006.0374755859
335.458252      2503.6591796875
335.826202      1772.7773437500
336.194092      1799.4355468750
336.561951      1997.1513671875
336.929779      1912.7333984375
337.297577      1794.9925537109
337.665375      2050.4680175781
338.033142      1923.8410644531
338.400787      1981.6007080078
338.768463      1890.5181884766
339.136108      2106.0061035156
339.503693      1792.7709960938
339.871246      1806.1002197266
340.238770      2070.4616699219
340.606262      2034.9172363281
340.973755      1941.6132812500
341.341125      3154.5661621094
341.708527      2297.0573730469
342.075867      1903.8472900391
342.443146      1779.4418945313
342.810425      1866.0814208984
343.177673      2128.2214355469
343.544861      2081.5693359375
343.912018      1861.6383056641
344.279114      3918.7707519531
344.646271      1950.4992675781
345.013336      2050.4680175781
345.380341      1937.1701660156
345.747314      1972.7145996094
346.114258      2239.2976074219
346.481171      1954.9423828125
346.848022      2277.0634765625
347.214905      1981.6007080078
347.581726      1946.0562744141
347.948456      1923.8410644531
348.315186      1886.0750732422
348.681885      1834.9799804688
349.048584      2656.9443359375
349.415161      1952.7208251953
349.781738      2041.5819091797
350.148346      2003.8159179688
350.514862      1963.8284912109
350.881287      2310.3864746094
351.247742      2197.0886230469
351.614197      2279.2851562500
351.980530      1999.3729248047
352.346863      2008.2590332031
352.713165      2026.0312500000
353.079437      2245.9621582031
353.445679      2094.8984375000
353.811859      2114.8920898438
354.178009      1886.0750732422
354.544159      2168.2087402344
354.910217      1968.2714843750
355.276276      1923.8410644531
355.642303      1959.3853759766
356.008270      1919.3979492188
356.374176      2308.1650390625
356.740112      1852.7521972656
357.105988      1788.3280029297
357.471802      1926.0625000000
357.837585      2001.5943603516
358.203339      1943.8347167969
358.569092      1774.9987792969
358.934753      1986.0437011719
359.300415      2748.0268554688
359.666016      2185.9809570313
360.031616      2112.6706542969
360.397125      2161.5441894531
360.762634      1839.4230957031
361.128143      1823.8724365234
361.493530      2663.6088867188
361.858917      2279.2851562500
362.224274      1983.8222656250
362.589630      2137.1074218750
362.954895      2132.6643066406
363.320160      1790.5494384766
363.685394      2681.3811035156
364.050568      1890.5181884766
364.415680      1903.8472900391
364.780792      1839.4230957031
365.145874      1801.6571044922
365.510895      2159.3227539063
365.875854      2008.2590332031
366.240845      2072.6831054688
366.605774      1926.0625000000
366.970642      2028.2526855469
367.335480      1932.7271728516
367.700317      2265.9560546875
368.065125      1988.2652587891
368.429840      2183.7595214844
368.794525      2321.4941406250
369.159241      1832.7584228516
369.523834      1846.0876464844
369.888397      1886.0750732422
370.252991      1732.7897949219
370.617554      2028.2526855469
370.981995      1817.2077636719
371.346436      1983.8222656250
371.710846      2008.2590332031
372.075256      1966.0500488281
372.439545      1988.2652587891
372.803864      1803.8786621094
373.168121      1841.6445312500
373.532379      2541.4250488281
373.896545      2223.7470703125
374.260681      1866.0814208984
374.624847      1768.3342285156
374.988892      1841.6445312500
375.352936      1737.2329101563
375.716949      2123.7783203125
376.080933      2041.5819091797
376.444855      2168.2087402344
376.808716      1981.6007080078
377.172638      1846.0876464844
377.536469      1812.7647705078
377.900208      1952.7208251953
378.263947      2243.7407226563
378.627686      2239.2976074219
378.991364      1908.2904052734
379.354980      1894.9611816406
379.718628      1914.9549560547
380.082214      2341.4877929688
380.445709      1970.4930419922
380.809174      1852.7521972656
381.172668      2285.9497070313
381.536072      2188.2026367188
381.899475      1826.0938720703
382.262787      1872.7459716797
382.626129      1908.2904052734
382.989380      2474.7792968750
383.352631      2668.0520019531
383.715790      1848.3092041016
384.078979      2001.5943603516
384.442078      1899.4042968750
384.805145      2021.5881347656
385.168243      1897.1827392578
385.531250      2077.1262207031
385.894226      2088.2338867188
386.257141      1841.6445312500
386.620056      2032.6958007813
386.982941      1946.0562744141
387.345734      1928.2840576172
387.708527      2345.9309082031
388.071289      2123.7783203125
388.433990      2030.4742431641
388.796661      1863.8598632813
389.159332      1783.8848876953
389.521942      1799.4355468750
389.884491      1879.4105224609
390.247040      1988.2652587891
390.609528      2034.9172363281
390.971985      2541.4250488281
391.334412      2048.2463378906
391.696747      1941.6132812500
392.059143      1966.0500488281
392.421478      1974.9361572266
392.783691      1932.7271728516
393.145935      1797.2141113281
393.508148      2330.3801269531
393.870270      1972.7145996094
394.232391      1950.4992675781
394.594482      1843.8660888672
394.956573      2157.1010742188
395.318542      2137.1074218750
395.680511      2301.5002441406
396.042450      1739.4544677734
396.404388      2092.6770019531
396.766235      2174.8732910156
397.128021      2083.7907714844
397.489838      2034.9172363281
397.851563      2032.6958007813
398.213257      1861.6383056641
398.574951      1910.5118408203
398.936615      1917.1763916016
399.298187      1952.7208251953
399.659729      1797.2141113281
400.021271      2730.2546386719
400.382751      2390.3613281250
400.744202      2021.5881347656
401.105621      1901.6257324219
401.466980      1883.8535156250
401.828339      1910.5118408203
402.189606      1937.1701660156
402.550873      1739.4544677734
402.912140      2041.5819091797
403.273285      1874.9674072266
403.634430      1943.8347167969
403.995544      2074.9047851563
404.356659      2046.0249023438
404.717651      1979.3791503906
405.078674      2199.3100585938
405.439636      1834.9799804688
405.800568      2030.4742431641
406.161438      1901.6257324219
406.522278      1854.9737548828
406.883118      2443.6779785156
407.243866      1848.3092041016
407.604584      1988.2652587891
407.965302      1990.4868164063
408.325989      1890.5181884766
408.686584      1946.0562744141
409.047150      2023.8096923828
409.407715      1781.6634521484
409.768250      1717.2391357422
410.128723      1854.9737548828
410.489136      1934.9486083984
410.849518      1952.7208251953
411.209900      2034.9172363281
411.570190      1990.4868164063
411.930511      2170.4304199219
412.290741      1797.2141113281
412.650940      2556.9758300781
413.011078      1799.4355468750
413.371246      2117.1137695313
413.731354      2006.0374755859
414.091400      2221.5253906250
414.451385      1821.6508789063
414.811401      2179.3164062500
415.171356      1939.3917236328
415.531281      2032.6958007813
415.891113      1999.3729248047
416.250946      1954.9423828125
416.610718      2108.2275390625
416.970490      1910.5118408203
417.330200      2026.0312500000
417.689911      1923.8410644531
418.049530      2314.8295898438
418.409119      1997.1513671875
418.768707      1808.3216552734
419.128235      2003.8159179688
419.487701      1794.9925537109
419.847137      2345.9309082031
420.206573      1826.0938720703
420.565948      1770.5557861328
420.925232      2028.2526855469
421.284576      2034.9172363281
421.643860      1739.4544677734
422.003052      1943.8347167969
422.362213      1894.9611816406
422.721375      2014.9235839844
423.080536      2063.7971191406
423.439575      2152.6582031250
423.798584      2012.7020263672
424.157593      1972.7145996094
424.516571      1928.2840576172
424.875458      2470.3361816406
425.234314      1992.7082519531
425.593201      1857.1953125000
425.951965      2043.8033447266
426.310699      1717.2391357422
426.669495      2068.2402343750
427.028168      1777.2203369141
427.386810      1755.0051269531
427.745392      1721.6822509766
428.103973      2121.5568847656
428.462524      2163.7658691406
428.821045      2181.5380859375
429.179504      1954.9423828125
429.537903      2061.5756835938
429.896271      1868.3028564453
430.254608      1970.4930419922
430.612915      1899.4042968750
430.971222      1914.9549560547
431.329437      2279.2851562500
431.687622      2074.9047851563
432.045776      1926.0625000000
432.403900      1794.9925537109
432.761993      2030.4742431641
433.119995      1981.6007080078
433.477997      2359.2600097656
433.835968      1959.3853759766
434.193909      1959.3853759766
434.551758      1888.2966308594
434.909637      1888.2966308594
435.267395      2123.7783203125
435.625183      2088.2338867188
435.982910      1943.8347167969
436.340607      2110.4492187500
436.698273      1830.5369873047
437.055878      1872.7459716797
437.413452      2043.8033447266
437.770996      2050.4680175781
438.128479      2054.9111328125
438.485962      1994.9298095703
438.843384      1903.8472900391
439.200775      1941.6132812500
439.558136      1914.9549560547
439.915405      1870.5244140625
440.272705      2388.1398925781
440.629883      1892.7396240234
440.987091      2003.8159179688
441.344238      2250.4052734375
441.701355      1903.8472900391
442.058441      2017.1451416016
442.415436      1879.4105224609
442.772461      1939.3917236328
443.129425      2081.5693359375
443.486359      2139.3291015625
443.843231      1946.0562744141
444.200104      1846.0876464844
444.556885      1812.7647705078
444.913635      2419.2412109375
445.270355      1861.6383056641
445.627075      1788.3280029297
445.983704      1919.3979492188
446.340302      1854.9737548828
446.696869      1741.6759033203
447.053436      1908.2904052734
447.409912      1861.6383056641
447.766357      1881.6320800781
448.122803      1937.1701660156
448.479156      1719.4606933594
448.835510      1999.3729248047
449.191772      2125.9997558594
449.548096      1910.5118408203
449.904297      1810.5432128906
450.260437      1979.3791503906
450.616608      1823.8724365234
450.972687      1719.4606933594
451.328796      1739.4544677734
451.684814      1961.6069335938
452.040833      2103.7846679688
452.396729      1774.9987792969
452.752655      2161.5441894531
453.108551      1850.5306396484
453.464355      1986.0437011719
453.820160      1888.2966308594
454.175934      1752.7835693359
454.531616      1950.4992675781
454.887299      1794.9925537109
455.242950      2023.8096923828
455.598541      2052.6894531250
455.954102      2066.0185546875
456.309601      2352.5954589844
456.665131      2046.0249023438
457.020538      2026.0312500000
457.375977      1999.3729248047
457.731323      1950.4992675781
458.086670      2030.4742431641
458.441956      2003.8159179688
458.797211      1766.1126708984
459.152405      2059.3540039063
459.507538      1899.4042968750
459.862701      1841.6445312500
460.217773      1992.7082519531
460.572845      2101.5629882813
460.927856      1946.0562744141
461.282837      1854.9737548828
461.637756      1912.7333984375
461.992645      1783.8848876953
462.347504      2241.5190429688
462.702332      2190.4240722656
463.057129      2039.3603515625
463.411835      2150.4365234375
463.766541      1837.2015380859
464.121185      1957.1639404297
464.475830      2081.5693359375
464.830383      2103.7846679688
465.184937      1937.1701660156
465.539429      2094.8984375000
465.893921      2285.9497070313
466.248322      2383.6967773438
466.602753      2239.2976074219
466.957062      2123.7783203125
467.311371      1903.8472900391
467.665619      1930.5056152344
468.019897      1874.9674072266
468.374054      2014.9235839844
468.728180      1886.0750732422
469.082306      1890.5181884766
469.436371      2165.9873046875
469.790405      1883.8535156250
470.144379      1957.1639404297
470.498352      2010.4804687500
470.852264      2086.0124511719
471.206146      1866.0814208984
471.559967      1943.8347167969
471.913788      2106.0061035156
472.267487      1839.4230957031
472.621246      1861.6383056641
472.974915      2179.3164062500
473.328522      1954.9423828125
473.682129      1928.2840576172
474.035675      1821.6508789063
474.389191      1888.2966308594
474.742676      2117.1137695313
475.096130      1950.4992675781
475.449493      2052.6894531250
475.802856      2128.2214355469
476.156189      2168.2087402344
476.509460      2245.9621582031
476.862732      1877.1889648438
477.215912      1914.9549560547
477.569061      1803.8786621094
477.922150      1957.1639404297
478.275299      1997.1513671875
478.628296      1710.5745849609
478.981323      2205.9748535156
479.334259      1906.0688476563
479.687195      1763.8912353516
480.040070      1821.6508789063
480.392914      1932.7271728516
480.745728      2041.5819091797
481.098511      2001.5943603516
481.451202      2121.5568847656
481.803925      1826.0938720703
482.156525      2301.5002441406
482.509125      1868.3028564453
482.861694      1894.9611816406
483.214233      2565.8618164063
483.566711      1781.6634521484
483.919128      2114.8920898438
484.271576      2070.4616699219
484.623901      1903.8472900391
484.976257      1792.7709960938
485.328522      1937.1701660156
485.680786      1934.9486083984
486.032959      1834.9799804688
486.385132      1846.0876464844
486.737274      2059.3540039063
487.089325      1912.7333984375
487.441376      1812.7647705078
487.793396      1808.3216552734
488.145386      1799.4355468750
488.497284      1977.1575927734
488.849182      1777.2203369141
489.201019      1961.6069335938
489.552826      1846.0876464844
489.904572      1794.9925537109
490.256317      1981.6007080078
490.608002      2190.4240722656
490.959656      1774.9987792969
491.311249      1828.3154296875
491.662811      1954.9423828125
492.014343      1899.4042968750
492.365814      2108.2275390625
492.717285      1819.4293212891
493.068665      1757.2265625000
493.420044      2050.4680175781
493.771362      1799.4355468750
494.122650      1990.4868164063
494.473877      1961.6069335938
494.825104      1941.6132812500
495.176270      1808.3216552734
495.527374      1999.3729248047
495.878479      1721.6822509766
496.229492      1797.2141113281
496.580536      1672.8085937500
496.931458      1799.4355468750
497.282379      1748.3404541016
497.633270      2074.9047851563
497.984131      1981.6007080078
498.334900      2214.8608398438
498.685669      2143.7719726563
499.036377      1788.3280029297
499.387115      1939.3917236328
499.737701      1852.7521972656
500.088318      1730.5683593750
500.438904      1799.4355468750
500.789429      1808.3216552734
501.139893      1897.1827392578
501.490295      1886.0750732422
501.840729      1932.7271728516
502.191040      1837.2015380859
502.541382      1872.7459716797
502.891663      1888.2966308594
503.241913      2017.1451416016
503.592133      2283.7280273438
503.942322      2034.9172363281
504.292358      2088.2338867188
504.642395      1879.4105224609
504.992432      1894.9611816406
505.342468      1786.1064453125
505.692413      1735.0113525391
506.042358      2046.0249023438
506.392242      1930.5056152344
506.742035      2188.2026367188
507.091858      1863.8598632813
507.441528      1901.6257324219
507.791290      2212.6394042969
508.140961      1710.5745849609
508.490601      1979.3791503906
508.840210      1766.1126708984
509.189697      2039.3603515625
509.539215      1950.4992675781
509.888641      1761.6696777344
510.238098      1799.4355468750
510.587494      1857.1953125000
510.936859      1899.4042968750
511.286194      1877.1889648438
511.635498      2103.7846679688
511.984650      1832.7584228516
512.333862      1990.4868164063
512.682922      1806.1002197266
513.032043      1770.5557861328
513.381104      1992.7082519531
513.730164      2145.9936523438
514.079163      1954.9423828125
514.428040      1792.7709960938
514.776978      1770.5557861328
515.125793      2117.1137695313
515.474609      1919.3979492188
515.823425      1741.6759033203
516.172180      1721.6822509766
516.520813      2148.2150878906
516.869568      1992.7082519531
517.218079      2021.5881347656
517.566650      2414.7980957031
517.915161      1861.6383056641
518.263672      1806.1002197266
518.612183      1826.0938720703
518.960571      2090.4553222656
519.308899      1786.1064453125
519.657227      2034.9172363281
520.005554      2117.1137695313
520.353699      2245.9621582031
520.701904      2668.0520019531
521.050110      1779.4418945313
521.398254      2021.5881347656
521.746338      2070.4616699219
522.094421      1788.3280029297
522.442383      2121.5568847656
522.790222      2048.2463378906
523.138184      2183.7595214844
523.486145      2112.6706542969
523.833984      1883.8535156250
524.181763      1737.2329101563
524.529541      1843.8660888672
524.877197      2190.4240722656
525.224915      1897.1827392578
525.572449      1988.2652587891
525.920105      2061.5756835938
526.267639      1894.9611816406
526.615173      1897.1827392578
526.962646      1792.7709960938
527.309998      2030.4742431641
527.657410      2099.3415527344
528.004700      2094.8984375000
528.351990      1863.8598632813
528.699280      1877.1889648438
529.046509      1970.4930419922
529.393677      1821.6508789063
529.740845      1794.9925537109
530.087891      2032.6958007813
530.434998      2128.2214355469
530.781921      2017.1451416016
531.128906      2281.5065917969
531.475891      1783.8848876953
531.822815      1988.2652587891
532.169617      1826.0938720703
532.516418      1697.2454833984
532.863159      2057.1325683594
533.209839      1781.6634521484
533.556580      2032.6958007813
533.903198      1768.3342285156
534.249817      1670.5871582031
534.596436      2008.2590332031
534.942932      1970.4930419922
535.289368      1988.2652587891
535.635803      2252.6267089844
535.982178      1852.7521972656
536.328552      1810.5432128906
536.674805      1630.5996093750
537.021118      1695.0239257813
537.367371      1881.6320800781
537.713501      1919.3979492188
538.059692      1879.4105224609
538.405701      1961.6069335938
538.751831      2114.8920898438
539.097839      1828.3154296875
539.443787      1737.2329101563
539.789734      1774.9987792969
540.135620      1919.3979492188
540.481506      2199.3100585938
540.827209      1868.3028564453
541.173035      1901.6257324219
541.518799      2019.3665771484
541.864502      1877.1889648438
542.210144      2046.0249023438
542.555786      1841.6445312500
542.901245      1797.2141113281
543.246826      2086.0124511719
543.592285      1992.7082519531
543.937683      1990.4868164063
544.283142      2172.6518554688
544.628479      1954.9423828125
544.973816      1881.6320800781
545.319031      2043.8033447266
545.664307      2008.2590332031
546.009399      1768.3342285156
546.354614      2203.7531738281
546.699707      2061.5756835938
547.044739      1999.3729248047
547.389832      1950.4992675781
547.734802      1886.0750732422
548.079712      2177.0949707031
548.424622      1954.9423828125
548.769409      1992.7082519531
549.114258      1841.6445312500
549.459045      1821.6508789063
549.803772      1715.0175781250
550.148499      1843.8660888672
550.493103      1981.6007080078
550.837708      1732.7897949219
551.182190      1772.7773437500
551.526733      1906.0688476563
551.871216      2314.8295898438
552.215698      1797.2141113281
552.560120      1810.5432128906
552.904480      1866.0814208984
553.248718      2086.0124511719
553.592957      1899.4042968750
553.937195      2145.9936523438
554.281372      2048.2463378906
554.625549      2201.5317382813
554.969666      1863.8598632813
555.313721      2297.0573730469
555.657654      2068.2402343750
556.001709      1863.8598632813
556.345581      1852.7521972656
556.689514      1863.8598632813
557.033325      1801.6571044922
557.377197      1828.3154296875
557.720947      1990.4868164063
558.064575      1934.9486083984
558.408264      2421.4626464844
558.751892      1921.6195068359
559.095520      1848.3092041016
559.439087      1974.9361572266
559.782654      2523.6528320313
560.126099      1874.9674072266
560.469543      2297.0573730469
560.812927      1830.5369873047
561.156250      1997.1513671875
561.499512      2201.5317382813
561.842773      2017.1451416016
562.185974      2088.2338867188
562.529175      1792.7709960938
562.872314      1932.7271728516
563.215332      1866.0814208984
563.558472      1857.1953125000
563.901367      1852.7521972656
564.244385      1779.4418945313
564.587341      1930.5056152344
564.930237      1992.7082519531
565.273071      2112.6706542969
565.615845      1892.7396240234
565.958557      2021.5881347656
566.301331      2299.2788085938
566.643860      1761.6696777344
566.986511      2059.3540039063
567.329163      1857.1953125000
567.671692      2363.7031250000
568.014221      1808.3216552734
568.356628      1877.1889648438
568.699036      1877.1889648438
569.041321      1814.9863281250
569.383728      2261.5129394531
569.726013      1763.8912353516
570.068298      2283.7280273438
570.410461      1934.9486083984
570.752686      1799.4355468750
571.094727      1806.1002197266
571.436768      1912.7333984375
571.778809      1941.6132812500
572.120850      2001.5943603516
572.462769      1901.6257324219
572.804688      1861.6383056641
573.146606      2068.2402343750
573.488342      1950.4992675781
573.830139      1803.8786621094
574.171814      1968.2714843750
574.513550      1763.8912353516
574.855164      2021.5881347656
575.196838      2070.4616699219
575.538391      1992.7082519531
575.879883      1868.3028564453
576.221375      1939.3917236328
576.562744      2108.2275390625
576.904175      1937.1701660156
577.245483      1717.2391357422
577.586792      1866.0814208984
577.928101      1986.0437011719
578.269348      2168.2087402344
578.610535      2110.4492187500
578.951660      2297.0573730469
579.292664      1983.8222656250
579.633728      1983.8222656250
579.974792      1888.2966308594
580.315796      1848.3092041016
580.656677      2257.0698242188
580.997498      2234.8544921875
581.338379      1914.9549560547
581.679138      1879.4105224609
582.019897      1928.2840576172
582.360657      2210.4177246094
582.701294      2241.5190429688
583.041931      1979.3791503906
583.382507      2099.3415527344
583.723022      2172.6518554688
584.063538      1930.5056152344
584.403931      2172.6518554688
584.744385      1990.4868164063
585.084778      2314.8295898438
585.425110      2070.4616699219
585.765381      1997.1513671875
586.105591      2297.0573730469
586.445801      1890.5181884766
586.785889      2039.3603515625
587.125977      2061.5756835938
587.466064      1999.3729248047
587.806152      1990.4868164063
588.146118      2241.5190429688
588.486023      1974.9361572266
588.825928      1890.5181884766
589.165710      2021.5881347656
589.505554      1968.2714843750
589.845337      2161.5441894531
590.185120      1897.1827392578
590.524780      2330.3801269531
590.864441      1959.3853759766
591.203918      1759.4481201172
591.543518      1752.7835693359
591.882996      2232.6330566406
592.222473      2177.0949707031
592.561890      2088.2338867188
592.901306      1788.3280029297
593.240662      2110.4492187500
593.579895      1881.6320800781
593.919128      1959.3853759766
594.258301      1861.6383056641
594.597473      2059.3540039063
594.936646      2099.3415527344
595.275696      1857.1953125000
595.614807      2083.7907714844
595.953796      1770.5557861328
596.292725      2559.1972656250
596.631592      1903.8472900391
596.970398      1779.4418945313
597.309204      1899.4042968750
597.648010      2079.3479003906
597.986755      1997.1513671875
598.325500      1843.8660888672
598.664124      2279.2851562500
599.002686      2345.9309082031
599.341187      1834.9799804688
599.679749      1843.8660888672
600.018250      2068.2402343750
600.356628      1941.6132812500
600.695068      2039.3603515625
601.033386      2048.2463378906
601.371643      1861.6383056641
601.709900      2290.3928222656
602.048035      2208.1962890625
602.386292      1990.4868164063
602.724426      2345.9309082031
603.062500      1917.1763916016
603.400574      2034.9172363281
603.738525      2321.4941406250
604.076477      1757.2265625000
604.414307      2063.7971191406
604.752197      1950.4992675781
605.090027      1810.5432128906
605.427795      1821.6508789063
605.765564      1846.0876464844
606.103210      1814.9863281250
606.440857      2299.2788085938
606.778442      2174.8732910156
607.115967      2141.5505371094
607.453552      1948.2778320313
607.791016      1930.5056152344
608.128418      2232.6330566406
608.465820      1870.5244140625
608.803162      1972.7145996094
609.140442      2083.7907714844
609.477661      1946.0562744141
609.814880      1859.4167480469
610.152100      1830.5369873047
610.489258      2121.5568847656
610.826294      1961.6069335938
611.163269      2354.8168945313
611.500305      1726.1252441406
611.837219      2041.5819091797
612.174072      2328.1586914063
612.510986      2066.0185546875
612.847839      1794.9925537109
613.184570      1870.5244140625
613.521362      1803.8786621094
613.857971      1930.5056152344
614.194641      2054.9111328125
614.531189      2019.3665771484
614.867737      1943.8347167969
615.204285      1946.0562744141
615.540771      1932.7271728516
615.877197      2034.9172363281
616.213562      1992.7082519531
616.549927      1903.8472900391
616.886169      2059.3540039063
617.222351      1823.8724365234
617.558594      1846.0876464844
617.894775      2092.6770019531
618.230896      2272.6206054688
618.566956      2525.8745117188
618.902954      1939.3917236328
619.238953      2168.2087402344
619.574890      1899.4042968750
619.910767      2514.7668457031
620.246643      2172.6518554688
620.582458      1946.0562744141
620.918213      1939.3917236328
621.253967      1859.4167480469
621.589661      1903.8472900391
621.925232      1761.6696777344
622.260803      2259.2912597656
622.596375      2043.8033447266
622.931885      2148.2150878906
623.267334      2152.6582031250
623.602722      2548.0895996094
623.938110      2128.2214355469
624.273376      2026.0312500000
624.608643      1888.2966308594
624.943848      2377.0322265625
625.279114      1901.6257324219
625.614258      1970.4930419922
625.949341      1735.0113525391
626.284424      2450.3425292969
626.619446      2152.6582031250
626.954407      2132.6643066406
627.289307      2008.2590332031
627.624207      1823.8724365234
627.959045      2277.0634765625
628.293884      1779.4418945313
628.628601      1850.5306396484
628.963257      1859.4167480469
629.297913      2008.2590332031
629.632507      2328.1586914063
629.967102      2017.1451416016
630.301697      1897.1827392578
630.636169      1881.6320800781
630.970581      1883.8535156250
631.304993      2314.8295898438
631.639282      1823.8724365234
631.973572      1923.8410644531
632.307861      1881.6320800781
632.642090      1839.4230957031
632.976257      1861.6383056641
633.310425      1828.3154296875
633.644470      1921.6195068359
633.978516      2283.7280273438
634.312439      2177.0949707031
634.646423      1828.3154296875
634.980347      1972.7145996094
635.314209      2203.7531738281
635.648071      1899.4042968750
635.981812      2110.4492187500
636.315552      2090.4553222656
636.649170      1841.6445312500
636.982849      1994.9298095703
637.316406      2083.7907714844
637.649963      2068.2402343750
637.983521      1883.8535156250
638.317017      1910.5118408203
638.650391      2088.2338867188
638.983765      2143.7719726563
639.317078      1881.6320800781
639.650391      2134.8859863281
639.983643      1910.5118408203
640.316833      1970.4930419922
640.649963      1803.8786621094
640.983032      1741.6759033203
641.316101      2106.0061035156
641.649109      2225.9685058594
641.982056      2530.3173828125
642.315002      1892.7396240234
642.647888      1917.1763916016
642.980774      1983.8222656250
643.313538      2452.5639648438
643.646301      1741.6759033203
643.979004      1959.3853759766
644.311646      2397.0258789063
644.644226      1910.5118408203
644.976868      2008.2590332031
645.309387      1730.5683593750
645.641846      2437.0134277344
645.974243      2083.7907714844
646.306702      1852.7521972656
646.638977      2019.3665771484
646.971252      1808.3216552734
647.303528      1750.5620117188
647.635803      1923.8410644531
647.967957      2368.1459960938
648.300110      2099.3415527344
648.632141      1983.8222656250
648.964111      1901.6257324219
649.296082      1834.9799804688
649.628113      1788.3280029297
649.960022      1788.3280029297
650.291870      2079.3479003906
650.623718      1792.7709960938
650.955383      2099.3415527344
651.287109      1959.3853759766
651.618774      1881.6320800781
651.950378      1912.7333984375
652.281982      1928.2840576172
652.613586      1837.2015380859
652.945068      1879.4105224609
653.276489      1932.7271728516
653.607910      1837.2015380859
653.939209      2561.4187011719
654.270569      1857.1953125000
654.601807      1954.9423828125
654.933105      2046.0249023438
655.264221      1817.2077636719
655.595398      1783.8848876953
655.926453      1910.5118408203
656.257507      1972.7145996094
656.588440      1879.4105224609
656.919434      2125.9997558594
657.250366      2239.2976074219
657.581238      2312.6079101563
657.912048      1970.4930419922
658.242798      2148.2150878906
658.573486      1994.9298095703
658.904114      1948.2778320313
659.234802      1914.9549560547
659.565430      1921.6195068359
659.895996      1999.3729248047
660.226501      1710.5745849609
660.556946      2217.0822753906
660.887329      1943.8347167969
661.217712      1786.1064453125
661.547974      1814.9863281250
661.878296      1892.7396240234
662.208557      2048.2463378906
662.538757      2188.2026367188
662.868896      2154.8796386719
663.198975      1908.2904052734
663.528992      1934.9486083984
663.859009      2008.2590332031
664.188904      1957.1639404297
664.518860      1766.1126708984
664.848755      2063.7971191406
665.178589      1854.9737548828
665.508362      1766.1126708984
665.838013      1941.6132812500
666.167725      1908.2904052734
666.497375      1928.2840576172
666.826965      2046.0249023438
667.156494      1866.0814208984
667.486084      1883.8535156250
667.815552      2516.9882812500
668.144897      2381.4753417969
668.474304      2281.5065917969
668.803528      1848.3092041016
669.132813      1979.3791503906
669.462036      1912.7333984375
669.791260      1992.7082519531
670.120422      1979.3791503906
670.449463      1930.5056152344
670.778564      2006.0374755859
671.107544      2174.8732910156
671.436523      1997.1513671875
671.765381      1950.4992675781
672.094299      2123.7783203125
672.423157      1986.0437011719
672.751831      1908.2904052734
673.080627      1812.7647705078
673.409302      2003.8159179688
673.737976      1810.5432128906
674.066528      1857.1953125000
674.395081      1979.3791503906
674.723572      2374.8107910156
675.052002      1886.0750732422
675.380432      2063.7971191406
675.708801      2037.1387939453
676.037170      1763.8912353516
676.365417      1926.0625000000
676.693665      1948.2778320313
677.021851      1819.4293212891
677.349976      1954.9423828125
677.678040      2192.6455078125
678.006042      2165.9873046875
678.334106      2197.0886230469
678.662048      1854.9737548828
678.989929      2099.3415527344
679.317810      1801.6571044922
679.645630      2368.1459960938
679.973389      1830.5369873047
680.301086      1890.5181884766
680.628845      2268.1774902344
680.956482      1801.6571044922
681.283997      1837.2015380859
681.611572      1959.3853759766
681.939087      1850.5306396484
682.266541      2450.3425292969
682.593872      2297.0573730469
682.921265      1919.3979492188
683.248596      1821.6508789063
683.575806      1997.1513671875
683.903076      1861.6383056641
684.230286      1874.9674072266
684.557373      1968.2714843750
684.884399      1890.5181884766
685.211487      1863.8598632813
685.538513      1921.6195068359
685.865417      2110.4492187500
686.192261      1879.4105224609
686.519165      1963.8284912109
686.845947      2165.9873046875
687.172729      1841.6445312500
687.499451      1763.8912353516
687.826111      1950.4992675781
688.152771      1830.5369873047
688.479248      1832.7584228516
688.805847      2190.4240722656
689.132324      1939.3917236328
689.458801      1746.1190185547
689.785095      1948.2778320313
690.111511      1837.2015380859
690.437805      2125.9997558594
690.764038      1977.1575927734
691.090210      1843.8660888672
691.416443      2268.1774902344
691.742554      2010.4804687500
692.068604      2092.6770019531
692.394592      1808.3216552734
692.720581      1968.2714843750
693.046509      1801.6571044922
693.372375      1741.6759033203
693.698242      1901.6257324219
694.023987      2090.4553222656
694.349792      2285.9497070313
694.675476      1790.5494384766
695.001099      1821.6508789063
695.326721      1937.1701660156
695.652222      2268.1774902344
695.977783      2099.3415527344
696.303284      1950.4992675781
696.628723      2388.1398925781
696.954041      2359.2600097656
697.279358      1852.7521972656
697.604675      2083.7907714844
697.929871      1866.0814208984
698.255066      1826.0938720703
698.580200      1961.6069335938
698.905334      2043.8033447266
699.230286      1790.5494384766
699.555359      1888.2966308594
699.880310      1834.9799804688
700.205261      1781.6634521484
700.530029      2054.9111328125
700.854919      1823.8724365234
701.179688      1883.8535156250
701.504456      1823.8724365234
701.829102      1917.1763916016
702.153687      1928.2840576172
702.478271      1701.6884765625
702.802856      1979.3791503906
703.127319      2028.2526855469
703.451721      1897.1827392578
703.776123      2048.2463378906
704.100464      1810.5432128906
704.424805      1703.9100341797
704.749084      1892.7396240234
705.073303      1894.9611816406
705.397461      2050.4680175781
705.721558      1932.7271728516
706.045654      1850.5306396484
706.369690      1919.3979492188
706.693604      1852.7521972656
707.017578      2257.0698242188
707.341431      2132.6643066406
707.665283      2152.6582031250
707.989075      1937.1701660156
708.312805      1990.4868164063
708.636536      1988.2652587891
708.960144      1881.6320800781
709.283752      1954.9423828125
709.607361      2117.1137695313
709.930847      2112.6706542969
710.254333      1917.1763916016
710.577759      1994.9298095703
710.901062      1792.7709960938
711.224426      1848.3092041016
711.547668      1912.7333984375
711.870911      1761.6696777344
712.194153      1866.0814208984
712.517212      1899.4042968750
712.840332      1774.9987792969
713.163391      1808.3216552734
713.486389      2245.9621582031
713.809326      1977.1575927734
714.132202      2043.8033447266
714.455078      1892.7396240234
714.777893      1826.0938720703
715.100586      1806.1002197266
715.423401      1779.4418945313
715.746094      1892.7396240234
716.068604      2208.1962890625
716.391235      1770.5557861328
716.713745      1921.6195068359
717.036255      1837.2015380859
717.358643      1972.7145996094
717.681030      1850.5306396484
718.003418      2092.6770019531
718.325745      1881.6320800781
718.647888      1803.8786621094
718.970154      2057.1325683594
719.292297      1986.0437011719
719.614380      1957.1639404297
719.936401      1723.9036865234
720.258423      1872.7459716797
720.580383      2185.9809570313
720.902283      1908.2904052734
721.224182      1828.3154296875
721.545959      1897.1827392578
721.867737      1790.5494384766
722.189453      2028.2526855469
722.511169      1950.4992675781
722.832764      2083.7907714844
723.154419      2252.6267089844
723.475952      2048.2463378906
723.797424      2412.5766601563
724.118896      2121.5568847656
724.440247      2017.1451416016
724.761597      1814.9863281250
725.082886      1917.1763916016
725.404175      1799.4355468750
725.725342      1808.3216552734
726.046509      1879.4105224609
726.367615      1970.4930419922
726.688721      2154.8796386719
727.009644      2143.7719726563
727.330688      1877.1889648438
727.651611      1819.4293212891
727.972473      1819.4293212891
728.293274      1803.8786621094
728.614075      1890.5181884766
728.934814      2090.4553222656
729.255493      2305.9433593750
729.576172      2134.8859863281
729.896729      1968.2714843750
730.217285      2208.1962890625
730.537720      2130.4428710938
730.858215      2219.3039550781
731.178650      1810.5432128906
731.498962      2003.8159179688
731.819214      1877.1889648438
732.139526      1861.6383056641
732.459778      2019.3665771484
732.779846      1974.9361572266
733.100037      1943.8347167969
733.420105      1892.7396240234
733.740112      2283.7280273438
734.060059      2059.3540039063
734.380066      1888.2966308594
734.699890      1986.0437011719
735.019775      1912.7333984375
735.339478      2145.9936523438
735.659241      2210.4177246094
735.978943      1966.0500488281
736.298584      1759.4481201172
736.618164      1932.7271728516
736.937744      1943.8347167969
737.257263      1826.0938720703
737.576599      2119.3352050781
737.896057      2183.7595214844
738.215393      2063.7971191406
738.534729      2132.6643066406
738.853943      2656.9443359375
739.173157      1946.0562744141
739.492371      2008.2590332031
739.811523      2030.4742431641
740.130493      1868.3028564453
740.449524      2019.3665771484
740.768555      1917.1763916016
741.087463      1999.3729248047
741.406311      2052.6894531250
741.725159      1826.0938720703
742.043945      2212.6394042969
742.362610      2043.8033447266
742.681396      2161.5441894531
743.000061      1755.0051269531
743.318604      2014.9235839844
743.637146      1892.7396240234
743.955627      2559.1972656250
744.274109      2159.3227539063
744.592407      1812.7647705078
744.910828      2141.5505371094
745.229126      1830.5369873047
745.547424      2017.1451416016
745.865540      2083.7907714844
746.183777      1908.2904052734
746.501892      2077.1262207031
746.819946      2283.7280273438
747.137939      1821.6508789063
747.455872      1746.1190185547
747.773865      2157.1010742188
748.091736      2203.7531738281
748.409485      2037.1387939453
748.727295      1983.8222656250
749.045044      1821.6508789063
749.362671      2165.9873046875
749.680298      2023.8096923828
749.997925      1779.4418945313
750.315491      1870.5244140625
750.632874      2041.5819091797
750.950378      2165.9873046875
751.267822      1992.7082519531
751.585083      1830.5369873047
751.902405      2157.1010742188
752.219666      1817.2077636719
752.536865      1735.0113525391
752.854004      2108.2275390625
753.171082      1841.6445312500
753.488159      2037.1387939453
753.805176      1941.6132812500
754.122070      1883.8535156250
754.439026      1966.0500488281
754.755920      2152.6582031250
755.072693      2185.9809570313
755.389465      1883.8535156250
755.706177      1983.8222656250
756.022888      1808.3216552734
756.339478      2372.5891113281
756.656006      1870.5244140625
756.972595      2223.7470703125
757.289063      2034.9172363281
757.605408      1941.6132812500
757.921814      1792.7709960938
758.238159      2032.6958007813
758.554443      2008.2590332031
758.870667      1983.8222656250
759.186890      2106.0061035156
759.503052      2125.9997558594
759.819092      2132.6643066406
760.135132      2194.8671875000
760.451172      2288.1711425781
760.767029      2103.7846679688
761.082947      1834.9799804688
761.398804      2197.0886230469
761.714600      2039.3603515625
762.030396      1941.6132812500
762.346008      2261.5129394531
762.661682      2072.6831054688
762.977295      1934.9486083984
763.292908      2174.8732910156
763.608337      1781.6634521484
763.923828      2039.3603515625
764.239258      1817.2077636719
764.554626      1768.3342285156
764.869873      1870.5244140625
765.185181      1923.8410644531
765.500427      1879.4105224609
765.815491      1970.4930419922
766.130615      2314.8295898438
766.445740      1874.9674072266
766.760803      1774.9987792969
767.075745      2145.9936523438
767.390686      2201.5317382813
767.705566      2110.4492187500
768.020386      1814.9863281250
768.335144      1954.9423828125
768.649902      2283.7280273438
768.964539      2292.6142578125
769.279175      1794.9925537109
769.593750      2339.2663574219
769.908264      1928.2840576172
770.222839      1768.3342285156
770.537170      1988.2652587891
770.851624      1948.2778320313
771.165955      2414.7980957031
771.480286      2208.1962890625
771.794495      1786.1064453125
772.108704      2061.5756835938
772.422852      2043.8033447266
772.736938      1906.0688476563
773.050964      1974.9361572266
773.364990      1908.2904052734
773.678894      1930.5056152344
773.992798      2192.6455078125
774.306641      1959.3853759766
774.620422      1859.4167480469
774.934204      2077.1262207031
775.247864      1863.8598632813
775.561584      1812.7647705078
775.875183      2172.6518554688
776.188721      1819.4293212891
776.502197      2114.8920898438
776.815735      2250.4052734375
777.129150      1786.1064453125
777.442444      2032.6958007813
777.755737      2074.9047851563
778.069092      1750.5620117188
778.382324      1903.8472900391
778.695435      1712.7961425781
779.008545      1757.2265625000
779.321594      2245.9621582031
779.634644      1830.5369873047
779.947571      1723.9036865234
780.260498      1968.2714843750
780.573364      1834.9799804688
780.886169      1939.3917236328
781.198975      1726.1252441406
781.511719      2503.6591796875
781.824402      2119.3352050781
782.136963      1923.8410644531
782.449585      2121.5568847656
782.762146      1843.8660888672
783.074646      1823.8724365234
783.387024      2112.6706542969
783.699402      3096.8063964844
784.011719      1986.0437011719
784.324097      1981.6007080078
784.636230      1850.5306396484
784.948425      1939.3917236328
785.260620      1883.8535156250
785.572632      1863.8598632813
785.884644      1934.9486083984
786.196655      1934.9486083984
786.508667      1954.9423828125
786.820496      2097.1201171875
787.132324      1890.5181884766
787.444153      1794.9925537109
787.755859      1919.3979492188
788.067566      1834.9799804688
788.379211      1892.7396240234
788.690796      1923.8410644531
789.002319      1912.7333984375
789.313782      1872.7459716797
789.625305      1768.3342285156
789.936707      1852.7521972656
790.247986      2225.9685058594
790.559326      2354.8168945313
790.870605      1870.5244140625
791.181763      2490.3300781250
791.492920      1928.2840576172
791.803955      2066.0185546875
792.115051      2243.7407226563
792.426086      2290.3928222656
792.737000      1988.2652587891
793.047913      2010.4804687500
793.358765      2083.7907714844
793.669495      2623.6215820313
793.980347      2137.1074218750
794.291016      2030.4742431641
794.601685      2248.1838378906
794.912292      2225.9685058594
795.222778      1790.5494384766
795.533325      1834.9799804688
795.843811      1883.8535156250
796.154175      1735.0113525391
796.464539      1888.2966308594
796.774902      2052.6894531250
797.085022      1759.4481201172
797.395325      2017.1451416016
797.705505      2205.9748535156
798.015625      1906.0688476563
798.325623      1681.6947021484
798.635620      1737.2329101563
798.945618      2421.4626464844
799.255554      2323.7155761719
799.565369      1739.4544677734
799.875183      1839.4230957031
800.184998      1763.8912353516
800.494690      2070.4616699219
800.804321      1912.7333984375
801.113953      2165.9873046875
801.423462      1930.5056152344
801.732910      1846.0876464844
802.042419      1912.7333984375
802.351868      2328.1586914063
802.661255      2057.1325683594
802.970520      1917.1763916016
803.279785      2088.2338867188
803.588989      1983.8222656250
803.898193      1817.2077636719
804.207275      2019.3665771484
804.516357      2083.7907714844
804.825378      2283.7280273438
805.134277      2203.7531738281
805.443176      1852.7521972656
805.752136      2034.9172363281
806.060974      1861.6383056641
806.369629      1957.1639404297
806.678406      1737.2329101563
806.987061      2183.7595214844
807.295715      1999.3729248047
807.604187      2483.6655273438
807.912720      2170.4304199219
808.221191      2405.9121093750
808.529663      1910.5118408203
808.837952      1946.0562744141
809.146301      1879.4105224609
809.454590      1997.1513671875
809.762756      2134.8859863281
810.070923      1910.5118408203
810.379028      2134.8859863281
810.687073      1879.4105224609
810.995117      1926.0625000000
811.303040      2270.3989257813
811.611023      2046.0249023438
811.918884      2110.4492187500
812.226624      1812.7647705078
812.534424      1986.0437011719
812.842163      1786.1064453125
813.149719      1946.0562744141
813.457397      1868.3028564453
813.764954      1814.9863281250
814.072510      2114.8920898438
814.379883      2448.1210937500
814.687378      2228.1899414063
814.994690      2205.9748535156
815.302063      2112.6706542969
815.609314      1917.1763916016
815.916504      1932.7271728516
816.223694      2197.0886230469
816.530762      1788.3280029297
816.837830      2006.0374755859
817.144836      1839.4230957031
817.451843      2192.6455078125
817.758667      1857.1953125000
818.065552      2012.7020263672
818.372375      1757.2265625000
818.679138      2385.9182128906
818.985779      1910.5118408203
819.292480      1914.9549560547
819.599121      2437.0134277344
819.905701      1979.3791503906
820.212158      1854.9737548828
820.518616      1839.4230957031
820.825012      1821.6508789063
821.131348      1903.8472900391
821.437683      1903.8472900391
821.743896      1870.5244140625
822.050110      1817.2077636719
822.356262      1806.1002197266
822.662415      1999.3729248047
822.968445      1954.9423828125
823.274475      1923.8410644531
823.580322      1788.3280029297
823.886292      1914.9549560547
824.192200      2037.1387939453
824.497864      2037.1387939453
824.803711      2090.4553222656
825.109375      2101.5629882813
825.415039      1979.3791503906
825.720581      1841.6445312500
826.026184      2372.5891113281
826.331665      2090.4553222656
826.637146      2083.7907714844
826.942444      2114.8920898438
827.247803      1812.7647705078
827.553162      2006.0374755859
827.858398      2183.7595214844
828.163574      2576.9694824219
828.468750      1897.1827392578
828.773804      2212.6394042969
829.078796      2161.5441894531
829.383850      1866.0814208984
829.688782      2046.0249023438
829.993713      2305.9433593750
830.298462      1854.9737548828
830.603271      1908.2904052734
830.908020      2086.0124511719
831.212708      2154.8796386719
831.517273      2179.3164062500
831.821960      2168.2087402344
832.126465      1894.9611816406
832.430908      2530.3173828125
832.735352      2177.0949707031
833.039734      2119.3352050781
833.344116      2268.1774902344
833.648315      1970.4930419922
833.952576      1926.0625000000
834.256714      1803.8786621094
834.560913      1892.7396240234
834.864929      1917.1763916016
835.169006      1808.3216552734
835.472961      1877.1889648438
835.776917      2130.4428710938
836.080750      1839.4230957031
836.384583      1859.4167480469
836.688354      1937.1701660156
836.992004      1848.3092041016
837.295654      2017.1451416016
837.599365      2214.8608398438
837.902893      1866.0814208984
838.206360      2630.2861328125
838.509827      1977.1575927734
838.813293      2032.6958007813
839.116699      2279.2851562500
839.419922      1919.3979492188
839.723206      1806.1002197266
840.026428      1823.8724365234
840.329590      1846.0876464844
840.632690      1928.2840576172
840.935730      1834.9799804688
841.238708      2034.9172363281
841.541626      2297.0573730469
841.844543      2014.9235839844
842.147461      1928.2840576172
842.450256      2046.0249023438
842.752930      1997.1513671875
843.055664      1812.7647705078
843.358337      2026.0312500000
843.660889      1986.0437011719
843.963440      2297.0573730469
844.265930      1963.8284912109
844.568420      1814.9863281250
844.870728      2181.5380859375
845.173096      1861.6383056641
845.475403      1755.0051269531
845.777649      1874.9674072266
846.079834      2343.7092285156
846.381958      1870.5244140625
846.684021      2683.6027832031
846.986145      1937.1701660156
847.288025      2268.1774902344
847.589966      2408.1335449219
847.891846      1932.7271728516
848.193665      1932.7271728516
848.495483      2248.1838378906
848.797180      2205.9748535156
849.098877      1841.6445312500
849.400452      2210.4177246094
849.702026      2068.2402343750
850.003540      2114.8920898438
850.304993      1877.1889648438
850.606445      2372.5891113281
850.907776      1968.2714843750
851.209106      1908.2904052734
851.510315      1957.1639404297
851.811584      1886.0750732422
852.112671      1977.1575927734
852.413879      1903.8472900391
852.714844      2119.3352050781
853.015869      2183.7595214844
853.316833      1832.7584228516
853.617737      2252.6267089844
853.918579      2030.4742431641
854.219360      2008.2590332031
854.520142      1917.1763916016
854.820862      2054.9111328125
855.121399      1926.0625000000
855.421997      2390.3613281250
855.722595      2361.4814453125
856.023071      1897.1827392578
856.323486      1834.9799804688
856.623901      2177.0949707031
856.924255      2310.3864746094
857.224487      1921.6195068359
857.524719      2268.1774902344
857.824890      2017.1451416016
858.125000      1963.8284912109
858.425049      2472.5578613281
858.725098      1928.2840576172
859.025085      1979.3791503906
859.325012      1972.7145996094
859.624817      1828.3154296875
859.924683      2161.5441894531
860.224487      2072.6831054688
860.524170      1772.7773437500
860.823792      1746.1190185547
861.123474      1681.6947021484
861.422974      2363.7031250000
861.722412      1910.5118408203
862.021912      2203.7531738281
862.321350      2048.2463378906
862.620728      1812.7647705078
862.919983      1977.1575927734
863.219238      2337.0446777344
863.518433      1923.8410644531
863.817505      1968.2714843750
864.116638      2092.6770019531
864.415710      2043.8033447266
864.714722      1792.7709960938
865.013550      2183.7595214844
865.312439      2128.2214355469
865.611328      2157.1010742188
865.910156      1997.1513671875
866.208801      2259.2912597656
866.507507      1950.4992675781
866.806091      1819.4293212891
867.104614      1788.3280029297
867.403137      2030.4742431641
867.701660      1934.9486083984
868.000061      1772.7773437500
868.298401      2341.4877929688
868.596741      2205.9748535156
868.894958      2030.4742431641
869.193237      1921.6195068359
869.491333      2210.4177246094
869.789429      1923.8410644531
870.087524      1872.7459716797
870.385498      1806.1002197266
870.683411      2134.8859863281
870.981323      1857.1953125000
871.279236      1954.9423828125
871.576965      2114.8920898438
871.874695      1810.5432128906
872.172363      1999.3729248047
872.470032      2181.5380859375
872.767578      1821.6508789063
873.065125      2050.4680175781
873.362549      1948.2778320313
873.660034      1777.2203369141
873.957397      1921.6195068359
874.254700      1801.6571044922
874.552002      1977.1575927734
874.849182      1997.1513671875
875.146362      2239.2976074219
875.443481      1772.7773437500
875.740540      2161.5441894531
876.037476      2183.7595214844
876.334473      2125.9997558594
876.631348      1752.7835693359
876.928223      1850.5306396484
877.224976      1812.7647705078
877.521729      1932.7271728516
877.818420      2037.1387939453
878.115112      1990.4868164063
878.411621      1792.7709960938
878.708191      1928.2840576172
879.004700      2003.8159179688
879.301086      1755.0051269531
879.597473      1892.7396240234
879.893799      2332.6018066406
880.190063      2325.9370117188
880.486267      2054.9111328125
880.782471      1748.3404541016
881.078613      1994.9298095703
881.374695      2050.4680175781
881.670654      2059.3540039063
881.966614      2088.2338867188
882.262573      1830.5369873047
882.558350      1926.0625000000
882.854126      2145.9936523438
883.149902      2061.5756835938
883.445618      1790.5494384766
883.741211      1774.9987792969
884.036865      1928.2840576172
884.332336      2232.6330566406
884.627869      2134.8859863281
884.923218      1832.7584228516
885.218689      1959.3853759766
885.513977      1683.9162597656
885.809265      1790.5494384766
886.104492      1988.2652587891
886.399658      2066.0185546875
886.694763      2037.1387939453
886.989807      1766.1126708984
887.284790      1792.7709960938
887.579773      1861.6383056641
887.874695      2061.5756835938
888.169495      2154.8796386719
888.464355      2177.0949707031
888.759094      2134.8859863281
889.053772      1930.5056152344
889.348389      1894.9611816406
