4.570000
190.096298         0.0000000000
190.479492         0.0000000000
190.862656      1388.8822021484
191.245789      1370.4863281250
191.628876      1388.8822021484
192.011948      1467.0642089844
192.394958      1738.4022216797
192.777939      1936.1568603516
193.160904      2182.2006835938
193.543823      1857.9748535156
193.926697      1811.9853515625
194.309555      1844.1779785156
194.692368      1844.1779785156
195.075150      1805.0869140625
195.457886      1703.9100341797
195.840607      1809.6857910156
196.223282      2138.5104980469
196.605927      1885.5684814453
196.988541      1938.4564208984
197.371094      2113.2163085938
197.753632      2179.9011230469
198.136139      2025.8364257813
198.518600      1968.3494873047
198.901031      2044.2321777344
199.283432      1915.4616699219
199.665802      1857.9748535156
200.048126      1846.4774169922
200.430405      1821.1832275391
200.812668      1811.9853515625
201.194885      1897.0657958984
201.577072      1577.4389648438
201.959244      1887.8679199219
202.341354      1968.3494873047
202.723434      1908.5632324219
203.105499      1720.0063476563
203.487503      1738.4022216797
203.869461      2048.8310546875
204.251434      1830.3811035156
204.633331      1749.8995361328
205.015198      1791.2900390625
205.397049      1729.2042236328
205.778854      1772.8942871094
206.160614      1862.5737304688
206.542343      1777.4931640625
206.924042      1736.1026611328
207.305710      1805.0869140625
207.687332      2281.0778808594
208.068939      1782.0921630859
208.450485      1710.8084716797
208.832016      1740.7016601563
209.213501      1634.9259033203
209.594955      1837.2795410156
209.976379      1770.5948486328
210.357758      1676.3164062500
210.739105      1851.0764160156
211.120422      2051.1306152344
211.501694      1775.1937255859
211.882935      1770.5948486328
212.264145      1878.6700439453
212.645340      1779.7927246094
213.026474      2023.5368652344
213.407562      1729.2042236328
213.788620      1701.6105957031
214.169662      1740.7016601563
214.550659      1743.0010986328
214.931610      2039.6331787109
215.312561      1846.4774169922
215.693451      2179.9011230469
216.074295      1830.3811035156
216.455109      1685.5142822266
216.835922      1726.9047851563
217.216660      1818.8837890625
217.597382      1655.6210937500
217.978058      1609.6315917969
218.358704      1731.5037841797
218.739304      1864.8731689453
219.119888      2048.8310546875
219.500427      1876.3706054688
219.880920      1782.0921630859
220.261414      1699.3111572266
220.641830      2150.0080566406
221.022232      1768.2952880859
221.402603      1908.5632324219
221.782944      1646.4232177734
222.163223      1772.8942871094
222.543488      2202.8957519531
222.923706      1963.7506103516
223.303894      1770.5948486328
223.684036      1729.2042236328
224.064163      1903.9642333984
224.444244      1720.0063476563
224.824295      1749.8995361328
225.204300      1687.8137207031
225.584274      1885.5684814453
225.964203      1793.5894775391
226.344131      2053.4301757813
226.723999      1743.0010986328
227.103806      1623.4284667969
227.483627      1605.0327148438
227.863388      2368.4580078125
228.243118      1929.2585449219
228.622787      1752.1989746094
229.002472      1779.7927246094
229.382080      1775.1937255859
229.761688      1860.2742919922
230.141220      1782.0921630859
230.520721      1701.6105957031
230.900208      1694.7121582031
231.279663      1752.1989746094
231.659073      1915.4616699219
232.038452      1890.1674804688
232.417786      1924.6595458984
232.797073      1993.6437988281
233.176346      1743.0010986328
233.555573      1761.3968505859
233.934784      1749.8995361328
234.313934      1749.8995361328
234.693069      1747.6000976563
235.072144      1864.8731689453
235.451202      1667.1185302734
235.830215      1710.8084716797
236.209213      1655.6210937500
236.588165      1680.9152832031
236.967072      1782.0921630859
237.345947      1685.5142822266
237.724792      1991.3442382813
238.103577      1795.8890380859
238.482361      1784.3916015625
238.861084      1788.9906005859
239.239777      1772.8942871094
239.618454      1690.1131591797
239.997070      2078.7243652344
240.375671      1929.2585449219
240.754211      1653.3216552734
241.132751      1720.0063476563
241.511215      1949.9537353516
241.889694      1828.0816650391
242.268097      1933.8574218750
242.646469      1657.9205322266
243.024811      2009.7401123047
243.403122      1800.4879150391
243.781387      1851.0764160156
244.159622      1687.8137207031
244.537827      1632.6263427734
244.915985      1699.3111572266
245.294113      1890.1674804688
245.672195      1855.6752929688
246.050262      1729.2042236328
246.428268      1667.1185302734
246.806274      1860.2742919922
247.184219      1710.8084716797
247.562119      1648.7226562500
247.940002      1943.0552978516
248.317841      1598.1342773438
248.695648      1943.0552978516
249.073425      1720.0063476563
249.451157      1756.7979736328
249.828842      1657.9205322266
250.206512      1913.1621093750
250.584152      1915.4616699219
250.961731      3320.4401855469
251.339279      1864.8731689453
251.716812      1963.7506103516
252.094299      1984.4458007813
252.471725      1763.6964111328
252.849136      1903.9642333984
253.226517      1634.9259033203
253.603867      1837.2795410156
253.981171      1669.4179687500
254.358429      1648.7226562500
254.735672      1834.9801025391
255.112869      1878.6700439453
255.490021      1809.6857910156
255.867172      2032.7348632813
256.244263      1775.1937255859
256.621307      1660.2200927734
256.998291      1632.6263427734
257.375305      2005.1411132813
257.752228      1846.4774169922
258.129120      1536.0484619141
258.506012      1630.3269042969
258.882843      1908.5632324219
259.259644      1936.1568603516
259.636414      1910.8626708984
260.013123      1885.5684814453
260.389832      1864.8731689453
260.766479      1644.1237792969
261.143127      1611.9311523438
261.519714      1777.4931640625
261.896271      1830.3811035156
262.272736      1660.2200927734
262.649231      1798.1884765625
263.025696      1945.3548583984
263.402100      1738.4022216797
263.778473      1892.4669189453
264.154785      1761.3968505859
264.531097      1634.9259033203
264.907318      1759.0974121094
265.283569      1731.5037841797
265.659760      1690.1131591797
266.035919      1609.6315917969
266.412018      1655.6210937500
266.788086      1591.2358398438
267.164154      1931.5579833984
267.540192      1708.5090332031
267.916107      1644.1237792969
268.292084      1720.0063476563
268.667969      1674.0168457031
269.043793      1747.6000976563
269.419617      1717.7069091797
269.795410      1800.4879150391
270.171204      1749.8995361328
270.546875      1674.0168457031
270.922577      1690.1131591797
271.298248      1625.7279052734
271.673828      1595.8348388672
272.049408      1680.9152832031
272.424927      1724.6053466797
272.800446      1970.6490478516
273.175934      1768.2952880859
273.551361      1600.4337158203
273.926727      1938.4564208984
274.302063      1630.3269042969
274.677399      1740.7016601563
275.052673      1897.0657958984
275.427948      1708.5090332031
275.803131      1738.4022216797
276.178314      1630.3269042969
276.553436      2071.8259277344
276.928558      1814.2847900391
277.303650      1646.4232177734
277.678619      1765.9958496094
278.053650      2055.7294921875
278.428589      1667.1185302734
278.803528      1903.9642333984
279.178375      1623.4284667969
279.553253      1761.3968505859
279.928070      1586.6368408203
280.302826      1883.2690429688
280.677582      1717.7069091797
281.052277      1651.0222167969
281.426941      1772.8942871094
281.801544      1903.9642333984
282.176147      1802.7874755859
282.550720      1664.8189697266
282.925232      1706.2094726563
283.299683      2504.1269531250
283.674133      1733.8032226563
284.048553      1595.8348388672
284.422974      1720.0063476563
284.797241      1765.9958496094
285.171600      1731.5037841797
285.545837      1726.9047851563
285.920074      1701.6105957031
286.294250      1871.7716064453
286.668396      1715.4074707031
287.042511      1595.8348388672
287.416626      1552.1447753906
287.790649      1772.8942871094
288.164673      1791.2900390625
288.538635      1853.3758544922
288.912567      1669.4179687500
289.286438      1605.0327148438
289.660309      1697.0115966797
290.034149      1851.0764160156
290.407959      1782.0921630859
290.781677      1710.8084716797
291.155396      1678.6158447266
291.529083      1561.3426513672
291.902710      2060.3286132813
292.276337      1954.5527343750
292.649902      2097.1201171875
293.023407      1897.0657958984
293.396912      1899.3653564453
293.770386      1871.7716064453
294.143829      1662.5195312500
294.517181      1763.6964111328
294.890533      1876.3706054688
295.263824      2113.2163085938
295.637115      1853.3758544922
296.010345      1786.6911621094
296.383545      1874.0711669922
296.756744      1864.8731689453
297.129852      1784.3916015625
297.502960      1910.8626708984
297.875977      1752.1989746094
298.248993      1706.2094726563
298.621979      1890.1674804688
298.994934      1634.9259033203
299.367859      1867.1727294922
299.740723      1614.2305908203
300.113556      1653.3216552734
300.486359      2550.1164550781
300.859100      1920.0605468750
301.231842      2035.0343017578
301.604492      1710.8084716797
301.977173      1867.1727294922
302.349792      1713.1079101563
302.722351      1763.6964111328
303.094910      1616.5300292969
303.467377      1720.0063476563
303.839874      1611.9311523438
304.212311      1754.4985351563
304.584717      1683.2148437500
304.957062      1690.1131591797
305.329376      1731.5037841797
305.701630      1747.6000976563
306.073853      1701.6105957031
306.446106      1710.8084716797
306.818268      1894.7663574219
307.190399      1595.8348388672
307.562500      1674.0168457031
307.934540      1786.6911621094
308.306610      1591.2358398438
308.678558      1588.9364013672
309.050507      2058.0290527344
309.422424      1864.8731689453
309.794281      2060.3286132813
310.166138      1646.4232177734
310.537933      1526.8505859375
310.909729      1768.2952880859
311.281464      1857.9748535156
311.653107      1910.8626708984
312.024780      1784.3916015625
312.396393      1605.0327148438
312.767975      1632.6263427734
313.139496      1602.7331542969
313.511047      1736.1026611328
313.882507      1975.2479248047
314.253906      1651.0222167969
314.625305      1956.8521728516
314.996643      1685.5142822266
315.368011      1802.7874755859
315.739258      1910.8626708984
316.110504      1625.7279052734
316.481720      1577.4389648438
316.852905      2000.5421142578
317.223999      1793.5894775391
317.595123      1777.4931640625
317.966187      1860.2742919922
318.337189      2251.1848144531
318.708191      1788.9906005859
319.079163      1841.8785400391
319.450073      1630.3269042969
319.820923      1628.0274658203
320.191742      1646.4232177734
320.562561      1761.3968505859
320.933319      1708.5090332031
321.304047      1913.1621093750
321.674744      1855.6752929688
322.045380      1772.8942871094
322.416016      1892.4669189453
322.786560      1772.8942871094
323.157135      1851.0764160156
323.527618      1662.5195312500
323.898071      1745.3005371094
324.268494      1628.0274658203
324.638885      1837.2795410156
325.009277      1632.6263427734
325.379578      1745.3005371094
325.749847      1775.1937255859
326.120117      1653.3216552734
326.490295      1701.6105957031
326.860443      1791.2900390625
327.230591      1621.1290283203
327.600708      2055.7294921875
327.970703      1832.6805419922
328.340759      1690.1131591797
328.710724      1510.7542724609
329.080688      2014.3389892578
329.450592      1798.1884765625
329.820435      1625.7279052734
330.190277      1825.7822265625
330.560089      1752.1989746094
330.929810      1713.1079101563
331.299561      1664.8189697266
331.669220      1655.6210937500
332.038879      1605.0327148438
332.408447      1818.8837890625
332.778046      1660.2200927734
333.147583      1687.8137207031
333.517059      1542.9468994141
333.886505      1625.7279052734
334.255951      1664.8189697266
334.625336      1632.6263427734
334.994629      1651.0222167969
335.363983      1729.2042236328
335.733246      1579.7385253906
336.102478      1811.9853515625
336.471680      1660.2200927734
336.840820      1662.5195312500
337.209961      1917.7611083984
337.578979      2113.2163085938
337.948059      2260.3828125000
338.317078      1715.4074707031
338.686035      1651.0222167969
339.054962      1710.8084716797
339.423859      1745.3005371094
339.792725      1961.4511718750
340.161560      1628.0274658203
340.530334      1630.3269042969
340.899078      1605.0327148438
341.267761      1726.9047851563
341.636444      1738.4022216797
342.005066      1720.0063476563
342.373657      1618.8295898438
342.742218      1717.7069091797
343.110718      1878.6700439453
343.479218      1848.7768554688
343.847626      2106.3178710938
344.216064      1674.0168457031
344.584412      1779.7927246094
344.952759      1552.1447753906
345.321045      1697.0115966797
345.689270      1653.3216552734
346.057526      1683.2148437500
346.425659      1651.0222167969
346.793854      1749.8995361328
347.161957      1699.3111572266
347.529999      1717.7069091797
347.898041      1623.4284667969
348.266022      1526.8505859375
348.634003      1966.0500488281
349.001892      1740.7016601563
349.369781      1729.2042236328
349.737610      1703.9100341797
350.105408      1690.1131591797
350.473145      1743.0010986328
350.840912      1823.4826660156
351.208618      1662.5195312500
351.576233      1664.8189697266
351.943878      2039.6331787109
352.311401      1779.7927246094
352.678955      1876.3706054688
353.046478      1519.9521484375
353.413910      1855.6752929688
353.781372      1664.8189697266
354.148743      1644.1237792969
354.516083      1697.0115966797
354.883392      1683.2148437500
355.250641      1582.0379638672
355.617920      1853.3758544922
355.985077      1726.9047851563
356.352234      1618.8295898438
356.719360      1821.1832275391
357.086426      1738.4022216797
357.453491      1653.3216552734
357.820496      1745.3005371094
358.187469      1713.1079101563
358.554382      2032.7348632813
358.921295      1759.0974121094
359.288147      1600.4337158203
359.654968      1754.4985351563
360.021759      1713.1079101563
360.388489      1591.2358398438
360.755188      1883.2690429688
361.121826      1641.8242187500
361.488464      1703.9100341797
361.855072      1754.4985351563
362.221588      1857.9748535156
362.588135      1749.8995361328
362.954590      1832.6805419922
363.321075      1729.2042236328
363.687439      1634.9259033203
364.053802      1646.4232177734
364.420135      1660.2200927734
364.786407      1657.9205322266
365.152679      1577.4389648438
365.518860      1825.7822265625
365.885040      1795.8890380859
366.251190      1708.5090332031
366.617249      1664.8189697266
366.983337      1818.8837890625
367.349335      1565.9416503906
367.715332      1715.4074707031
368.081207      1823.4826660156
368.447174      1736.1026611328
368.813019      1901.6647949219
369.178833      1807.3863525391
369.544678      1667.1185302734
369.910400      1579.7385253906
370.276123      1770.5948486328
370.641785      1874.0711669922
371.007446      1959.1516113281
371.373016      1851.0764160156
371.738586      1945.3548583984
372.104126      1736.1026611328
372.469574      1609.6315917969
372.835022      1807.3863525391
373.200439      1632.6263427734
373.565796      1867.1727294922
373.931122      1821.1832275391
374.296417      1913.1621093750
374.661713      1724.6053466797
375.026886      1832.6805419922
375.392090      1662.5195312500
375.757202      1549.8453369141
376.122314      1747.6000976563
376.487396      1671.7174072266
376.852386      1540.6474609375
377.217407      1775.1937255859
377.582336      1605.0327148438
377.947235      2032.7348632813
378.312103      1837.2795410156
378.676941      1887.8679199219
379.041779      1662.5195312500
379.406494      1625.7279052734
379.771240      1602.7331542969
380.135925      1710.8084716797
380.500549      1933.8574218750
380.865143      2232.7890625000
381.229706      1733.8032226563
381.594269      1795.8890380859
381.958679      1671.7174072266
382.323181      1588.9364013672
382.687561      1729.2042236328
383.051971      1692.4127197266
383.416321      1775.1937255859
383.780579      1706.2094726563
384.144867      1731.5037841797
384.509033      1883.2690429688
384.873260      1807.3863525391
385.237366      1690.1131591797
385.601501      2127.0131835938
385.965576      2081.0236816406
386.329559      1775.1937255859
386.693573      1648.7226562500
387.057526      1549.8453369141
387.421417      1857.9748535156
387.785309      1634.9259033203
388.149109      1651.0222167969
388.512970      1616.5300292969
388.876678      1731.5037841797
389.240417      1846.4774169922
389.604065      1761.3968505859
389.967712      1667.1185302734
390.331360      1584.3374023438
390.694885      1765.9958496094
391.058411      1664.8189697266
391.421906      1839.5789794922
391.785370      1834.9801025391
392.148743      1754.4985351563
392.512115      1869.4721679688
392.875488      1830.3811035156
393.238739      1646.4232177734
393.602051      1570.5405273438
393.965240      1648.7226562500
394.328430      1625.7279052734
394.691559      1701.6105957031
395.054657      1862.5737304688
395.417725      1513.0537109375
395.780731      1671.7174072266
396.143738      1690.1131591797
396.506653      1837.2795410156
396.869568      1784.3916015625
397.232422      1697.0115966797
397.595245      1699.3111572266
397.958069      1540.6474609375
398.320770      1651.0222167969
398.683533      1690.1131591797
399.046204      1653.3216552734
399.408813      1743.0010986328
399.771454      1582.0379638672
400.133972      1869.4721679688
400.496521      1722.3059082031
400.859009      1710.8084716797
401.221436      1648.7226562500
401.583832      1625.7279052734
401.946198      1777.4931640625
402.308563      1926.9589843750
402.670807      1683.2148437500
403.033051      1752.1989746094
403.395294      1710.8084716797
403.757416      1853.3758544922
404.119568      2076.4248046875
404.481659      1579.7385253906
404.843719      1724.6053466797
405.205719      1743.0010986328
405.567719      1837.2795410156
405.929657      1657.9205322266
406.291534      1542.9468994141
406.653442      1674.0168457031
407.015228      1830.3811035156
407.377014      1945.3548583984
407.738739      1605.0327148438
408.100464      1582.0379638672
408.462128      1834.9801025391
408.823730      1614.2305908203
409.185364      1690.1131591797
409.546875      1653.3216552734
409.908386      1982.1463623047
410.269867      1674.0168457031
410.631287      1641.8242187500
410.992676      1637.2253417969
411.354034      1531.4495849609
411.715363      1722.3059082031
412.076630      2035.0343017578
412.437866      1611.9311523438
412.799072      1692.4127197266
413.160217      1669.4179687500
413.521362      1577.4389648438
413.882416      1897.0657958984
414.243469      1683.2148437500
414.604462      1846.4774169922
414.965424      1738.4022216797
415.326355      1644.1237792969
415.687225      1584.3374023438
416.048096      1793.5894775391
416.408875      1625.7279052734
416.769653      1853.3758544922
417.130402      1536.0484619141
417.491058      1731.5037841797
417.851715      1680.9152832031
418.212311      1577.4389648438
418.572906      1536.0484619141
418.933411      1717.7069091797
419.293945      1671.7174072266
419.654388      1966.0500488281
420.014801      1756.7979736328
420.375183      1703.9100341797
420.735504      1759.0974121094
421.095825      1763.6964111328
421.456055      1860.2742919922
421.816315      1703.9100341797
422.176453      1646.4232177734
422.536621      1674.0168457031
422.896729      1605.0327148438
423.256775      1648.7226562500
423.616821      1607.3321533203
423.976807      1678.6158447266
424.336731      1733.8032226563
424.696625      1625.7279052734
425.056488      1591.2358398438
425.416351      1867.1727294922
425.776093      1857.9748535156
426.135864      1648.7226562500
426.495575      1920.0605468750
426.855225      1860.2742919922
427.214874      1669.4179687500
427.574432      1903.9642333984
427.934052      1634.9259033203
428.293518      1690.1131591797
428.653015      2173.0026855469
429.012421      1687.8137207031
429.371826      1529.1500244141
429.731232      1874.0711669922
430.090485      1786.6911621094
430.449799      1738.4022216797
430.808990      1710.8084716797
431.168213      1970.6490478516
431.527374      1779.7927246094
431.886475      1556.7437744141
432.245605      1671.7174072266
432.604584      1703.9100341797
432.963623      1616.5300292969
433.322571      1554.4442138672
433.681488      1618.8295898438
434.040344      1591.2358398438
434.399200      1644.1237792969
434.758026      1674.0168457031
435.116760      1713.1079101563
435.475494      1821.1832275391
435.834198      1752.1989746094
436.192841      1549.8453369141
436.551453      1618.8295898438
436.910004      1782.0921630859
437.268555      1593.5352783203
437.627014      1694.7121582031
437.985474      1759.0974121094
438.343903      1545.2463378906
438.702240      1561.3426513672
439.060577      1690.1131591797
439.418854      1646.4232177734
439.777130      1701.6105957031
440.135315      1756.7979736328
440.493500      1602.7331542969
440.851654      1984.4458007813
441.209717      2078.7243652344
441.567810      1602.7331542969
441.925781      1586.6368408203
442.283783      1775.1937255859
442.641663      1623.4284667969
442.999573      1782.0921630859
443.357483      1561.3426513672
443.715240      1779.7927246094
444.073029      1853.3758544922
444.430725      1878.6700439453
444.788452      1685.5142822266
445.146149      1579.7385253906
445.503723      1961.4511718750
445.861359      1639.5247802734
446.218842      1784.3916015625
446.576355      1513.0537109375
446.933777      1720.0063476563
447.291199      1586.6368408203
447.648621      1591.2358398438
448.005920      1614.2305908203
448.363251      1586.6368408203
448.720459      1593.5352783203
449.077728      1832.6805419922
449.434875      1867.1727294922
449.792023      1568.2410888672
450.149170      1777.4931640625
450.506195      1724.6053466797
450.863220      1651.0222167969
451.220184      1605.0327148438
451.577118      1609.6315917969
451.933990      1703.9100341797
452.290894      1651.0222167969
452.647736      1736.1026611328
453.004456      1623.4284667969
453.361237      1841.8785400391
453.717926      1614.2305908203
454.074585      1609.6315917969
454.431244      1602.7331542969
454.787811      1724.6053466797
455.144379      1825.7822265625
455.500824      1531.4495849609
455.857300      1598.1342773438
456.213715      1811.9853515625
456.570099      1864.8731689453
456.926483      1669.4179687500
457.282745      1800.4879150391
457.639038      1929.2585449219
457.995209      1664.8189697266
458.351440      1841.8785400391
458.707550      1867.1727294922
459.063660      1697.0115966797
459.419769      1667.1185302734
459.775757      1655.6210937500
460.131744      1651.0222167969
460.487671      1830.3811035156
460.843597      1811.9853515625
461.199493      1591.2358398438
461.555267      1811.9853515625
461.911072      1653.3216552734
462.266785      1736.1026611328
462.622498      1851.0764160156
462.978119      1752.1989746094
463.333771      1761.3968505859
463.689392      1628.0274658203
464.044891      1651.0222167969
464.400421      1607.3321533203
464.755859      1834.9801025391
465.111298      1634.9259033203
465.466675      1786.6911621094
465.821991      1756.7979736328
466.177338      1623.4284667969
466.532562      1621.1290283203
466.887817      1745.3005371094
467.242981      1616.5300292969
467.598114      1687.8137207031
467.953247      1752.1989746094
468.308289      1899.3653564453
468.663330      1657.9205322266
469.018280      2030.4353027344
469.373230      1630.3269042969
469.728119      1641.8242187500
470.082977      1697.0115966797
470.437836      2189.0991210938
470.792572      1832.6805419922
471.147339      1805.0869140625
471.502014      1821.1832275391
471.856720      1651.0222167969
472.211273      1706.2094726563
472.565918      1715.4074707031
472.920471      1577.4389648438
473.274933      1692.4127197266
473.629395      1526.8505859375
473.983795      1694.7121582031
474.338165      1683.2148437500
474.692505      1669.4179687500
475.046814      1710.8084716797
475.401123      1662.5195312500
475.755280      1811.9853515625
476.109497      1733.8032226563
476.463593      1816.5842285156
476.817688     18674.0273437500
477.171783      2637.4963378906
477.525757      1818.8837890625
477.879761      1966.0500488281
478.233673      1671.7174072266
478.587585      1577.4389648438
478.941406      1545.2463378906
479.295258      1814.2847900391
479.649048      1653.3216552734
480.002747      1915.4616699219
480.356445      1701.6105957031
480.710052      1731.5037841797
481.063690      1788.9906005859
481.417236      2081.0236816406
481.770782      1653.3216552734
482.124329      1772.8942871094
482.477722      1775.1937255859
482.831177      1671.7174072266
483.184509      1628.0274658203
483.537842      1738.4022216797
483.891144      1586.6368408203
484.244385      1618.8295898438
484.597626      1545.2463378906
484.950714      1641.8242187500
485.303894      1837.2795410156
485.656921      1611.9311523438
486.010010      1708.5090332031
486.363068      1818.8837890625
486.715973      1961.4511718750
487.068909      1678.6158447266
487.421783      1657.9205322266
487.774628      1821.1832275391
488.127411      1662.5195312500
488.480194      1667.1185302734
488.832947      1591.2358398438
489.185577      1625.7279052734
489.538239      1926.9589843750
489.890839      1584.3374023438
490.243378      1839.5789794922
490.595917      1662.5195312500
490.948395      1586.6368408203
491.300842      1630.3269042969
491.653198      1651.0222167969
492.005585      1616.5300292969
492.357880      1706.2094726563
492.710144      1947.6542968750
493.062439      1533.7490234375
493.414581      1883.2690429688
493.766754      1754.4985351563
494.118835      2069.5263671875
494.470917      1646.4232177734
494.822937      1703.9100341797
495.174927      1637.2253417969
495.526917      1920.0605468750
495.878784      1811.9853515625
496.230682      2115.5158691406
496.582489      1641.8242187500
496.934296      1621.1290283203
497.285980      1492.3585205078
497.637695      1860.2742919922
497.989410      1745.3005371094
498.340973      1878.6700439453
498.692596      1752.1989746094
499.044128      1708.5090332031
499.395630      1722.3059082031
499.747101      1547.5458984375
500.098480      1641.8242187500
500.449921      1632.6263427734
500.801208      1979.8469238281
501.152527      1834.9801025391
501.503754      1708.5090332031
501.854980      1740.7016601563
502.206177      2189.0991210938
502.557281      1669.4179687500
502.908386      1591.2358398438
503.259430      1956.8521728516
503.610443      1811.9853515625
503.961365      1765.9958496094
504.312317      1593.5352783203
504.663239      1556.7437744141
505.014069      1641.8242187500
505.364899      1639.5247802734
505.715607      1639.5247802734
506.066376      1837.2795410156
506.417084      1591.2358398438
506.767670      1851.0764160156
507.118317      1982.1463623047
507.468842      1559.0432128906
507.819397      1565.9416503906
508.169830      1671.7174072266
508.520294      1713.1079101563
508.870697      1591.2358398438
509.221039      1913.1621093750
509.571381      1816.5842285156
509.921631      1926.9589843750
510.271851      1841.8785400391
510.622009      1533.7490234375
510.972198      1591.2358398438
511.322327      2345.4631347656
511.672394      1577.4389648438
512.022461      1651.0222167969
512.372375      1611.9311523438
512.722351      1708.5090332031
513.072266      1731.5037841797
513.422058      1634.9259033203
513.771912      1559.0432128906
514.121704      1697.0115966797
514.471436      1542.9468994141
514.821167      1857.9748535156
515.170776      1609.6315917969
515.520447      1743.0010986328
515.869995      1697.0115966797
516.219543      1524.5511474609
516.569031      1577.4389648438
516.918518      1830.3811035156
517.267822      1660.2200927734
517.617249      1777.4931640625
517.966614      1770.5948486328
518.315796      1752.1989746094
518.665161      1671.7174072266
519.014282      1602.7331542969
519.363464      1713.1079101563
519.712585      1531.4495849609
520.061646      1634.9259033203
520.410706      1768.2952880859
520.759705      1834.9801025391
521.108704      1508.4548339844
521.457520      1538.3479003906
521.806458      1662.5195312500
522.155334      2064.9274902344
522.504089      1648.7226562500
522.852844      1722.3059082031
523.201538      1770.5948486328
523.550232      1522.2515869141
523.898804      1565.9416503906
524.247437      1761.3968505859
524.596008      1862.5737304688
524.944458      1653.3216552734
525.292969      1607.3321533203
525.641357      1811.9853515625
525.989746      1738.4022216797
526.338074      1565.9416503906
526.686401      1708.5090332031
527.034607      1717.7069091797
527.382813      1628.0274658203
527.731018      1536.0484619141
528.079102      1708.5090332031
528.427246      1685.5142822266
528.775330      1625.7279052734
529.123291      1910.8626708984
529.471252      1667.1185302734
529.819153      1791.2900390625
530.167053      1588.9364013672
530.514832      1611.9311523438
530.862732      1871.7716064453
531.210510      2166.1042480469
531.558167      1869.4721679688
531.905884      1678.6158447266
532.253479      1577.4389648438
532.601074      1674.0168457031
532.948608      2228.1901855469
533.296143      1811.9853515625
533.643616      1678.6158447266
533.991028      1547.5458984375
534.338379      1625.7279052734
534.685730      1754.4985351563
535.033081      2133.9116210938
535.380371      1814.2847900391
535.727478      1586.6368408203
536.074707      1929.2585449219
536.421875      1706.2094726563
536.768921      1547.5458984375
537.115967      1830.3811035156
537.463013      1602.7331542969
537.809998      1575.1395263672
538.156860      1683.2148437500
538.503784      1733.8032226563
538.850647      1674.0168457031
539.197449      1662.5195312500
539.544189      1501.5563964844
539.890930      1556.7437744141
540.237610      1708.5090332031
540.584229      1793.5894775391
540.930847      1775.1937255859
541.277344      1563.6422119141
541.623901      1685.5142822266
541.970337      1611.9311523438
542.316772      1710.8084716797
542.663208      1600.4337158203
543.009521      1878.6700439453
543.355835      1554.4442138672
543.702026      1765.9958496094
544.048279      1763.6964111328
544.394470      1611.9311523438
544.740601      1701.6105957031
545.086731      1623.4284667969
545.432739      1655.6210937500
545.778809      1669.4179687500
546.124695      1759.0974121094
546.470703      1637.2253417969
546.816589      1940.7558593750
547.162415      1894.7663574219
547.508240      1784.3916015625
547.853943      2014.3389892578
548.199646      1655.6210937500
548.545349      1625.7279052734
548.890930      1841.8785400391
549.236633      1963.7506103516
549.582092      1857.9748535156
549.927673      1793.5894775391
550.273071      2101.7189941406
550.618530      1660.2200927734
550.963928      1625.7279052734
551.309204      1644.1237792969
551.654602      1713.1079101563
551.999756      1830.3811035156
552.345093      1563.6422119141
552.690186      1853.3758544922
553.035339      1655.6210937500
553.380493      1782.0921630859
553.725464      1605.0327148438
554.070496      1614.2305908203
554.415405      1674.0168457031
554.760376      1876.3706054688
555.105225      1795.8890380859
555.450073      1552.1447753906
555.794922      1510.7542724609
556.139648      1754.4985351563
556.484375      1630.3269042969
556.828979      1582.0379638672
557.173645      1678.6158447266
557.518311      1598.1342773438
557.862793      1602.7331542969
558.207275      1979.8469238281
558.551697      1607.3321533203
558.896118      1600.4337158203
559.240479      1653.3216552734
559.584839      1984.4458007813
559.929199      2421.3459472656
560.273376      1793.5894775391
560.617676      1733.8032226563
560.961792      1660.2200927734
561.305908      1595.8348388672
561.649963      2005.1411132813
561.994019      1671.7174072266
562.338074      1791.2900390625
562.682007      1591.2358398438
563.025879      1667.1185302734
563.369751      1752.1989746094
563.713623      1747.6000976563
564.057373      1703.9100341797
564.401123      1890.1674804688
564.744873      1752.1989746094
565.088501      1768.2952880859
565.432129      1639.5247802734
565.775635      1653.3216552734
566.119263      1738.4022216797
566.462769      1515.3531494141
566.806152      1908.5632324219
567.149597      1966.0500488281
567.492920      1720.0063476563
567.836243      1605.0327148438
568.179504      1818.8837890625
568.522827      1630.3269042969
568.866028      1506.1552734375
569.209106      1591.2358398438
569.552307      1710.8084716797
569.895325      1710.8084716797
570.238403      1848.7768554688
570.581299      1823.4826660156
570.924255      1655.6210937500
571.267212      1768.2952880859
571.609985      1694.7121582031
571.952881      1595.8348388672
572.295593      1733.8032226563
572.638367      1943.0552978516
572.981079      1864.8731689453
573.323730      1611.9311523438
573.666260      1568.2410888672
574.008850      1685.5142822266
574.351440      1874.0711669922
574.693848      1736.1026611328
575.036255      1961.4511718750
575.378723      1809.6857910156
575.721008      1770.5948486328
576.063354      1667.1185302734
576.405579      1680.9152832031
576.747803      1917.7611083984
577.090027      1637.2253417969
577.432129      1593.5352783203
577.774231      2177.6015625000
578.116272      1662.5195312500
578.458313      1678.6158447266
578.800232      1552.1447753906
579.142212      1731.5037841797
579.484070      1651.0222167969
579.825928      1920.0605468750
580.167725      1628.0274658203
580.509460      1657.9205322266
580.851196      1743.0010986328
581.192810      1733.8032226563
581.534485      1952.2531738281
581.876099      1729.2042236328
582.217590      1676.3164062500
582.559143      1710.8084716797
582.900574      1664.8189697266
583.242004      1708.5090332031
583.583313      1814.2847900391
583.924683      1621.1290283203
584.265991      1586.6368408203
584.607239      1823.4826660156
584.948425      1644.1237792969
585.289551      1660.2200927734
585.630737      1683.2148437500
585.971802      1561.3426513672
586.312805      1972.9484863281
586.653870      1841.8785400391
586.994751      1667.1185302734
587.335693      1740.7016601563
587.676453      1720.0063476563
588.017334      1632.6263427734
588.358154      1667.1185302734
588.698853      1731.5037841797
589.039551      1736.1026611328
589.380188      1756.7979736328
589.720825      1648.7226562500
590.061340      1568.2410888672
590.401917      1724.6053466797
590.742432      1660.2200927734
591.082825      1720.0063476563
591.423218      1733.8032226563
591.763550      1729.2042236328
592.103882      1811.9853515625
592.444092      1641.8242187500
592.784363      1582.0379638672
593.124512      1910.8626708984
593.464600      1754.4985351563
593.804749      1690.1131591797
594.144775      1625.7279052734
594.484802      1945.3548583984
594.824829      2097.1201171875
595.164734      1676.3164062500
595.504578      1715.4074707031
595.844360      1722.3059082031
596.184204      1692.4127197266
596.523926      1786.6911621094
596.863647      1669.4179687500
597.203369      1683.2148437500
597.542969      1616.5300292969
597.882507      1660.2200927734
598.222046      1800.4879150391
598.561584      2186.7995605469
598.901001      1765.9958496094
599.240417      1943.0552978516
599.579834      1715.4074707031
599.919067      1825.7822265625
600.258423      1784.3916015625
600.597595      1605.0327148438
600.936829      1609.6315917969
601.276001      1798.1884765625
601.615051      1687.8137207031
601.954163      1864.8731689453
602.293091      1653.3216552734
602.632141      1605.0327148438
602.971069      1572.8400878906
603.309998      1572.8400878906
603.648865      1968.3494873047
603.987610      2037.3337402344
604.326416      1722.3059082031
604.665100      1687.8137207031
605.003845      1743.0010986328
605.342407      1968.3494873047
605.680969      1733.8032226563
606.019592      1777.4931640625
606.358093      1841.8785400391
606.696533      1876.3706054688
607.034973      1641.8242187500
607.373291      1655.6210937500
607.711609      1710.8084716797
608.049927      1611.9311523438
608.388245      1731.5037841797
608.726379      1832.6805419922
609.064575      1745.3005371094
609.402710      1890.1674804688
609.740723      1839.5789794922
610.078796      1733.8032226563
610.416748      1653.3216552734
610.754761      1814.2847900391
611.092590      1598.1342773438
611.430481      1572.8400878906
611.768311      1970.6490478516
612.106018      1743.0010986328
612.443787      2023.5368652344
612.781494      1595.8348388672
613.119141      1660.2200927734
613.456726      1634.9259033203
613.794250      1637.2253417969
614.131775      1611.9311523438
614.469299      1570.5405273438
614.806763      1563.6422119141
615.144043      1588.9364013672
615.481384      1694.7121582031
615.818726      1674.0168457031
616.156006      1690.1131591797
616.493225      1772.8942871094
616.830322      2090.2216796875
617.167480      1747.6000976563
617.504578      1701.6105957031
617.841614      1717.7069091797
618.178528      1586.6368408203
618.515503      1830.3811035156
618.852478      2182.2006835938
619.189270      1733.8032226563
619.526184      1538.3479003906
619.862854      1752.1989746094
620.199646      1706.2094726563
620.536316      1890.1674804688
620.872986      1687.8137207031
621.209595      1655.6210937500
621.546143      1818.8837890625
621.882629      1779.7927246094
622.219116      1926.9589843750
622.555542      1646.4232177734
622.892029      1713.1079101563
623.228333      2195.9975585938
623.564636      1931.5579833984
623.900818      1577.4389648438
624.237061      1561.3426513672
624.573242      1651.0222167969
624.909363      1630.3269042969
625.245483      1733.8032226563
625.581482      1802.7874755859
625.917480      1897.0657958984
626.253418      1611.9311523438
626.589355      2051.1306152344
626.925171      1768.2952880859
627.261047      1832.6805419922
627.596863      1657.9205322266
627.932556      2398.3510742188
628.268250      1715.4074707031
628.603882      1655.6210937500
628.939514      1618.8295898438
629.275024      1784.3916015625
629.610596      1632.6263427734
629.946045      1593.5352783203
630.281494      2081.0236816406
630.616882      1885.5684814453
630.952209      1717.7069091797
631.287537      1690.1131591797
631.622803      2071.8259277344
631.958008      1556.7437744141
632.293213      1713.1079101563
632.628296      1614.2305908203
632.963379      1943.0552978516
633.298401      1878.6700439453
633.633423      1756.7979736328
633.968384      1674.0168457031
634.303284      1510.7542724609
634.638123      1938.4564208984
634.972900      1593.5352783203
635.307739      1690.1131591797
635.642456      1676.3164062500
635.977112      1793.5894775391
636.311829      1968.3494873047
636.646362      1853.3758544922
636.980957      1920.0605468750
637.315430      1678.6158447266
637.649963      1639.5247802734
637.984436      1853.3758544922
638.318726      1754.4985351563
638.653137      1694.7121582031
638.987366      1651.0222167969
639.321655      1618.8295898438
639.655823      2260.3828125000
639.990051      1752.1989746094
640.324158      2099.4194335938
640.658203      1745.3005371094
640.992249      1683.2148437500
641.326172      1536.0484619141
641.660156      1722.3059082031
641.994019      1697.0115966797
642.327942      1628.0274658203
642.661804      1777.4931640625
642.995483      1588.9364013672
643.329224      1572.8400878906
643.662964      1625.7279052734
643.996582      1609.6315917969
644.330200      1655.6210937500
644.663696      1740.7016601563
644.997253      1669.4179687500
645.330688      1756.7979736328
645.664124      1632.6263427734
645.997437      1897.0657958984
646.330811      1956.8521728516
646.664124      1867.1727294922
646.997375      1979.8469238281
647.330566      1738.4022216797
647.663696      1818.8837890625
647.996826      1648.7226562500
648.329895      1685.5142822266
648.662903      1556.7437744141
648.995911      1600.4337158203
649.328796      1885.5684814453
649.661682      1605.0327148438
649.994568      1607.3321533203
650.327393      1646.4232177734
650.660095      1568.2410888672
650.992859      1747.6000976563
651.325500      1839.5789794922
651.658142      1651.0222167969
651.990723      1621.1290283203
652.323242      1729.2042236328
652.655762      1720.0063476563
652.988220      1726.9047851563
653.320618      1632.6263427734
653.652954      1738.4022216797
653.985291      2154.6069335938
654.317566      1793.5894775391
654.649780      1922.3601074219
654.981995      1899.3653564453
655.314148      1800.4879150391
655.646240      1699.3111572266
655.978271      1844.1779785156
656.310303      1740.7016601563
656.642273      1524.5511474609
656.974182      1644.1237792969
657.306091      1653.3216552734
657.637939      1694.7121582031
657.969666      1657.9205322266
658.301453      1697.0115966797
658.633179      1851.0764160156
658.964844      2000.5421142578
659.296448      1591.2358398438
659.627991      1809.6857910156
659.959534      1752.1989746094
660.291016      1667.1185302734
660.622437      1798.1884765625
660.953796      1963.7506103516
661.285156      1908.5632324219
661.616516      1972.9484863281
661.947754      1644.1237792969
662.278931      1720.0063476563
662.610107      1874.0711669922
662.941284      1834.9801025391
663.272339      1713.1079101563
663.603394      1917.7611083984
663.934387      1602.7331542969
664.265320      1855.6752929688
664.596252      1657.9205322266
664.927063      1536.0484619141
665.257935      1625.7279052734
665.588684      1722.3059082031
665.919434      1625.7279052734
666.250061      1775.1937255859
666.580688      1754.4985351563
666.911316      1736.1026611328
667.241821      1683.2148437500
667.572327      1676.3164062500
667.902832      1768.2952880859
668.233276      1697.0115966797
668.563660      1897.0657958984
668.893982      1529.1500244141
669.224243      1667.1185302734
669.554504      1651.0222167969
669.884705      1713.1079101563
670.214844      1623.4284667969
670.544922      1779.7927246094
670.875000      1779.7927246094
671.205078      1605.0327148438
671.534973      1715.4074707031
671.864929      1678.6158447266
672.194824      1630.3269042969
672.524658      1793.5894775391
672.854431      1685.5142822266
673.184204      1901.6647949219
673.513916      1676.3164062500
673.843567      1676.3164062500
674.173218      1671.7174072266
674.502747      1570.5405273438
674.832275      1683.2148437500
675.161804      1890.1674804688
675.491211      1664.8189697266
675.820679      1788.9906005859
676.149963      1680.9152832031
676.479248      1586.6368408203
676.808533      1618.8295898438
677.137756      1524.5511474609
677.466919      1747.6000976563
677.796021      1784.3916015625
678.125122      1802.7874755859
678.454163      1577.4389648438
678.783142      1588.9364013672
679.112122      1602.7331542969
679.440979      2046.5316162109
679.769897      1763.6964111328
680.098694      1979.8469238281
680.427490      1821.1832275391
680.756165      2069.5263671875
681.084900     17719.7441406250
681.413513      2212.0937500000
681.742065      1800.4879150391
682.070679      1644.1237792969
682.399170      1621.1290283203
682.727600      1763.6964111328
683.056030      1763.6964111328
683.384399      1784.3916015625
683.712708      1986.7453613281
684.040955      2051.1306152344
684.369263      1920.0605468750
684.697388      1648.7226562500
685.025574      1651.0222167969
685.353638      1628.0274658203
685.681702      1660.2200927734
686.009766      1752.1989746094
686.337708      1743.0010986328
686.665588      1651.0222167969
686.993469      1637.2253417969
687.321289      2138.5104980469
687.649048      1855.6752929688
687.976807      1788.9906005859
688.304565      1600.4337158203
688.632141      1526.8505859375
688.959839      1542.9468994141
689.287354      1639.5247802734
689.614868      1611.9311523438
689.942383      1683.2148437500
690.269775      1598.1342773438
690.597168      1524.5511474609
690.924500      1653.3216552734
691.251770      1733.8032226563
691.578979      1880.9694824219
691.906250      1660.2200927734
692.233398      1720.0063476563
692.560486      1669.4179687500
692.887573      2170.7031250000
693.214539      1674.0168457031
693.541565      1492.3585205078
693.868469      1591.2358398438
694.195374      1747.6000976563
694.522217      1864.8731689453
694.849060      1697.0115966797
695.175781      1552.1447753906
695.502441      1605.0327148438
695.829163      2037.3337402344
696.155823      1575.1395263672
696.482300      1777.4931640625
696.808899      1614.2305908203
697.135315      1811.9853515625
697.461792      1692.4127197266
697.788147      1671.7174072266
698.114563      1754.4985351563
698.440857      1823.4826660156
698.767029      1759.0974121094
699.093323      1667.1185302734
699.419495      1644.1237792969
699.745605      1701.6105957031
700.071655      1966.0500488281
700.397705      1837.2795410156
700.723694      1768.2952880859
701.049622      1628.0274658203
701.375549      1536.0484619141
701.701355      1802.7874755859
702.027222      1745.3005371094
702.352905      1818.8837890625
702.678711      1628.0274658203
703.004395      2058.0290527344
703.329956      1531.4495849609
703.655579      1726.9047851563
703.981018      1646.4232177734
704.306580      1706.2094726563
704.632080      1832.6805419922
704.957397      1722.3059082031
705.282776      1871.7716064453
705.608093      1605.0327148438
705.933350      1595.8348388672
706.258545      1816.5842285156
706.583740      1788.9906005859
706.908875      1625.7279052734
707.233948      1605.0327148438
707.559021      1729.2042236328
707.883972      1678.6158447266
708.208984      1892.4669189453
708.533813      1605.0327148438
708.858704      1883.2690429688
709.183533      1713.1079101563
709.508240      1752.1989746094
709.833008      1713.1079101563
710.157654      1761.3968505859
710.482300      1669.4179687500
710.806885      1724.6053466797
711.131409      1611.9311523438
711.455933      1623.4284667969
711.780334      1763.6964111328
712.104797      1844.1779785156
712.429138      1595.8348388672
712.753479      2108.6174316406
713.077759      1662.5195312500
713.401917      1669.4179687500
713.726135      1598.1342773438
714.050232      1862.5737304688
714.374329      1575.1395263672
714.698364      1720.0063476563
715.022339      1639.5247802734
715.346313      1860.2742919922
715.670166      1625.7279052734
715.994080      1915.4616699219
716.317871      2283.3774414063
716.641663      1802.7874755859
716.965393      1598.1342773438
717.289001      1722.3059082031
717.612732      2115.5158691406
717.936279      1740.7016601563
718.259827      1731.5037841797
718.583313      1584.3374023438
718.906738      1623.4284667969
719.230225      1706.2094726563
719.553528      1701.6105957031
719.876892      1933.8574218750
720.200134      1715.4074707031
720.523315      1575.1395263672
720.846497      1830.3811035156
721.169617      1602.7331542969
721.492737      1733.8032226563
721.815735      1731.5037841797
722.138733      1697.0115966797
722.461670      1731.5037841797
722.784607      1846.4774169922
723.107544      1784.3916015625
723.430298      1572.8400878906
723.753113      2053.4301757813
724.075745      1963.7506103516
724.398438      1864.8731689453
724.721008      1989.0447998047
725.043640      1869.4721679688
725.366211      1883.2690429688
725.688660      1729.2042236328
726.011169      1657.9205322266
726.333496      1600.4337158203
726.655884      1743.0010986328
726.978149      1834.9801025391
727.300476      1768.2952880859
727.622681      1920.0605468750
727.944824      1595.8348388672
728.266968      2000.5421142578
728.589050      1857.9748535156
728.911133      1752.1989746094
729.233032      1906.2637939453
729.554993      1954.5527343750
729.876953      1651.0222167969
730.198792      1628.0274658203
730.520569      1595.8348388672
730.842346      1761.3968505859
731.164063      1674.0168457031
731.485718      1632.6263427734
731.807373      2081.0236816406
732.128967      1768.2952880859
732.450439      1690.1131591797
732.771973      1692.4127197266
733.093323      1614.2305908203
733.414795      1752.1989746094
733.736145      1947.6542968750
734.057373      1648.7226562500
734.378662      1793.5894775391
734.699890      1756.7979736328
735.021057      1575.1395263672
735.342163      1671.7174072266
735.663269      1972.9484863281
735.984314      1572.8400878906
736.305237      1828.0816650391
736.626160      2090.2216796875
736.947083      1713.1079101563
737.267883      1630.3269042969
737.588745      1703.9100341797
737.909485      1591.2358398438
738.230225      1524.5511474609
738.550781      1657.9205322266
738.871460      1715.4074707031
739.192017      1802.7874755859
739.512573      1816.5842285156
739.833069      1736.1026611328
740.153442      1788.9906005859
740.473877      1616.5300292969
740.794128      1920.0605468750
741.114441      1657.9205322266
741.434692      1846.4774169922
741.754883      1768.2952880859
742.075073      1533.7490234375
742.395142      1743.0010986328
742.715210      1922.3601074219
743.035217      1816.5842285156
743.355225      1646.4232177734
743.675049      1855.6752929688
743.994995      1713.1079101563
744.314880      1724.6053466797
744.634583      1584.3374023438
744.954407      1834.9801025391
745.273987      1738.4022216797
745.593689      1687.8137207031
745.913330      1784.3916015625
746.232849      1600.4337158203
746.552368      1745.3005371094
746.871826      1646.4232177734
747.191223      1708.5090332031
747.510559      1676.3164062500
747.829956      1809.6857910156
748.149231      1648.7226562500
748.468384      1676.3164062500
748.787659      1710.8084716797
749.106750      1565.9416503906
749.425842      1846.4774169922
749.744873      1641.8242187500
750.063904      1876.3706054688
750.382874      1887.8679199219
750.701721      1745.3005371094
751.020630      1977.5474853516
751.339417      1726.9047851563
751.658203      1823.4826660156
751.976990      1678.6158447266
752.295593      1651.0222167969
752.614258      1614.2305908203
752.932800      1588.9364013672
753.251404      1685.5142822266
753.569824      1724.6053466797
753.888306      1848.7768554688
754.206726      1793.5894775391
754.525024      1878.6700439453
754.843323      1616.5300292969
755.161621      1584.3374023438
755.479797      1977.5474853516
755.797974      1651.0222167969
756.116089      1805.0869140625
756.434204      1975.2479248047
756.752197      1582.0379638672
757.070190      1989.0447998047
757.388123      1726.9047851563
757.705994      1871.7716064453
758.023865      1811.9853515625
758.341675      1697.0115966797
758.659363      2485.7312011719
758.977112      1692.4127197266
759.294739      1653.3216552734
759.612305      1807.3863525391
759.929932      1703.9100341797
760.247498      1575.1395263672
760.564880      1828.0816650391
760.882385      1929.2585449219
761.199707      2062.6279296875
761.517090      1690.1131591797
761.834290      1662.5195312500
762.151611      1793.5894775391
762.468811      1697.0115966797
762.785889      1724.6053466797
763.103027      1798.1884765625
763.420044      1692.4127197266
763.737061      1915.4616699219
764.054077      1920.0605468750
764.370972      1703.9100341797
764.687805      2177.6015625000
765.004639      1754.4985351563
765.321411      1807.3863525391
765.638123      1708.5090332031
765.954834      1713.1079101563
766.271484      1892.4669189453
766.588074      1701.6105957031
766.904602      1779.7927246094
767.221069      1793.5894775391
767.537537      1979.8469238281
767.853882      1747.6000976563
768.170288      1782.0921630859
768.486572      1869.4721679688
768.802856      1761.3968505859
769.119080      1699.3111572266
769.435181      1805.0869140625
769.751343      1710.8084716797
770.067322      1648.7226562500
770.383423      1710.8084716797
770.699402      2087.9221191406
771.015320      1784.3916015625
771.331238      1577.4389648438
771.647095      1802.7874755859
771.962891      1683.2148437500
772.278625      1876.3706054688
772.594299      1759.0974121094
772.909973      1756.7979736328
773.225586      1740.7016601563
773.541138      1621.1290283203
773.856567      1524.5511474609
774.172119      1595.8348388672
774.487549      1814.2847900391
774.802856      1598.1342773438
775.118286      1674.0168457031
775.433472      2021.2374267578
775.748718      1724.6053466797
776.063904      1641.8242187500
776.379028      1595.8348388672
776.694153      1565.9416503906
777.009155      1614.2305908203
777.324158      1844.1779785156
777.639099      2120.1147460938
777.954041      1625.7279052734
778.268921      1611.9311523438
778.583740      1708.5090332031
778.898499      1575.1395263672
779.213196      1540.6474609375
779.527832      1943.0552978516
779.842468      1993.6437988281
780.157043      1929.2585449219
780.471619      1765.9958496094
780.786072      1657.9205322266
781.100525      1582.0379638672
781.414856      1655.6210937500
781.729248      1607.3321533203
782.043457      1782.0921630859
782.357788      1864.8731689453
782.671997      1708.5090332031
782.986084      1508.4548339844
783.300293      1623.4284667969
783.614258      1607.3321533203
783.928345      1798.1884765625
784.242249      1963.7506103516
784.556213      1740.7016601563
784.870117      1828.0816650391
785.183899      1823.4826660156
785.497681      1816.5842285156
785.811340      1621.1290283203
786.125061      1844.1779785156
786.438721      1910.8626708984
786.752258      1726.9047851563
787.065857      1722.3059082031
787.379333      1871.7716064453
787.692810      1685.5142822266
788.006165      1607.3321533203
788.319519      1678.6158447266
788.632874      1685.5142822266
788.946106      1605.0327148438
789.259338      1763.6964111328
789.572449      1772.8942871094
789.885559      2058.0290527344
790.198608      1669.4179687500
790.511719      1653.3216552734
790.824707      1740.7016601563
791.137573      1621.1290283203
791.450500      1568.2410888672
791.763306      1687.8137207031
792.076111      1713.1079101563
792.388855      1738.4022216797
792.701538      1970.6490478516
793.014221      1805.0869140625
793.326782      1607.3321533203
793.639343      1676.3164062500
793.951843      1519.9521484375
794.264282      1915.4616699219
794.576721      1860.2742919922
794.889099      1811.9853515625
795.201416      1857.9748535156
795.513611      1526.8505859375
795.825867      1885.5684814453
796.138000      1779.7927246094
796.450195      1791.2900390625
796.762268      1736.1026611328
797.074280      1639.5247802734
797.386292      1793.5894775391
797.698181      2106.3178710938
798.010071      1653.3216552734
798.321960      1584.3374023438
798.633728      2007.4405517578
798.945496      1614.2305908203
799.257202      1706.2094726563
799.568787      1779.7927246094
799.880432      1800.4879150391
800.192017      1731.5037841797
800.503540      1984.4458007813
800.815002      1752.1989746094
801.126404      1611.9311523438
801.437744      1600.4337158203
801.749084      1952.2531738281
802.060364      2115.5158691406
802.371582      1722.3059082031
802.682800      1880.9694824219
802.993835      1874.0711669922
803.304993      1991.3442382813
803.615967      2025.8364257813
803.927002      1697.0115966797
804.237976      1720.0063476563
804.548828      1844.1779785156
804.859741      1628.0274658203
805.170471      1584.3374023438
805.481201      1724.6053466797
805.791931      1669.4179687500
806.102600      1637.2253417969
806.413208      1637.2253417969
806.723755      1648.7226562500
807.034241      1798.1884765625
807.344727      1855.6752929688
807.655151      1678.6158447266
807.965515      1676.3164062500
808.275879      1692.4127197266
808.586182      1952.2531738281
808.896362      1687.8137207031
809.206604      1736.1026611328
809.516663      1993.6437988281
809.826782      1628.0274658203
810.136780      1788.9906005859
810.446777      2035.0343017578
810.756775      1862.5737304688
811.066650      1779.7927246094
811.376465      1625.7279052734
811.686279      1701.6105957031
811.996033      2287.9763183594
812.305786      1749.8995361328
812.615417      1841.8785400391
812.924988      1901.6647949219
813.234558      1878.6700439453
813.544128      1586.6368408203
813.853516      1752.1989746094
814.162964      1609.6315917969
814.472351      2046.5316162109
814.781616      1754.4985351563
815.090942      1811.9853515625
815.400146      1743.0010986328
815.709351      1802.7874755859
816.018433      1901.6647949219
816.327515      1770.5948486328
816.636597      1621.1290283203
816.945557      1752.1989746094
817.254578      1828.0816650391
817.563416      1880.9694824219
817.872253      1761.3968505859
818.181091      1754.4985351563
818.489807      1607.3321533203
818.798523      1639.5247802734
819.107178      1795.8890380859
819.415833      1890.1674804688
819.724365      1667.1185302734
820.032837      1625.7279052734
820.341370      1993.6437988281
820.649719      1802.7874755859
820.958130      1699.3111572266
821.266357      1802.7874755859
821.574707      1641.8242187500
821.882874      1807.3863525391
822.191040      1699.3111572266
822.499207      1936.1568603516
822.807251      2140.8100585938
823.115356      1717.7069091797
823.423279      1844.1779785156
823.731262      1524.5511474609
824.039124      1722.3059082031
824.346985      1680.9152832031
824.654846      1763.6964111328
824.962524      2127.0131835938
825.270264      1690.1131591797
825.577820      1837.2795410156
825.885437      2304.0727539063
826.193054      1892.4669189453
826.500488      1632.6263427734
826.807983      1834.9801025391
827.115356      1651.0222167969
827.422729      1605.0327148438
827.729980      1687.8137207031
828.037292      2037.3337402344
828.344543      1743.0010986328
828.651733      1669.4179687500
828.958862      1690.1131591797
829.265869      1694.7121582031
829.572937      1749.8995361328
829.879883      1584.3374023438
830.186829      1628.0274658203
830.493713      1683.2148437500
830.800537      1694.7121582031
831.107361      1616.5300292969
831.414063      1761.3968505859
831.720764      2030.4353027344
832.027405      1706.2094726563
832.333984      1759.0974121094
832.640564      1816.5842285156
832.947021      1733.8032226563
833.253479      1559.0432128906
833.559814      1655.6210937500
833.866211      1614.2305908203
834.172546      1821.1832275391
834.478760      1993.6437988281
834.784973      1653.3216552734
835.091125      1692.4127197266
835.397278      1844.1779785156
835.703247      1614.2305908203
836.009277      1579.7385253906
836.315247      1853.3758544922
836.621155      2345.4631347656
836.927063      1887.8679199219
837.232849      1908.5632324219
837.538635      2025.8364257813
837.844421      1809.6857910156
838.150085      1669.4179687500
838.455688      1830.3811035156
838.761292      1600.4337158203
839.066833      1745.3005371094
839.372253      2292.5754394531
839.677734      1998.2426757813
839.983093      1726.9047851563
840.288391      1653.3216552734
840.593689      1736.1026611328
840.898926      1653.3216552734
841.204102      1811.9853515625
841.509277      1706.2094726563
841.814392      1800.4879150391
842.119446      1579.7385253906
842.424438      1952.2531738281
842.729370      2152.3073730469
843.034241      2255.7836914063
843.339111      1811.9853515625
843.643982      1738.4022216797
843.948669      1802.7874755859
844.253479      1660.2200927734
844.558105      1694.7121582031
844.862671      1591.2358398438
845.167236      1703.9100341797
845.471741      1628.0274658203
845.776245      1582.0379638672
846.080627      1637.2253417969
846.385071      1710.8084716797
846.689331      1821.1832275391
846.993591      1798.1884765625
847.297791      1759.0974121094
847.601990      1565.9416503906
847.906128      1736.1026611328
848.210205      1814.2847900391
848.514282      1798.1884765625
848.818237      1662.5195312500
849.122131      1565.9416503906
849.426025      1745.3005371094
849.729919      1772.8942871094
850.033691      1823.4826660156
850.337402      1926.9589843750
850.641113      1692.4127197266
850.944702      1706.2094726563
851.248352      1697.0115966797
851.551941      1811.9853515625
851.855347      1913.1621093750
852.158813      1625.7279052734
852.462219      1605.0327148438
852.765564      1680.9152832031
853.068848      1929.2585449219
853.372070      1706.2094726563
853.675354      1770.5948486328
853.978455      1690.1131591797
854.281555      1533.7490234375
854.584656      1487.7595214844
854.887634      1683.2148437500
855.190552      1674.0168457031
855.493530      1634.9259033203
855.796387      1717.7069091797
856.099182      1871.7716064453
856.401978      1582.0379638672
856.704651      1915.4616699219
857.007324      1772.8942871094
857.309998      1469.3637695313
857.612549      1593.5352783203
857.915100      1536.0484619141
858.217529      1621.1290283203
858.519958      1683.2148437500
858.822266      1885.5684814453
859.124634      1595.8348388672
859.426941      1628.0274658203
859.729187      1779.7927246094
860.031372      1692.4127197266
860.333435      1588.9364013672
860.635559      1676.3164062500
860.937622      1828.0816650391
861.239563      1894.7663574219
861.541504      2005.1411132813
861.843384      1892.4669189453
862.145264      1605.0327148438
862.446960      1559.0432128906
862.748779      1825.7822265625
863.050476      1575.1395263672
863.352051      1788.9906005859
863.653748      1890.1674804688
863.955200      1779.7927246094
864.256714      1706.2094726563
864.558167      1740.7016601563
864.859619      1933.8574218750
865.160950      1616.5300292969
865.462219      1945.3548583984
865.763489      1678.6158447266
866.064697      1775.1937255859
866.365845      1630.3269042969
866.666931      1570.5405273438
866.967957      1680.9152832031
867.269043      1720.0063476563
867.570007      1703.9100341797
867.870911      1885.5684814453
868.171692      1959.1516113281
868.472595      1687.8137207031
868.773254      1575.1395263672
869.074036      1807.3863525391
869.374695      1676.3164062500
869.675293      2016.6385498047
869.975891      1756.7979736328
870.276367      1938.4564208984
870.576843      1669.4179687500
870.877319      1733.8032226563
871.177612      1522.2515869141
871.477966      1864.8731689453
871.778198      1738.4022216797
872.078491      1784.3916015625
872.378601      1834.9801025391
872.678711      1782.0921630859
872.978882      1809.6857910156
873.278870      1731.5037841797
873.578857      1639.5247802734
873.878784      1697.0115966797
874.178650      1579.7385253906
874.478394      1749.8995361328
874.778259      1600.4337158203
875.078003      1669.4179687500
875.377625      1685.5142822266
875.677307      1536.0484619141
875.976868      1851.0764160156
876.276428      1763.6964111328
876.575928      2195.9975585938
876.875366      1598.1342773438
877.174744      1630.3269042969
877.474060      2129.3127441406
877.773376      1618.8295898438
878.072571      1901.6647949219
878.371826      1846.4774169922
878.670959      1699.3111572266
878.970032      1821.1832275391
879.269043      1975.2479248047
879.567993      1703.9100341797
879.867004      1848.7768554688
880.165894      1788.9906005859
880.464722      1549.8453369141
880.763550      1634.9259033203
881.062256      1492.3585205078
881.361023      1605.0327148438
881.659607      1646.4232177734
881.958252      1832.6805419922
882.256836      1869.4721679688
882.555298      2127.0131835938
882.853760      1740.7016601563
883.152100      2044.2321777344
883.450500      1993.6437988281
883.748779      1947.6542968750
884.047058      1979.8469238281
884.345276      1754.4985351563
884.643372      1644.1237792969
884.941528      1634.9259033203
885.239502      1851.0764160156
885.537598      1644.1237792969
885.835510      1726.9047851563
886.133423      1795.8890380859
886.431335      1556.7437744141
886.729065      1621.1290283203
887.026855      1522.2515869141
887.324524      1591.2358398438
887.622253      1713.1079101563
887.919800      1671.7174072266
888.217407      1628.0274658203
888.514954      1979.8469238281
888.812317      1807.3863525391
889.109802      1552.1447753906
889.407166      1710.8084716797
889.704407      1816.5842285156
890.001770      1936.1568603516
890.298889      1701.6105957031
890.596130      1811.9853515625
890.893188      1805.0869140625
891.190308      1770.5948486328
891.487244      1703.9100341797
