0.011200
191.033081         0.0000000000
191.409973         0.0000000000
191.786819      1452.4600830078
192.163651      1515.2064208984
192.540451      1619.7835693359
192.917221      1557.0372314453
193.293961      1615.1356201172
193.670670      1617.4595947266
194.047348      1659.2904052734
194.423981      1587.2484130859
194.800613      1652.3186035156
195.177200      1591.8963623047
195.553757      1573.3048095703
195.930283      1529.1500244141
196.306778      1601.1920166016
196.683258      1631.4031982422
197.059677      1584.9245605469
197.436081      1735.9803466797
197.812454      1617.4595947266
198.188812      1633.7271728516
198.565125      1598.8681640625
198.941406      1617.4595947266
199.317673      1584.9245605469
199.693893      1589.5723876953
200.070099      1575.6287841797
200.446259      1654.6425781250
200.822388      1580.2766113281
201.198486      1633.7271728516
201.574570      1575.6287841797
201.950607      1570.9808349609
202.326614      1594.2202148438
202.702606      1617.4595947266
203.078568      1608.1638183594
203.454483      1640.6989746094
203.830383      1510.5585937500
204.206253      1561.6851806641
204.582077      1608.1638183594
204.957870      1617.4595947266
205.333633      1589.5723876953
205.709396      1659.2904052734
206.085098      1573.3048095703
206.460785      1464.0798339844
206.836426      1510.5585937500
207.212051      1547.7415771484
207.587646      1577.9526367188
207.963196      1631.4031982422
208.338730      1529.1500244141
208.714218      1568.6569824219
209.089691      1659.2904052734
209.465134      1603.5159912109
209.840530      1554.7133789063
210.215897      1529.1500244141
210.591263      1631.4031982422
210.966583      1596.5441894531
211.341858      1547.7415771484
211.717102      1566.3330078125
212.092331      1545.4176025391
212.467529      1554.7133789063
212.842697      1587.2484130859
213.217819      1568.6569824219
213.592926      1529.1500244141
213.968002      1608.1638183594
214.343018      1543.0936279297
214.718033      1505.9106445313
215.093018      1524.5021972656
215.467972      1582.6005859375
215.842880      1543.0936279297
216.217773      1559.3612060547
216.592636      1552.3894042969
216.967453      1536.1218261719
217.342255      1554.7133789063
217.717026      1584.9245605469
218.091766      1582.6005859375
218.466446      1608.1638183594
218.841125      1522.1782226563
219.215759      1568.6569824219
219.590378      1557.0372314453
219.964966      1564.0090332031
220.339508      1631.4031982422
220.714020      1636.0511474609
221.088516      1580.2766113281
221.462967      1591.8963623047
221.837402      1615.1356201172
222.211792      1552.3894042969
222.586166      1640.6989746094
222.960510      1575.6287841797
223.334793      1638.3750000000
223.709061      1603.5159912109
224.083313      1603.5159912109
224.457520      1598.8681640625
224.831696      1582.6005859375
225.205856      1591.8963623047
225.579987      1547.7415771484
225.954056      1594.2202148438
226.328110      1603.5159912109
226.702148      1536.1218261719
227.076126      1573.3048095703
227.450104      1568.6569824219
227.824036      1540.7697753906
228.197937      1543.0936279297
228.571823      1582.6005859375
228.945648      1608.1638183594
229.319473      1603.5159912109
229.693237      1529.1500244141
230.066986      1564.0090332031
230.440704      1654.6425781250
230.814392      1566.3330078125
231.188034      1570.9808349609
231.561661      1526.8260498047
231.935257      1566.3330078125
232.308823      1591.8963623047
232.682343      1573.3048095703
233.055847      1561.6851806641
233.429321      1501.2628173828
233.802750      1498.9388427734
234.176147      1561.6851806641
234.549530      1598.8681640625
234.922882      1594.2202148438
235.296188      1570.9808349609
235.669464      1531.4739990234
236.042725      1557.0372314453
236.415924      1547.7415771484
236.789139      1547.7415771484
237.162292      1670.9101562500
237.535416      1589.5723876953
237.908508      1559.3612060547
238.281570      1554.7133789063
238.654617      1582.6005859375
239.027618      1587.2484130859
239.400574      1601.1920166016
239.773514      1519.8542480469
240.146423      1557.0372314453
240.519302      1605.8399658203
240.892136      1573.3048095703
241.264969      1538.4458007813
241.637726      1561.6851806641
242.010498      1587.2484130859
242.383209      1608.1638183594
242.755905      1557.0372314453
243.128555      1566.3330078125
243.501190      1582.6005859375
243.873779      1577.9526367188
244.246353      1580.2766113281
244.618866      1645.3468017578
244.991379      1573.3048095703
245.363861      1533.7978515625
245.736282      1529.1500244141
246.108688      1622.1075439453
246.481079      1638.3750000000
246.853409      1587.2484130859
247.225723      1603.5159912109
247.598007      1545.4176025391
247.970261      1531.4739990234
248.342468      1568.6569824219
248.714645      1594.2202148438
249.086823      1559.3612060547
249.458954      1540.7697753906
249.831024      1559.3612060547
250.203094      1640.6989746094
250.575134      1601.1920166016
250.947113      1561.6851806641
251.319092      1617.4595947266
251.691025      1608.1638183594
252.062912      1612.8117675781
252.434784      1570.9808349609
252.806641      1587.2484130859
253.178452      1582.6005859375
253.550232      1587.2484130859
253.921967      1536.1218261719
254.293686      1580.2766113281
254.665359      1610.4877929688
255.037003      1540.7697753906
255.408630      1519.8542480469
255.780228      1538.4458007813
256.151764      1573.3048095703
256.523285      1561.6851806641
256.894806      1573.3048095703
257.266235      1564.0090332031
257.637695      1622.1075439453
258.009064      1575.6287841797
258.380432      1543.0936279297
258.751770      1582.6005859375
259.123077      1598.8681640625
259.494385      1547.7415771484
259.865601      1582.6005859375
260.236816      1615.1356201172
260.607941      1580.2766113281
260.979126      1622.1075439453
261.350220      1570.9808349609
261.721344      1566.3330078125
262.092346      1575.6287841797
262.463379      1545.4176025391
262.834351      1591.8963623047
263.205292      1610.4877929688
263.576233      1531.4739990234
263.947144      1550.0654296875
264.317993      1564.0090332031
264.688812      1577.9526367188
265.059631      1531.4739990234
265.430359      1598.8681640625
265.801117      1591.8963623047
266.171783      1536.1218261719
266.542450      1559.3612060547
266.913086      1615.1356201172
267.283691      1619.7835693359
267.654266      1612.8117675781
268.024811      1545.4176025391
268.395325      1643.0229492188
268.765778      1573.3048095703
269.136230      1598.8681640625
269.506653      1573.3048095703
269.877045      1624.4313964844
270.247375      1552.3894042969
270.617676      1622.1075439453
270.987946      1582.6005859375
271.358246      1557.0372314453
271.728424      1619.7835693359
272.098633      1557.0372314453
272.468781      1608.1638183594
272.838867      1570.9808349609
273.209015      1577.9526367188
273.579041      1538.4458007813
273.949066      1589.5723876953
274.319061      1615.1356201172
274.689056      1594.2202148438
275.058960      1596.5441894531
275.428864      1557.0372314453
275.798737      1559.3612060547
276.168579      1643.0229492188
276.538361      1561.6851806641
276.908142      1547.7415771484
277.277832      1575.6287841797
277.647583      1577.9526367188
278.017242      1573.3048095703
278.386902      1610.4877929688
278.756500      1643.0229492188
279.126038      1652.3186035156
279.495636      1517.5303955078
279.865143      1589.5723876953
280.234619      1582.6005859375
280.604065      1659.2904052734
280.973450      1545.4176025391
281.342834      1550.0654296875
281.712189      1661.6143798828
282.081512      1645.3468017578
282.450836      1547.7415771484
282.820038      1570.9808349609
283.189270      1573.3048095703
283.558502      1568.6569824219
283.927612      1601.1920166016
284.296722      1605.8399658203
284.665863      1643.0229492188
285.034912      1580.2766113281
285.403931      1550.0654296875
285.772919      1561.6851806641
286.141876      1626.7553710938
286.510834      1589.5723876953
286.879730      1612.8117675781
287.248596      1591.8963623047
287.617401      1552.3894042969
287.986206      1587.2484130859
288.354950      1575.6287841797
288.723724      1547.7415771484
289.092407      1573.3048095703
289.461060      1561.6851806641
289.829742      1522.1782226563
290.198334      1591.8963623047
290.566925      1547.7415771484
290.935455      1605.8399658203
291.303925      1568.6569824219
291.672394      1610.4877929688
292.040894      1670.9101562500
292.409271      1594.2202148438
292.777679      1589.5723876953
293.145996      1564.0090332031
293.514313      1605.8399658203
293.882599      1566.3330078125
294.250824      1550.0654296875
294.619049      1547.7415771484
294.987244      1636.0511474609
295.355377      1536.1218261719
295.723480      1591.8963623047
296.091614      1596.5441894531
296.459625      1575.6287841797
296.827667      1608.1638183594
297.195648      1536.1218261719
297.563599      1612.8117675781
297.931488      1598.8681640625
298.299408      1533.7978515625
298.667267      1589.5723876953
299.035095      1594.2202148438
299.402893      1591.8963623047
299.770599      1519.8542480469
300.138367      1505.9106445313
300.506042      1529.1500244141
300.873718      1538.4458007813
301.241333      1596.5441894531
301.608917      1577.9526367188
301.976471      1577.9526367188
302.344025      1615.1356201172
302.711487      1575.6287841797
303.078979      1668.5861816406
303.446411      1540.7697753906
303.813782      1619.7835693359
304.181183      1598.8681640625
304.548492      1598.8681640625
304.915771      1564.0090332031
305.283051      1508.2346191406
305.650299      1624.4313964844
306.017456      1575.6287841797
306.384644      1598.8681640625
306.751770      1619.7835693359
307.118896      1577.9526367188
307.485962      1596.5441894531
307.852966      1538.4458007813
308.219971      1538.4458007813
308.586945      1547.7415771484
308.953888      1591.8963623047
309.320801      1566.3330078125
309.687653      1508.2346191406
310.054504      1564.0090332031
310.421326      1577.9526367188
310.788086      1601.1920166016
311.154846      1584.9245605469
311.521515      1643.0229492188
311.888184      1619.7835693359
312.254822      1566.3330078125
312.621429      1643.0229492188
312.988007      1526.8260498047
313.354553      1638.3750000000
313.721039      1636.0511474609
314.087494      1557.0372314453
314.453949      1654.6425781250
314.820343      1601.1920166016
315.186737      1515.2064208984
315.553101      1582.6005859375
315.919373      1605.8399658203
316.285645      1575.6287841797
316.651886      1526.8260498047
317.018066      1561.6851806641
317.384308      1631.4031982422
317.750427      1584.9245605469
318.116516      1531.4739990234
318.482574      1554.7133789063
318.848633      1543.0936279297
319.214661      1626.7553710938
319.580627      1580.2766113281
319.946564      1575.6287841797
320.312439      1587.2484130859
320.678314      1491.9670410156
321.044159      1596.5441894531
321.410004      1584.9245605469
321.775757      1573.3048095703
322.141510      1540.7697753906
322.507202      1594.2202148438
322.872894      1584.9245605469
323.238525      1633.7271728516
323.604156      1573.3048095703
323.969696      1510.5585937500
324.335266      1580.2766113281
324.700745      1564.0090332031
325.066223      1598.8681640625
325.431702      1505.9106445313
325.797089      1594.2202148438
326.162445      1603.5159912109
326.527802      1594.2202148438
326.893097      1526.8260498047
327.258362      1584.9245605469
327.623657      1538.4458007813
327.988861      1570.9808349609
328.353973      1594.2202148438
328.719116      1615.1356201172
329.084259      1573.3048095703
329.449341      1622.1075439453
329.814392      1582.6005859375
330.179352      1512.8824462891
330.544312      1624.4313964844
330.909241      1561.6851806641
331.274170      1603.5159912109
331.639069      1587.2484130859
332.003906      1619.7835693359
332.368713      1561.6851806641
332.733459      1591.8963623047
333.098206      1561.6851806641
333.462921      1587.2484130859
333.827606      1568.6569824219
334.192230      1526.8260498047
334.556824      1577.9526367188
334.921356      1550.0654296875
335.285919      1591.8963623047
335.650452      1568.6569824219
336.014893      1589.5723876953
336.379333      1547.7415771484
336.743744      1591.8963623047
337.108124      1524.5021972656
337.472443      1580.2766113281
337.836731      1566.3330078125
338.201019      1622.1075439453
338.565247      1512.8824462891
338.929413      1484.9952392578
339.293579      1591.8963623047
339.657776      1629.0793457031
340.021851      1566.3330078125
340.385895      1573.3048095703
340.749908      1626.7553710938
341.113922      1564.0090332031
341.477875      1601.1920166016
341.841827      1645.3468017578
342.205688      1647.6707763672
342.569580      1584.9245605469
342.933380      1596.5441894531
343.297211      1529.1500244141
343.660950      1540.7697753906
344.024658      1501.2628173828
344.388367      1536.1218261719
344.752014      1640.6989746094
345.115601      1582.6005859375
345.479218      1596.5441894531
345.842804      1612.8117675781
346.206299      1568.6569824219
346.569763      1617.4595947266
346.933228      1559.3612060547
347.296661      1543.0936279297
347.660034      1622.1075439453
348.023407      1624.4313964844
348.386719      1610.4877929688
348.750000      1557.0372314453
349.113220      1559.3612060547
349.476471      1580.2766113281
349.839661      1591.8963623047
350.202820      1482.6712646484
350.565887      1645.3468017578
350.928955      1550.0654296875
351.292023      1570.9808349609
351.655029      1577.9526367188
352.018036      1577.9526367188
352.380981      1601.1920166016
352.743866      1663.9383544922
353.106720      1577.9526367188
353.469574      1575.6287841797
353.832397      1589.5723876953
354.195160      1636.0511474609
354.557892      1568.6569824219
354.920593      1547.7415771484
355.283234      1524.5021972656
355.645905      1547.7415771484
356.008514      1510.5585937500
356.371094      1557.0372314453
356.733612      1596.5441894531
357.096100      1582.6005859375
357.458588      1559.3612060547
357.820984      1531.4739990234
358.183411      1612.8117675781
358.545746      1564.0090332031
358.908081      1538.4458007813
359.270355      1552.3894042969
359.632629      1508.2346191406
359.994873      1624.4313964844
360.357056      1519.8542480469
360.719208      1554.7133789063
361.081329      1573.3048095703
361.443420      1601.1920166016
361.805481      1561.6851806641
362.167511      1633.7271728516
362.529480      1654.6425781250
362.891418      1547.7415771484
363.253326      1573.3048095703
363.615234      1573.3048095703
363.977081      1564.0090332031
364.338867      1608.1638183594
364.700653      1580.2766113281
365.062378      1631.4031982422
365.424103      1584.9245605469
365.785767      1594.2202148438
366.147430      1603.5159912109
366.509033      1580.2766113281
366.870605      1584.9245605469
367.232117      1608.1638183594
367.593628      1573.3048095703
367.955109      1568.6569824219
368.316559      1615.1356201172
368.677917      1608.1638183594
369.039307      1575.6287841797
369.400635      1557.0372314453
369.761902      1554.7133789063
370.123199      1471.0516357422
370.484436      1564.0090332031
370.845581      1643.0229492188
371.206726      1575.6287841797
371.567871      1594.2202148438
371.928955      1547.7415771484
372.290039      1566.3330078125
372.651062      1573.3048095703
373.011993      1515.2064208984
373.372955      1543.0936279297
373.733887      1554.7133789063
374.094788      1582.6005859375
374.455627      1559.3612060547
374.816406      1522.1782226563
375.177185      1550.0654296875
375.537903      1601.1920166016
375.898651      1584.9245605469
376.259338      1517.5303955078
376.619965      1615.1356201172
376.980530      1580.2766113281
377.341095      1582.6005859375
377.701660      1573.3048095703
378.062134      1594.2202148438
378.422607      1666.2623291016
378.783020      1598.8681640625
379.143402      1596.5441894531
379.503784      1570.9808349609
379.864105      1596.5441894531
380.224396      1594.2202148438
380.584656      1624.4313964844
380.944855      1645.3468017578
381.305054      1605.8399658203
381.665192      1517.5303955078
382.025299      1540.7697753906
382.385406      1619.7835693359
382.745453      1596.5441894531
383.105438      1645.3468017578
383.465424      1573.3048095703
383.825348      1575.6287841797
384.185272      1582.6005859375
384.545135      1540.7697753906
384.904968      1624.4313964844
385.264771      1531.4739990234
385.624512      1550.0654296875
385.984253      1529.1500244141
386.343964      1591.8963623047
386.703613      1550.0654296875
387.063232      1577.9526367188
387.422821      1603.5159912109
387.782379      1573.3048095703
388.141907      1636.0511474609
388.501404      1566.3330078125
388.860840      1561.6851806641
389.220215      1622.1075439453
389.579620      1626.7553710938
389.938995      1633.7271728516
390.298279      1610.4877929688
390.657562      1615.1356201172
391.016785      1550.0654296875
391.376007      1529.1500244141
391.735168      1629.0793457031
392.094299      1550.0654296875
392.453430      1582.6005859375
392.812469      1545.4176025391
393.171478      1508.2346191406
393.530457      1568.6569824219
393.889435      1605.8399658203
394.248383      1622.1075439453
394.607269      1594.2202148438
394.966125      1589.5723876953
395.324921      1624.4313964844
395.683655      1591.8963623047
396.042419      1564.0090332031
396.401154      1554.7133789063
396.759827      1594.2202148438
397.118469      1561.6851806641
397.477051      1591.8963623047
397.835632      1684.8537597656
398.194153      1533.7978515625
398.552673      1610.4877929688
398.911163      1617.4595947266
399.269592      1561.6851806641
399.627960      1582.6005859375
399.986328      1570.9808349609
400.344666      1540.7697753906
400.702942      1503.5867919922
401.061188      1582.6005859375
401.419403      1564.0090332031
401.777588      1557.0372314453
402.135712      1589.5723876953
402.493835      1610.4877929688
402.851929      1550.0654296875
403.209961      1570.9808349609
403.567932      1526.8260498047
403.925903      1564.0090332031
404.283905      1596.5441894531
404.641754      1626.7553710938
404.999634      1589.5723876953
405.357452      1615.1356201172
405.715210      1584.9245605469
406.072998      1547.7415771484
406.430725      1594.2202148438
406.788422      1570.9808349609
407.146027      1496.6148681641
407.503662      1559.3612060547
407.861237      1612.8117675781
408.218781      1601.1920166016
408.576294      1566.3330078125
408.933777      1540.7697753906
409.291168      1582.6005859375
409.648590      1568.6569824219
410.005951      1598.8681640625
410.363312      1605.8399658203
410.720612      1636.0511474609
411.077820      1545.4176025391
411.435059      1543.0936279297
411.792267      1501.2628173828
412.149384      1545.4176025391
412.506531      1561.6851806641
412.863586      1582.6005859375
413.220642      1575.6287841797
413.577606      1594.2202148438
413.934601      1582.6005859375
414.291565      1570.9808349609
414.648468      1594.2202148438
415.005310      1552.3894042969
415.362122      1533.7978515625
415.718903      1526.8260498047
416.075684      1570.9808349609
416.432434      1596.5441894531
416.789093      1659.2904052734
417.145752      1603.5159912109
417.502350      1575.6287841797
417.858948      1575.6287841797
418.215485      1601.1920166016
418.571991      1610.4877929688
418.928467      1643.0229492188
419.284882      1598.8681640625
419.641266      1561.6851806641
419.997650      1587.2484130859
420.354004      1577.9526367188
420.710266      1575.6287841797
421.066528      1638.3750000000
421.422760      1619.7835693359
421.778931      1543.0936279297
422.135071      1608.1638183594
422.491211      1577.9526367188
422.847260      1538.4458007813
423.203308      1533.7978515625
423.559296      1566.3330078125
423.915283      1622.1075439453
424.271210      1617.4595947266
424.627136      1503.5867919922
424.982971      1526.8260498047
425.338776      1540.7697753906
425.694611      1605.8399658203
426.050323      1543.0936279297
426.406036      1612.8117675781
426.761749      1594.2202148438
427.117371      1524.5021972656
427.472961      1536.1218261719
427.828552      1610.4877929688
428.184113      1526.8260498047
428.539581      1554.7133789063
428.895050      1587.2484130859
429.250458      1577.9526367188
429.605865      1584.9245605469
429.961212      1529.1500244141
430.316559      1594.2202148438
430.671814      1626.7553710938
431.027069      1666.2623291016
431.382263      1605.8399658203
431.737457      1533.7978515625
432.092590      1543.0936279297
432.447723      1587.2484130859
432.802734      1566.3330078125
433.157776      1575.6287841797
433.512756      1547.7415771484
433.867706      1554.7133789063
434.222656      1629.0793457031
434.577545      1691.8255615234
434.932373      1577.9526367188
435.287201      1557.0372314453
435.641968      1505.9106445313
435.996704      1533.7978515625
436.351410      1538.4458007813
436.706085      1545.4176025391
437.060699      1584.9245605469
437.415283      1538.4458007813
437.769867      1540.7697753906
438.124420      1610.4877929688
438.478882      1617.4595947266
438.833313      1570.9808349609
439.187714      1533.7978515625
439.542084      1568.6569824219
439.896454      1543.0936279297
440.250732      1570.9808349609
440.605011      1545.4176025391
440.959229      1582.6005859375
441.313416      1626.7553710938
441.667572      1636.0511474609
442.021698      1580.2766113281
442.375793      1540.7697753906
442.729858      1589.5723876953
443.083832      1582.6005859375
443.437836      1605.8399658203
443.791748      1636.0511474609
444.145630      1531.4739990234
444.499542      1526.8260498047
444.853363      1547.7415771484
445.207123      1505.9106445313
445.560883      1615.1356201172
445.914612      1605.8399658203
446.268280      1610.4877929688
446.621918      1580.2766113281
446.975555      1601.1920166016
447.329132      1594.2202148438
447.682678      1587.2484130859
448.036133      1601.1920166016
448.389618      1598.8681640625
448.743042      1566.3330078125
449.096405      1584.9245605469
449.449799      1591.8963623047
449.803101      1587.2484130859
450.156372      1584.9245605469
450.509613      1603.5159912109
450.862823      1591.8963623047
451.216003      1570.9808349609
451.569122      1505.9106445313
451.922211      1582.6005859375
452.275269      1601.1920166016
452.628296      1552.3894042969
452.981293      1582.6005859375
453.334229      1570.9808349609
453.687134      1643.0229492188
454.040009      1594.2202148438
454.392853      1694.1495361328
454.745636      1533.7978515625
455.098419      1568.6569824219
455.451172      1554.7133789063
455.803864      1561.6851806641
456.156464      1550.0654296875
456.509125      1531.4739990234
456.861694      1545.4176025391
457.214264      1612.8117675781
457.566742      1608.1638183594
457.919220      1582.6005859375
458.271667      1538.4458007813
458.624023      1612.8117675781
458.976379      1577.9526367188
459.328705      1568.6569824219
459.681000      1557.0372314453
460.033234      1624.4313964844
460.385468      1594.2202148438
460.737610      1529.1500244141
461.089752      1601.1920166016
461.441864      1577.9526367188
461.793945      1591.8963623047
462.145996      1559.3612060547
462.497955      1517.5303955078
462.849884      1547.7415771484
463.201813      1622.1075439453
463.553680      1559.3612060547
463.905518      1582.6005859375
464.257355      1624.4313964844
464.609100      1575.6287841797
464.960815      1538.4458007813
465.312531      1626.7553710938
465.664185      1575.6287841797
466.015778      1561.6851806641
466.367371      1584.9245605469
466.718903      1508.2346191406
467.070435      1619.7835693359
467.421906      1626.7553710938
467.773346      1640.6989746094
468.124725      1557.0372314453
468.476074      1654.6425781250
468.827393      1608.1638183594
469.178680      1536.1218261719
469.529938      1594.2202148438
469.881134      1591.8963623047
470.232330      1617.4595947266
470.583435      1531.4739990234
470.934540      1519.8542480469
471.285614      1515.2064208984
471.636627      1531.4739990234
471.987610      1575.6287841797
472.338562      1566.3330078125
472.689453      1615.1356201172
473.040375      1603.5159912109
473.391205      1612.8117675781
473.741974      1533.7978515625
474.092773      1538.4458007813
474.443481      1557.0372314453
474.794159      1638.3750000000
475.144806      1612.8117675781
475.495422      1577.9526367188
475.846039      1573.3048095703
476.196533      1580.2766113281
476.547028      1596.5441894531
476.897522      1603.5159912109
477.247925      1561.6851806641
477.598328      1587.2484130859
477.948700      1577.9526367188
478.299011      1638.3750000000
478.649231      1615.1356201172
478.999481      1673.2341308594
479.349701      1575.6287841797
479.699829      1526.8260498047
480.049988      1503.5867919922
480.400055      1547.7415771484
480.750153      1543.0936279297
481.100128      1545.4176025391
481.450104      1575.6287841797
481.800049      1622.1075439453
482.149963      1594.2202148438
482.499786      1603.5159912109
482.849670      1580.2766113281
483.199432      1638.3750000000
483.549194      1568.6569824219
483.898926      1538.4458007813
484.248566      1624.4313964844
484.598206      1570.9808349609
484.947815      1626.7553710938
485.297394      1601.1920166016
485.646912      1587.2484130859
485.996399      1617.4595947266
486.345825      1503.5867919922
486.695282      1610.4877929688
487.044617      1510.5585937500
487.393951      1547.7415771484
487.743286      1503.5867919922
488.092529      1559.3612060547
488.441711      1624.4313964844
488.790955      1559.3612060547
489.140076      1552.3894042969
489.489197      1643.0229492188
489.838257      1673.2341308594
490.187286      1550.0654296875
490.536316      1566.3330078125
490.885254      1638.3750000000
491.234161      1522.1782226563
491.583069      1575.6287841797
491.931915      1652.3186035156
492.280731      1629.0793457031
492.629486      1580.2766113281
492.978210      1522.1782226563
493.326874      1594.2202148438
493.675568      1624.4313964844
494.024200      1566.3330078125
494.372742      1668.5861816406
494.721313      1622.1075439453
495.069824      1591.8963623047
495.418274      1575.6287841797
495.766724      1645.3468017578
496.115112      1570.9808349609
496.463470      1543.0936279297
496.811768      1498.9388427734
497.160034      1519.8542480469
497.508301      1661.6143798828
497.856506      1591.8963623047
498.204651      1540.7697753906
498.552765      1631.4031982422
498.900848      1629.0793457031
499.248901      1564.0090332031
499.596924      1649.9947509766
499.944885      1584.9245605469
500.292816      1636.0511474609
500.640778      1584.9245605469
500.988556      1545.4176025391
501.336426      1575.6287841797
501.684204      1622.1075439453
502.031952      1605.8399658203
502.379700      1645.3468017578
502.727295      1529.1500244141
503.074982      1573.3048095703
503.422546      1612.8117675781
503.770081      1615.1356201172
504.117615      1559.3612060547
504.465088      1570.9808349609
504.812561      1498.9388427734
505.159943      1605.8399658203
505.507294      1570.9808349609
505.854645      1538.4458007813
506.201904      1624.4313964844
506.549194      1601.1920166016
506.896332      1612.8117675781
507.243591      1603.5159912109
507.590698      1498.9388427734
507.937775      1559.3612060547
508.284912      1624.4313964844
508.631836      1587.2484130859
508.978851      1619.7835693359
509.325806      1501.2628173828
509.672699      1559.3612060547
510.019592      1619.7835693359
510.366364      1596.5441894531
510.713196      1575.6287841797
511.059937      1619.7835693359
511.406677      1582.6005859375
511.753326      1594.2202148438
512.099976      1603.5159912109
512.446594      1587.2484130859
512.793091      1557.0372314453
513.139648      1680.2059326172
513.486145      1575.6287841797
513.832520      1540.7697753906
514.179016      1573.3048095703
514.525269      1547.7415771484
514.871704      1566.3330078125
515.217957      1598.8681640625
515.564209      1633.7271728516
515.910522      1552.3894042969
516.256531      1605.8399658203
516.602783      1550.0654296875
516.948853      1587.2484130859
517.294922      1598.8681640625
517.640930      1629.0793457031
517.986877      1561.6851806641
518.332886      1615.1356201172
518.678711      1582.6005859375
519.024658      1545.4176025391
519.370422      1577.9526367188
519.716248      1568.6569824219
520.062073      1519.8542480469
520.407715      1596.5441894531
520.753418      1596.5441894531
521.099060      1536.1218261719
521.444580      1561.6851806641
521.790222      1554.7133789063
522.135681      1568.6569824219
522.481201      1608.1638183594
522.826660      1584.9245605469
523.172058      1594.2202148438
523.517395      1596.5441894531
523.862671      1554.7133789063
524.208069      1633.7271728516
524.553284      1594.2202148438
524.898438      1601.1920166016
525.243591      1533.7978515625
525.588745      1538.4458007813
525.933899      1587.2484130859
526.278931      1636.0511474609
526.623962      1603.5159912109
526.968872      1526.8260498047
527.313904      1622.1075439453
527.658813      1591.8963623047
528.003601      1550.0654296875
528.348450      1547.7415771484
528.693237      1554.7133789063
529.037964      1589.5723876953
529.382751      1473.3756103516
529.727356      1582.6005859375
530.072021      1582.6005859375
530.416626      1568.6569824219
530.761169      1557.0372314453
531.105652      1536.1218261719
531.450134      1608.1638183594
531.794617      1580.2766113281
532.138916      1605.8399658203
532.483337      1570.9808349609
532.827637      1612.8117675781
533.171936      1649.9947509766
533.516174      1615.1356201172
533.860352      1573.3048095703
534.204529      1570.9808349609
534.548645      1566.3330078125
534.892700      1577.9526367188
535.236816      1561.6851806641
535.580750      1629.0793457031
535.924744      1615.1356201172
536.268738      1582.6005859375
536.612549      1584.9245605469
536.956421      1547.7415771484
537.300232      1545.4176025391
537.644043      1594.2202148438
537.987671      1561.6851806641
538.331421      1536.1218261719
538.675049      1582.6005859375
539.018677      1566.3330078125
539.362305      1570.9808349609
539.705750      1663.9383544922
540.049316      1538.4458007813
540.392822      1564.0090332031
540.736145      1598.8681640625
541.079590      1603.5159912109
541.422913      1564.0090332031
541.766235      1564.0090332031
542.109436      1610.4877929688
542.452698      1568.6569824219
542.795898      1510.5585937500
543.138977      1510.5585937500
543.482178      1629.0793457031
543.825195      1501.2628173828
544.168213      1619.7835693359
544.511230      1603.5159912109
544.854187      1559.3612060547
545.197083      1552.3894042969
545.539917      1617.4595947266
545.882813      1587.2484130859
546.225586      1540.7697753906
546.568359      1584.9245605469
546.911133      1582.6005859375
547.253662      1550.0654296875
547.596436      1568.6569824219
547.938965      1577.9526367188
548.281494      1643.0229492188
548.624084      1547.7415771484
548.966492      1589.5723876953
549.308960      1617.4595947266
549.651367      1566.3330078125
549.993713      1610.4877929688
550.336060      1533.7978515625
550.678345      1608.1638183594
551.020630      1626.7553710938
551.362732      1591.8963623047
551.704956      1533.7978515625
552.047058      1633.7271728516
552.389160      1619.7835693359
552.731262      1610.4877929688
553.073181      1580.2766113281
553.415161      1561.6851806641
553.757080      1591.8963623047
554.098999      1568.6569824219
554.440857      1580.2766113281
554.782593      1533.7978515625
555.124390      1584.9245605469
555.466125      1601.1920166016
555.807800      1566.3330078125
556.149414      1573.3048095703
556.491089      1536.1218261719
556.832642      1610.4877929688
557.174133      1605.8399658203
557.515686      1654.6425781250
557.857117      1543.0936279297
558.198486      1594.2202148438
558.539917      1559.3612060547
558.881165      1617.4595947266
559.222534      1561.6851806641
559.563782      1582.6005859375
559.904968      1526.8260498047
560.246216      1601.1920166016
560.587280      1617.4595947266
560.928406      1645.3468017578
561.269470      1526.8260498047
561.610474      1617.4595947266
561.951477      1587.2484130859
562.292297      1649.9947509766
562.633301      1619.7835693359
562.974121      1547.7415771484
563.315002      1598.8681640625
563.655762      1552.3894042969
563.996460      1538.4458007813
564.337158      1564.0090332031
564.677795      1536.1218261719
565.018433      1612.8117675781
565.359009      1652.3186035156
565.699524      1584.9245605469
566.040100      1631.4031982422
566.380493      1570.9808349609
566.720947      1584.9245605469
567.061340      1640.6989746094
567.401611      1568.6569824219
567.742004      1612.8117675781
568.082153      1698.7973632813
568.422424      1557.0372314453
568.762634      1543.0936279297
569.102722      1561.6851806641
569.442810      1589.5723876953
569.782898      1610.4877929688
570.122986      1619.7835693359
570.462830      1559.3612060547
570.802856      1557.0372314453
571.142761      1564.0090332031
571.482605      1591.8963623047
571.822449      1519.8542480469
572.162170      1510.5585937500
572.501953      1559.3612060547
572.841675      1547.7415771484
573.181274      1575.6287841797
573.520996      1633.7271728516
573.860474      1589.5723876953
574.200073      1561.6851806641
574.539551      1629.0793457031
574.878967      1587.2484130859
575.218384      1636.0511474609
575.557739      1619.7835693359
575.897156      1566.3330078125
576.236450      1540.7697753906
576.575684      1584.9245605469
576.914856      1619.7835693359
577.254089      1582.6005859375
577.593262      1550.0654296875
577.932251      1529.1500244141
578.271362      1524.5021972656
578.610352      1566.3330078125
578.949341      1517.5303955078
579.288330      1626.7553710938
579.627197      1603.5159912109
579.966064      1512.8824462891
580.304871      1631.4031982422
580.643677      1529.1500244141
580.982483      1612.8117675781
581.321045      1638.3750000000
581.659790      1587.2484130859
581.998413      1615.1356201172
582.336914      1584.9245605469
582.675476      1573.3048095703
583.013916      1610.4877929688
583.352478      1605.8399658203
583.690796      1566.3330078125
584.029175      1638.3750000000
584.367493      1550.0654296875
584.705811      1624.4313964844
585.044128      1582.6005859375
585.382202      1554.7133789063
585.720459      1554.7133789063
586.058594      1554.7133789063
586.396667      1624.4313964844
586.734802      1564.0090332031
587.072693      1656.9665527344
587.410767      1552.3894042969
587.748657      1568.6569824219
588.086487      1545.4176025391
588.424316      1594.2202148438
588.762146      1601.1920166016
589.099976      1570.9808349609
589.437622      1617.4595947266
589.775391      1566.3330078125
590.113037      1594.2202148438
590.450623      1591.8963623047
590.788208      1547.7415771484
591.125671      1591.8963623047
591.463196      1598.8681640625
591.800659      1564.0090332031
592.138062      1605.8399658203
592.475464      1596.5441894531
592.812683      1577.9526367188
593.150024      1540.7697753906
593.487244      1603.5159912109
593.824402      1543.0936279297
594.161621      1522.1782226563
594.498657      1552.3894042969
594.835815      1554.7133789063
595.172852      1522.1782226563
595.509827      1529.1500244141
595.846741      1550.0654296875
596.183655      1531.4739990234
596.520630      1536.1218261719
596.857422      1577.9526367188
597.194214      1594.2202148438
597.530945      1601.1920166016
597.867615      1564.0090332031
598.204346      1615.1356201172
598.540955      1601.1920166016
598.877563      1570.9808349609
599.214111      1631.4031982422
599.550598      1584.9245605469
599.887085      1598.8681640625
600.223450      1617.4595947266
600.559937      1561.6851806641
600.896240      1561.6851806641
601.232544      1615.1356201172
601.568787      1612.8117675781
601.905029      1587.2484130859
602.241272      1547.7415771484
602.577271      1529.1500244141
602.913452      1554.7133789063
603.249512      1636.0511474609
603.585510      1540.7697753906
603.921509      1545.4176025391
604.257385      1550.0654296875
604.593323      1605.8399658203
604.929199      1591.8963623047
605.264954      1580.2766113281
605.600830      1654.6425781250
605.936462      1533.7978515625
606.272217      1640.6989746094
606.607849      1552.3894042969
606.943420      1633.7271728516
607.278992      1564.0090332031
607.614502      1538.4458007813
607.950012      1566.3330078125
608.285461      1573.3048095703
608.620850      1580.2766113281
608.956177      1547.7415771484
609.291504      1624.4313964844
609.626831      1596.5441894531
609.962036      1508.2346191406
610.297302      1575.6287841797
610.632446      1654.6425781250
610.967529      1601.1920166016
611.302673      1598.8681640625
611.637634      1589.5723876953
611.972656      1612.8117675781
612.307617      1543.0936279297
612.642517      1596.5441894531
612.977356      1589.5723876953
613.312195      1643.0229492188
613.646973      1561.6851806641
613.981750      1522.1782226563
614.316406      1633.7271728516
614.651062      1582.6005859375
614.985657      1680.2059326172
615.320313      1526.8260498047
615.654846      1559.3612060547
615.989319      1559.3612060547
616.323792      1617.4595947266
616.658203      1575.6287841797
616.992615      1559.3612060547
617.326904      1626.7553710938
617.661194      1577.9526367188
617.995483      1605.8399658203
618.329712      1552.3894042969
618.663940      1573.3048095703
618.997925      1526.8260498047
619.332092      1552.3894042969
619.666077      1596.5441894531
620.000061      1519.8542480469
620.334045      1570.9808349609
620.667969      1524.5021972656
621.001892      1564.0090332031
621.335632      1577.9526367188
621.669495      1612.8117675781
622.003296      1643.0229492188
622.336914      1603.5159912109
622.670654      1643.0229492188
623.004272      1568.6569824219
623.337891      1577.9526367188
623.671387      1643.0229492188
624.004883      1573.3048095703
624.338440      1615.1356201172
624.671753      1580.2766113281
625.005249      1559.3612060547
625.338562      1626.7553710938
625.671814      1582.6005859375
626.005066      1552.3894042969
626.338257      1522.1782226563
626.671509      1552.3894042969
627.004578      1524.5021972656
627.337708      1582.6005859375
627.670776      1624.4313964844
628.003723      1636.0511474609
628.336731      1631.4031982422
628.669556      1547.7415771484
629.002502      1661.6143798828
629.335327      1550.0654296875
629.668152      1582.6005859375
630.000916      1594.2202148438
630.333618      1570.9808349609
630.666321      1624.4313964844
630.998962      1624.4313964844
631.331482      1605.8399658203
631.664063      1559.3612060547
631.996521      1622.1075439453
632.329102      1580.2766113281
632.661499      1557.0372314453
632.993835      1503.5867919922
633.326172      1577.9526367188
633.658447      1594.2202148438
633.990784      1573.3048095703
634.322937      1580.2766113281
634.655212      1540.7697753906
634.987244      1543.0936279297
635.319397      1570.9808349609
635.651489      1559.3612060547
635.983398      1573.3048095703
636.315430      1615.1356201172
636.647278      1536.1218261719
636.979187      1557.0372314453
637.311035      1573.3048095703
637.642761      1589.5723876953
637.974609      1540.7697753906
638.306335      1564.0090332031
638.637939      1612.8117675781
638.969604      1615.1356201172
639.301147      1594.2202148438
639.632751      1561.6851806641
639.964233      1573.3048095703
640.295715      1591.8963623047
640.627075      1619.7835693359
640.958496      1603.5159912109
641.289917      1503.5867919922
641.621094      1536.1218261719
641.952393      1580.2766113281
642.283569      1526.8260498047
642.614746      1540.7697753906
642.945923      1538.4458007813
643.276917      1538.4458007813
643.608093      1508.2346191406
643.939026      1543.0936279297
644.269958      1557.0372314453
644.600891      1612.8117675781
644.931763      1636.0511474609
645.262634      1577.9526367188
645.593384      1577.9526367188
645.924133      1582.6005859375
646.254822      1619.7835693359
646.585510      1538.4458007813
646.916199      1519.8542480469
647.246704      1561.6851806641
647.577271      1605.8399658203
647.907715      1545.4176025391
648.238220      1629.0793457031
648.568665      1584.9245605469
648.898987      1605.8399658203
649.229309      1591.8963623047
649.559570      1587.2484130859
649.889832      1594.2202148438
650.220093      1561.6851806641
650.550171      1582.6005859375
650.880310      1552.3894042969
651.210388      1552.3894042969
651.540405      1622.1075439453
651.870422      1570.9808349609
652.200317      1654.6425781250
652.530273      1608.1638183594
652.860046      1582.6005859375
653.189941      1598.8681640625
653.519775      1508.2346191406
653.849426      1605.8399658203
654.179199      1596.5441894531
654.508789      1584.9245605469
654.838440      1573.3048095703
655.168030      1622.1075439453
655.497498      1624.4313964844
655.827026      1570.9808349609
656.156372      1587.2484130859
656.485840      1575.6287841797
656.815247      1577.9526367188
657.144470      1596.5441894531
657.473755      1557.0372314453
657.802979      1638.3750000000
658.132202      1580.2766113281
658.461243      1554.7133789063
658.790466      1570.9808349609
659.119507      1554.7133789063
659.448486      1575.6287841797
659.777527      1559.3612060547
660.106384      1577.9526367188
660.435242      1610.4877929688
660.764160      1554.7133789063
661.092896      1519.8542480469
661.421692      1645.3468017578
661.750427      1584.9245605469
662.079102      1533.7978515625
662.407715      1594.2202148438
662.736328      1570.9808349609
663.064880      1552.3894042969
663.393311      1624.4313964844
663.721802      1566.3330078125
664.050232      1598.8681640625
664.378601      1575.6287841797
664.706970      1622.1075439453
665.035217      1573.3048095703
665.363525      1540.7697753906
665.691650      1512.8824462891
666.019897      1519.8542480469
666.347961      1582.6005859375
666.676086      1580.2766113281
667.004150      1564.0090332031
667.332092      1564.0090332031
667.660095      1505.9106445313
667.987915      1584.9245605469
668.315796      1629.0793457031
668.643677      1573.3048095703
668.971436      1675.5579833984
669.299133      1598.8681640625
669.626892      1559.3612060547
669.954468      1622.1075439453
670.282104      1605.8399658203
670.609619      1573.3048095703
670.937256      1591.8963623047
671.264587      1601.1920166016
671.592163      1622.1075439453
671.919495      1615.1356201172
672.246887      1601.1920166016
672.574097      1561.6851806641
672.901489      1598.8681640625
673.228699      1533.7978515625
673.555847      1575.6287841797
673.882996      1564.0090332031
674.210022      1559.3612060547
674.537109      1589.5723876953
674.864136      1596.5441894531
675.191101      1582.6005859375
675.518005      1557.0372314453
675.844849      1615.1356201172
676.171692      1638.3750000000
676.498535      1557.0372314453
676.825256      1522.1782226563
677.151978      1573.3048095703
677.478577      1552.3894042969
677.805237      1584.9245605469
678.131836      1568.6569824219
678.458435      1570.9808349609
678.784851      1596.5441894531
679.111328      1573.3048095703
679.437744      1564.0090332031
679.764099      1554.7133789063
680.090454      1517.5303955078
680.416687      1524.5021972656
680.742920      1552.3894042969
681.069153      1529.1500244141
681.395203      1594.2202148438
681.721313      1557.0372314453
682.047485      1559.3612060547
682.373474      1566.3330078125
682.699402      1566.3330078125
683.025391      1594.2202148438
683.351196      1591.8963623047
683.677063      1594.2202148438
684.002930      1575.6287841797
684.328674      1603.5159912109
684.654358      1557.0372314453
684.980042      1543.0936279297
685.305603      1589.5723876953
685.631287      1596.5441894531
685.956787      1577.9526367188
686.282288      1552.3894042969
686.607788      1598.8681640625
686.933167      1596.5441894531
687.258545      1594.2202148438
687.583923      1615.1356201172
687.909180      1589.5723876953
688.234375      1503.5867919922
688.559631      1643.0229492188
688.884766      1543.0936279297
689.209839      1505.9106445313
689.534973      1545.4176025391
689.859924      1554.7133789063
690.184937      1643.0229492188
690.509827      1612.8117675781
690.834717      1580.2766113281
691.159668      1596.5441894531
691.484436      1591.8963623047
691.809204      1577.9526367188
692.133911      1543.0936279297
692.458557      1589.5723876953
692.783142      1603.5159912109
693.107849      1582.6005859375
693.432312      1663.9383544922
693.756836      1601.1920166016
694.081238      1626.7553710938
694.405701      1612.8117675781
694.730164      1636.0511474609
695.054443      1629.0793457031
695.378723      1636.0511474609
695.702942      1575.6287841797
696.027100      1573.3048095703
696.351257      1564.0090332031
696.675476      1598.8681640625
696.999512      1580.2766113281
697.323486      1557.0372314453
697.647461      1540.7697753906
697.971375      1594.2202148438
698.295349      1531.4739990234
698.619202      1545.4176025391
698.942993      1601.1920166016
699.266724      1638.3750000000
699.590393      1615.1356201172
699.914124      1596.5441894531
700.237793      1526.8260498047
700.561340      1522.1782226563
700.884949      1615.1356201172
701.208374      1615.1356201172
701.531860      1610.4877929688
701.855286      1603.5159912109
702.178650      1550.0654296875
702.501953      1670.9101562500
702.825195      1547.7415771484
703.148499      1608.1638183594
703.471680      1573.3048095703
703.794861      1629.0793457031
704.117981      1582.6005859375
704.440979      1617.4595947266
704.764038      1547.7415771484
705.086975      1596.5441894531
705.409851      1610.4877929688
705.732849      1589.5723876953
706.055664      1589.5723876953
706.378479      1631.4031982422
706.701233      1489.6430664063
707.023926      1575.6287841797
707.346619      1536.1218261719
707.669250      1584.9245605469
707.991821      1538.4458007813
708.314392      1603.5159912109
708.636841      1601.1920166016
708.959290      1605.8399658203
709.281738      1547.7415771484
709.604065      1503.5867919922
709.926392      1598.8681640625
710.248657      1598.8681640625
710.570862      1564.0090332031
710.893066      1615.1356201172
711.215210      1570.9808349609
711.537292      1559.3612060547
711.859314      1538.4458007813
712.181335      1666.2623291016
712.503357      1540.7697753906
712.825256      1591.8963623047
713.147156      1536.1218261719
713.468994      1638.3750000000
713.790771      1624.4313964844
714.112488      1545.4176025391
714.434143      1582.6005859375
714.755859      1670.9101562500
715.077515      1566.3330078125
715.399109      1580.2766113281
715.720581      1605.8399658203
716.042053      1529.1500244141
716.363525      1554.7133789063
716.684875      1526.8260498047
717.006287      1584.9245605469
717.327576      1589.5723876953
717.648804      1536.1218261719
717.969971      1575.6287841797
718.291260      1577.9526367188
718.612366      1570.9808349609
718.933411      1559.3612060547
719.254395      1622.1075439453
719.575439      1612.8117675781
719.896362      1540.7697753906
720.217285      1633.7271728516
720.538147      1540.7697753906
720.859009      1552.3894042969
721.179749      1540.7697753906
721.500488      1589.5723876953
721.821228      1559.3612060547
722.141785      1559.3612060547
722.462402      1580.2766113281
722.782959      1603.5159912109
723.103455      1587.2484130859
723.423950      1601.1920166016
723.744385      1584.9245605469
724.064758      1594.2202148438
724.385071      1631.4031982422
724.705322      1575.6287841797
725.025574      1617.4595947266
725.345825      1554.7133789063
725.665955      1636.0511474609
725.986023      1596.5441894531
726.306091      1543.0936279297
726.626099      1633.7271728516
726.946045      1587.2484130859
727.266052      1557.0372314453
727.585938      1564.0090332031
727.905762      1496.6148681641
728.225525      1554.7133789063
728.545288      1591.8963623047
728.864990      1575.6287841797
729.184692      1603.5159912109
729.504333      1598.8681640625
729.823853      1615.1356201172
730.143372      1668.5861816406
730.462891      1570.9808349609
730.782410      1554.7133789063
731.101746      1608.1638183594
731.421143      1554.7133789063
731.740417      1550.0654296875
732.059631      1538.4458007813
732.378845      1596.5441894531
732.698059      1615.1356201172
733.017212      1591.8963623047
733.336304      1552.3894042969
733.655273      1545.4176025391
733.974304      1601.1920166016
734.293335      1589.5723876953
734.612183      1559.3612060547
734.931030      1515.2064208984
735.249878      1484.9952392578
735.568665      1575.6287841797
735.887329      1575.6287841797
736.206055      1512.8824462891
736.524658      1605.8399658203
736.843262      1575.6287841797
737.161804      1554.7133789063
737.480286      1566.3330078125
737.798828      1512.8824462891
738.117249      1603.5159912109
738.435608      1624.4313964844
738.753906      1577.9526367188
739.072205      1612.8117675781
739.390442      1591.8963623047
739.708618      1575.6287841797
740.026733      1529.1500244141
740.344849      1580.2766113281
740.662903      1589.5723876953
740.980957      1568.6569824219
741.298889      1603.5159912109
741.616821      1570.9808349609
741.934692      1566.3330078125
742.252502      1605.8399658203
742.570313      1529.1500244141
742.888062      1624.4313964844
743.205750      1510.5585937500
743.523438      1566.3330078125
743.841003      1575.6287841797
744.158569      1622.1075439453
744.476074      1587.2484130859
744.793518      1547.7415771484
745.111023      1608.1638183594
745.428345      1573.3048095703
745.745728      1619.7835693359
746.062988      1524.5021972656
746.380249      1603.5159912109
746.697449      1659.2904052734
747.014648      1536.1218261719
747.331726      1557.0372314453
747.648804      1647.6707763672
747.965759      1529.1500244141
748.282776      1689.5015869141
748.599731      1610.4877929688
748.916626      1626.7553710938
749.233459      1598.8681640625
749.550232      1647.6707763672
749.867004      1543.0936279297
750.183655      1503.5867919922
750.500366      1561.6851806641
750.816956      1564.0090332031
751.133545      1561.6851806641
751.450073      1603.5159912109
751.766479      1633.7271728516
752.083008      1584.9245605469
752.399414      1573.3048095703
752.715698      1573.3048095703
753.032043      1547.7415771484
753.348328      1573.3048095703
753.664429      1605.8399658203
753.980713      1573.3048095703
754.296814      1587.2484130859
754.612854      1640.6989746094
754.928833      1633.7271728516
755.244873      1591.8963623047
755.560852      1601.1920166016
755.876709      1577.9526367188
756.192505      1603.5159912109
756.508362      1631.4031982422
756.824097      1591.8963623047
757.139771      1589.5723876953
757.455505      1570.9808349609
757.771118      1505.9106445313
758.086670      1559.3612060547
758.402222      1589.5723876953
758.717712      1647.6707763672
759.033081      1559.3612060547
759.348511      1601.1920166016
759.663879      1559.3612060547
759.979187      1540.7697753906
760.294434      1547.7415771484
760.609619      1615.1356201172
760.924805      1596.5441894531
761.239929      1566.3330078125
761.554993      1554.7133789063
761.869995      1605.8399658203
762.184998      1564.0090332031
762.499939      1533.7978515625
762.814880      1533.7978515625
763.129700      1608.1638183594
763.444519      1587.2484130859
763.759277      1584.9245605469
764.073975      1577.9526367188
764.388672      1471.0516357422
764.703308      1538.4458007813
765.017883      1587.2484130859
765.332397      1559.3612060547
765.646851      1580.2766113281
765.961304      1550.0654296875
766.275696      1540.7697753906
766.590088      1552.3894042969
766.904358      1522.1782226563
767.218628      1552.3894042969
767.532776      1649.9947509766
767.846924      1582.6005859375
768.161072      1666.2623291016
768.475159      1570.9808349609
768.789185      1598.8681640625
769.103149      1619.7835693359
769.417114      1566.3330078125
769.731079      1582.6005859375
770.044861      1608.1638183594
770.358643      1612.8117675781
770.672363      1615.1356201172
770.986084      1580.2766113281
771.299683      1608.1638183594
771.613403      1601.1920166016
771.927002      1559.3612060547
772.240479      1624.4313964844
772.553955      1575.6287841797
772.867371      1575.6287841797
773.180847      1603.5159912109
773.494141      1557.0372314453
773.807434      1573.3048095703
774.120667      1577.9526367188
774.433899      1629.0793457031
774.747009      1584.9245605469
775.060181      1577.9526367188
775.373230      1640.6989746094
775.686218      1587.2484130859
775.999207      1561.6851806641
776.312073      1566.3330078125
776.624939      1566.3330078125
776.937866      1577.9526367188
777.250671      1626.7553710938
777.563416      1503.5867919922
777.876099      1557.0372314453
778.188721      1575.6287841797
778.501343      1638.3750000000
778.813904      1577.9526367188
779.126404      1568.6569824219
779.438904      1570.9808349609
779.751282      1640.6989746094
780.063660      1538.4458007813
780.376038      1505.9106445313
780.688293      1603.5159912109
781.000549      1615.1356201172
781.312683      1580.2766113281
781.624817      1594.2202148438
781.937012      1533.7978515625
782.249023      1512.8824462891
782.561035      1594.2202148438
782.872986      1580.2766113281
783.184937      1587.2484130859
783.496765      1538.4458007813
783.808655      1543.0936279297
784.120422      1526.8260498047
784.432129      1615.1356201172
784.743774      1540.7697753906
785.055420      1566.3330078125
785.367004      1605.8399658203
785.678589      1624.4313964844
785.990051      1587.2484130859
786.301514      1577.9526367188
786.612976      1498.9388427734
786.924316      1598.8681640625
787.235657      1596.5441894531
787.546936      1610.4877929688
787.858154      1529.1500244141
788.169312      1575.6287841797
788.480408      1577.9526367188
788.791504      1526.8260498047
789.102600      1517.5303955078
789.413513      1568.6569824219
789.724487      1487.3192138672
790.035400      1617.4595947266
790.346191      1626.7553710938
790.657043      1584.9245605469
790.967834      1580.2766113281
791.278564      1547.7415771484
791.589172      1580.2766113281
791.899780      1591.8963623047
792.210327      1608.1638183594
792.520935      1517.5303955078
792.831421      1615.1356201172
793.141846      1545.4176025391
793.452209      1612.8117675781
793.762573      1612.8117675781
794.072815      1636.0511474609
794.383118      1536.1218261719
794.693359      1538.4458007813
795.003479      1568.6569824219
795.313538      1603.5159912109
795.623596      1550.0654296875
795.933716      1552.3894042969
796.243652      1526.8260498047
796.553589      1559.3612060547
796.863464      1575.6287841797
797.173218      1582.6005859375
797.483032      1512.8824462891
797.792786      1594.2202148438
798.102478      1550.0654296875
798.412109      1577.9526367188
798.721741      1561.6851806641
799.031250      1587.2484130859
799.340820      1624.4313964844
799.650269      1603.5159912109
799.959656      1594.2202148438
800.269043      1647.6707763672
800.578369      1615.1356201172
800.887573      1608.1638183594
801.196899      1589.5723876953
801.505981      1594.2202148438
801.815186      1643.0229492188
802.124207      1580.2766113281
802.433289      1524.5021972656
802.742188      1522.1782226563
803.051270      1564.0090332031
803.360168      1626.7553710938
803.668945      1594.2202148438
803.977783      1589.5723876953
804.286499      1645.3468017578
804.595276      1594.2202148438
804.903931      1557.0372314453
805.212524      1566.3330078125
805.521057      1596.5441894531
805.829590      1598.8681640625
806.138062      1591.8963623047
806.446533      1510.5585937500
806.754944      1547.7415771484
807.063293      1591.8963623047
807.371521      1673.2341308594
807.679749      1580.2766113281
807.987976      1608.1638183594
808.296143      1526.8260498047
808.604248      1589.5723876953
808.912292      1582.6005859375
809.220276      1631.4031982422
809.528198      1536.1218261719
809.836182      1591.8963623047
810.144043      1573.3048095703
810.451843      1615.1356201172
810.759644      1629.0793457031
811.067322      1612.8117675781
811.375061      1596.5441894531
811.682678      1587.2484130859
811.990295      1638.3750000000
812.297791      1661.6143798828
812.605286      1547.7415771484
812.912720      1547.7415771484
813.220154      1619.7835693359
813.527527      1559.3612060547
813.834839      1652.3186035156
814.142029      1568.6569824219
814.449219      1584.9245605469
814.756409      1575.6287841797
815.063538      1568.6569824219
815.370605      1494.2910156250
815.677612      1601.1920166016
815.984619      1584.9245605469
816.291504      1605.8399658203
816.598389      1647.6707763672
816.905273      1557.0372314453
817.212036      1626.7553710938
817.518738      1540.7697753906
817.825439      1531.4739990234
818.132080      1591.8963623047
818.438721      1608.1638183594
818.745239      1589.5723876953
819.051758      1617.4595947266
819.358215      1598.8681640625
819.664612      1619.7835693359
819.971008      1550.0654296875
820.277344      1587.2484130859
820.583557      1547.7415771484
820.889771      1622.1075439453
821.195923      1545.4176025391
821.502075      1603.5159912109
821.808167      1624.4313964844
822.114197      1517.5303955078
822.420166      1533.7978515625
822.726074      1538.4458007813
823.031921      1626.7553710938
823.337769      1643.0229492188
823.643677      1575.6287841797
823.949402      1675.5579833984
824.255066      1582.6005859375
824.560730      1545.4176025391
824.866272      1575.6287841797
825.171936      1584.9245605469
825.477356      1564.0090332031
825.782837      1575.6287841797
826.088257      1561.6851806641
826.393616      1519.8542480469
826.698914      1587.2484130859
827.004272      1515.2064208984
827.309448      1596.5441894531
827.614624      1533.7978515625
827.919739      1577.9526367188
828.224854      1547.7415771484
828.529907      1631.4031982422
828.834839      1612.8117675781
829.139832      1624.4313964844
829.444702      1531.4739990234
829.749512      1580.2766113281
830.054260      1570.9808349609
830.359131      1543.0936279297
830.663818      1575.6287841797
830.968506      1554.7133789063
831.273071      1638.3750000000
831.577576      1626.7553710938
831.882080      1636.0511474609
832.186646      1536.1218261719
832.491028      1608.1638183594
832.795410      1603.5159912109
833.099731      1608.1638183594
833.403931      1550.0654296875
833.708191      1617.4595947266
834.012390      1529.1500244141
834.316467      1608.1638183594
834.620605      1615.1356201172
834.924622      1643.0229492188
835.228577      1682.5297851563
835.532593      1570.9808349609
835.836426      1587.2484130859
836.140320      1573.3048095703
836.444031      1570.9808349609
836.747803      1594.2202148438
837.051514      1575.6287841797
837.355225      1591.8963623047
837.658752      1633.7271728516
837.962341      1603.5159912109
838.265808      1603.5159912109
838.569336      1577.9526367188
838.872742      1605.8399658203
839.176147      1517.5303955078
839.479370      1587.2484130859
839.782715      1610.4877929688
840.085876      1589.5723876953
840.389038      1582.6005859375
840.692261      1503.5867919922
840.995300      1536.1218261719
841.298340      1596.5441894531
841.601257      1522.1782226563
841.904236      1538.4458007813
842.207153      1589.5723876953
842.509949      1640.6989746094
842.812805      1570.9808349609
843.115540      1594.2202148438
843.418152      1640.6989746094
843.720825      1589.5723876953
844.023438      1577.9526367188
844.325989      1624.4313964844
844.628540      1561.6851806641
844.930969      1561.6851806641
845.233337      1577.9526367188
845.535767      1654.6425781250
845.838013      1631.4031982422
846.140259      1615.1356201172
846.442505      1591.8963623047
846.744690      1617.4595947266
847.046753      1587.2484130859
847.348877      1526.8260498047
847.650879      1561.6851806641
847.952881      1480.3474121094
848.254761      1564.0090332031
848.556641      1617.4595947266
848.858459      1575.6287841797
849.160278      1617.4595947266
849.462036      1584.9245605469
849.763733      1554.7133789063
850.065308      1543.0936279297
850.366882      1566.3330078125
850.668518      1510.5585937500
850.969971      1529.1500244141
851.271423      1536.1218261719
851.572815      1573.3048095703
851.874084      1564.0090332031
852.175476      1594.2202148438
852.476685      1538.4458007813
852.777893      1517.5303955078
853.079041      1638.3750000000
853.380127      1584.9245605469
853.681213      1577.9526367188
853.982239      1596.5441894531
854.283203      1598.8681640625
854.584106      1524.5021972656
854.885010      1564.0090332031
855.185791      1659.2904052734
855.486572      1575.6287841797
855.787292      1559.3612060547
856.088013      1577.9526367188
856.388611      1580.2766113281
856.689148      1598.8681640625
856.989685      1608.1638183594
857.290161      1603.5159912109
857.590637      1554.7133789063
857.890991      1643.0229492188
858.191284      1573.3048095703
858.491577      1577.9526367188
858.791809      1568.6569824219
859.092041      1570.9808349609
859.392212      1561.6851806641
859.692261      1584.9245605469
859.992310      1615.1356201172
860.292297      1522.1782226563
860.592224      1619.7835693359
860.892151      1561.6851806641
861.191956      1554.7133789063
861.491760      1626.7553710938
861.791565      1587.2484130859
862.091248      1547.7415771484
862.390930      1589.5723876953
862.690552      1582.6005859375
862.990051      1547.7415771484
863.289551      1605.8399658203
863.589050      1594.2202148438
863.888428      1615.1356201172
864.187805      1561.6851806641
864.487122      1582.6005859375
864.786377      1580.2766113281
865.085632      1605.8399658203
865.384705      1601.1920166016
865.683838      1584.9245605469
865.982971      1589.5723876953
866.281982      1575.6287841797
866.580933      1557.0372314453
866.879883      1575.6287841797
867.178711      1559.3612060547
867.477600      1519.8542480469
867.776367      1612.8117675781
868.075134      1566.3330078125
868.373718      1587.2484130859
868.672424      1559.3612060547
868.970947      1587.2484130859
869.269531      1612.8117675781
869.568054      1554.7133789063
869.866455      1598.8681640625
870.164856      1510.5585937500
870.463196      1559.3612060547
870.761536      1612.8117675781
871.059753      1619.7835693359
871.357971      1629.0793457031
871.656067      1622.1075439453
871.954102      1631.4031982422
872.252197      1591.8963623047
872.550232      1624.4313964844
872.848206      1484.9952392578
873.146057      1531.4739990234
873.443848      1568.6569824219
873.741638      1584.9245605469
874.039429      1647.6707763672
874.337158      1587.2484130859
874.634827      1561.6851806641
874.932373      1636.0511474609
875.229980      1638.3750000000
875.527466      1577.9526367188
875.825012      1552.3894042969
876.122375      1575.6287841797
876.419739      1594.2202148438
876.717041      1587.2484130859
877.014282      1575.6287841797
877.311462      1596.5441894531
877.608704      1608.1638183594
877.905762      1570.9808349609
878.202881      1587.2484130859
878.499817      1589.5723876953
878.796814      1596.5441894531
879.093811      1550.0654296875
879.390625      1610.4877929688
879.687439      1591.8963623047
879.984253      1554.7133789063
880.280884      1587.2484130859
880.577637      1564.0090332031
880.874268      1536.1218261719
881.170837      1643.0229492188
881.467346      1640.6989746094
881.763855      1584.9245605469
882.060242      1543.0936279297
882.356567      1577.9526367188
882.652954      1652.3186035156
882.949280      1580.2766113281
883.245483      1568.6569824219
883.541626      1552.3894042969
883.837830      1538.4458007813
884.133911      1594.2202148438
884.429932      1564.0090332031
884.725952      1566.3330078125
885.021851      1589.5723876953
885.317688      1543.0936279297
885.613525      1622.1075439453
885.909363      1617.4595947266
886.205078      1587.2484130859
