0.012400
190.260635         0.0000000000
190.642441         0.0000000000
191.024216      1279.2790527344
191.405975      1292.7451171875
191.787704      1328.6547851563
192.169403      1346.6094970703
192.551071      1310.6999511719
192.932724      1315.1885986328
193.314331      1339.8764648438
193.695923      1346.6094970703
194.077499      1337.6322021484
194.459030      1369.0529785156
194.840546      1382.5191650391
195.222031      1346.6094970703
195.603485      1294.9895019531
195.984909      1357.8312988281
196.366302      1389.2521972656
196.747681      1346.6094970703
197.129028      1371.2973632813
197.510345      1355.5869140625
197.891647      1324.1660156250
198.272919      1366.8087158203
198.654175      1321.9217529297
199.035355      1317.4329833984
199.416550      1364.5643310547
199.797714      1346.6094970703
200.178848      1303.9669189453
200.559937      1290.5008544922
200.941025      1348.8538818359
201.322083      1328.6547851563
201.703079      1290.5008544922
202.084091      1283.7678222656
202.465057      1274.7904052734
202.845993      1409.4512939453
203.226898      1297.2338867188
203.607788      1344.3652343750
203.988647      1366.8087158203
204.369461      1326.4104003906
204.750275      1317.4329833984
205.131042      1297.2338867188
205.511795      1243.3695068359
205.892517      1247.8581542969
206.273209      1241.1251220703
206.653870      1290.5008544922
207.034515      1277.0346679688
207.415115      1395.9852294922
207.795700      1324.1660156250
208.176254      1286.0120849609
208.556778      1299.4782714844
208.937271      1245.6137695313
209.317749      1292.7451171875
209.698196      1333.1434326172
210.078613      1263.5686035156
210.459000      1333.1434326172
210.839371      1346.6094970703
211.219696      1245.6137695313
211.600006      1315.1885986328
211.980286      1265.8129882813
212.360535      1330.8990478516
212.740768      1286.0120849609
213.120956      1398.2296142578
213.501129      1315.1885986328
213.881256      1290.5008544922
214.261383      1330.8990478516
214.641464      1344.3652343750
215.021530      1265.8129882813
215.401550      1324.1660156250
215.781570      1306.2113037109
216.161530      1270.3016357422
216.541504      1344.3652343750
216.921402      1362.3199462891
217.301315      1353.3426513672
217.681152      1364.5643310547
218.061005      1337.6322021484
218.440811      1259.0799560547
218.820587      1274.7904052734
219.200348      1312.9443359375
219.580078      1355.5869140625
219.959763      1335.3878173828
220.339432      1290.5008544922
220.719070      1290.5008544922
221.098694      1355.5869140625
221.478271      1297.2338867188
221.857819      1297.2338867188
222.237366      1335.3878173828
222.616867      1279.2790527344
222.996338      1292.7451171875
223.375778      1180.5277099609
223.755188      1346.6094970703
224.134583      1333.1434326172
224.513947      1308.4555664063
224.893265      1321.9217529297
225.272583      1303.9669189453
225.651855      1279.2790527344
226.031097      1357.8312988281
226.410339      1292.7451171875
226.789520      1315.1885986328
227.168686      1301.7225341797
227.547806      1277.0346679688
227.926926      1292.7451171875
228.306015      1330.8990478516
228.685059      1362.3199462891
229.064087      1362.3199462891
229.443069      1310.6999511719
229.822037      1290.5008544922
230.200989      1209.7042236328
230.579895      1279.2790527344
230.958786      1272.5460205078
231.337631      1310.6999511719
231.716461      1297.2338867188
232.095261      1326.4104003906
232.474030      1333.1434326172
232.852783      1357.8312988281
233.231476      1245.6137695313
233.610184      1317.4329833984
233.988831      1254.5911865234
234.367462      1259.0799560547
234.746048      1286.0120849609
235.124649      1268.0573730469
235.503159      1303.9669189453
235.881683      1335.3878173828
236.260162      1292.7451171875
236.638641      1328.6547851563
237.017075      1288.2564697266
237.395477      1299.4782714844
237.773834      1268.0573730469
238.152176      1254.5911865234
238.530502      1321.9217529297
238.908783      1292.7451171875
239.287048      1299.4782714844
239.665268      1263.5686035156
240.043472      1277.0346679688
240.421661      1265.8129882813
240.799805      1308.4555664063
241.177902      1283.7678222656
241.556000      1346.6094970703
241.934052      1277.0346679688
242.312088      1324.1660156250
242.690094      1328.6547851563
243.068054      1339.8764648438
243.446014      1366.8087158203
243.823929      1270.3016357422
244.201813      1288.2564697266
244.579666      1308.4555664063
244.957504      1357.8312988281
245.335297      1333.1434326172
245.713074      1292.7451171875
246.090820      1326.4104003906
246.468536      1317.4329833984
246.846207      1326.4104003906
247.223862      1315.1885986328
247.601501      1310.6999511719
247.979095      1301.7225341797
248.356674      1294.9895019531
248.734222      1330.8990478516
249.111725      1335.3878173828
249.489212      1301.7225341797
249.866669      1261.3242187500
250.244095      1265.8129882813
250.621506      1373.5417480469
250.998871      1324.1660156250
251.376221      1301.7225341797
251.753510      1346.6094970703
252.130814      1360.0756835938
252.508057      1250.1025390625
252.885284      1319.6773681641
253.262466      1306.2113037109
253.639648      1346.6094970703
254.016769      1353.3426513672
254.393906      1328.6547851563
254.770966      1279.2790527344
255.148026      1236.6364746094
255.525040      1346.6094970703
255.902054      1306.2113037109
256.278992      1324.1660156250
256.655945      1290.5008544922
257.032837      1319.6773681641
257.409729      1337.6322021484
257.786591      1265.8129882813
258.163391      1290.5008544922
258.540161      1299.4782714844
258.916962      1369.0529785156
259.293701      1380.2747802734
259.670380      1310.6999511719
260.047058      1211.9486083984
260.423706      1319.6773681641
260.800323      1353.3426513672
261.176880      1281.5234375000
261.553436      1306.2113037109
261.929962      1344.3652343750
262.306488      1308.4555664063
262.682953      1373.5417480469
263.059387      1344.3652343750
263.435791      1362.3199462891
263.812195      1290.5008544922
264.188507      1369.0529785156
264.564850      1245.6137695313
264.941132      1301.7225341797
265.317413      1391.4965820313
265.693634      1315.1885986328
266.069885      1306.2113037109
266.446045      1330.8990478516
266.822174      1241.1251220703
267.198273      1238.8807373047
267.574371      1351.0982666016
267.950439      1335.3878173828
268.326447      1256.8355712891
268.702454      1290.5008544922
269.078430      1286.0120849609
269.454376      1335.3878173828
269.830292      1308.4555664063
270.206146      1241.1251220703
270.582001      1321.9217529297
270.957825      1286.0120849609
271.333618      1236.6364746094
271.709381      1283.7678222656
272.085144      1290.5008544922
272.460815      1232.1477050781
272.836487      1330.8990478516
273.212128      1241.1251220703
273.587769      1306.2113037109
273.963348      1268.0573730469
274.338898      1268.0573730469
274.714447      1310.6999511719
275.089935      1279.2790527344
275.465393      1303.9669189453
275.840820      1261.3242187500
276.216278      1290.5008544922
276.591644      1299.4782714844
276.966949      1283.7678222656
277.342285      1299.4782714844
277.717590      1256.8355712891
278.092834      1247.8581542969
278.468048      1288.2564697266
278.843262      1310.6999511719
279.218445      1326.4104003906
279.593567      1272.5460205078
279.968658      1335.3878173828
280.343781      1330.8990478516
280.718811      1283.7678222656
281.093842      1333.1434326172
281.468811      1297.2338867188
281.843781      1312.9443359375
282.218719      1306.2113037109
282.593628      1272.5460205078
282.968506      1339.8764648438
283.343353      1310.6999511719
283.718170      1292.7451171875
284.092896      1315.1885986328
284.467682      1328.6547851563
284.842407      1339.8764648438
285.217102      1301.7225341797
285.591766      1250.1025390625
285.966400      1355.5869140625
286.340973      1281.5234375000
286.715576      1281.5234375000
287.090118      1328.6547851563
287.464630      1362.3199462891
287.839081      1301.7225341797
288.213562      1290.5008544922
288.587982      1236.6364746094
288.962372      1315.1885986328
289.336731      1286.0120849609
289.711060      1272.5460205078
290.085327      1211.9486083984
290.459625      1261.3242187500
290.833862      1330.8990478516
291.208069      1330.8990478516
291.582275      1247.8581542969
291.956421      1292.7451171875
292.330505      1301.7225341797
292.704620      1299.4782714844
293.078705      1357.8312988281
293.452698      1301.7225341797
293.826691      1337.6322021484
294.200684      1308.4555664063
294.574615      1286.0120849609
294.948517      1306.2113037109
295.322388      1326.4104003906
295.696259      1382.5191650391
296.070068      1330.8990478516
296.443848      1326.4104003906
296.817596      1344.3652343750
297.191345      1270.3016357422
297.565063      1256.8355712891
297.938690      1303.9669189453
298.312317      1254.5911865234
298.685913      1342.1208496094
299.059540      1319.6773681641
299.433044      1268.0573730469
299.806549      1297.2338867188
300.180054      1321.9217529297
300.553528      1333.1434326172
300.926910      1292.7451171875
301.300323      1335.3878173828
301.673676      1297.2338867188
302.046997      1229.9034423828
302.420319      1308.4555664063
302.793579      1268.0573730469
303.166809      1254.5911865234
303.540039      1274.7904052734
303.913208      1283.7678222656
304.286377      1344.3652343750
304.659454      1335.3878173828
305.032593      1355.5869140625
305.405609      1315.1885986328
305.778656      1281.5234375000
306.151611      1241.1251220703
306.524597      1268.0573730469
306.897522      1380.2747802734
307.270416      1360.0756835938
307.643280      1312.9443359375
308.016144      1330.8990478516
308.388916      1265.8129882813
308.761749      1268.0573730469
309.134460      1281.5234375000
309.507202      1241.1251220703
309.879913      1351.0982666016
310.252563      1301.7225341797
310.625153      1268.0573730469
310.997742      1234.3920898438
311.370361      1321.9217529297
311.742859      1306.2113037109
312.115356      1351.0982666016
312.487823      1312.9443359375
312.860291      1326.4104003906
313.232697      1238.8807373047
313.605042      1281.5234375000
313.977386      1279.2790527344
314.349731      1268.0573730469
314.721985      1328.6547851563
315.094269      1339.8764648438
315.466492      1297.2338867188
315.838684      1303.9669189453
316.210846      1321.9217529297
316.582977      1342.1208496094
316.955048      1315.1885986328
317.327148      1261.3242187500
317.699158      1292.7451171875
318.071167      1306.2113037109
318.443176      1328.6547851563
318.815125      1382.5191650391
319.187012      1299.4782714844
319.558868      1324.1660156250
319.930756      1342.1208496094
320.302582      1357.8312988281
320.674347      1312.9443359375
321.046112      1355.5869140625
321.417847      1281.5234375000
321.789581      1326.4104003906
322.161224      1301.7225341797
322.532867      1303.9669189453
322.904419      1286.0120849609
323.276031      1207.4598388672
323.647583      1247.8581542969
324.019073      1319.6773681641
324.390533      1362.3199462891
324.762024      1330.8990478516
325.133423      1294.9895019531
325.504791      1274.7904052734
325.876129      1223.1702880859
326.247467      1281.5234375000
326.618774      1254.5911865234
326.990021      1339.8764648438
327.361237      1317.4329833984
327.732452      1301.7225341797
328.103607      1337.6322021484
328.474731      1294.9895019531
328.845825      1252.3469238281
329.216919      1312.9443359375
329.587952      1254.5911865234
329.958954      1315.1885986328
330.329926      1317.4329833984
330.700867      1247.8581542969
331.071808      1342.1208496094
331.442688      1297.2338867188
331.813507      1344.3652343750
332.184357      1303.9669189453
332.555115      1321.9217529297
332.925873      1263.5686035156
333.296570      1299.4782714844
333.667267      1335.3878173828
334.037994      1259.0799560547
334.408600      1317.4329833984
334.779144      1400.4738769531
335.149750      1301.7225341797
335.520294      1366.8087158203
335.890778      1306.2113037109
336.261230      1274.7904052734
336.631683      1348.8538818359
337.002106      1330.8990478516
337.372498      1238.8807373047
337.742798      1299.4782714844
338.113129      1301.7225341797
338.483429      1339.8764648438
338.853668      1259.0799560547
339.223907      1301.7225341797
339.594086      1337.6322021484
339.964233      1272.5460205078
340.334381      1288.2564697266
340.704437      1294.9895019531
341.074493      1319.6773681641
341.444519      1281.5234375000
341.814545      1355.5869140625
342.184509      1268.0573730469
342.554413      1279.2790527344
342.924347      1326.4104003906
343.294220      1281.5234375000
343.664032      1299.4782714844
344.033813      1312.9443359375
344.403595      1303.9669189453
344.773346      1299.4782714844
345.143036      1342.1208496094
345.512695      1290.5008544922
345.882385      1301.7225341797
346.251984      1355.5869140625
346.621552      1330.8990478516
346.991089      1290.5008544922
347.360626      1422.9173583984
347.730103      1310.6999511719
348.099548      1333.1434326172
348.468964      1290.5008544922
348.838379      1346.6094970703
349.207764      1339.8764648438
349.577057      1261.3242187500
349.946320      1328.6547851563
350.315582      1324.1660156250
350.684845      1360.0756835938
351.054047      1283.7678222656
351.423157      1202.9711914063
351.792328      1286.0120849609
352.161438      1321.9217529297
352.530487      1315.1885986328
352.899506      1369.0529785156
353.268524      1321.9217529297
353.637512      1250.1025390625
354.006409      1357.8312988281
354.375336      1348.8538818359
354.744232      1335.3878173828
355.113068      1369.0529785156
355.481873      1274.7904052734
355.850616      1297.2338867188
356.219391      1413.9400634766
356.588135      1330.8990478516
356.956818      1310.6999511719
357.325470      1317.4329833984
357.694031      1339.8764648438
358.062653      1382.5191650391
358.431213      1247.8581542969
358.799713      1301.7225341797
359.168182      1306.2113037109
359.536652      1326.4104003906
359.905090      1344.3652343750
360.273438      1335.3878173828
360.641785      1286.0120849609
361.010132      1245.6137695313
361.378448      1238.8807373047
361.746704      1306.2113037109
362.114899      1330.8990478516
362.483124      1342.1208496094
362.851288      1337.6322021484
363.219421      1303.9669189453
363.587463      1274.7904052734
363.955566      1279.2790527344
364.323608      1281.5234375000
364.691589      1355.5869140625
365.059540      1344.3652343750
365.427490      1357.8312988281
365.795410      1328.6547851563
366.163269      1303.9669189453
366.531067      1330.8990478516
366.898895      1335.3878173828
367.266693      1335.3878173828
367.634430      1301.7225341797
368.002106      1299.4782714844
368.369812      1312.9443359375
368.737457      1283.7678222656
369.105042      1268.0573730469
369.472595      1330.8990478516
369.840149      1290.5008544922
370.207672      1315.1885986328
370.575134      1357.8312988281
370.942566      1274.7904052734
371.309998      1292.7451171875
371.677399      1342.1208496094
372.044708      1261.3242187500
372.411987      1236.6364746094
372.779297      1277.0346679688
373.146576      1315.1885986328
373.513794      1299.4782714844
373.880951      1310.6999511719
374.248077      1265.8129882813
374.615204      1286.0120849609
374.982300      1281.5234375000
375.349365      1265.8129882813
375.716339      1342.1208496094
376.083374      1277.0346679688
376.450317      1317.4329833984
376.817230      1292.7451171875
377.184082      1315.1885986328
377.550964      1238.8807373047
377.917786      1344.3652343750
378.284576      1299.4782714844
378.651306      1326.4104003906
379.018036      1375.7861328125
379.384735      1344.3652343750
379.751373      1398.2296142578
380.117981      1355.5869140625
380.484589      1252.3469238281
380.851166      1321.9217529297
381.217651      1342.1208496094
381.584137      1346.6094970703
381.950623      1335.3878173828
382.317017      1308.4555664063
382.683411      1315.1885986328
383.049774      1290.5008544922
383.416107      1312.9443359375
383.782410      1303.9669189453
384.148651      1265.8129882813
384.514832      1353.3426513672
384.881042      1272.5460205078
385.247223      1326.4104003906
385.613342      1355.5869140625
385.979401      1364.5643310547
386.345459      1281.5234375000
386.711517      1236.6364746094
387.077484      1362.3199462891
387.443420      1303.9669189453
387.809357      1243.3695068359
388.175262      1243.3695068359
388.541107      1357.8312988281
388.906891      1274.7904052734
389.272705      1319.6773681641
389.638489      1254.5911865234
390.004211      1252.3469238281
390.369873      1326.4104003906
390.735535      1317.4329833984
391.101196      1299.4782714844
391.466766      1247.8581542969
391.832336      1319.6773681641
392.197815      1317.4329833984
392.563324      1308.4555664063
392.928802      1283.7678222656
393.294189      1335.3878173828
393.659607      1328.6547851563
394.024963      1261.3242187500
394.390289      1299.4782714844
394.755554      1290.5008544922
395.120789      1299.4782714844
395.486023      1380.2747802734
395.851227      1290.5008544922
396.216370      1312.9443359375
396.581482      1339.8764648438
396.946564      1333.1434326172
397.311646      1294.9895019531
397.676636      1351.0982666016
398.041626      1286.0120849609
398.406586      1292.7451171875
398.771515      1297.2338867188
399.136383      1328.6547851563
399.501221      1366.8087158203
399.866058      1355.5869140625
400.230865      1330.8990478516
400.595581      1299.4782714844
400.960297      1346.6094970703
401.324982      1330.8990478516
401.689636      1288.2564697266
402.054230      1299.4782714844
402.418793      1303.9669189453
402.783356      1308.4555664063
403.147919      1326.4104003906
403.512360      1351.0982666016
403.876770      1292.7451171875
404.241211      1342.1208496094
404.605621      1274.7904052734
404.969910      1335.3878173828
405.334229      1317.4329833984
405.698517      1301.7225341797
406.062775      1312.9443359375
406.426971      1294.9895019531
406.791107      1263.5686035156
407.155273      1279.2790527344
407.519379      1245.6137695313
407.883484      1297.2338867188
408.247498      1321.9217529297
408.611481      1290.5008544922
408.975464      1241.1251220703
409.339417      1236.6364746094
409.703308      1254.5911865234
410.067169      1378.0303955078
410.431030      1416.1843261719
410.794800      1344.3652343750
411.158569      1335.3878173828
411.522278      1418.4287109375
411.885986      1308.4555664063
412.249664      1384.7634277344
412.613312      1391.4965820313
412.976868      1351.0982666016
413.340454      1243.3695068359
413.703979      1324.1660156250
414.067474      1238.8807373047
414.430908      1330.8990478516
414.794342      1310.6999511719
415.157745      1299.4782714844
415.521088      1348.8538818359
415.884369      1268.0573730469
416.247711      1290.5008544922
416.610931      1339.8764648438
416.974152      1254.5911865234
417.337341      1353.3426513672
417.700500      1303.9669189453
418.063629      1351.0982666016
418.426697      1344.3652343750
418.789703      1290.5008544922
419.152740      1252.3469238281
419.515717      1297.2338867188
419.878662      1373.5417480469
420.241577      1288.2564697266
420.604431      1277.0346679688
420.967285      1326.4104003906
421.330109      1297.2338867188
421.692841      1283.7678222656
422.055603      1229.9034423828
422.418335      1303.9669189453
422.780975      1297.2338867188
423.143585      1330.8990478516
423.506226      1337.6322021484
423.868774      1301.7225341797
424.231293      1288.2564697266
424.593811      1317.4329833984
424.956238      1279.2790527344
425.318665      1297.2338867188
425.681091      1312.9443359375
426.043427      1310.6999511719
426.405731      1362.3199462891
426.768036      1306.2113037109
427.130310      1339.8764648438
427.492493      1288.2564697266
427.854675      1324.1660156250
428.216858      1308.4555664063
428.578979      1306.2113037109
428.941040      1326.4104003906
429.303040      1303.9669189453
429.665070      1321.9217529297
430.027069      1328.6547851563
430.389008      1297.2338867188
430.750885      1360.0756835938
431.112762      1254.5911865234
431.474640      1326.4104003906
431.836395      1391.4965820313
432.198181      1301.7225341797
432.559937      1308.4555664063
432.921600      1211.9486083984
433.283264      1339.8764648438
433.644867      1317.4329833984
434.006500      1272.5460205078
434.368073      1252.3469238281
434.729553      1283.7678222656
435.091034      1288.2564697266
435.452515      1265.8129882813
435.813934      1281.5234375000
436.175293      1290.5008544922
436.536621      1310.6999511719
436.897949      1261.3242187500
437.259277      1279.2790527344
437.620483      1299.4782714844
437.981659      1294.9895019531
438.342865      1324.1660156250
438.704010      1418.4287109375
439.065125      1319.6773681641
439.426178      1330.8990478516
439.787201      1286.0120849609
440.148224      1274.7904052734
440.509186      1351.0982666016
440.870087      1299.4782714844
441.230988      1265.8129882813
441.591858      1330.8990478516
441.952667      1299.4782714844
442.313416      1308.4555664063
442.674194      1283.7678222656
443.034912      1283.7678222656
443.395630      1324.1660156250
443.756226      1308.4555664063
444.116852      1344.3652343750
444.477417      1200.7268066406
444.837982      1369.0529785156
445.198456      1371.2973632813
445.558960      1286.0120849609
445.919403      1268.0573730469
446.279816      1328.6547851563
446.640106      1288.2564697266
447.000458      1288.2564697266
447.360779      1378.0303955078
447.721039      1321.9217529297
448.081207      1299.4782714844
448.441406      1303.9669189453
448.801575      1252.3469238281
449.161713      1268.0573730469
449.521759      1268.0573730469
449.881805      1254.5911865234
450.241852      1324.1660156250
450.601837      1310.6999511719
450.961792      1286.0120849609
451.321655      1277.0346679688
451.681549      1268.0573730469
452.041382      1333.1434326172
452.401184      1274.7904052734
452.760895      1301.7225341797
453.120636      1259.0799560547
453.480347      1315.1885986328
453.840027      1299.4782714844
454.199585      1344.3652343750
454.559174      1297.2338867188
454.918762      1342.1208496094
455.278290      1286.0120849609
455.637726      1308.4555664063
455.997162      1366.8087158203
456.356598      1299.4782714844
456.715973      1317.4329833984
457.075287      1360.0756835938
457.434570      1283.7678222656
457.793854      1330.8990478516
458.153107      1378.0303955078
458.512268      1369.0529785156
458.871429      1277.0346679688
459.230560      1292.7451171875
459.589661      1315.1885986328
459.948639      1344.3652343750
460.307678      1294.9895019531
460.666687      1333.1434326172
461.025635      1342.1208496094
461.384491      1277.0346679688
461.743378      1321.9217529297
462.102264      1308.4555664063
462.461060      1351.0982666016
462.819794      1312.9443359375
463.178497      1259.0799560547
463.537231      1326.4104003906
463.895905      1337.6322021484
464.254456      1357.8312988281
464.613068      1259.0799560547
464.971649      1315.1885986328
465.330170      1283.7678222656
465.688568      1330.8990478516
466.047028      1312.9443359375
466.405457      1360.0756835938
466.763855      1328.6547851563
467.122192      1297.2338867188
467.480438      1324.1660156250
467.838715      1324.1660156250
468.196960      1281.5234375000
468.555176      1362.3199462891
468.913269      1382.5191650391
469.271393      1319.6773681641
469.629486      1265.8129882813
469.987549      1303.9669189453
470.345520      1308.4555664063
470.703491      1357.8312988281
471.061462      1268.0573730469
471.419342      1270.3016357422
471.777191      1301.7225341797
472.135040      1344.3652343750
472.492828      1292.7451171875
472.850586      1250.1025390625
473.208282      1290.5008544922
473.565979      1290.5008544922
473.923615      1312.9443359375
474.281281      1306.2113037109
474.638794      1393.7408447266
474.996338      1299.4782714844
475.353851      1369.0529785156
475.711334      1292.7451171875
476.068726      1351.0982666016
476.426117      1330.8990478516
476.783478      1355.5869140625
477.140808      1294.9895019531
477.498077      1308.4555664063
477.855316      1317.4329833984
478.212555      1286.0120849609
478.569763      1346.6094970703
478.926819      1303.9669189453
479.283936      1277.0346679688
479.641022      1310.6999511719
479.998077      1299.4782714844
480.355011      1294.9895019531
480.711975      1337.6322021484
481.068939      1312.9443359375
481.425842      1288.2564697266
481.782623      1366.8087158203
482.139435      1306.2113037109
482.496216      1283.7678222656
482.852966      1328.6547851563
483.209717      1259.0799560547
483.566315      1236.6364746094
483.922943      1353.3426513672
484.279572      1364.5643310547
484.636139      1281.5234375000
484.992615      1292.7451171875
485.349121      1312.9443359375
485.705566      1243.3695068359
486.062012      1281.5234375000
486.418304      1326.4104003906
486.774689      1292.7451171875
487.130981      1254.5911865234
487.487274      1234.3920898438
487.843445      1299.4782714844
488.199615      1294.9895019531
488.555786      1344.3652343750
488.911957      1335.3878173828
489.267975      1283.7678222656
489.624023      1261.3242187500
489.980042      1272.5460205078
490.336029      1234.3920898438
490.691925      1259.0799560547
491.047821      1297.2338867188
491.403687      1270.3016357422
491.759521      1272.5460205078
492.115265      1292.7451171875
492.471008      1223.1702880859
492.826752      1346.6094970703
493.182434      1355.5869140625
493.538025      1261.3242187500
493.893646      1324.1660156250
494.249207      1364.5643310547
494.604736      1321.9217529297
494.960205      1333.1434326172
495.315674      1292.7451171875
495.671082      1279.2790527344
496.026489      1303.9669189453
496.381775      1297.2338867188
496.737091      1247.8581542969
497.092377      1346.6094970703
497.447632      1315.1885986328
497.802795      1342.1208496094
498.157959      1299.4782714844
498.513062      1315.1885986328
498.868195      1382.5191650391
499.223175      1308.4555664063
499.578217      1339.8764648438
499.933167      1297.2338867188
500.288116      1344.3652343750
500.643036      1315.1885986328
500.997833      1315.1885986328
501.352692      1321.9217529297
501.707489      1324.1660156250
502.062225      1288.2564697266
502.416901      1310.6999511719
502.771606      1216.4372558594
503.126221      1330.8990478516
503.480865      1288.2564697266
503.835358      1286.0120849609
504.189941      1236.6364746094
504.544434      1339.8764648438
504.898865      1297.2338867188
505.253265      1344.3652343750
505.607635      1344.3652343750
505.961975      1207.4598388672
506.316315      1346.6094970703
506.670532      1306.2113037109
507.024750      1326.4104003906
507.378967      1283.7678222656
507.733154      1290.5008544922
508.087189      1292.7451171875
508.441315      1303.9669189453
508.795349      1256.8355712891
509.149353      1339.8764648438
509.503265      1330.8990478516
509.857208      1337.6322021484
510.211121      1312.9443359375
510.565002      1310.6999511719
510.918762      1326.4104003906
511.272583      1216.4372558594
511.626312      1277.0346679688
511.980042      1328.6547851563
512.333618      1294.9895019531
512.687256      1308.4555664063
513.040894      1268.0573730469
513.394470      1259.0799560547
513.747925      1252.3469238281
514.101440      1301.7225341797
514.454895      1277.0346679688
514.808289      1286.0120849609
515.161621      1315.1885986328
515.514893      1250.1025390625
515.868225      1220.9260253906
516.221497      1315.1885986328
516.574707      1348.8538818359
516.927856      1364.5643310547
517.281006      1335.3878173828
517.634155      1319.6773681641
517.987183      1299.4782714844
518.340210      1366.8087158203
518.693237      1306.2113037109
519.046204      1281.5234375000
519.399048      1306.2113037109
519.751892      1250.1025390625
520.104736      1254.5911865234
520.457520      1324.1660156250
520.810364      1319.6773681641
521.163025      1281.5234375000
521.515686      1261.3242187500
521.868408      1319.6773681641
522.221008      1391.4965820313
522.573547      1312.9443359375
522.926086      1369.0529785156
523.278625      1319.6773681641
523.631042      1342.1208496094
523.983459      1310.6999511719
524.335815      1268.0573730469
524.688171      1281.5234375000
525.040527      1326.4104003906
525.392761      1274.7904052734
525.744934      1317.4329833984
526.097168      1297.2338867188
526.449341      1268.0573730469
526.801453      1337.6322021484
527.153503      1339.8764648438
527.505554      1328.6547851563
527.857544      1375.7861328125
528.209534      1256.8355712891
528.561462      1306.2113037109
528.913330      1364.5643310547
529.265198      1277.0346679688
529.617004      1330.8990478516
529.968750      1342.1208496094
530.320496      1268.0573730469
530.672180      1303.9669189453
531.023804      1294.9895019531
531.375488      1268.0573730469
531.727051      1319.6773681641
532.078613      1348.8538818359
532.430115      1308.4555664063
532.781555      1324.1660156250
533.132996      1330.8990478516
533.484375      1279.2790527344
533.835815      1357.8312988281
534.187073      1337.6322021484
534.538330      1308.4555664063
534.889587      1328.6547851563
535.240784      1256.8355712891
535.591919      1326.4104003906
535.942993      1265.8129882813
536.294128      1297.2338867188
536.645203      1315.1885986328
536.996155      1288.2564697266
537.347107      1324.1660156250
537.698120      1263.5686035156
538.049011      1277.0346679688
538.399841      1315.1885986328
538.750610      1351.0982666016
539.101440      1252.3469238281
539.452209      1335.3878173828
539.802856      1346.6094970703
540.153503      1283.7678222656
540.504150      1344.3652343750
540.854736      1308.4555664063
541.205261      1353.3426513672
541.555786      1286.0120849609
541.906250      1306.2113037109
542.256714      1229.9034423828
542.607056      1324.1660156250
542.957458      1326.4104003906
543.307739      1303.9669189453
543.658020      1234.3920898438
544.008240      1274.7904052734
544.358398      1281.5234375000
544.708618      1369.0529785156
545.058777      1312.9443359375
545.408813      1342.1208496094
545.758850      1308.4555664063
546.108887      1387.0078125000
546.458862      1321.9217529297
546.808716      1272.5460205078
547.158691      1265.8129882813
547.508545      1225.4146728516
547.858337      1299.4782714844
548.208069      1335.3878173828
548.557800      1369.0529785156
548.907532      1263.5686035156
549.257202      1250.1025390625
549.606812      1330.8990478516
549.956360      1294.9895019531
550.305908      1299.4782714844
550.655457      1303.9669189453
551.004883      1299.4782714844
551.354309      1319.6773681641
551.703674      1339.8764648438
552.053040      1315.1885986328
552.402405      1351.0982666016
552.751587      1303.9669189453
553.100830      1382.5191650391
553.450012      1294.9895019531
553.799255      1241.1251220703
554.148254      1337.6322021484
554.497375      1317.4329833984
554.846436      1256.8355712891
555.195435      1364.5643310547
555.544373      1272.5460205078
555.893250      1335.3878173828
556.242188      1315.1885986328
556.591003      1241.1251220703
556.939758      1319.6773681641
557.288574      1234.3920898438
557.637268      1274.7904052734
557.985962      1263.5686035156
558.334595      1216.4372558594
558.683228      1286.0120849609
559.031799      1294.9895019531
559.380310      1360.0756835938
559.728760      1272.5460205078
560.077209      1306.2113037109
560.425659      1326.4104003906
560.774048      1286.0120849609
561.122314      1330.8990478516
561.470581      1288.2564697266
561.818909      1312.9443359375
562.167114      1265.8129882813
562.515259      1362.3199462891
562.863342      1315.1885986328
563.211487      1265.8129882813
563.559570      1297.2338867188
563.907532      1312.9443359375
564.255554      1290.5008544922
564.603455      1277.0346679688
564.951355      1286.0120849609
565.299255      1263.5686035156
565.647095      1297.2338867188
565.994812      1286.0120849609
566.342590      1283.7678222656
566.690308      1243.3695068359
567.037903      1272.5460205078
567.385620      1387.0078125000
567.733154      1353.3426513672
568.080750      1268.0573730469
568.428162      1351.0982666016
568.775696      1281.5234375000
569.123108      1326.4104003906
569.470520      1290.5008544922
569.817810      1321.9217529297
570.165161      1310.6999511719
570.512451      1299.4782714844
570.859680      1348.8538818359
571.206787      1286.0120849609
571.554016      1366.8087158203
571.901062      1317.4329833984
572.248169      1292.7451171875
572.595154      1303.9669189453
572.942200      1328.6547851563
573.289124      1310.6999511719
573.636047      1308.4555664063
573.982849      1281.5234375000
574.329712      1272.5460205078
574.676514      1339.8764648438
575.023315      1315.1885986328
575.369995      1268.0573730469
575.716675      1283.7678222656
576.063293      1290.5008544922
576.409912      1317.4329833984
576.756409      1353.3426513672
577.102966      1369.0529785156
577.449402      1353.3426513672
577.795898      1281.5234375000
578.142273      1261.3242187500
578.488647      1297.2338867188
578.834961      1321.9217529297
579.181213      1308.4555664063
579.527405      1312.9443359375
579.873596      1346.6094970703
580.219788      1384.7634277344
580.565918      1303.9669189453
580.911926      1243.3695068359
581.258057      1326.4104003906
581.604065      1297.2338867188
581.949951      1286.0120849609
582.295898      1274.7904052734
582.641724      1277.0346679688
582.987610      1312.9443359375
583.333435      1333.1434326172
583.679199      1301.7225341797
584.024902      1339.8764648438
584.370544      1391.4965820313
584.716187      1348.8538818359
585.061829      1378.0303955078
585.407349      1292.7451171875
585.752869      1265.8129882813
586.098328      1321.9217529297
586.443787      1339.8764648438
586.789124      1335.3878173828
587.134521      1387.0078125000
587.479858      1353.3426513672
587.825134      1330.8990478516
588.170288      1344.3652343750
588.515564      1321.9217529297
588.860657      1281.5234375000
589.205872      1333.1434326172
589.550842      1333.1434326172
589.895935      1270.3016357422
590.240906      1333.1434326172
590.585876      1317.4329833984
590.930786      1357.8312988281
591.275635      1321.9217529297
591.620483      1321.9217529297
591.965271      1337.6322021484
592.310059      1261.3242187500
592.654724      1299.4782714844
592.999451      1288.2564697266
593.344055      1241.1251220703
593.688660      1272.5460205078
594.033203      1268.0573730469
594.377686      1268.0573730469
594.722229      1301.7225341797
595.066528      1326.4104003906
595.411011      1290.5008544922
595.755371      1238.8807373047
596.099670      1326.4104003906
596.443848      1306.2113037109
596.788147      1339.8764648438
597.132324      1312.9443359375
597.476501      1344.3652343750
597.820618      1310.6999511719
598.164612      1330.8990478516
598.508667      1306.2113037109
598.852661      1301.7225341797
599.196655      1259.0799560547
599.540466      1283.7678222656
599.884338      1245.6137695313
600.228210      1308.4555664063
600.571960      1319.6773681641
600.915710      1364.5643310547
601.259460      1308.4555664063
601.603088      1375.7861328125
601.946716      1382.5191650391
602.290283      1277.0346679688
602.633850      1301.7225341797
602.977295      1299.4782714844
603.320801      1297.2338867188
603.664124      1272.5460205078
604.007568      1297.2338867188
604.350952      1342.1208496094
604.694214      1337.6322021484
605.037415      1261.3242187500
605.380676      1373.5417480469
605.723816      1294.9895019531
606.066956      1353.3426513672
606.410034      1292.7451171875
606.753052      1297.2338867188
607.096130      1241.1251220703
607.439087      1312.9443359375
607.781921      1310.6999511719
608.124878      1297.2338867188
608.467712      1268.0573730469
608.810547      1301.7225341797
609.153259      1277.0346679688
609.495972      1357.8312988281
609.838684      1277.0346679688
610.181335      1308.4555664063
610.523865      1294.9895019531
610.866516      1312.9443359375
611.209045      1252.3469238281
611.551453      1292.7451171875
611.893921      1308.4555664063
612.236267      1254.5911865234
612.578674      1254.5911865234
612.920959      1268.0573730469
613.263306      1315.1885986328
613.605469      1290.5008544922
613.947632      1330.8990478516
614.289795      1243.3695068359
614.631958      1324.1660156250
614.973938      1339.8764648438
615.315979      1310.6999511719
615.657959      1290.5008544922
615.999939      1328.6547851563
616.341858      1279.2790527344
616.683716      1236.6364746094
617.025513      1333.1434326172
617.367310      1303.9669189453
617.708984      1286.0120849609
618.050720      1294.9895019531
618.392395      1366.8087158203
618.734070      1286.0120849609
619.075500      1294.9895019531
619.417114      1252.3469238281
619.758606      1281.5234375000
620.100098      1344.3652343750
620.441467      1328.6547851563
620.782776      1310.6999511719
621.124146      1330.8990478516
621.465393      1299.4782714844
621.806641      1312.9443359375
622.147888      1310.6999511719
622.489014      1364.5643310547
622.830139      1308.4555664063
623.171204      1290.5008544922
623.512207      1303.9669189453
623.853271      1312.9443359375
624.194214      1277.0346679688
624.535095      1294.9895019531
624.875916      1344.3652343750
625.216797      1227.6590576172
625.557617      1324.1660156250
625.898315      1335.3878173828
626.239075      1371.2973632813
626.579712      1353.3426513672
626.920349      1301.7225341797
627.260864      1301.7225341797
627.601440      1232.1477050781
627.941895      1301.7225341797
628.282410      1308.4555664063
628.622803      1265.8129882813
628.963135      1254.5911865234
629.303528      1364.5643310547
629.643799      1281.5234375000
629.984070      1274.7904052734
630.324219      1330.8990478516
630.664429      1339.8764648438
631.004517      1297.2338867188
631.344604      1279.2790527344
631.684631      1348.8538818359
632.024597      1290.5008544922
632.364624      1382.5191650391
632.704529      1243.3695068359
633.044373      1321.9217529297
633.384155      1369.0529785156
633.723999      1328.6547851563
634.063782      1364.5643310547
634.403442      1234.3920898438
634.743042      1283.7678222656
635.082764      1286.0120849609
635.422302      1315.1885986328
635.761841      1395.9852294922
636.101318      1279.2790527344
636.440796      1337.6322021484
636.780212      1351.0982666016
637.119507      1288.2564697266
637.458862      1297.2338867188
637.798157      1292.7451171875
638.137451      1252.3469238281
638.476563      1283.7678222656
638.815735      1308.4555664063
639.154907      1317.4329833984
639.494019      1344.3652343750
639.833008      1268.0573730469
640.171997      1330.8990478516
640.510925      1288.2564697266
640.849854      1250.1025390625
641.188660      1308.4555664063
641.527527      1279.2790527344
641.866333      1288.2564697266
642.205078      1324.1660156250
642.543762      1357.8312988281
642.882446      1364.5643310547
643.221008      1355.5869140625
643.559570      1292.7451171875
643.898071      1348.8538818359
644.236572      1333.1434326172
644.575073      1319.6773681641
644.913452      1310.6999511719
645.251831      1317.4329833984
645.590149      1364.5643310547
645.928406      1306.2113037109
646.266602      1355.5869140625
646.604858      1328.6547851563
646.942932      1243.3695068359
647.281128      1326.4104003906
647.619141      1290.5008544922
647.957214      1317.4329833984
648.295166      1277.0346679688
648.633057      1337.6322021484
648.970947      1277.0346679688
649.308838      1335.3878173828
649.646606      1317.4329833984
649.984436      1281.5234375000
650.322144      1357.8312988281
650.659851      1333.1434326172
650.997498      1268.0573730469
651.335022      1250.1025390625
651.672607      1337.6322021484
652.010132      1279.2790527344
652.347595      1333.1434326172
652.684998      1328.6547851563
653.022461      1310.6999511719
653.359802      1326.4104003906
653.697021      1348.8538818359
654.034302      1335.3878173828
654.371521      1342.1208496094
654.708740      1335.3878173828
655.045837      1319.6773681641
655.382935      1279.2790527344
655.719971      1277.0346679688
656.057007      1355.5869140625
656.393921      1301.7225341797
656.730835      1288.2564697266
657.067749      1342.1208496094
657.404602      1286.0120849609
657.741333      1265.8129882813
658.078064      1308.4555664063
658.414795      1290.5008544922
658.751465      1292.7451171875
659.088074      1303.9669189453
659.424683      1308.4555664063
659.761230      1234.3920898438
660.097717      1292.7451171875
660.434143      1378.0303955078
660.770569      1366.8087158203
661.106934      1303.9669189453
661.443298      1366.8087158203
661.779541      1319.6773681641
662.115784      1306.2113037109
662.451965      1346.6094970703
662.788086      1272.5460205078
663.124268      1364.5643310547
663.460266      1306.2113037109
663.796265      1315.1885986328
664.132324      1326.4104003906
664.468201      1238.8807373047
664.804077      1279.2790527344
665.139954      1353.3426513672
665.475769      1337.6322021484
665.811523      1317.4329833984
666.147278      1342.1208496094
666.482971      1301.7225341797
666.818542      1315.1885986328
667.154236      1321.9217529297
667.489685      1342.1208496094
667.825195      1310.6999511719
668.160706      1252.3469238281
668.496094      1355.5869140625
668.831421      1315.1885986328
669.166809      1274.7904052734
669.502136      1335.3878173828
669.837402      1234.3920898438
670.172546      1272.5460205078
670.507751      1220.9260253906
670.842834      1333.1434326172
671.177917      1315.1885986328
671.512878      1337.6322021484
671.847961      1326.4104003906
672.182861      1366.8087158203
672.517761      1198.4825439453
672.852600      1294.9895019531
673.187439      1254.5911865234
673.522217      1330.8990478516
673.856934      1346.6094970703
674.191650      1301.7225341797
674.526306      1270.3016357422
674.860901      1324.1660156250
675.195435      1299.4782714844
675.529968      1281.5234375000
675.864441      1330.8990478516
676.198853      1344.3652343750
676.533264      1306.2113037109
676.867554      1306.2113037109
677.201843      1360.0756835938
677.536133      1339.8764648438
677.870361      1292.7451171875
678.204529      1294.9895019531
678.538635      1346.6094970703
678.872742      1371.2973632813
679.206787      1324.1660156250
679.540710      1308.4555664063
679.874695      1229.9034423828
680.208618      1216.4372558594
680.542480      1315.1885986328
680.876282      1330.8990478516
681.210083      1250.1025390625
681.543823      1355.5869140625
681.877502      1279.2790527344
682.211121      1297.2338867188
682.544739      1317.4329833984
682.878357      1306.2113037109
683.211853      1324.1660156250
683.545227      1326.4104003906
683.878723      1303.9669189453
684.212097      1333.1434326172
684.545471      1290.5008544922
684.878723      1254.5911865234
685.212036      1209.7042236328
685.545227      1339.8764648438
685.878418      1326.4104003906
686.211487      1301.7225341797
686.544556      1319.6773681641
686.877625      1321.9217529297
687.210632      1288.2564697266
687.543518      1324.1660156250
687.876465      1270.3016357422
688.209290      1292.7451171875
688.542114      1229.9034423828
688.874878      1306.2113037109
689.207642      1272.5460205078
689.540344      1254.5911865234
689.872986      1330.8990478516
690.205566      1315.1885986328
690.538147      1234.3920898438
690.870667      1256.8355712891
691.203125      1351.0982666016
691.535461      1297.2338867188
691.867920      1351.0982666016
692.200256      1326.4104003906
692.532593      1360.0756835938
692.864807      1301.7225341797
693.196960      1393.7408447266
693.529114      1321.9217529297
693.861267      1315.1885986328
694.193420      1288.2564697266
694.525391      1353.3426513672
694.857361      1301.7225341797
695.189270      1369.0529785156
695.521240      1270.3016357422
695.853027      1306.2113037109
696.184814      1272.5460205078
696.516663      1319.6773681641
696.848389      1274.7904052734
697.179993      1232.1477050781
697.511658      1321.9217529297
697.843262      1306.2113037109
698.174805      1303.9669189453
698.506287      1198.4825439453
698.837708      1286.0120849609
699.169189      1326.4104003906
699.500549      1315.1885986328
699.831787      1324.1660156250
700.163147      1281.5234375000
700.494385      1294.9895019531
700.825562      1360.0756835938
701.156677      1283.7678222656
701.487793      1286.0120849609
701.818848      1326.4104003906
702.149902      1346.6094970703
702.480774      1312.9443359375
702.811768      1243.3695068359
703.142639      1294.9895019531
703.473511      1357.8312988281
703.804199      1290.5008544922
704.135010      1326.4104003906
704.465759      1326.4104003906
704.796387      1337.6322021484
705.126953      1324.1660156250
705.457520      1339.8764648438
705.788086      1299.4782714844
706.118591      1306.2113037109
706.448975      1272.5460205078
706.779419      1360.0756835938
707.109741      1247.8581542969
707.440063      1270.3016357422
707.770325      1292.7451171875
708.100525      1290.5008544922
708.430725      1252.3469238281
708.760864      1315.1885986328
709.090942      1265.8129882813
709.420959      1301.7225341797
709.750916      1288.2564697266
710.080933      1319.6773681641
710.410828      1281.5234375000
710.740662      1342.1208496094
711.070496      1297.2338867188
711.400269      1301.7225341797
711.729980      1283.7678222656
712.059631      1306.2113037109
712.389282      1281.5234375000
712.718872      1277.0346679688
713.048462      1333.1434326172
713.377930      1310.6999511719
713.707397      1290.5008544922
714.036865      1317.4329833984
714.366211      1268.0573730469
714.695435      1272.5460205078
715.024780      1321.9217529297
715.354004      1308.4555664063
715.683228      1337.6322021484
716.012329      1272.5460205078
716.341431      1330.8990478516
716.670532      1333.1434326172
716.999573      1353.3426513672
717.328430      1315.1885986328
717.657349      1337.6322021484
717.986267      1297.2338867188
718.315125      1324.1660156250
718.643860      1286.0120849609
718.972656      1283.7678222656
719.301331      1279.2790527344
719.630005      1292.7451171875
719.958557      1277.0346679688
720.287170      1351.0982666016
720.615662      1290.5008544922
720.944214      1263.5686035156
721.272583      1310.6999511719
721.600952      1279.2790527344
721.929321      1342.1208496094
722.257629      1344.3652343750
722.585876      1321.9217529297
722.914063      1250.1025390625
723.242188      1364.5643310547
723.570313      1315.1885986328
723.898376      1371.2973632813
724.226440      1335.3878173828
724.554382      1301.7225341797
724.882324      1303.9669189453
725.210266      1283.7678222656
725.538025      1324.1660156250
725.865784      1402.7182617188
726.193604      1326.4104003906
726.521301      1382.5191650391
726.848938      1328.6547851563
727.176514      1335.3878173828
727.504150      1310.6999511719
727.831726      1315.1885986328
728.159119      1337.6322021484
728.486572      1369.0529785156
728.813965      1319.6773681641
729.141357      1312.9443359375
729.468567      1259.0799560547
729.795837      1330.8990478516
730.123108      1366.8087158203
730.450317      1283.7678222656
730.777344      1232.1477050781
731.104431      1270.3016357422
731.431519      1308.4555664063
731.758484      1265.8129882813
732.085388      1254.5911865234
732.412292      1380.2747802734
732.739136      1319.6773681641
733.065979      1387.0078125000
733.392639      1274.7904052734
733.719421      1263.5686035156
734.046082      1422.9173583984
734.372681      1384.7634277344
734.699219      1351.0982666016
735.025757      1346.6094970703
735.352234      1346.6094970703
735.678711      1364.5643310547
736.005127      1328.6547851563
736.331482      1299.4782714844
736.657715      1268.0573730469
736.984009      1427.4061279297
737.310181      1261.3242187500
737.636353      1312.9443359375
737.962524      1303.9669189453
738.288574      1348.8538818359
738.614624      1299.4782714844
738.940613      1292.7451171875
739.266541      1319.6773681641
739.592407      1254.5911865234
739.918274      1321.9217529297
740.244080      1297.2338867188
740.569824      1294.9895019531
740.895569      1342.1208496094
741.221191      1294.9895019531
741.546753      1274.7904052734
741.872375      1225.4146728516
742.197937      1234.3920898438
742.523376      1375.7861328125
742.848816      1299.4782714844
743.174194      1339.8764648438
743.499573      1364.5643310547
743.824890      1355.5869140625
744.150085      1294.9895019531
744.475342      1303.9669189453
744.800476      1333.1434326172
745.125610      1348.8538818359
745.450623      1303.9669189453
745.775696      1283.7678222656
746.100708      1312.9443359375
746.425598      1342.1208496094
746.750427      1286.0120849609
747.075256      1306.2113037109
747.400085      1348.8538818359
747.724915      1252.3469238281
748.049561      1294.9895019531
748.374207      1303.9669189453
748.698853      1290.5008544922
749.023438      1317.4329833984
749.347900      1301.7225341797
749.672363      1333.1434326172
749.996765      1339.8764648438
750.321167      1339.8764648438
750.645508      1326.4104003906
750.969788      1292.7451171875
751.294067      1290.5008544922
751.618286      1333.1434326172
751.942383      1346.6094970703
752.266479      1364.5643310547
752.590576      1297.2338867188
752.914551      1283.7678222656
753.238525      1261.3242187500
753.562439      1310.6999511719
753.886292      1351.0982666016
754.210144      1292.7451171875
754.533936      1306.2113037109
754.857666      1371.2973632813
755.181335      1299.4782714844
755.505005      1353.3426513672
755.828613      1326.4104003906
756.152100      1333.1434326172
756.475586      1306.2113037109
756.799133      1330.8990478516
757.122498      1344.3652343750
757.445862      1288.2564697266
757.769165      1355.5869140625
758.092468      1290.5008544922
758.415710      1364.5643310547
758.738831      1335.3878173828
759.061951      1288.2564697266
759.385071      1292.7451171875
759.708130      1274.7904052734
760.031067      1321.9217529297
760.354004      1270.3016357422
760.676941      1261.3242187500
760.999817      1294.9895019531
761.322632      1290.5008544922
761.645386      1351.0982666016
761.968079      1283.7678222656
762.290771      1306.2113037109
762.613342      1357.8312988281
762.935974      1286.0120849609
763.258484      1308.4555664063
763.580994      1342.1208496094
763.903381      1270.3016357422
764.225830      1355.5869140625
764.548157      1259.0799560547
764.870422      1317.4329833984
765.192688      1344.3652343750
765.514832      1346.6094970703
765.837036      1342.1208496094
766.159119      1303.9669189453
766.481140      1330.8990478516
766.803223      1328.6547851563
767.125183      1319.6773681641
767.447144      1312.9443359375
767.768982      1299.4782714844
768.090820      1337.6322021484
768.412659      1250.1025390625
768.734314      1277.0346679688
769.056091      1326.4104003906
769.377686      1333.1434326172
769.699280      1301.7225341797
770.020813      1299.4782714844
770.342346      1369.0529785156
770.663757      1243.3695068359
770.985229      1290.5008544922
771.306580      1261.3242187500
771.627869      1330.8990478516
771.949158      1227.6590576172
772.270386      1252.3469238281
772.591553      1243.3695068359
772.912659      1333.1434326172
773.233765      1254.5911865234
773.554810      1310.6999511719
773.875793      1357.8312988281
774.196716      1326.4104003906
774.517578      1268.0573730469
774.838440      1335.3878173828
775.159302      1333.1434326172
775.480042      1315.1885986328
775.800659      1288.2564697266
776.121399      1308.4555664063
776.441956      1303.9669189453
776.762573      1312.9443359375
777.083008      1281.5234375000
777.403503      1342.1208496094
777.723999      1346.6094970703
778.044373      1310.6999511719
778.364624      1326.4104003906
778.684937      1357.8312988281
779.005188      1339.8764648438
779.325378      1256.8355712891
779.645447      1270.3016357422
779.965637      1312.9443359375
780.285706      1330.8990478516
780.605652      1290.5008544922
780.925598      1362.3199462891
781.245483      1382.5191650391
781.565369      1308.4555664063
781.885193      1288.2564697266
782.204895      1342.1208496094
782.524658      1339.8764648438
782.844299      1317.4329833984
783.163940      1281.5234375000
783.483582      1335.3878173828
783.803040      1286.0120849609
784.122559      1319.6773681641
784.442017      1315.1885986328
784.761414      1348.8538818359
785.080688      1252.3469238281
785.400024      1252.3469238281
785.719238      1337.6322021484
786.038452      1330.8990478516
786.357544      1270.3016357422
786.676697      1270.3016357422
786.995789      1256.8355712891
787.314758      1306.2113037109
787.633728      1348.8538818359
787.952637      1362.3199462891
788.271484      1317.4329833984
788.590271      1324.1660156250
788.908997      1286.0120849609
789.227783      1303.9669189453
789.546448      1308.4555664063
789.865112      1254.5911865234
790.183655      1324.1660156250
790.502197      1234.3920898438
790.820679      1247.8581542969
791.139099      1274.7904052734
791.457520      1254.5911865234
791.775879      1317.4329833984
792.094116      1292.7451171875
792.412415      1321.9217529297
792.730530      1303.9669189453
793.048767      1342.1208496094
793.366821      1346.6094970703
793.684937      1330.8990478516
794.002869      1353.3426513672
794.320862      1339.8764648438
794.638733      1351.0982666016
794.956665      1317.4329833984
795.274414      1306.2113037109
795.592224      1306.2113037109
795.909912      1288.2564697266
796.227661      1256.8355712891
796.545227      1326.4104003906
796.862854      1301.7225341797
797.180359      1330.8990478516
797.497864      1301.7225341797
797.815308      1299.4782714844
798.132629      1288.2564697266
798.450012      1245.6137695313
798.767273      1281.5234375000
799.084595      1371.2973632813
799.401733      1351.0982666016
799.718933      1274.7904052734
800.036011      1330.8990478516
800.353027      1339.8764648438
800.670044      1288.2564697266
800.987000      1261.3242187500
801.303894      1319.6773681641
801.620850      1270.3016357422
801.937561      1346.6094970703
802.254333      1321.9217529297
802.571106      1301.7225341797
802.887817      1312.9443359375
803.204346      1301.7225341797
803.520935      1382.5191650391
803.837463      1279.2790527344
804.153992      1326.4104003906
804.470337      1315.1885986328
804.786743      1310.6999511719
805.103027      1389.2521972656
805.419434      1279.2790527344
805.735535      1348.8538818359
806.051758      1256.8355712891
806.367920      1223.1702880859
806.684021      1303.9669189453
807.000000      1268.0573730469
807.316040      1259.0799560547
807.632019      1324.1660156250
807.947876      1355.5869140625
808.263672      1310.6999511719
808.579529      1292.7451171875
808.895325      1351.0982666016
809.211060      1299.4782714844
809.526611      1337.6322021484
809.842224      1337.6322021484
810.157837      1312.9443359375
810.473389      1371.2973632813
810.788757      1315.1885986328
811.104187      1346.6094970703
811.419617      1378.0303955078
811.734924      1299.4782714844
812.050171      1357.8312988281
812.365417      1317.4329833984
812.680542      1324.1660156250
812.995728      1286.0120849609
813.310852      1310.6999511719
813.625854      1261.3242187500
813.940796      1245.6137695313
814.255798      1319.6773681641
814.570679      1371.2973632813
814.885498      1292.7451171875
815.200256      1286.0120849609
815.515015      1310.6999511719
815.829651      1357.8312988281
816.144287      1245.6137695313
816.458923      1335.3878173828
816.773438      1355.5869140625
817.087952      1326.4104003906
817.402344      1297.2338867188
817.716797      1229.9034423828
818.031189      1279.2790527344
818.345520      1416.1843261719
818.659668      1310.6999511719
818.973877      1283.7678222656
819.288086      1321.9217529297
819.602173      1256.8355712891
819.916199      1254.5911865234
820.230225      1288.2564697266
820.544189      1317.4329833984
820.858154      1277.0346679688
821.171997      1223.1702880859
821.485779      1243.3695068359
821.799561      1265.8129882813
822.113281      1342.1208496094
822.426880      1286.0120849609
822.740540      1317.4329833984
823.054138      1315.1885986328
823.367676      1317.4329833984
823.681152      1290.5008544922
823.994568      1270.3016357422
824.307922      1268.0573730469
824.621277      1308.4555664063
824.934509      1312.9443359375
825.247742      1265.8129882813
825.560913      1308.4555664063
825.874146      1254.5911865234
826.187134      1335.3878173828
826.500183      1333.1434326172
826.813171      1274.7904052734
827.126160      1286.0120849609
827.439026      1348.8538818359
827.751831      1283.7678222656
828.064636      1268.0573730469
828.377380      1263.5686035156
828.690063      1245.6137695313
829.002686      1283.7678222656
829.315308      1380.2747802734
829.627869      1321.9217529297
829.940308      1326.4104003906
830.252808      1263.5686035156
830.565125      1317.4329833984
830.877563      1268.0573730469
831.189880      1360.0756835938
831.502075      1299.4782714844
831.814270      1348.8538818359
832.126465      1328.6547851563
832.438599      1292.7451171875
832.750549      1351.0982666016
833.062622      1310.6999511719
833.374512      1225.4146728516
833.686462      1312.9443359375
833.998291      1272.5460205078
834.310120      1245.6137695313
834.621887      1254.5911865234
834.933594      1299.4782714844
835.245239      1299.4782714844
835.556885      1321.9217529297
835.868408      1294.9895019531
836.179932      1425.1617431641
836.491333      1378.0303955078
836.802795      1335.3878173828
837.114197      1317.4329833984
837.425537      1290.5008544922
837.736694      1335.3878173828
838.047913      1297.2338867188
838.359131      1335.3878173828
838.670227      1355.5869140625
838.981262      1326.4104003906
839.292358      1312.9443359375
839.603333      1308.4555664063
839.914246      1355.5869140625
840.225037      1279.2790527344
840.535889      1288.2564697266
840.846680      1308.4555664063
841.157410      1265.8129882813
841.468079      1315.1885986328
841.778687      1344.3652343750
842.089233      1270.3016357422
842.399780      1324.1660156250
842.710266      1277.0346679688
843.020691      1290.5008544922
843.331055      1330.8990478516
843.641418      1303.9669189453
843.951721      1380.2747802734
844.261841      1261.3242187500
844.572083      1290.5008544922
844.882202      1274.7904052734
845.192261      1306.2113037109
845.502258      1330.8990478516
845.812256      1308.4555664063
846.122192      1317.4329833984
846.432068      1371.2973632813
846.741882      1232.1477050781
847.051636      1328.6547851563
847.361389      1375.7861328125
847.671143      1339.8764648438
847.980713      1254.5911865234
848.290283      1274.7904052734
848.599792      1245.6137695313
848.909302      1306.2113037109
849.218689      1259.0799560547
849.528076      1268.0573730469
849.837463      1337.6322021484
850.146790      1277.0346679688
850.455933      1303.9669189453
850.765137      1321.9217529297
851.074280      1283.7678222656
851.383362      1294.9895019531
851.692383      1290.5008544922
852.001343      1301.7225341797
852.310303      1355.5869140625
852.619202      1299.4782714844
852.927979      1294.9895019531
853.236816      1268.0573730469
853.545532      1294.9895019531
853.854248      1250.1025390625
854.162842      1330.8990478516
854.471436      1279.2790527344
854.779968      1274.7904052734
855.088440      1299.4782714844
855.396851      1292.7451171875
855.705200      1310.6999511719
856.013611      1330.8990478516
856.321899      1299.4782714844
856.630127      1243.3695068359
856.938293      1321.9217529297
857.246399      1319.6773681641
857.554504      1346.6094970703
857.862549      1279.2790527344
858.170471      1279.2790527344
858.478394      1270.3016357422
858.786316      1312.9443359375
859.094177      1339.8764648438
859.401917      1290.5008544922
859.709656      1317.4329833984
860.017334      1319.6773681641
860.324951      1277.0346679688
860.632507      1241.1251220703
860.940063      1299.4782714844
861.247559      1279.2790527344
861.555054      1286.0120849609
861.862366      1326.4104003906
862.169739      1283.7678222656
862.476990      1351.0982666016
862.784241      1277.0346679688
863.091370      1245.6137695313
863.398499      1259.0799560547
863.705627      1252.3469238281
864.012634      1337.6322021484
864.319519      1333.1434326172
864.626526      1330.8990478516
864.933350      1346.6094970703
865.240234      1348.8538818359
865.546936      1328.6547851563
865.853699      1288.2564697266
866.160400      1294.9895019531
866.466980      1303.9669189453
866.773560      1339.8764648438
867.080078      1337.6322021484
867.386536      1270.3016357422
867.692993      1270.3016357422
867.999329      1344.3652343750
868.305664      1265.8129882813
868.611938      1256.8355712891
868.918152      1353.3426513672
869.224304      1292.7451171875
869.530457      1348.8538818359
869.836487      1360.0756835938
870.142517      1308.4555664063
870.448547      1308.4555664063
870.754395      1328.6547851563
871.060242      1328.6547851563
871.366089      1333.1434326172
871.671814      1348.8538818359
871.977539      1317.4329833984
872.283203      1281.5234375000
872.588806      1250.1025390625
872.894409      1360.0756835938
873.199890      1286.0120849609
873.505371      1315.1885986328
873.810730      1263.5686035156
874.116150      1297.2338867188
874.421387      1268.0573730469
874.726685      1223.1702880859
875.031860      1351.0982666016
875.337097      1328.6547851563
875.642090      1317.4329833984
875.947205      1277.0346679688
876.252197      1351.0982666016
876.557129      1288.2564697266
876.862000      1232.1477050781
877.166870      1268.0573730469
877.471680      1283.7678222656
877.776428      1351.0982666016
878.081116      1297.2338867188
878.385742      1369.0529785156
878.690369      1259.0799560547
878.994873      1312.9443359375
879.299316      1270.3016357422
879.603821      1292.7451171875
879.908203      1355.5869140625
880.212585      1355.5869140625
880.516846      1263.5686035156
880.821106      1321.9217529297
881.125244      1306.2113037109
881.429382      1342.1208496094
881.733459      1297.2338867188
882.037537      1277.0346679688
882.341492      1256.8355712891
882.645447      1312.9443359375
882.949280      1373.5417480469
883.253113      1263.5686035156
883.556885      1297.2338867188
883.860657      1317.4329833984
884.164307      1265.8129882813
884.467896      1301.7225341797
884.771484      1288.2564697266
885.075073      1256.8355712891
885.378540      1277.0346679688
885.681885      1261.3242187500
885.985291      1238.8807373047
886.288635      1306.2113037109
886.591858      1243.3695068359
886.895020      1297.2338867188
887.198242      1288.2564697266
887.501343      1319.6773681641
887.804443      1321.9217529297
888.107422      1328.6547851563
888.410400      1259.0799560547
888.713257      1319.6773681641
889.016174      1229.9034423828
889.318909      1236.6364746094
889.621643      1259.0799560547
889.924377      1290.5008544922
890.227051      1306.2113037109
890.529602      1306.2113037109
890.832153      1324.1660156250
891.134705      1328.6547851563
891.437134      1342.1208496094
891.739441      1366.8087158203
892.041870      1333.1434326172
892.344116      1290.5008544922
892.646362      1288.2564697266
892.948486      1351.0982666016
893.250671      1308.4555664063
893.552734      1416.1843261719
893.854797      1312.9443359375
894.156738      1333.1434326172
894.458618      1333.1434326172
894.760559      1312.9443359375
895.062378      1357.8312988281
895.364136      1274.7904052734
895.665894      1344.3652343750
895.967590      1328.6547851563
896.269165      1384.7634277344
896.570679      1225.4146728516
896.872192      1324.1660156250
897.173706      1229.9034423828
897.475159      1263.5686035156
897.776428      1319.6773681641
898.077759      1344.3652343750
